Time;Channel B;Channel D
(ms);(V);(V)

0,00000000;3,82781744;0,00000000
0,00010400;3,82781744;0,00000000
0,00020800;3,82781744;0,00000000
0,00031200;3,82781744;0,00000000
0,00041600;3,82781744;0,00000000
0,00052000;3,78429508;0,00000000
0,00062400;3,82781744;0,00000000
0,00072800;3,82781744;0,00000000
0,00083200;3,78429508;0,00000000
0,00093600;3,82781744;0,00000000
0,00104000;3,82781744;0,00000000
0,00114400;3,78429508;0,00000000
0,00124800;3,82781744;0,00000000
0,00135200;3,82781744;0,00000000
0,00145600;3,82781744;0,00000000
0,00156000;3,78429508;0,00000000
0,00166400;3,82781744;0,00000000
0,00176800;3,82781744;0,00000000
0,00187200;3,82781744;0,00000000
0,00197600;3,82781744;0,00000000
0,00208000;3,82781744;0,00000000
0,00218400;3,78429508;0,00000000
0,00228800;3,82781744;0,00000000
0,00239200;3,82781744;0,00000000
0,00249600;3,82781744;0,00000000
0,00260000;3,82781744;0,00000000
0,00270400;3,82781744;0,00000000
0,00280800;3,82781744;0,00000000
0,00291200;3,82781744;0,00000000
0,00301600;3,82781744;0,00000000
0,00312000;3,82781744;0,00000000
0,00322400;3,78429508;0,00000000
0,00332800;3,82781744;0,00000000
0,00343200;3,82781744;0,00000000
0,00353600;3,78429508;0,00000000
0,00364000;3,78429508;0,00000000
0,00374400;3,82781744;0,00000000
0,00384800;3,82781744;0,00000000
0,00395200;3,82781744;0,00000000
0,00405600;3,82781744;0,00000000
0,00416000;3,82781744;0,00000000
0,00426400;3,82781744;0,00000000
0,00436800;3,82781744;0,00000000
0,00447200;3,78429508;0,00000000
0,00457600;3,78429508;0,00000000
0,00468000;3,82781744;0,00000000
0,00478400;3,82781744;0,00000000
0,00488800;3,82781744;0,00000000
0,00499200;3,82781744;0,00000000
0,00509600;3,82781744;0,00000000
0,00520000;3,82781744;0,00000000
0,00530400;3,82781744;0,00000000
0,00540800;3,82781744;0,00000000
0,00551200;3,78429508;0,00000000
0,00561600;3,82781744;0,00000000
0,00572000;3,82781744;0,00000000
0,00582400;3,82781744;0,00000000
0,00592800;3,82781744;0,00000000
0,00603200;3,82781744;0,00000000
0,00613600;3,82781744;0,00000000
0,00624000;3,78429508;0,00000000
0,00634400;3,78429508;0,00000000
0,00644800;3,82781744;0,00000000
0,00655200;3,78429508;0,00000000
0,00665600;3,82781744;0,00000000
0,00676000;3,82781744;0,00000000
0,00686400;3,82781744;0,00000000
0,00696800;3,82781744;0,00000000
0,00707200;3,82781744;0,00000000
0,00717600;3,78429508;0,00000000
0,00728000;3,78429508;0,00000000
0,00738400;3,82781744;0,00000000
0,00748800;3,78429508;0,00000000
0,00759200;3,78429508;0,00000000
0,00769600;3,82781744;0,00000000
0,00780000;3,78429508;0,00000000
0,00790400;3,82781744;0,00000000
0,00800800;3,82781744;0,00000000
0,00811200;3,82781744;0,00000000
0,00821600;3,78429508;0,00000000
0,00832000;3,78429508;0,00000000
0,00842400;3,82781744;0,00000000
0,00852800;3,82781744;0,00000000
0,00863200;3,78429508;0,00000000
0,00873600;3,82781744;0,00000000
0,00884000;3,82781744;0,00000000
0,00894400;3,82781744;0,00000000
0,00904800;3,82781744;0,00000000
0,00915200;3,82781744;0,00000000
0,00925600;3,82781744;0,00000000
0,00936000;3,82781744;0,00000000
0,00946400;3,82781744;0,00000000
0,00956800;3,82781744;0,00000000
0,00967200;3,82781744;0,00000000
0,00977600;3,82781744;0,00000000
0,00988000;3,82781744;0,00000000
0,00998400;3,82781744;0,00000000
0,01008800;3,78429508;0,00000000
0,01019200;3,82781744;0,00000000
0,01029600;3,78429508;0,00000000
0,01040000;3,82781744;0,00000000
0,01050400;3,78429508;0,00000000
0,01060800;3,78429508;0,00000000
0,01071200;3,82781744;0,00000000
0,01081600;3,78429508;0,00000000
0,01092000;3,82781744;0,00000000
0,01102400;3,78429508;0,00000000
0,01112800;3,82781744;0,00000000
0,01123200;3,78429508;0,00000000
0,01133600;3,82781744;0,00000000
0,01144000;3,82781744;0,00000000
0,01154400;3,78429508;0,00000000
0,01164800;3,82781744;0,00000000
0,01175200;3,78429508;0,00000000
0,01185600;3,78429508;0,00000000
0,01196000;3,82781744;0,00000000
0,01206400;3,82781744;0,00000000
0,01216800;3,82781744;0,00000000
0,01227200;3,82781744;0,00000000
0,01237600;3,82781744;0,00000000
0,01248000;3,82781744;0,00000000
0,01258400;3,82781744;0,00000000
0,01268800;3,82781744;0,00000000
0,01279200;3,82781744;0,00000000
0,01289600;3,82781744;0,00000000
0,01300000;3,78429508;0,00000000
0,01310400;3,82781744;0,00000000
0,01320800;3,82781744;0,00000000
0,01331200;3,82781744;0,00000000
0,01341600;3,82781744;0,00000000
0,01352000;3,82781744;0,00000000
0,01362400;3,82781744;0,00000000
0,01372800;3,82781744;0,00000000
0,01383200;3,78429508;0,00000000
0,01393600;3,82781744;0,00000000
0,01404000;3,82781744;0,00000000
0,01414400;3,82781744;0,00000000
0,01424800;3,82781744;0,00000000
0,01435200;3,78429508;0,00000000
0,01445600;3,78429508;0,00000000
0,01456000;3,82781744;0,00000000
0,01466400;3,78429508;0,00000000
0,01476800;3,82781744;0,00000000
0,01487200;3,82781744;0,00000000
0,01497600;3,78429508;0,00000000
0,01508000;3,82781744;0,00000000
0,01518400;3,82781744;0,00000000
0,01528800;3,82781744;0,00000000
0,01539200;3,82781744;0,00000000
0,01549600;3,82781744;0,00000000
0,01560000;3,78429508;0,00000000
0,01570400;3,82781744;0,00000000
0,01580800;3,82781744;0,00000000
0,01591200;3,78429508;0,00000000
0,01601600;3,82781744;0,00000000
0,01612000;3,82781744;0,00000000
0,01622400;3,82781744;0,00000000
0,01632800;3,78429508;0,00000000
0,01643200;3,82781744;0,00000000
0,01653600;3,82781744;0,00000000
0,01664000;3,82781744;0,00000000
0,01674400;3,82781744;0,00000000
0,01684800;3,82781744;0,00000000
0,01695200;3,82781744;0,00000000
0,01705600;3,82781744;0,00000000
0,01716000;3,78429508;0,00000000
0,01726400;3,82781744;0,00000000
0,01736800;3,82781744;0,00000000
0,01747200;3,82781744;0,00000000
0,01757600;3,82781744;0,00000000
0,01768000;3,82781744;0,00000000
0,01778400;3,78429508;0,00000000
0,01788800;3,78429508;0,00000000
0,01799200;3,82781744;0,00000000
0,01809600;3,78429508;0,00000000
0,01820000;3,82781744;0,00000000
0,01830400;3,78429508;0,00000000
0,01840800;3,78429508;0,00000000
0,01851200;3,82781744;0,00000000
0,01861600;3,82781744;0,00000000
0,01872000;3,78429508;0,00000000
0,01882400;3,78429508;0,00000000
0,01892800;3,82781744;0,00000000
0,01903200;3,82781744;0,00000000
0,01913600;3,78429508;0,00000000
0,01924000;3,78429508;0,00000000
0,01934400;3,82781744;0,00000000
0,01944800;3,78429508;0,00000000
0,01955200;3,78429508;0,00000000
0,01965600;3,78429508;0,00000000
0,01976000;3,78429508;0,00000000
0,01986400;3,82781744;0,00000000
0,01996800;3,78429508;0,00000000
0,02007200;3,78429508;0,00000000
0,02017600;3,78429508;0,00000000
0,02028000;3,82781744;0,00000000
0,02038400;3,78429508;0,00000000
0,02048800;3,82781744;0,00000000
0,02059200;3,82781744;0,00000000
0,02069600;3,82781744;0,00000000
0,02080000;3,82781744;0,00000000
0,02090400;3,82781744;0,00000000
0,02100800;3,82781744;0,00000000
0,02111200;3,78429508;0,00000000
0,02121600;3,82781744;0,00000000
0,02132000;3,78429508;0,00000000
0,02142400;3,82781744;0,00000000
0,02152800;3,78429508;0,00000000
0,02163200;3,78429508;0,00000000
0,02173600;3,78429508;0,00000000
0,02184000;3,78429508;0,00000000
0,02194400;3,82781744;0,00000000
0,02204800;3,82781744;0,00000000
0,02215200;3,82781744;0,00000000
0,02225600;3,82781744;0,00000000
0,02236000;3,82781744;0,00000000
0,02246400;3,82781744;0,00000000
0,02256800;3,78429508;0,00000000
0,02267200;3,82781744;0,00000000
0,02277600;3,82781744;0,00000000
0,02288000;3,78429508;0,00000000
0,02298400;3,78429508;0,00000000
0,02308800;3,82781744;0,00000000
0,02319200;3,78429508;0,00000000
0,02329600;3,78429508;0,00000000
0,02340000;3,82781744;0,00000000
0,02350400;3,78429508;0,00000000
0,02360800;3,82781744;0,00000000
0,02371200;3,82781744;0,00000000
0,02381600;3,78429508;0,00000000
0,02392000;3,78429508;0,00000000
0,02402400;3,82781744;0,00000000
0,02412800;3,82781744;0,00000000
0,02423200;3,78429508;0,00000000
0,02433600;3,82781744;0,00000000
0,02444000;3,82781744;0,00000000
0,02454400;3,82781744;0,00000000
0,02464800;3,82781744;0,00000000
0,02475200;3,82781744;0,00000000
0,02485600;3,78429508;0,00000000
0,02496000;3,82781744;0,00000000
0,02506400;3,82781744;0,00000000
0,02516800;3,82781744;0,00000000
0,02527200;3,82781744;0,00000000
0,02537600;3,78429508;0,00000000
0,02548000;3,82781744;0,00000000
0,02558400;3,82781744;0,00000000
0,02568800;3,82781744;0,00000000
0,02579200;3,82781744;0,00000000
0,02589600;3,82781744;0,00000000
0,02600000;3,82781744;0,00000000
0,02610400;3,82781744;0,00000000
0,02620800;3,82781744;0,00000000
0,02631200;3,82781744;0,00000000
0,02641600;3,82781744;0,00000000
0,02652000;3,82781744;0,00000000
0,02662400;3,82781744;0,00000000
0,02672800;3,78429508;0,00000000
0,02683200;3,82781744;0,00000000
0,02693600;3,82781744;0,00000000
0,02704000;3,78429508;0,00000000
0,02714400;3,82781744;0,00000000
0,02724800;3,82781744;0,00000000
0,02735200;3,82781744;0,00000000
0,02745600;3,82781744;0,00000000
0,02756000;3,82781744;0,00000000
0,02766400;3,82781744;0,00000000
0,02776800;3,78429508;0,00000000
0,02787200;3,82781744;0,00000000
0,02797600;3,82781744;0,00000000
0,02808000;3,82781744;0,00000000
0,02818400;3,78429508;0,00000000
0,02828800;3,82781744;0,00000000
0,02839200;3,82781744;0,00000000
0,02849600;3,82781744;0,00000000
0,02860000;3,78429508;0,00000000
0,02870400;3,78429508;0,00000000
0,02880800;3,82781744;0,00000000
0,02891200;3,82781744;0,00000000
0,02901600;3,82781744;0,00000000
0,02912000;3,82781744;0,00000000
0,02922400;3,82781744;0,00000000
0,02932800;3,82781744;0,00000000
0,02943200;3,78429508;0,00000000
0,02953600;3,82781744;0,00000000
0,02964000;3,82781744;0,00000000
0,02974400;3,78429508;0,00000000
0,02984800;3,82781744;0,00000000
0,02995200;3,82781744;0,00000000
0,03005600;3,82781744;0,00000000
0,03016000;3,82781744;0,00000000
0,03026400;3,82781744;0,00000000
0,03036800;3,82781744;0,00000000
0,03047200;3,82781744;0,00000000
0,03057600;3,82781744;0,00000000
0,03068000;3,78429508;0,00000000
0,03078400;3,78429508;0,00000000
0,03088800;3,78429508;0,00000000
0,03099200;3,82781744;0,00000000
0,03109600;3,82781744;0,00000000
0,03120000;3,82781744;0,00000000
0,03130400;3,78429508;0,00000000
0,03140800;3,78429508;0,00000000
0,03151200;3,82781744;0,00000000
0,03161600;3,82781744;0,00000000
0,03172000;3,78429508;0,00000000
0,03182400;3,78429508;0,00000000
0,03192800;3,78429508;0,00000000
0,03203200;3,82781744;0,00000000
0,03213600;3,78429508;0,00000000
0,03224000;3,82781744;0,00000000
0,03234400;3,78429508;0,00000000
0,03244800;3,82781744;0,00000000
0,03255200;3,82781744;0,00000000
0,03265600;3,82781744;0,00000000
0,03276000;3,78429508;0,00000000
0,03286400;3,78429508;0,00000000
0,03296800;3,82781744;0,00000000
0,03307200;3,78429508;0,00000000
0,03317600;3,78429508;0,00000000
0,03328000;3,82781744;0,00000000
0,03338400;3,78429508;0,00000000
0,03348800;3,82781744;0,00000000
0,03359200;3,82781744;0,00000000
0,03369600;3,82781744;0,00000000
0,03380000;3,78429508;0,00000000
0,03390400;3,82781744;0,00000000
0,03400800;3,78429508;0,00000000
0,03411200;3,78429508;0,00000000
0,03421600;3,78429508;0,00000000
0,03432000;3,82781744;0,00000000
0,03442400;3,82781744;0,00000000
0,03452800;3,82781744;0,00000000
0,03463200;3,82781744;0,00000000
0,03473600;3,82781744;0,00000000
0,03484000;3,82781744;0,00000000
0,03494400;3,78429508;0,00000000
0,03504800;3,82781744;0,00000000
0,03515200;3,78429508;0,00000000
0,03525600;3,82781744;0,00000000
0,03536000;3,82781744;0,00000000
0,03546400;3,82781744;0,00000000
0,03556800;3,78429508;0,00000000
0,03567200;3,78429508;0,00000000
0,03577600;3,78429508;0,00000000
0,03588000;3,82781744;0,00000000
0,03598400;3,78429508;0,00000000
0,03608800;3,78429508;0,00000000
0,03619200;3,82781744;0,00000000
0,03629600;3,82781744;0,00000000
0,03640000;3,78429508;0,00000000
0,03650400;3,82781744;0,00000000
0,03660800;3,82781744;0,00000000
0,03671200;3,82781744;0,00000000
0,03681600;3,78429508;0,01734744
0,03692000;3,78429508;0,00000000
0,03702400;3,82781744;0,00000000
0,03712800;3,78429508;0,00000000
0,03723200;3,82781744;0,00000000
0,03733600;3,82781744;0,00000000
0,03744000;3,78429508;0,00000000
0,03754400;3,78429508;0,00000000
0,03764800;3,78429508;0,00000000
0,03775200;3,82781744;0,00000000
0,03785600;3,82781744;0,00000000
0,03796000;3,78429508;0,00000000
0,03806400;3,82781744;0,00000000
0,03816800;3,82781744;0,00000000
0,03827200;3,82781744;0,00000000
0,03837600;3,82781744;0,00000000
0,03848000;3,78429508;0,00000000
0,03858400;3,82781744;0,00000000
0,03868800;3,82781744;0,00000000
0,03879200;3,82781744;0,00000000
0,03889600;3,82781744;0,00000000
0,03900000;3,78429508;0,00000000
0,03910400;3,82781744;0,00000000
0,03920800;3,78429508;0,00000000
0,03931200;3,82781744;0,00000000
0,03941600;3,82781744;0,00000000
0,03952000;3,82781744;0,00000000
0,03962400;3,78429508;0,00000000
0,03972800;3,82781744;0,00000000
0,03983200;3,78429508;0,00000000
0,03993600;3,82781744;0,00000000
0,04004000;3,78429508;0,00000000
0,04014400;3,82781744;0,00000000
0,04024800;3,82781744;0,00000000
0,04035200;3,82781744;0,00000000
0,04045600;3,78429508;0,00000000
0,04056000;3,82781744;0,00000000
0,04066400;3,78429508;0,00000000
0,04076800;3,78429508;0,00000000
0,04087200;3,82781744;0,00000000
0,04097600;3,82781744;0,00000000
0,04108000;3,78429508;0,00000000
0,04118400;3,82781744;0,00000000
0,04128800;3,78429508;0,00000000
0,04139200;3,82781744;0,00000000
0,04149600;3,78429508;0,00000000
0,04160000;3,82781744;0,00000000
0,04170400;3,82781744;0,00000000
0,04180800;3,82781744;0,00000000
0,04191200;3,82781744;0,00000000
0,04201600;3,78429508;0,00000000
0,04212000;3,78429508;0,00000000
0,04222400;3,82781744;0,00000000
0,04232800;3,78429508;0,00000000
0,04243200;3,82781744;0,00000000
0,04253600;3,78429508;0,00000000
0,04264000;3,78429508;0,00000000
0,04274400;3,82781744;0,00000000
0,04284800;3,82781744;0,00000000
0,04295200;3,82781744;0,00000000
0,04305600;3,82781744;0,00000000
0,04316000;3,82781744;0,01734744
0,04326400;3,82781744;0,00000000
0,04336800;3,82781744;0,00000000
0,04347200;3,82781744;0,00000000
0,04357600;3,82781744;0,00000000
0,04368000;3,82781744;0,00000000
0,04378400;3,78429508;0,00000000
0,04388800;3,82781744;0,00000000
0,04399200;3,82781744;0,00000000
0,04409600;3,82781744;0,00000000
0,04420000;3,78429508;0,00000000
0,04430400;3,82781744;0,00000000
0,04440800;3,78429508;0,00000000
0,04451200;3,82781744;0,00000000
0,04461600;3,78429508;0,00000000
0,04472000;3,78429508;0,00000000
0,04482400;3,78429508;0,00000000
0,04492800;3,82781744;0,00000000
0,04503200;3,78429508;0,00000000
0,04513600;3,78429508;0,00000000
0,04524000;3,82781744;0,00000000
0,04534400;3,82781744;0,00000000
0,04544800;3,82781744;0,00000000
0,04555200;3,78429508;0,00000000
0,04565600;3,82781744;0,00000000
0,04576000;3,78429508;0,00000000
0,04586400;3,82781744;0,00000000
0,04596800;3,82781744;0,00000000
0,04607200;3,78429508;0,00000000
0,04617600;0,17393577;0,00000000
0,04628000;0,13041338;0,00000000
0,04638400;-0,08689100;0,00000000
0,04648800;0,00000000;0,00000000
0,04659200;0,00000000;0,00000000
0,04669600;0,00000000;0,00000000
0,04680000;0,00000000;0,00000000
0,04690400;0,00000000;0,00000000
0,04700800;0,00000000;0,00000000
0,04711200;0,00000000;0,00000000
0,04721600;0,00000000;0,00000000
0,04732000;0,00000000;0,00000000
0,04742400;0,00000000;0,00000000
0,04752800;0,00000000;0,00000000
0,04763200;0,00000000;0,00000000
0,04773600;0,00000000;0,00000000
0,04784000;0,00000000;0,00000000
0,04794400;0,00000000;0,00000000
0,04804800;0,00000000;0,00000000
0,04815200;0,00000000;0,00000000
0,04825600;0,00000000;0,00000000
0,04836000;0,00000000;0,00000000
0,04846400;0,04336860;0,00000000
0,04856800;0,00000000;0,00000000
0,04867200;0,04336860;0,00000000
0,04877600;0,00000000;0,00000000
0,04888000;0,04336860;0,00000000
0,04898400;0,00000000;0,00000000
0,04908800;0,00000000;0,00000000
0,04919200;0,04336860;0,00000000
0,04929600;0,00000000;0,00000000
0,04940000;0,00000000;0,00000000
0,04950400;0,04336860;0,00000000
0,04960800;0,00000000;0,00000000
0,04971200;0,00000000;0,00000000
0,04981600;0,00000000;0,00000000
0,04992000;0,00000000;0,00000000
0,05002400;0,00000000;0,00000000
0,05012800;0,00000000;0,00000000
0,05023200;0,04336860;0,00000000
0,05033600;0,00000000;0,00000000
0,05044000;0,00000000;0,00000000
0,05054400;0,00000000;0,00000000
0,05064800;0,04336860;0,00000000
0,05075200;0,00000000;0,00000000
0,05085600;0,00000000;0,00000000
0,05096000;0,04336860;0,00000000
0,05106400;0,00000000;0,00000000
0,05116800;0,04336860;0,00000000
0,05127200;0,00000000;0,00000000
0,05137600;0,00000000;0,00000000
0,05148000;0,00000000;0,00000000
0,05158400;0,04336860;0,00000000
0,05168800;0,04336860;0,00000000
0,05179200;0,00000000;0,00000000
0,05189600;0,04336860;0,00000000
0,05200000;0,04336860;0,00000000
0,05210400;0,04336860;0,00000000
0,05220800;0,04336860;0,00000000
0,05231200;0,00000000;0,00000000
0,05241600;0,00000000;0,00000000
0,05252000;0,04336860;0,00000000
0,05262400;0,00000000;0,00000000
0,05272800;0,04336860;0,00000000
0,05283200;0,04336860;0,00000000
0,05293600;0,04336860;0,00000000
0,05304000;0,04336860;0,00000000
0,05314400;0,04336860;0,00000000
0,05324800;0,04336860;0,00000000
0,05335200;0,00000000;0,00000000
0,05345600;0,04336860;0,00000000
0,05356000;0,00000000;0,00000000
0,05366400;0,04336860;0,00000000
0,05376800;0,04336860;-0,01734744
0,05387200;0,04336860;0,00000000
0,05397600;0,04336860;-0,01734744
0,05408000;0,04336860;0,00000000
0,05418400;0,00000000;0,00000000
0,05428800;0,04336860;0,00000000
0,05439200;0,04336860;0,00000000
0,05449600;0,04336860;0,00000000
0,05460000;0,04336860;0,00000000
0,05470400;0,04336860;0,00000000
0,05480800;0,00000000;0,00000000
0,05491200;0,00000000;0,00000000
0,05501600;0,04336860;0,00000000
0,05512000;0,00000000;0,00000000
0,05522400;0,00000000;0,00000000
0,05532800;0,00000000;0,00000000
0,05543200;0,00000000;0,00000000
0,05553600;0,00000000;0,00000000
0,05564000;0,00000000;0,00000000
0,05574400;0,04336860;0,00000000
0,05584800;0,04336860;0,00000000
0,05595200;0,04336860;0,00000000
0,05605600;0,00000000;0,00000000
0,05616000;0,04336860;0,00000000
0,05626400;0,00000000;0,00000000
0,05636800;0,04336860;0,00000000
0,05647200;0,00000000;0,00000000
0,05657600;0,00000000;0,00000000
0,05668000;0,00000000;0,00000000
0,05678400;0,00000000;0,00000000
0,05688800;0,00000000;0,00000000
0,05699200;0,00000000;0,00000000
0,05709600;0,00000000;0,00000000
0,05720000;0,04336860;0,00000000
0,05730400;0,00000000;0,00000000
0,05740800;0,00000000;0,00000000
0,05751200;0,04336860;0,00000000
0,05761600;0,04336860;0,00000000
0,05772000;0,04336860;0,00000000
0,05782400;0,00000000;0,00000000
0,05792800;0,00000000;0,00000000
0,05803200;0,00000000;0,00000000
0,05813600;0,00000000;0,00000000
0,05824000;0,00000000;0,00000000
0,05834400;0,04336860;0,00000000
0,05844800;0,04336860;0,00000000
0,05855200;0,00000000;0,00000000
0,05865600;0,04336860;0,00000000
0,05876000;0,00000000;0,00000000
0,05886400;0,04336860;0,00000000
0,05896800;0,04336860;0,00000000
0,05907200;0,04336860;0,00000000
0,05917600;0,04336860;0,00000000
0,05928000;0,00000000;0,00000000
0,05938400;0,00000000;0,00000000
0,05948800;0,00000000;0,00000000
0,05959200;0,04336860;0,00000000
0,05969600;0,00000000;0,00000000
0,05980000;0,04336860;0,00000000
0,05990400;0,00000000;0,00000000
0,06000800;0,00000000;0,00000000
0,06011200;0,00000000;0,00000000
0,06021600;0,00000000;0,00000000
0,06032000;0,04336860;0,00000000
0,06042400;0,00000000;0,00000000
0,06052800;0,00000000;0,00000000
0,06063200;0,04336860;0,00000000
0,06073600;0,04336860;0,00000000
0,06084000;0,04336860;-0,01734744
0,06094400;0,00000000;0,00000000
0,06104800;0,00000000;0,00000000
0,06115200;0,00000000;0,00000000
0,06125600;0,04336860;0,00000000
0,06136000;0,00000000;0,00000000
0,06146400;0,00000000;0,00000000
0,06156800;0,04336860;0,00000000
0,06167200;0,00000000;0,00000000
0,06177600;0,04336860;0,00000000
0,06188000;0,04336860;0,00000000
0,06198400;0,00000000;0,00000000
0,06208800;0,00000000;0,00000000
0,06219200;0,00000000;0,00000000
0,06229600;0,00000000;0,00000000
0,06240000;0,00000000;0,00000000
0,06250400;0,04336860;0,00000000
0,06260800;0,04336860;0,00000000
0,06271200;0,04336860;0,00000000
0,06281600;0,00000000;0,00000000
0,06292000;0,00000000;0,00000000
0,06302400;0,00000000;0,00000000
0,06312800;0,00000000;0,00000000
0,06323200;0,00000000;0,00000000
0,06333600;0,00000000;0,00000000
0,06344000;0,00000000;0,00000000
0,06354400;0,00000000;0,00000000
0,06364800;0,00000000;0,00000000
0,06375200;0,04336860;0,00000000
0,06385600;0,00000000;0,00000000
0,06396000;0,00000000;0,00000000
0,06406400;0,00000000;0,00000000
0,06416800;0,04336860;0,00000000
0,06427200;0,04336860;0,00000000
0,06437600;0,00000000;0,00000000
0,06448000;0,00000000;0,00000000
0,06458400;0,00000000;0,00000000
0,06468800;0,00000000;0,00000000
0,06479200;0,04336860;0,00000000
0,06489600;0,00000000;0,00000000
0,06500000;0,04336860;0,00000000
0,06510400;0,00000000;0,00000000
0,06520800;0,00000000;0,00000000
0,06531200;0,00000000;0,00000000
0,06541600;0,00000000;0,00000000
0,06552000;0,00000000;0,00000000
0,06562400;0,00000000;0,00000000
0,06572800;0,04336860;0,00000000
0,06583200;0,00000000;0,00000000
0,06593600;0,04336860;0,00000000
0,06604000;0,00000000;0,00000000
0,06614400;0,00000000;-0,01734744
0,06624800;0,04336860;0,00000000
0,06635200;0,00000000;0,00000000
0,06645600;0,00000000;0,00000000
0,06656000;0,00000000;0,00000000
0,06666400;0,00000000;0,00000000
0,06676800;0,00000000;0,00000000
0,06687200;0,00000000;0,00000000
0,06697600;0,00000000;0,00000000
0,06708000;0,00000000;0,00000000
0,06718400;0,00000000;0,00000000
0,06728800;0,00000000;0,00000000
0,06739200;0,00000000;0,00000000
0,06749600;0,04336860;0,00000000
0,06760000;0,00000000;0,00000000
0,06770400;0,00000000;0,00000000
0,06780800;0,00000000;0,00000000
0,06791200;0,04336860;0,00000000
0,06801600;0,00000000;0,00000000
0,06812000;0,00000000;0,00000000
0,06822400;0,00000000;0,00000000
0,06832800;0,04336860;0,00000000
0,06843200;0,00000000;0,00000000
0,06853600;0,00000000;0,00000000
0,06864000;0,00000000;0,00000000
0,06874400;0,04336860;0,00000000
0,06884800;0,00000000;0,00000000
0,06895200;0,00000000;0,00000000
0,06905600;0,00000000;0,00000000
0,06916000;0,00000000;0,00000000
0,06926400;0,00000000;0,00000000
0,06936800;0,00000000;0,00000000
0,06947200;0,00000000;0,00000000
0,06957600;0,00000000;0,00000000
0,06968000;0,00000000;0,00000000
0,06978400;0,04336860;0,00000000
0,06988800;0,00000000;0,00000000
0,06999200;0,00000000;0,00000000
0,07009600;0,00000000;0,00000000
0,07020000;0,00000000;0,00000000
0,07030400;0,00000000;0,00000000
0,07040800;0,00000000;0,00000000
0,07051200;0,04336860;0,00000000
0,07061600;0,04336860;0,00000000
0,07072000;0,04336860;0,00000000
0,07082400;0,00000000;0,00000000
0,07092800;0,00000000;0,00000000
0,07103200;0,04336860;0,00000000
0,07113600;0,00000000;0,00000000
0,07124000;0,04336860;-0,01734744
0,07134400;0,00000000;0,00000000
0,07144800;0,04336860;0,00000000
0,07155200;0,04336860;0,00000000
0,07165600;0,00000000;0,00000000
0,07176000;0,04336860;0,00000000
0,07186400;0,00000000;0,00000000
0,07196800;0,00000000;0,00000000
0,07207200;0,00000000;0,00000000
0,07217600;0,00000000;0,00000000
0,07228000;0,04336860;0,00000000
0,07238400;0,04336860;0,00000000
0,07248800;0,04336860;0,00000000
0,07259200;0,00000000;0,00000000
0,07269600;0,04336860;0,00000000
0,07280000;0,04336860;0,00000000
0,07290400;0,00000000;0,00000000
0,07300800;0,04336860;0,00000000
0,07311200;0,00000000;0,00000000
0,07321600;0,00000000;0,00000000
0,07332000;0,00000000;0,00000000
0,07342400;0,00000000;0,00000000
0,07352800;0,00000000;0,00000000
0,07363200;0,04336860;0,00000000
0,07373600;0,00000000;0,00000000
0,07384000;0,00000000;0,00000000
0,07394400;0,00000000;0,00000000
0,07404800;0,00000000;0,00000000
0,07415200;0,00000000;0,00000000
0,07425600;0,04336860;0,00000000
0,07436000;0,00000000;0,00000000
0,07446400;0,00000000;0,00000000
0,07456800;0,00000000;0,00000000
0,07467200;0,04336860;0,00000000
0,07477600;0,00000000;0,00000000
0,07488000;0,00000000;0,00000000
0,07498400;0,00000000;0,00000000
0,07508800;0,04336860;0,00000000
0,07519200;0,00000000;0,00000000
0,07529600;0,04336860;0,00000000
0,07540000;0,04336860;0,00000000
0,07550400;0,04336860;0,00000000
0,07560800;0,00000000;0,00000000
0,07571200;0,00000000;0,00000000
0,07581600;0,00000000;0,00000000
0,07592000;0,04336860;0,00000000
0,07602400;0,04336860;0,00000000
0,07612800;0,00000000;0,00000000
0,07623200;0,00000000;0,00000000
0,07633600;0,00000000;0,00000000
0,07644000;0,00000000;0,00000000
0,07654400;0,04336860;0,00000000
0,07664800;0,00000000;0,00000000
0,07675200;0,04336860;0,00000000
0,07685600;0,00000000;0,00000000
0,07696000;0,04336860;0,00000000
0,07706400;0,00000000;0,00000000
0,07716800;0,04336860;0,00000000
0,07727200;0,00000000;0,00000000
0,07737600;0,04336860;0,00000000
0,07748000;0,00000000;0,00000000
0,07758400;0,00000000;0,00000000
0,07768800;0,00000000;0,00000000
0,07779200;0,00000000;-0,01734744
0,07789600;0,00000000;0,00000000
0,07800000;0,00000000;0,00000000
0,07810400;0,00000000;0,00000000
0,07820800;0,04336860;0,00000000
0,07831200;0,00000000;0,00000000
0,07841600;0,00000000;0,00000000
0,07852000;0,04336860;0,00000000
0,07862400;0,04336860;0,00000000
0,07872800;0,00000000;0,00000000
0,07883200;0,04336860;0,00000000
0,07893600;0,00000000;-0,01734744
0,07904000;0,00000000;0,00000000
0,07914400;0,00000000;0,00000000
0,07924800;0,00000000;0,00000000
0,07935200;0,04336860;0,00000000
0,07945600;0,04336860;0,00000000
0,07956000;0,04336860;0,00000000
0,07966400;0,00000000;0,00000000
0,07976800;0,00000000;0,00000000
0,07987200;0,04336860;0,00000000
0,07997600;0,00000000;0,00000000
0,08008000;0,00000000;0,00000000
0,08018400;0,00000000;0,00000000
0,08028800;0,04336860;0,00000000
0,08039200;0,00000000;0,00000000
0,08049600;0,00000000;0,00000000
0,08060000;0,00000000;0,00000000
0,08070400;0,00000000;0,00000000
0,08080800;0,00000000;-0,01734744
0,08091200;0,00000000;0,00000000
0,08101600;0,00000000;0,00000000
0,08112000;0,00000000;0,00000000
0,08122400;0,00000000;0,00000000
0,08132800;0,04336860;0,00000000
0,08143200;0,00000000;0,00000000
0,08153600;0,04336860;0,00000000
0,08164000;0,00000000;0,00000000
0,08174400;0,04336860;0,00000000
0,08184800;0,00000000;0,00000000
0,08195200;0,04336860;0,00000000
0,08205600;0,00000000;0,00000000
0,08216000;0,00000000;0,00000000
0,08226400;0,04336860;0,00000000
0,08236800;0,00000000;0,00000000
0,08247200;0,00000000;0,00000000
0,08257600;0,00000000;0,00000000
0,08268000;0,00000000;0,00000000
0,08278400;0,00000000;0,00000000
0,08288800;0,00000000;0,00000000
0,08299200;0,00000000;0,00000000
0,08309600;0,00000000;0,00000000
0,08320000;0,04336860;0,00000000
0,08330400;0,00000000;0,00000000
0,08340800;0,00000000;0,00000000
0,08351200;0,00000000;0,00000000
0,08361600;0,04336860;0,00000000
0,08372000;0,04336860;0,00000000
0,08382400;0,00000000;0,00000000
0,08392800;0,00000000;0,00000000
0,08403200;0,00000000;0,00000000
0,08413600;0,00000000;0,00000000
0,08424000;0,00000000;0,00000000
0,08434400;0,00000000;0,00000000
0,08444800;0,00000000;0,00000000
0,08455200;0,04336860;0,00000000
0,08465600;0,04336860;0,00000000
0,08476000;0,04336860;0,00000000
0,08486400;0,00000000;0,00000000
0,08496800;0,00000000;0,00000000
0,08507200;0,00000000;0,00000000
0,08517600;0,00000000;0,00000000
0,08528000;0,00000000;0,00000000
0,08538400;0,00000000;0,00000000
0,08548800;0,00000000;0,00000000
0,08559200;0,04336860;0,00000000
0,08569600;0,00000000;0,00000000
0,08580000;0,00000000;0,00000000
0,08590400;0,00000000;0,00000000
0,08600800;0,00000000;0,00000000
0,08611200;0,00000000;0,00000000
0,08621600;0,00000000;0,00000000
0,08632000;0,04336860;0,00000000
0,08642400;0,00000000;0,00000000
0,08652800;0,00000000;0,00000000
0,08663200;0,00000000;0,00000000
0,08673600;0,00000000;0,00000000
0,08684000;0,04336860;0,00000000
0,08694400;0,04336860;-0,01734744
0,08704800;0,00000000;0,00000000
0,08715200;0,00000000;0,00000000
0,08725600;0,00000000;0,00000000
0,08736000;0,04336860;0,00000000
0,08746400;0,00000000;0,00000000
0,08756800;0,00000000;0,00000000
0,08767200;0,00000000;0,00000000
0,08777600;0,04336860;0,00000000
0,08788000;0,00000000;0,00000000
0,08798400;0,00000000;0,00000000
0,08808800;0,00000000;0,00000000
0,08819200;0,00000000;0,00000000
0,08829600;0,00000000;0,00000000
0,08840000;0,04336860;0,00000000
0,08850400;0,00000000;-0,01734744
0,08860800;0,04336860;0,00000000
0,08871200;0,04336860;0,00000000
0,08881600;0,00000000;0,00000000
0,08892000;0,00000000;0,00000000
0,08902400;0,04336860;0,00000000
0,08912800;0,04336860;0,00000000
0,08923200;0,00000000;0,00000000
0,08933600;0,00000000;0,00000000
0,08944000;0,04336860;0,00000000
0,08954400;0,04336860;0,00000000
0,08964800;0,00000000;0,00000000
0,08975200;0,04336860;0,00000000
0,08985600;0,00000000;0,00000000
0,08996000;0,00000000;0,00000000
0,09006400;0,04336860;0,00000000
0,09016800;0,00000000;0,00000000
0,09027200;0,04336860;0,00000000
0,09037600;0,00000000;0,00000000
0,09048000;0,04336860;0,00000000
0,09058400;0,04336860;0,00000000
0,09068800;0,04336860;0,00000000
0,09079200;0,00000000;0,00000000
0,09089600;0,04336860;0,00000000
0,09100000;0,00000000;0,00000000
0,09110400;0,00000000;0,00000000
0,09120800;0,00000000;0,00000000
0,09131200;0,04336860;0,00000000
0,09141600;0,00000000;0,00000000
0,09152000;0,00000000;0,00000000
0,09162400;0,00000000;0,00000000
0,09172800;0,00000000;0,00000000
0,09183200;0,00000000;0,00000000
0,09193600;0,00000000;0,00000000
0,09204000;0,00000000;0,00000000
0,09214400;0,00000000;0,00000000
0,09224800;0,00000000;0,00000000
0,09235200;0,00000000;0,00000000
0,09245600;0,00000000;0,00000000
0,09256000;0,00000000;0,00000000
0,09266400;0,00000000;0,00000000
0,09276799;0,00000000;0,00000000
0,09287199;0,00000000;0,00000000
0,09297599;0,04336860;0,00000000
0,09307999;0,00000000;0,00000000
0,09318399;0,04336860;0,00000000
0,09328799;0,00000000;0,00000000
0,09339199;0,04336860;0,00000000
0,09349599;0,04336860;0,00000000
0,09359999;0,00000000;0,00000000
0,09370399;0,00000000;0,00000000
0,09380799;0,00000000;0,00000000
0,09391199;0,00000000;0,00000000
0,09401599;0,04336860;0,00000000
0,09411999;0,00000000;0,00000000
0,09422399;0,00000000;0,00000000
0,09432799;0,00000000;0,00000000
0,09443199;0,04336860;0,00000000
0,09453599;0,04336860;0,00000000
0,09463999;0,00000000;0,00000000
0,09474399;0,00000000;0,00000000
0,09484799;0,04336860;0,00000000
0,09495199;0,00000000;0,00000000
0,09505599;0,00000000;0,00000000
0,09515999;0,00000000;0,00000000
0,09526399;0,00000000;0,00000000
0,09536799;0,00000000;0,00000000
0,09547199;0,04336860;0,00000000
0,09557599;0,00000000;0,00000000
0,09567999;0,00000000;0,00000000
0,09578399;0,00000000;0,00000000
0,09588799;0,00000000;0,00000000
0,09599199;0,00000000;0,00000000
0,09609599;0,04336860;0,00000000
0,09619999;0,00000000;0,00000000
0,09630399;0,00000000;0,00000000
0,09640799;0,00000000;0,00000000
0,09651199;0,00000000;0,00000000
0,09661599;0,00000000;0,00000000
0,09671999;0,00000000;0,00000000
0,09682399;0,00000000;0,00000000
0,09692799;0,04336860;0,00000000
0,09703199;0,04336860;0,00000000
0,09713599;0,04336860;0,00000000
0,09723999;0,00000000;0,00000000
0,09734399;0,04336860;0,00000000
0,09744799;0,00000000;0,00000000
0,09755199;0,04336860;0,00000000
0,09765599;0,00000000;0,00000000
0,09775999;0,00000000;0,00000000
0,09786399;0,00000000;0,00000000
0,09796799;0,04336860;0,00000000
0,09807199;0,00000000;0,00000000
0,09817599;0,00000000;0,00000000
0,09827999;0,00000000;0,00000000
0,09838399;0,00000000;0,00000000
0,09848799;0,00000000;0,00000000
0,09859199;0,00000000;0,00000000
0,09869599;0,00000000;0,00000000
0,09879999;0,00000000;0,00000000
0,09890399;0,00000000;0,00000000
0,09900799;0,00000000;0,00000000
0,09911199;0,00000000;0,00000000
0,09921599;0,04336860;0,00000000
0,09931999;0,00000000;0,00000000
0,09942399;0,00000000;0,00000000
0,09952799;0,04336860;0,00000000
0,09963199;0,00000000;0,00000000
0,09973599;0,00000000;0,00000000
0,09983999;0,04336860;0,00000000
0,09994399;0,04336860;0,00000000
0,10004799;0,04336860;0,00000000
0,10015199;0,00000000;0,00000000
0,10025599;0,04336860;0,00000000
0,10035999;0,00000000;0,00000000
0,10046399;0,00000000;0,00000000
0,10056799;0,00000000;0,00000000
0,10067199;0,00000000;0,00000000
0,10077599;0,00000000;0,00000000
0,10087999;0,04336860;0,00000000
0,10098399;0,00000000;0,00000000
0,10108799;0,04336860;0,00000000
0,10119199;0,00000000;0,00000000
0,10129599;0,00000000;0,00000000
0,10139999;0,00000000;-0,01734744
0,10150399;0,00000000;0,00000000
0,10160799;0,00000000;0,00000000
0,10171199;0,00000000;0,00000000
0,10181599;0,04336860;-0,01734744
0,10191999;0,00000000;0,00000000
0,10202399;0,04336860;0,00000000
0,10212799;0,00000000;0,00000000
0,10223199;0,04336860;0,00000000
0,10233599;0,00000000;0,00000000
0,10243999;0,00000000;0,00000000
0,10254399;0,00000000;0,00000000
0,10264799;0,00000000;0,00000000
0,10275199;0,00000000;0,00000000
0,10285599;0,00000000;0,00000000
0,10295999;0,00000000;0,00000000
0,10306399;0,00000000;-0,01734744
0,10316799;0,04336860;0,00000000
0,10327199;0,00000000;0,00000000
0,10337599;0,04336860;0,00000000
0,10347999;0,04336860;0,00000000
0,10358399;0,00000000;0,00000000
0,10368799;0,04336860;0,00000000
0,10379199;0,00000000;0,00000000
0,10389599;0,00000000;0,00000000
0,10399999;0,00000000;0,00000000
0,10410399;0,00000000;0,00000000
0,10420799;0,04336860;0,00000000
0,10431199;0,00000000;0,00000000
0,10441599;0,00000000;0,00000000
0,10451999;0,00000000;0,00000000
0,10462399;0,04336860;0,00000000
0,10472799;0,04336860;0,00000000
0,10483199;0,00000000;-0,01734744
0,10493599;0,00000000;0,00000000
0,10503999;0,04336860;0,00000000
0,10514399;0,04336860;0,00000000
0,10524799;0,00000000;0,00000000
0,10535199;0,00000000;0,00000000
0,10545599;0,04336860;0,00000000
0,10555999;0,00000000;0,00000000
0,10566399;0,00000000;0,00000000
0,10576799;0,00000000;0,00000000
0,10587199;0,00000000;0,00000000
0,10597599;0,04336860;-0,01734744
0,10607999;0,00000000;0,00000000
0,10618399;0,00000000;0,00000000
0,10628799;0,00000000;0,00000000
0,10639199;0,00000000;0,00000000
0,10649599;0,00000000;0,00000000
0,10659999;0,00000000;-0,01734744
0,10670399;0,00000000;0,00000000
0,10680799;0,00000000;0,00000000
0,10691199;0,04336860;0,00000000
0,10701599;0,00000000;0,00000000
0,10711999;0,00000000;0,00000000
0,10722399;0,00000000;0,00000000
0,10732799;0,00000000;0,00000000
0,10743199;0,04336860;0,00000000
0,10753599;0,04336860;0,00000000
0,10763999;0,00000000;0,00000000
0,10774399;0,04336860;0,00000000
0,10784799;0,00000000;0,00000000
0,10795199;0,00000000;0,00000000
0,10805599;0,00000000;0,00000000
0,10815999;0,00000000;0,00000000
0,10826399;0,00000000;0,00000000
0,10836799;0,00000000;0,00000000
0,10847199;0,04336860;0,00000000
0,10857599;0,00000000;0,00000000
0,10867999;0,00000000;0,00000000
0,10878399;0,00000000;0,00000000
0,10888799;0,00000000;0,00000000
0,10899199;0,04336860;0,00000000
0,10909599;0,00000000;0,00000000
0,10919999;0,00000000;0,00000000
0,10930399;0,00000000;0,00000000
0,10940799;0,04336860;0,00000000
0,10951199;0,04336860;0,00000000
0,10961599;0,00000000;0,00000000
0,10971999;0,00000000;0,00000000
0,10982399;0,00000000;0,00000000
0,10992799;0,00000000;0,00000000
0,11003199;0,00000000;0,00000000
0,11013599;0,00000000;0,00000000
0,11023999;0,00000000;0,00000000
0,11034399;0,00000000;0,00000000
0,11044799;0,00000000;0,00000000
0,11055199;0,00000000;0,00000000
0,11065599;0,00000000;0,00000000
0,11075999;0,00000000;0,00000000
0,11086399;0,00000000;0,00000000
0,11096799;0,00000000;0,00000000
0,11107199;0,00000000;0,00000000
0,11117599;0,00000000;0,00000000
0,11127999;0,00000000;0,00000000
0,11138399;0,00000000;0,00000000
0,11148799;0,00000000;0,00000000
0,11159199;0,00000000;0,00000000
0,11169599;0,00000000;0,00000000
0,11179999;0,00000000;0,00000000
0,11190399;0,04336860;0,00000000
0,11200799;0,00000000;0,00000000
0,11211199;0,00000000;0,00000000
0,11221599;0,00000000;0,00000000
0,11231999;0,04336860;0,00000000
0,11242399;0,00000000;0,00000000
0,11252799;0,04336860;0,00000000
0,11263199;0,00000000;0,00000000
0,11273599;0,00000000;0,00000000
0,11283999;0,00000000;0,00000000
0,11294399;0,04336860;0,00000000
0,11304799;0,04336860;0,00000000
0,11315199;0,00000000;0,00000000
0,11325599;0,00000000;0,00000000
0,11335999;0,00000000;0,00000000
0,11346399;0,00000000;0,00000000
0,11356799;0,00000000;0,00000000
0,11367199;0,00000000;0,00000000
0,11377599;0,04336860;0,00000000
0,11387999;0,00000000;0,00000000
0,11398399;0,00000000;0,00000000
0,11408799;0,00000000;0,00000000
0,11419199;0,00000000;0,00000000
0,11429599;0,00000000;0,00000000
0,11439999;0,00000000;0,00000000
0,11450399;0,00000000;0,00000000
0,11460799;0,04336860;0,00000000
0,11471199;0,00000000;0,00000000
0,11481599;0,04336860;0,00000000
0,11491999;0,04336860;0,00000000
0,11502399;0,00000000;0,00000000
0,11512799;0,00000000;0,00000000
0,11523199;0,00000000;0,00000000
0,11533599;0,00000000;0,00000000
0,11543999;0,00000000;0,00000000
0,11554399;0,04336860;0,00000000
0,11564799;0,04336860;0,00000000
0,11575199;0,00000000;0,00000000
0,11585599;0,04336860;0,00000000
0,11595999;0,00000000;0,00000000
0,11606399;0,00000000;0,00000000
0,11616799;0,00000000;0,00000000
0,11627199;0,04336860;0,00000000
0,11637599;0,04336860;0,00000000
0,11647999;0,04336860;0,00000000
0,11658399;0,00000000;0,00000000
0,11668799;0,04336860;0,00000000
0,11679199;0,00000000;0,00000000
0,11689599;0,00000000;0,00000000
0,11699999;0,00000000;0,00000000
0,11710399;0,00000000;0,00000000
0,11720799;0,04336860;0,00000000
0,11731199;0,00000000;0,00000000
0,11741599;0,04336860;0,00000000
0,11751999;0,04336860;0,00000000
0,11762399;0,04336860;0,00000000
0,11772799;0,04336860;0,00000000
0,11783199;0,00000000;0,00000000
0,11793599;0,00000000;0,00000000
0,11803999;0,00000000;0,00000000
0,11814399;0,00000000;0,00000000
0,11824799;0,00000000;0,00000000
0,11835199;0,00000000;0,00000000
0,11845599;0,00000000;0,00000000
0,11855999;0,00000000;0,00000000
0,11866399;0,00000000;0,00000000
0,11876799;0,00000000;0,00000000
0,11887199;0,00000000;0,00000000
0,11897599;0,00000000;0,00000000
0,11907999;0,00000000;0,00000000
0,11918399;0,00000000;0,00000000
0,11928799;0,00000000;0,00000000
0,11939199;0,00000000;0,00000000
0,11949599;0,00000000;0,00000000
0,11959999;0,00000000;0,00000000
0,11970399;0,00000000;0,00000000
0,11980799;0,00000000;0,00000000
0,11991199;0,04336860;0,00000000
0,12001599;0,00000000;0,00000000
0,12011999;0,04336860;0,00000000
0,12022399;0,00000000;0,00000000
0,12032799;0,04336860;0,00000000
0,12043199;0,00000000;0,00000000
0,12053599;0,00000000;0,00000000
0,12063999;0,04336860;0,00000000
0,12074399;0,00000000;0,00000000
0,12084799;0,00000000;0,00000000
0,12095199;0,00000000;0,00000000
0,12105599;0,00000000;0,00000000
0,12115999;0,00000000;0,00000000
0,12126399;0,00000000;0,00000000
0,12136799;0,00000000;-0,01734744
0,12147199;0,00000000;0,00000000
0,12157599;0,00000000;0,00000000
0,12167999;0,04336860;0,00000000
0,12178399;0,00000000;0,00000000
0,12188799;0,00000000;0,00000000
0,12199199;0,00000000;0,00000000
0,12209599;0,00000000;0,00000000
0,12219999;0,00000000;0,00000000
0,12230399;0,00000000;0,00000000
0,12240799;0,04336860;0,00000000
0,12251199;0,00000000;0,00000000
0,12261599;0,04336860;0,00000000
0,12271999;0,00000000;0,00000000
0,12282399;0,00000000;0,00000000
0,12292799;0,00000000;0,00000000
0,12303199;0,00000000;0,00000000
0,12313599;0,00000000;0,00000000
0,12323999;0,04336860;0,00000000
0,12334399;0,00000000;0,00000000
0,12344799;0,00000000;0,00000000
0,12355199;0,00000000;0,00000000
0,12365599;0,00000000;0,00000000
0,12375999;0,00000000;0,00000000
0,12386399;0,00000000;-0,01734744
0,12396799;0,00000000;0,00000000
0,12407199;0,00000000;0,00000000
0,12417599;0,00000000;0,00000000
0,12427999;0,00000000;0,00000000
0,12438399;0,00000000;0,00000000
0,12448799;0,04336860;0,00000000
0,12459199;0,00000000;0,00000000
0,12469599;0,00000000;0,00000000
0,12479999;0,00000000;0,00000000
0,12490399;0,00000000;0,00000000
0,12500799;0,00000000;0,00000000
0,12511199;0,04336860;0,00000000
0,12521599;0,04336860;0,00000000
0,12531999;0,00000000;0,00000000
0,12542399;0,04336860;0,00000000
0,12552799;0,00000000;0,00000000
0,12563199;0,00000000;0,00000000
0,12573599;0,00000000;0,00000000
0,12583999;0,00000000;0,00000000
0,12594399;0,00000000;0,00000000
0,12604799;0,00000000;0,00000000
0,12615199;0,00000000;0,00000000
0,12625599;0,04336860;0,00000000
0,12635999;0,00000000;0,00000000
0,12646399;0,00000000;0,00000000
0,12656799;0,00000000;0,00000000
0,12667199;0,04336860;0,00000000
0,12677599;0,00000000;0,00000000
0,12687999;0,04336860;0,00000000
0,12698399;0,04336860;0,00000000
0,12708799;0,00000000;0,00000000
0,12719199;0,00000000;0,00000000
0,12729599;0,00000000;0,00000000
0,12739999;0,00000000;0,00000000
0,12750399;0,04336860;0,00000000
0,12760799;0,04336860;0,00000000
0,12771199;0,00000000;0,00000000
0,12781599;0,00000000;0,00000000
0,12791999;0,00000000;0,00000000
0,12802399;0,00000000;0,00000000
0,12812799;0,00000000;0,00000000
0,12823199;0,00000000;-0,01734744
0,12833599;0,04336860;0,00000000
0,12843999;0,04336860;0,00000000
0,12854399;0,04336860;0,00000000
0,12864799;0,04336860;0,00000000
0,12875199;0,00000000;0,00000000
0,12885599;0,00000000;0,00000000
0,12895999;0,00000000;0,00000000
0,12906399;0,00000000;0,00000000
0,12916799;0,04336860;0,00000000
0,12927199;0,00000000;0,00000000
0,12937599;0,04336860;0,00000000
0,12947999;0,04336860;0,00000000
0,12958399;0,00000000;0,00000000
0,12968799;0,04336860;0,00000000
0,12979199;0,00000000;0,00000000
0,12989599;0,00000000;0,00000000
0,12999999;0,00000000;0,00000000
0,13010399;0,00000000;0,00000000
0,13020799;0,00000000;0,00000000
0,13031199;0,00000000;0,00000000
0,13041599;0,00000000;0,00000000
0,13051999;0,04336860;0,00000000
0,13062399;0,04336860;0,00000000
0,13072799;0,00000000;0,00000000
0,13083199;0,00000000;0,00000000
0,13093599;0,04336860;0,00000000
0,13103999;0,00000000;0,00000000
0,13114399;0,00000000;0,00000000
0,13124799;0,00000000;0,00000000
0,13135199;0,00000000;0,00000000
0,13145599;0,00000000;0,00000000
0,13155999;0,00000000;0,00000000
0,13166399;0,00000000;0,00000000
0,13176799;0,04336860;0,00000000
0,13187199;0,00000000;0,00000000
0,13197599;0,00000000;0,00000000
0,13207999;0,00000000;0,00000000
0,13218399;0,00000000;0,00000000
0,13228799;0,04336860;0,00000000
0,13239199;0,00000000;0,00000000
0,13249599;0,00000000;0,00000000
0,13259999;0,00000000;0,00000000
0,13270399;0,04336860;0,00000000
0,13280799;0,04336860;0,00000000
0,13291199;0,04336860;0,00000000
0,13301599;0,00000000;0,00000000
0,13311999;0,00000000;0,00000000
0,13322399;0,00000000;0,00000000
0,13332799;0,04336860;-0,01734744
0,13343199;0,00000000;0,00000000
0,13353599;0,00000000;0,00000000
0,13363999;0,00000000;0,00000000
0,13374399;0,00000000;0,00000000
0,13384799;0,00000000;0,00000000
0,13395199;0,00000000;0,00000000
0,13405599;0,00000000;0,00000000
0,13415999;0,00000000;0,00000000
0,13426399;0,00000000;0,00000000
0,13436799;0,00000000;0,00000000
0,13447199;0,04336860;-0,01734744
0,13457599;0,00000000;0,00000000
0,13467999;0,04336860;0,00000000
0,13478399;0,00000000;0,00000000
0,13488799;0,00000000;0,00000000
0,13499199;0,04336860;0,00000000
0,13509599;0,00000000;0,00000000
0,13519999;0,04336860;0,00000000
0,13530399;0,00000000;0,00000000
0,13540799;0,04336860;0,00000000
0,13551199;0,04336860;0,00000000
0,13561599;0,00000000;0,00000000
0,13571999;0,00000000;0,00000000
0,13582399;0,00000000;0,00000000
0,13592799;0,00000000;0,00000000
0,13603199;0,00000000;0,00000000
0,13613599;0,00000000;0,00000000
0,13623999;0,00000000;0,00000000
0,13634399;0,04336860;0,00000000
0,13644799;0,00000000;0,00000000
0,13655199;0,04336860;0,00000000
0,13665599;0,04336860;0,00000000
0,13675999;0,04336860;0,00000000
0,13686399;0,00000000;0,00000000
0,13696799;0,00000000;0,00000000
0,13707199;0,04336860;0,00000000
0,13717599;0,04336860;0,00000000
0,13727999;0,00000000;0,00000000
0,13738399;0,00000000;0,00000000
0,13748799;0,00000000;0,00000000
0,13759199;0,04336860;0,00000000
0,13769599;0,00000000;0,00000000
0,13779999;0,04336860;0,00000000
0,13790399;0,04336860;0,00000000
0,13800799;0,00000000;0,00000000
0,13811199;0,00000000;0,00000000
0,13821599;0,00000000;0,00000000
0,13831999;0,04336860;0,00000000
0,13842399;0,04336860;0,00000000
0,13852799;0,00000000;0,00000000
0,13863199;0,04336860;0,00000000
0,13873599;0,04336860;0,00000000
0,13883999;0,00000000;0,00000000
0,13894399;0,04336860;0,00000000
0,13904799;0,00000000;0,00000000
0,13915199;0,00000000;0,00000000
0,13925599;0,00000000;0,00000000
0,13935999;0,00000000;0,00000000
0,13946399;0,04336860;0,00000000
0,13956799;0,00000000;0,00000000
0,13967199;0,04336860;0,00000000
0,13977599;0,00000000;0,00000000
0,13987999;0,00000000;0,00000000
0,13998399;0,04336860;0,00000000
0,14008799;0,00000000;0,00000000
0,14019199;0,00000000;0,00000000
0,14029599;0,04336860;0,00000000
0,14039999;0,00000000;0,00000000
0,14050399;0,00000000;0,00000000
0,14060799;0,04336860;0,00000000
0,14071199;0,00000000;0,00000000
0,14081599;0,00000000;0,00000000
0,14091999;0,00000000;0,00000000
0,14102399;0,04336860;0,00000000
0,14112799;0,00000000;0,00000000
0,14123199;0,00000000;0,00000000
0,14133599;0,00000000;0,00000000
0,14143999;0,04336860;0,00000000
0,14154399;0,00000000;0,00000000
0,14164799;0,00000000;0,00000000
0,14175199;0,00000000;0,00000000
0,14185599;0,00000000;0,00000000
0,14195999;0,00000000;0,00000000
0,14206399;0,00000000;0,00000000
0,14216799;0,00000000;0,00000000
0,14227199;0,00000000;0,00000000
0,14237599;0,04336860;0,00000000
0,14247999;0,00000000;0,00000000
0,14258399;0,00000000;-0,01734744
0,14268799;0,00000000;0,00000000
0,14279199;0,00000000;0,00000000
0,14289599;0,00000000;0,00000000
0,14299999;0,04336860;0,00000000
0,14310399;0,00000000;0,00000000
0,14320799;0,00000000;0,00000000
0,14331199;0,04336860;0,00000000
0,14341599;0,00000000;0,00000000
0,14351999;0,00000000;0,00000000
0,14362399;0,00000000;0,00000000
0,14372799;0,04336860;0,00000000
0,14383199;0,04336860;0,00000000
0,14393599;0,04336860;0,00000000
0,14403999;0,04336860;0,00000000
0,14414399;0,04336860;0,00000000
0,14424799;0,04336860;0,00000000
0,14435199;0,04336860;0,00000000
0,14445599;0,00000000;0,00000000
0,14455999;0,00000000;0,00000000
0,14466399;0,04336860;0,00000000
0,14476799;0,04336860;0,00000000
0,14487199;0,00000000;0,00000000
0,14497599;0,00000000;0,00000000
0,14507999;0,00000000;0,00000000
0,14518399;0,00000000;0,00000000
0,14528799;0,00000000;0,00000000
0,14539199;0,04336860;0,00000000
0,14549599;0,00000000;0,00000000
0,14559999;0,00000000;0,00000000
0,14570399;0,00000000;-0,01734744
0,14580799;0,04336860;0,00000000
0,14591199;0,00000000;0,00000000
0,14601599;0,00000000;0,00000000
0,14611999;0,00000000;-0,01734744
0,14622399;0,00000000;0,00000000
0,14632799;0,00000000;0,00000000
0,14643199;0,00000000;0,00000000
0,14653599;0,00000000;0,00000000
0,14663999;0,04336860;0,00000000
0,14674399;0,00000000;0,00000000
0,14684799;0,00000000;0,00000000
0,14695199;0,00000000;0,00000000
0,14705599;0,00000000;0,00000000
0,14715999;0,00000000;0,00000000
0,14726399;0,04336860;0,00000000
0,14736799;0,00000000;0,00000000
0,14747199;0,00000000;0,00000000
0,14757599;0,04336860;0,00000000
0,14767999;0,04336860;0,00000000
0,14778399;0,00000000;0,00000000
0,14788799;0,04336860;0,00000000
0,14799199;0,00000000;0,00000000
0,14809599;0,04336860;0,00000000
0,14819999;0,00000000;0,00000000
0,14830399;0,00000000;0,00000000
0,14840799;0,00000000;0,00000000
0,14851199;0,00000000;0,00000000
0,14861599;0,00000000;0,00000000
0,14871999;0,04336860;0,00000000
0,14882399;0,00000000;0,00000000
0,14892799;0,00000000;0,00000000
0,14903199;0,04336860;0,00000000
0,14913599;0,00000000;0,00000000
0,14923999;0,04336860;0,00000000
0,14934399;0,00000000;0,00000000
0,14944799;0,00000000;0,00000000
0,14955199;0,00000000;0,00000000
0,14965599;0,00000000;0,00000000
0,14975999;0,04336860;0,00000000
0,14986399;0,00000000;0,00000000
0,14996799;0,04336860;0,00000000
0,15007199;0,00000000;0,00000000
0,15017599;0,04336860;0,00000000
0,15027999;0,00000000;0,00000000
0,15038399;0,04336860;0,00000000
0,15048799;0,00000000;0,00000000
0,15059199;0,00000000;0,00000000
0,15069599;0,00000000;0,00000000
0,15079999;0,00000000;0,00000000
0,15090399;0,00000000;0,00000000
0,15100799;0,00000000;0,00000000
0,15111199;0,00000000;0,00000000
0,15121599;0,04336860;0,00000000
0,15131999;0,00000000;0,00000000
0,15142399;0,00000000;0,00000000
0,15152799;0,04336860;0,00000000
0,15163199;0,00000000;0,00000000
0,15173599;0,00000000;0,00000000
0,15183999;0,00000000;0,00000000
0,15194399;0,00000000;0,00000000
0,15204799;0,00000000;0,00000000
0,15215199;0,04336860;0,00000000
0,15225599;0,00000000;0,00000000
0,15235999;0,04336860;0,00000000
0,15246399;0,04336860;-0,01734744
0,15256799;0,00000000;0,00000000
0,15267199;0,00000000;0,00000000
0,15277599;0,00000000;0,00000000
0,15287999;0,00000000;0,00000000
0,15298399;0,00000000;0,00000000
0,15308799;0,00000000;0,00000000
0,15319199;0,00000000;0,00000000
0,15329599;0,00000000;0,00000000
0,15339999;0,00000000;0,00000000
0,15350399;0,00000000;0,00000000
0,15360799;0,00000000;0,00000000
0,15371199;0,00000000;0,00000000
0,15381599;0,00000000;0,00000000
0,15391999;0,04336860;0,00000000
0,15402399;0,00000000;0,00000000
0,15412799;0,04336860;0,00000000
0,15423199;0,04336860;0,00000000
0,15433599;0,00000000;0,00000000
0,15443999;0,00000000;0,00000000
0,15454399;0,00000000;0,00000000
0,15464799;0,00000000;0,00000000
0,15475199;0,04336860;0,00000000
0,15485599;0,00000000;0,00000000
0,15495999;0,00000000;0,00000000
0,15506399;0,00000000;0,00000000
0,15516799;0,00000000;0,00000000
0,15527199;0,00000000;0,00000000
0,15537599;0,04336860;0,00000000
0,15547999;0,00000000;0,00000000
0,15558399;0,00000000;0,00000000
0,15568799;0,04336860;0,00000000
0,15579199;0,00000000;0,00000000
0,15589599;0,00000000;0,00000000
0,15599999;0,04336860;0,00000000
0,15610399;0,00000000;0,00000000
0,15620799;0,00000000;0,00000000
0,15631199;0,04336860;0,00000000
0,15641599;0,00000000;0,00000000
0,15651999;0,00000000;0,00000000
0,15662399;0,04336860;0,00000000
0,15672799;0,04336860;0,00000000
0,15683199;0,00000000;0,00000000
0,15693599;0,00000000;0,00000000
0,15703999;0,04336860;0,00000000
0,15714399;0,00000000;0,00000000
0,15724799;0,00000000;0,00000000
0,15735199;0,00000000;0,00000000
0,15745599;0,04336860;0,00000000
0,15755999;0,00000000;0,00000000
0,15766399;0,00000000;0,00000000
0,15776799;0,00000000;0,00000000
0,15787199;0,00000000;0,00000000
0,15797599;0,00000000;0,00000000
0,15807999;0,04336860;-0,01734744
0,15818399;0,00000000;0,00000000
0,15828799;0,00000000;0,00000000
0,15839199;0,00000000;0,00000000
0,15849599;0,00000000;0,00000000
0,15859999;0,00000000;0,00000000
0,15870399;0,00000000;0,00000000
0,15880799;0,00000000;0,00000000
0,15891199;0,00000000;0,00000000
0,15901599;0,00000000;0,00000000
0,15911999;0,04336860;0,00000000
0,15922399;0,00000000;0,00000000
0,15932799;0,00000000;0,00000000
0,15943199;0,00000000;0,00000000
0,15953599;0,04336860;0,00000000
0,15963999;0,04336860;0,00000000
0,15974399;0,04336860;0,00000000
0,15984799;0,00000000;0,00000000
0,15995199;0,04336860;0,00000000
0,16005599;0,00000000;0,00000000
0,16015999;0,04336860;0,00000000
0,16026399;0,04336860;0,00000000
0,16036799;0,00000000;0,00000000
0,16047199;0,00000000;0,00000000
0,16057599;0,00000000;0,00000000
0,16067999;0,00000000;0,00000000
0,16078399;0,00000000;0,00000000
0,16088799;0,00000000;0,00000000
0,16099199;0,00000000;0,00000000
0,16109599;0,04336860;0,00000000
0,16119999;0,00000000;0,00000000
0,16130399;0,00000000;0,00000000
0,16140799;0,04336860;0,00000000
0,16151199;0,00000000;0,00000000
0,16161599;0,04336860;0,00000000
0,16171999;0,00000000;0,00000000
0,16182399;0,04336860;0,00000000
0,16192799;0,04336860;0,00000000
0,16203199;0,00000000;0,00000000
0,16213599;0,00000000;0,00000000
0,16223999;0,00000000;0,00000000
0,16234399;0,04336860;0,00000000
0,16244799;0,04336860;0,00000000
0,16255199;0,04336860;0,00000000
0,16265599;0,00000000;0,00000000
0,16275999;0,00000000;0,00000000
0,16286399;0,04336860;0,00000000
0,16296799;0,00000000;0,00000000
0,16307199;0,00000000;0,00000000
0,16317599;0,04336860;0,00000000
0,16327999;0,00000000;0,00000000
0,16338399;0,00000000;0,00000000
0,16348799;0,04336860;0,00000000
0,16359199;0,00000000;0,00000000
0,16369599;0,04336860;0,00000000
0,16379999;0,00000000;-0,01734744
0,16390399;0,00000000;0,00000000
0,16400799;0,04336860;0,00000000
0,16411199;0,00000000;0,00000000
0,16421599;0,00000000;0,00000000
0,16431999;0,04336860;0,00000000
0,16442399;0,00000000;0,00000000
0,16452799;0,00000000;0,00000000
0,16463199;0,04336860;0,00000000
0,16473599;0,00000000;0,00000000
0,16483999;0,00000000;0,00000000
0,16494399;0,00000000;0,00000000
0,16504799;0,00000000;0,00000000
0,16515199;0,00000000;0,00000000
0,16525599;0,04336860;0,00000000
0,16535999;0,00000000;0,00000000
0,16546399;0,00000000;0,00000000
0,16556799;0,00000000;0,00000000
0,16567199;0,04336860;0,00000000
0,16577599;0,04336860;0,00000000
0,16587999;0,00000000;0,00000000
0,16598399;0,04336860;0,00000000
0,16608799;0,00000000;0,00000000
0,16619199;0,04336860;0,00000000
0,16629599;0,04336860;0,00000000
0,16639999;0,04336860;0,00000000
0,16650399;0,00000000;0,00000000
0,16660799;0,04336860;0,00000000
0,16671199;0,00000000;0,00000000
0,16681599;0,04336860;0,00000000
0,16691999;0,00000000;0,00000000
0,16702399;0,00000000;0,00000000
0,16712799;0,00000000;0,00000000
0,16723199;0,00000000;0,00000000
0,16733599;0,00000000;0,00000000
0,16743999;0,00000000;0,00000000
0,16754399;0,00000000;0,00000000
0,16764799;0,00000000;0,00000000
0,16775199;0,00000000;0,00000000
0,16785599;0,04336860;0,00000000
0,16795999;0,00000000;0,00000000
0,16806399;0,00000000;0,00000000
0,16816799;0,00000000;0,00000000
0,16827199;0,04336860;0,00000000
0,16837599;0,00000000;0,00000000
0,16847999;0,04336860;0,00000000
0,16858399;0,00000000;0,00000000
0,16868799;0,00000000;0,00000000
0,16879199;0,00000000;0,00000000
0,16889599;0,00000000;0,00000000
0,16899999;0,00000000;0,00000000
0,16910399;0,00000000;0,00000000
0,16920799;0,00000000;0,00000000
0,16931199;0,00000000;0,00000000
0,16941599;0,00000000;0,00000000
0,16951999;0,00000000;0,00000000
0,16962399;0,04336860;0,00000000
0,16972799;0,00000000;0,00000000
0,16983199;0,04336860;0,00000000
0,16993599;0,00000000;0,00000000
0,17003999;0,00000000;0,00000000
0,17014399;0,04336860;0,00000000
0,17024799;0,00000000;0,00000000
0,17035199;0,04336860;0,00000000
0,17045599;0,00000000;0,00000000
0,17055999;0,04336860;0,00000000
0,17066399;0,00000000;0,00000000
0,17076799;0,00000000;0,00000000
0,17087199;0,00000000;0,00000000
0,17097599;0,04336860;0,00000000
0,17107999;0,00000000;0,00000000
0,17118399;0,00000000;0,00000000
0,17128799;0,04336860;0,00000000
0,17139199;0,00000000;0,00000000
0,17149599;0,00000000;0,00000000
0,17159999;0,00000000;0,00000000
0,17170399;0,00000000;0,00000000
0,17180799;0,04336860;0,00000000
0,17191199;0,04336860;0,00000000
0,17201599;0,00000000;0,00000000
0,17211999;0,00000000;0,00000000
0,17222399;0,00000000;0,00000000
0,17232799;0,04336860;0,00000000
0,17243199;0,00000000;0,00000000
0,17253599;0,00000000;0,00000000
0,17263999;0,00000000;0,00000000
0,17274399;0,00000000;0,00000000
0,17284799;0,00000000;0,00000000
0,17295199;0,00000000;0,00000000
0,17305599;0,00000000;0,00000000
0,17315999;0,00000000;0,00000000
0,17326399;0,00000000;0,00000000
0,17336799;0,00000000;0,00000000
0,17347199;0,00000000;-0,01734744
0,17357599;0,04336860;0,00000000
0,17367999;0,00000000;0,00000000
0,17378399;0,00000000;0,00000000
0,17388799;0,00000000;0,00000000
0,17399199;0,00000000;0,00000000
0,17409599;0,00000000;0,00000000
0,17419999;0,00000000;0,00000000
0,17430399;0,00000000;0,00000000
0,17440799;0,04336860;0,00000000
0,17451199;0,04336860;0,00000000
0,17461599;0,00000000;0,00000000
0,17471999;0,04336860;0,00000000
0,17482399;0,00000000;0,00000000
0,17492799;0,00000000;0,00000000
0,17503199;0,00000000;0,00000000
0,17513599;0,00000000;0,00000000
0,17523999;0,00000000;0,00000000
0,17534399;0,00000000;0,00000000
0,17544799;0,00000000;0,00000000
0,17555199;0,00000000;0,00000000
0,17565599;0,00000000;0,00000000
0,17575999;0,00000000;0,00000000
0,17586399;0,00000000;0,00000000
0,17596799;0,00000000;0,00000000
0,17607199;0,00000000;0,00000000
0,17617599;0,00000000;0,00000000
0,17627999;0,00000000;0,00000000
0,17638399;0,00000000;0,00000000
0,17648799;0,00000000;0,00000000
0,17659199;0,00000000;0,00000000
0,17669599;0,00000000;0,00000000
0,17679999;0,04336860;0,00000000
0,17690399;0,00000000;0,00000000
0,17700799;0,00000000;0,00000000
0,17711199;0,00000000;0,00000000
0,17721599;0,00000000;0,00000000
0,17731999;0,04336860;0,00000000
0,17742399;0,00000000;0,00000000
0,17752799;0,00000000;-0,01734744
0,17763199;0,00000000;0,00000000
0,17773599;0,04336860;0,00000000
0,17783999;0,04336860;0,00000000
0,17794399;0,00000000;0,00000000
0,17804799;0,00000000;0,00000000
0,17815199;0,04336860;0,00000000
0,17825599;0,00000000;0,00000000
0,17835999;0,00000000;0,00000000
0,17846399;0,00000000;0,00000000
0,17856799;0,00000000;0,00000000
0,17867199;0,04336860;0,00000000
0,17877599;0,00000000;0,00000000
0,17887999;0,00000000;0,00000000
0,17898399;0,04336860;0,00000000
0,17908799;0,04336860;0,00000000
0,17919199;0,00000000;-0,01734744
0,17929599;0,00000000;0,00000000
0,17939999;0,04336860;0,00000000
0,17950399;0,00000000;0,00000000
0,17960799;0,00000000;0,00000000
0,17971199;0,00000000;0,00000000
0,17981599;0,04336860;0,00000000
0,17991999;0,00000000;0,00000000
0,18002399;0,04336860;0,00000000
0,18012799;0,00000000;0,00000000
0,18023199;0,00000000;0,00000000
0,18033599;0,00000000;0,00000000
0,18043999;0,00000000;0,00000000
0,18054399;0,00000000;0,00000000
0,18064799;0,00000000;0,00000000
0,18075199;0,00000000;0,00000000
0,18085599;0,00000000;0,00000000
0,18095999;0,00000000;0,00000000
0,18106399;0,00000000;0,00000000
0,18116799;0,00000000;0,00000000
0,18127199;0,00000000;0,00000000
0,18137599;0,00000000;0,00000000
0,18147999;0,00000000;0,00000000
0,18158399;0,00000000;0,00000000
0,18168799;0,00000000;0,00000000
0,18179199;0,04336860;0,00000000
0,18189599;0,04336860;0,00000000
0,18199999;0,00000000;0,00000000
0,18210399;0,04336860;0,00000000
0,18220799;0,00000000;0,00000000
0,18231199;0,00000000;0,00000000
0,18241599;0,00000000;0,00000000
0,18251999;0,00000000;0,00000000
0,18262399;0,00000000;0,00000000
0,18272799;0,04336860;0,00000000
0,18283199;0,04336860;0,00000000
0,18293599;0,00000000;0,00000000
0,18303999;0,04336860;0,00000000
0,18314399;0,00000000;0,00000000
0,18324799;0,04336860;0,00000000
0,18335199;0,04336860;0,00000000
0,18345599;0,00000000;0,00000000
0,18355999;0,00000000;0,00000000
0,18366399;0,00000000;0,00000000
0,18376799;0,00000000;0,00000000
0,18387199;0,00000000;0,00000000
0,18397599;0,04336860;0,00000000
0,18407999;0,00000000;0,00000000
0,18418399;0,00000000;0,00000000
0,18428799;0,04336860;0,00000000
0,18439199;0,00000000;0,00000000
0,18449599;0,00000000;0,00000000
0,18459999;0,00000000;0,00000000
0,18470399;0,04336860;0,00000000
0,18480799;0,00000000;0,00000000
0,18491199;0,00000000;0,00000000
0,18501599;0,00000000;0,00000000
0,18511999;0,00000000;0,00000000
0,18522399;0,00000000;0,00000000
0,18532799;0,04336860;0,00000000
0,18543199;0,04336860;0,00000000
0,18553599;0,04336860;0,00000000
0,18563999;0,00000000;0,00000000
0,18574399;0,00000000;0,00000000
0,18584799;0,00000000;0,00000000
0,18595199;0,00000000;0,00000000
0,18605599;0,00000000;0,00000000
0,18615999;0,04336860;0,00000000
0,18626399;0,04336860;0,00000000
0,18636799;0,04336860;0,00000000
0,18647199;0,00000000;0,00000000
0,18657599;0,00000000;0,00000000
0,18667999;0,00000000;0,00000000
0,18678399;0,00000000;0,00000000
0,18688799;0,00000000;0,00000000
0,18699199;0,04336860;0,00000000
0,18709599;0,00000000;0,00000000
0,18719999;0,00000000;0,00000000
0,18730399;0,00000000;0,00000000
0,18740799;0,00000000;0,00000000
0,18751199;0,04336860;0,00000000
0,18761599;0,00000000;0,00000000
0,18771999;0,00000000;0,00000000
0,18782399;0,00000000;0,00000000
0,18792799;0,00000000;0,00000000
0,18803199;0,00000000;0,00000000
0,18813599;0,04336860;0,00000000
0,18823999;0,00000000;0,00000000
0,18834399;0,00000000;0,00000000
0,18844799;0,00000000;0,00000000
0,18855199;0,00000000;0,00000000
0,18865599;0,00000000;0,00000000
0,18875999;0,04336860;0,00000000
0,18886399;0,04336860;0,00000000
0,18896799;0,04336860;0,00000000
0,18907199;0,04336860;0,00000000
0,18917599;0,00000000;0,00000000
0,18927999;0,00000000;-0,01734744
0,18938399;0,00000000;0,00000000
0,18948799;0,00000000;0,00000000
0,18959199;0,00000000;0,00000000
0,18969599;0,00000000;0,00000000
0,18979999;0,04336860;0,00000000
0,18990399;0,00000000;0,00000000
0,19000799;0,04336860;0,00000000
0,19011199;0,00000000;0,00000000
0,19021599;0,04336860;0,00000000
0,19031999;0,00000000;0,00000000
0,19042399;0,00000000;0,00000000
0,19052799;0,00000000;0,00000000
0,19063199;0,00000000;0,00000000
0,19073599;0,00000000;0,00000000
0,19083999;0,04336860;0,00000000
0,19094399;0,00000000;0,00000000
0,19104799;0,00000000;0,00000000
0,19115199;0,04336860;0,00000000
0,19125599;0,00000000;0,00000000
0,19135999;0,00000000;0,00000000
0,19146399;0,00000000;0,00000000
0,19156799;0,00000000;0,00000000
0,19167199;0,00000000;0,00000000
0,19177599;0,00000000;0,00000000
0,19187999;0,04336860;0,00000000
0,19198399;0,00000000;0,00000000
0,19208799;0,00000000;0,00000000
0,19219199;0,00000000;0,00000000
0,19229599;0,00000000;0,00000000
0,19239999;0,00000000;0,00000000
0,19250399;0,00000000;0,00000000
0,19260799;0,00000000;0,00000000
0,19271199;0,00000000;0,00000000
0,19281599;0,00000000;0,00000000
0,19291999;0,04336860;0,00000000
0,19302399;0,04336860;0,00000000
0,19312799;0,00000000;0,00000000
0,19323199;0,00000000;0,00000000
0,19333599;0,04336860;0,00000000
0,19343999;0,00000000;0,00000000
0,19354399;0,00000000;0,00000000
0,19364799;0,00000000;0,00000000
0,19375199;0,04336860;0,00000000
0,19385599;0,00000000;0,00000000
0,19395999;0,04336860;0,00000000
0,19406399;0,00000000;0,00000000
0,19416799;0,00000000;0,00000000
0,19427199;0,04336860;0,00000000
0,19437599;0,00000000;0,00000000
0,19447999;0,00000000;0,00000000
0,19458399;0,00000000;0,00000000
0,19468799;0,00000000;0,00000000
0,19479199;0,00000000;0,00000000
0,19489599;0,00000000;0,00000000
0,19499999;0,00000000;0,00000000
0,19510399;0,00000000;0,00000000
0,19520799;0,00000000;0,00000000
0,19531199;0,00000000;0,00000000
0,19541599;0,04336860;0,00000000
0,19551999;0,00000000;0,00000000
0,19562399;0,00000000;0,00000000
0,19572799;0,00000000;0,00000000
0,19583199;0,00000000;0,00000000
0,19593599;0,00000000;0,00000000
0,19603999;0,04336860;0,00000000
0,19614399;0,00000000;0,00000000
0,19624799;0,00000000;0,00000000
0,19635199;0,00000000;0,00000000
0,19645599;0,00000000;0,00000000
0,19655999;0,00000000;0,00000000
0,19666399;0,00000000;0,00000000
0,19676799;0,00000000;0,00000000
0,19687199;0,04336860;0,00000000
0,19697599;0,00000000;0,00000000
0,19707999;0,00000000;0,00000000
0,19718399;0,00000000;0,00000000
0,19728799;0,00000000;0,00000000
0,19739199;0,04336860;0,00000000
0,19749599;0,00000000;0,00000000
0,19759999;0,00000000;0,00000000
0,19770399;0,00000000;0,00000000
0,19780799;0,04336860;0,00000000
0,19791199;0,00000000;-0,01734744
0,19801599;0,04336860;0,00000000
0,19811999;0,04336860;-0,01734744
0,19822399;0,00000000;0,00000000
0,19832799;0,00000000;0,00000000
0,19843199;0,00000000;0,00000000
0,19853599;0,00000000;0,00000000
0,19863999;0,04336860;0,00000000
0,19874399;0,00000000;0,00000000
0,19884799;0,00000000;0,00000000
0,19895199;0,00000000;0,00000000
0,19905599;0,00000000;0,00000000
0,19915999;0,00000000;0,00000000
0,19926399;0,04336860;0,00000000
0,19936799;0,00000000;0,00000000
0,19947199;0,00000000;0,00000000
0,19957599;0,00000000;0,00000000
0,19967999;0,00000000;0,00000000
0,19978399;0,04336860;0,00000000
0,19988799;0,00000000;0,00000000
0,19999199;0,00000000;0,00000000
0,20009599;0,04336860;0,00000000
0,20019999;0,04336860;0,00000000
0,20030399;0,00000000;0,00000000
0,20040799;0,00000000;0,00000000
0,20051199;0,00000000;0,00000000
0,20061599;0,00000000;0,00000000
0,20071999;0,00000000;0,00000000
0,20082399;0,00000000;0,00000000
0,20092799;0,04336860;0,00000000
0,20103199;0,00000000;0,00000000
0,20113599;0,00000000;0,00000000
0,20123999;0,00000000;0,00000000
0,20134399;0,04336860;0,00000000
0,20144799;0,04336860;0,00000000
0,20155199;0,00000000;0,00000000
0,20165599;0,04336860;0,00000000
0,20175999;0,00000000;0,00000000
0,20186399;0,00000000;0,00000000
0,20196799;0,00000000;0,00000000
0,20207199;0,04336860;0,00000000
0,20217599;0,04336860;0,00000000
0,20227999;0,00000000;0,00000000
0,20238399;0,00000000;0,00000000
0,20248799;0,00000000;0,00000000
0,20259199;0,00000000;0,00000000
0,20269599;0,00000000;0,00000000
0,20279999;0,00000000;0,00000000
0,20290399;0,00000000;-0,01734744
0,20300799;0,00000000;0,00000000
0,20311199;0,00000000;0,00000000
0,20321599;0,00000000;0,00000000
0,20331999;0,00000000;0,00000000
0,20342399;0,00000000;0,00000000
0,20352799;0,04336860;0,00000000
0,20363199;0,04336860;0,00000000
0,20373599;0,04336860;0,00000000
0,20383999;0,00000000;0,00000000
0,20394399;0,00000000;0,00000000
0,20404799;0,00000000;0,00000000
0,20415199;0,04336860;0,00000000
0,20425599;0,00000000;0,00000000
0,20435999;0,00000000;0,00000000
0,20446399;0,04336860;0,00000000
0,20456799;0,04336860;0,00000000
0,20467199;0,04336860;0,00000000
0,20477599;0,04336860;0,00000000
0,20487999;0,04336860;0,00000000
0,20498399;0,04336860;0,00000000
0,20508799;0,04336860;0,00000000
0,20519199;0,04336860;0,00000000
0,20529599;0,00000000;0,00000000
0,20539999;0,00000000;0,00000000
0,20550399;0,00000000;0,00000000
0,20560799;0,00000000;0,00000000
0,20571199;0,00000000;0,00000000
0,20581599;0,00000000;-0,01734744
0,20591999;0,00000000;0,00000000
0,20602399;0,04336860;0,00000000
0,20612799;0,00000000;0,00000000
0,20623199;0,00000000;0,00000000
0,20633599;0,00000000;0,00000000
0,20643999;0,00000000;0,00000000
0,20654399;0,00000000;0,00000000
0,20664799;0,00000000;0,00000000
0,20675199;0,00000000;0,00000000
0,20685599;0,00000000;-0,01734744
0,20695999;0,00000000;0,00000000
0,20706399;0,00000000;-0,01734744
0,20716799;0,00000000;0,00000000
0,20727199;0,04336860;0,00000000
0,20737599;0,00000000;0,00000000
0,20747999;0,04336860;0,00000000
0,20758399;0,00000000;0,00000000
0,20768799;0,04336860;0,00000000
0,20779199;0,00000000;0,00000000
0,20789599;0,00000000;0,00000000
0,20799999;0,00000000;0,00000000
0,20810399;0,00000000;0,00000000
0,20820799;0,00000000;0,00000000
0,20831199;0,04336860;0,00000000
0,20841599;0,00000000;0,00000000
0,20851999;0,00000000;0,00000000
0,20862399;0,00000000;0,00000000
0,20872799;0,00000000;0,00000000
0,20883199;0,00000000;0,00000000
0,20893599;0,04336860;0,00000000
0,20903999;0,04336860;0,00000000
0,20914399;0,00000000;0,00000000
0,20924799;0,04336860;0,00000000
0,20935199;0,04336860;0,00000000
0,20945599;0,00000000;0,00000000
0,20955999;0,00000000;0,00000000
0,20966399;0,04336860;0,00000000
0,20976799;0,00000000;0,00000000
0,20987199;0,00000000;0,00000000
0,20997599;0,00000000;0,00000000
0,21007999;0,00000000;0,00000000
0,21018399;0,00000000;0,00000000
0,21028799;0,04336860;0,00000000
0,21039199;0,00000000;0,00000000
0,21049599;0,04336860;0,00000000
0,21059999;0,00000000;0,00000000
0,21070399;0,00000000;0,00000000
0,21080799;0,04336860;0,00000000
0,21091199;0,04336860;0,00000000
0,21101599;0,04336860;0,00000000
0,21111999;0,00000000;0,00000000
0,21122399;0,04336860;0,00000000
0,21132799;0,00000000;0,00000000
0,21143199;0,00000000;0,00000000
0,21153599;0,00000000;0,00000000
0,21163999;0,00000000;0,00000000
0,21174399;0,04336860;0,00000000
0,21184799;0,00000000;0,00000000
0,21195199;0,04336860;0,00000000
0,21205599;0,00000000;0,00000000
0,21215999;0,04336860;0,00000000
0,21226399;0,04336860;0,00000000
0,21236799;0,00000000;0,00000000
0,21247199;0,04336860;0,00000000
0,21257599;0,00000000;0,00000000
0,21267999;0,00000000;0,00000000
0,21278399;0,04336860;0,00000000
0,21288799;0,00000000;0,00000000
0,21299199;0,00000000;0,00000000
0,21309599;0,04336860;0,00000000
0,21319999;0,00000000;0,00000000
0,21330399;0,04336860;0,00000000
0,21340799;0,00000000;0,00000000
0,21351199;0,00000000;0,00000000
0,21361599;0,00000000;0,00000000
0,21371999;0,04336860;0,00000000
0,21382399;0,00000000;0,00000000
0,21392799;0,00000000;0,00000000
0,21403199;0,04336860;0,00000000
0,21413599;0,00000000;-0,01734744
0,21423999;0,04336860;0,00000000
0,21434399;0,00000000;0,00000000
0,21444799;0,04336860;0,00000000
0,21455199;0,04336860;0,00000000
0,21465599;0,00000000;0,00000000
0,21475999;0,00000000;0,00000000
0,21486399;0,04336860;0,00000000
0,21496799;0,00000000;0,00000000
0,21507199;0,00000000;0,00000000
0,21517599;0,00000000;0,00000000
0,21527999;0,04336860;0,00000000
0,21538399;0,00000000;0,00000000
0,21548799;0,00000000;0,00000000
0,21559199;0,00000000;0,00000000
0,21569599;0,00000000;0,00000000
0,21579999;0,00000000;0,00000000
0,21590399;0,04336860;0,00000000
0,21600799;0,04336860;0,00000000
0,21611199;0,04336860;0,00000000
0,21621599;0,00000000;0,00000000
0,21631999;0,00000000;0,00000000
0,21642399;0,00000000;0,00000000
0,21652799;0,00000000;0,00000000
0,21663199;0,00000000;0,00000000
0,21673599;0,00000000;0,00000000
0,21683999;0,00000000;0,00000000
0,21694399;0,00000000;0,00000000
0,21704799;0,00000000;0,00000000
0,21715199;0,00000000;0,00000000
0,21725599;0,00000000;0,00000000
0,21735999;0,00000000;0,00000000
0,21746399;0,00000000;0,00000000
0,21756799;0,00000000;0,00000000
0,21767199;0,00000000;0,00000000
0,21777599;0,04336860;0,00000000
0,21787999;0,04336860;0,00000000
0,21798399;0,00000000;0,00000000
0,21808799;0,00000000;0,00000000
0,21819199;0,00000000;0,00000000
0,21829599;0,04336860;0,00000000
0,21839999;0,00000000;0,00000000
0,21850399;0,04336860;0,00000000
0,21860799;0,00000000;0,00000000
0,21871199;0,04336860;0,00000000
0,21881599;0,00000000;0,00000000
0,21891999;0,00000000;0,00000000
0,21902399;0,00000000;0,00000000
0,21912799;0,04336860;0,00000000
0,21923199;0,00000000;0,00000000
0,21933599;0,04336860;0,00000000
0,21943999;0,00000000;0,00000000
0,21954399;0,00000000;0,00000000
0,21964799;0,00000000;0,00000000
0,21975199;0,00000000;0,00000000
0,21985599;0,04336860;0,00000000
0,21995999;0,00000000;0,00000000
0,22006399;0,00000000;-0,01734744
0,22016799;0,00000000;0,00000000
0,22027199;0,00000000;0,00000000
0,22037599;0,00000000;0,00000000
0,22047999;0,00000000;0,00000000
0,22058399;0,00000000;0,00000000
0,22068799;0,00000000;0,00000000
0,22079199;0,00000000;-0,01734744
0,22089599;0,04336860;0,00000000
0,22099999;0,00000000;0,00000000
0,22110399;0,04336860;0,00000000
0,22120799;0,04336860;0,00000000
0,22131199;0,00000000;0,00000000
0,22141599;0,00000000;0,00000000
0,22151999;0,04336860;0,00000000
0,22162399;0,04336860;0,00000000
0,22172799;0,00000000;0,00000000
0,22183199;0,04336860;0,00000000
0,22193599;0,00000000;0,00000000
0,22203999;0,00000000;0,00000000
0,22214399;0,04336860;0,00000000
0,22224799;0,00000000;0,00000000
0,22235199;0,04336860;0,00000000
0,22245599;0,00000000;0,00000000
0,22255999;0,00000000;0,00000000
0,22266399;0,00000000;0,00000000
0,22276799;0,00000000;0,00000000
0,22287199;0,04336860;0,00000000
0,22297599;0,04336860;0,00000000
0,22307999;0,00000000;0,00000000
0,22318399;0,04336860;0,00000000
0,22328799;0,00000000;0,00000000
0,22339199;0,00000000;0,00000000
0,22349599;0,00000000;0,00000000
0,22359999;0,00000000;0,00000000
0,22370399;0,00000000;0,00000000
0,22380799;0,00000000;0,00000000
0,22391199;0,04336860;0,00000000
0,22401599;0,00000000;0,00000000
0,22411999;0,00000000;0,00000000
0,22422399;0,04336860;0,00000000
0,22432799;0,00000000;0,00000000
0,22443199;0,00000000;0,00000000
0,22453599;0,00000000;0,00000000
0,22463999;0,00000000;0,00000000
0,22474399;0,00000000;0,00000000
0,22484799;0,00000000;0,00000000
0,22495199;0,00000000;0,00000000
0,22505599;0,00000000;0,00000000
0,22515999;0,00000000;0,00000000
0,22526399;0,00000000;0,00000000
0,22536799;0,00000000;0,00000000
0,22547199;0,00000000;0,00000000
0,22557599;0,00000000;0,00000000
0,22567999;0,04336860;0,00000000
0,22578399;0,00000000;0,00000000
0,22588799;0,00000000;0,00000000
0,22599199;0,04336860;0,00000000
0,22609599;0,00000000;0,00000000
0,22619999;0,04336860;0,00000000
0,22630399;0,04336860;0,00000000
0,22640799;0,00000000;0,00000000
0,22651199;0,00000000;0,00000000
0,22661599;0,00000000;0,00000000
0,22671999;0,00000000;0,00000000
0,22682399;0,00000000;0,00000000
0,22692799;0,00000000;0,00000000
0,22703199;0,00000000;0,00000000
0,22713599;0,00000000;0,00000000
0,22723999;0,00000000;0,00000000
0,22734399;0,00000000;0,00000000
0,22744799;0,00000000;0,00000000
0,22755199;0,04336860;0,00000000
0,22765599;0,00000000;0,00000000
0,22775999;0,00000000;0,00000000
0,22786399;0,00000000;-0,01734744
0,22796799;0,00000000;0,00000000
0,22807199;0,00000000;0,00000000
0,22817599;0,04336860;0,00000000
0,22827999;0,04336860;0,00000000
0,22838399;0,04336860;0,00000000
0,22848799;0,00000000;-0,01734744
0,22859199;0,00000000;0,00000000
0,22869599;0,00000000;0,00000000
0,22879999;0,04336860;0,00000000
0,22890399;0,00000000;0,00000000
0,22900799;0,00000000;0,00000000
0,22911199;0,04336860;0,00000000
0,22921599;0,00000000;0,00000000
0,22931999;0,00000000;0,00000000
0,22942399;0,04336860;0,00000000
0,22952799;0,00000000;0,00000000
0,22963199;0,00000000;0,00000000
0,22973599;0,00000000;0,00000000
0,22983999;0,00000000;0,00000000
0,22994399;0,00000000;0,00000000
0,23004799;0,00000000;0,00000000
0,23015199;0,00000000;0,00000000
0,23025599;0,04336860;0,00000000
0,23035999;0,00000000;0,00000000
0,23046399;0,00000000;0,00000000
0,23056799;0,00000000;0,00000000
0,23067199;0,00000000;0,00000000
0,23077599;0,04336860;0,00000000
0,23087999;0,00000000;0,00000000
0,23098399;0,00000000;0,00000000
0,23108799;0,00000000;0,00000000
0,23119199;0,00000000;0,00000000
0,23129599;0,00000000;0,00000000
0,23139999;0,00000000;0,00000000
0,23150399;0,00000000;0,00000000
0,23160799;0,00000000;0,00000000
0,23171199;0,04336860;0,00000000
0,23181599;0,00000000;0,00000000
0,23191999;0,00000000;0,00000000
0,23202399;0,04336860;0,00000000
0,23212799;0,00000000;0,00000000
0,23223199;0,00000000;0,00000000
0,23233599;0,04336860;0,00000000
0,23243999;0,00000000;0,00000000
0,23254399;0,00000000;0,00000000
0,23264799;0,00000000;0,00000000
0,23275199;0,00000000;0,00000000
0,23285599;0,00000000;0,00000000
0,23295999;0,00000000;0,00000000
0,23306399;0,00000000;0,00000000
0,23316799;0,00000000;0,00000000
0,23327199;0,00000000;0,00000000
0,23337599;0,00000000;0,00000000
0,23347999;0,00000000;0,00000000
0,23358399;0,04336860;0,00000000
0,23368799;0,00000000;0,00000000
0,23379199;0,00000000;0,00000000
0,23389599;0,00000000;0,00000000
0,23399999;0,00000000;0,00000000
0,23410399;0,00000000;0,00000000
0,23420799;0,00000000;0,00000000
0,23431199;0,00000000;0,00000000
0,23441599;0,00000000;0,00000000
0,23451999;0,00000000;0,00000000
0,23462399;0,04336860;0,00000000
0,23472799;0,00000000;0,00000000
0,23483199;0,00000000;0,00000000
0,23493599;0,00000000;0,00000000
0,23503999;0,04336860;0,00000000
0,23514399;0,00000000;0,00000000
0,23524799;0,00000000;0,00000000
0,23535199;0,00000000;0,00000000
0,23545599;0,00000000;0,00000000
0,23555999;0,04336860;0,00000000
0,23566399;0,00000000;0,00000000
0,23576799;0,00000000;0,00000000
0,23587199;0,00000000;0,00000000
0,23597599;0,00000000;0,00000000
0,23607999;0,00000000;0,00000000
0,23618399;0,00000000;0,00000000
0,23628799;0,00000000;0,00000000
0,23639199;0,00000000;0,00000000
0,23649599;0,00000000;0,00000000
0,23659999;0,00000000;0,00000000
0,23670399;0,04336860;0,00000000
0,23680799;0,00000000;0,00000000
0,23691199;0,00000000;0,00000000
0,23701599;0,04336860;0,00000000
0,23711999;0,00000000;0,00000000
0,23722399;0,00000000;0,00000000
0,23732799;0,00000000;0,00000000
0,23743199;0,00000000;0,00000000
0,23753599;0,04336860;0,00000000
0,23763999;0,04336860;0,00000000
0,23774399;0,00000000;0,00000000
0,23784799;0,00000000;0,00000000
0,23795199;0,00000000;0,00000000
0,23805599;0,00000000;0,00000000
0,23815999;0,00000000;0,00000000
0,23826399;0,00000000;0,00000000
0,23836799;0,04336860;0,00000000
0,23847199;0,00000000;0,00000000
0,23857599;0,04336860;0,00000000
0,23867999;0,00000000;0,00000000
0,23878399;0,00000000;0,00000000
0,23888799;0,00000000;0,00000000
0,23899199;0,00000000;0,00000000
0,23909599;0,00000000;0,00000000
0,23919999;0,00000000;0,00000000
0,23930399;0,00000000;0,00000000
0,23940799;0,00000000;0,00000000
0,23951199;0,00000000;0,00000000
0,23961599;0,00000000;0,00000000
0,23971999;0,00000000;0,00000000
0,23982399;0,00000000;0,00000000
0,23992799;0,00000000;0,00000000
0,24003199;0,00000000;0,00000000
0,24013599;0,04336860;0,00000000
0,24023999;0,00000000;0,00000000
0,24034399;0,00000000;0,00000000
0,24044799;0,00000000;0,00000000
0,24055199;0,04336860;0,00000000
0,24065599;0,00000000;0,00000000
0,24075999;0,00000000;0,00000000
0,24086399;0,00000000;0,00000000
0,24096799;0,00000000;0,00000000
0,24107199;0,04336860;0,00000000
0,24117599;0,00000000;0,00000000
0,24127999;0,00000000;0,00000000
0,24138399;0,00000000;0,00000000
0,24148799;0,04336860;0,00000000
0,24159199;0,00000000;0,00000000
0,24169599;0,04336860;0,00000000
0,24179999;0,04336860;0,00000000
0,24190399;0,00000000;0,00000000
0,24200799;0,00000000;0,00000000
0,24211199;0,04336860;0,00000000
0,24221599;0,00000000;0,00000000
0,24231999;0,00000000;0,00000000
0,24242399;0,00000000;0,00000000
0,24252799;0,00000000;0,00000000
0,24263199;0,00000000;0,00000000
0,24273599;0,04336860;0,00000000
0,24283999;0,04336860;0,00000000
0,24294399;0,00000000;0,00000000
0,24304799;0,00000000;0,00000000
0,24315199;0,00000000;0,00000000
0,24325599;0,00000000;0,00000000
0,24335999;0,00000000;0,00000000
0,24346399;0,00000000;0,00000000
0,24356799;0,00000000;0,00000000
0,24367199;0,00000000;0,00000000
0,24377599;0,00000000;0,00000000
0,24387999;0,00000000;0,00000000
0,24398399;0,00000000;0,00000000
0,24408799;0,00000000;0,00000000
0,24419199;0,00000000;0,00000000
0,24429599;0,00000000;0,00000000
0,24439999;0,00000000;0,00000000
0,24450399;0,04336860;0,00000000
0,24460799;0,00000000;0,00000000
0,24471199;0,00000000;0,00000000
0,24481599;0,00000000;0,00000000
0,24491999;0,00000000;0,00000000
0,24502399;0,04336860;0,00000000
0,24512799;0,00000000;0,00000000
0,24523199;0,00000000;0,00000000
0,24533599;0,00000000;0,00000000
0,24543999;0,00000000;0,00000000
0,24554399;0,00000000;0,00000000
0,24564799;0,00000000;0,00000000
0,24575199;0,04336860;0,00000000
0,24585599;0,00000000;0,00000000
0,24595999;0,00000000;0,00000000
0,24606399;0,00000000;0,00000000
0,24616799;0,00000000;0,00000000
0,24627199;0,04336860;0,00000000
0,24637599;0,04336860;0,00000000
0,24647999;0,00000000;0,00000000
0,24658399;0,00000000;0,00000000
0,24668799;0,00000000;0,00000000
0,24679199;0,00000000;0,00000000
0,24689599;0,04336860;0,00000000
0,24699999;0,00000000;0,00000000
0,24710399;0,00000000;0,00000000
0,24720799;0,00000000;0,00000000
0,24731199;0,00000000;0,00000000
0,24741599;0,00000000;0,00000000
0,24751999;0,00000000;0,00000000
0,24762399;0,00000000;0,00000000
0,24772799;0,00000000;0,00000000
0,24783199;0,00000000;0,00000000
0,24793599;0,00000000;0,00000000
0,24803999;0,00000000;0,00000000
0,24814399;0,00000000;0,00000000
0,24824799;0,00000000;0,00000000
0,24835199;0,00000000;0,00000000
0,24845599;0,00000000;0,00000000
0,24855999;0,04336860;0,00000000
0,24866399;0,00000000;0,00000000
0,24876799;0,00000000;0,00000000
0,24887199;0,00000000;0,00000000
0,24897599;0,04336860;0,00000000
0,24907999;0,00000000;0,00000000
0,24918399;0,00000000;0,00000000
0,24928799;0,00000000;0,00000000
0,24939199;0,00000000;0,00000000
0,24949599;0,00000000;0,00000000
0,24959999;0,00000000;0,00000000
0,24970399;0,00000000;0,00000000
0,24980799;0,00000000;0,00000000
0,24991199;0,00000000;0,00000000
0,25001599;0,00000000;0,00000000
0,25011999;0,04336860;0,00000000
0,25022399;0,00000000;0,00000000
0,25032799;0,00000000;0,00000000
0,25043199;0,00000000;0,00000000
0,25053599;0,00000000;0,00000000
0,25063999;0,00000000;0,00000000
0,25074399;0,00000000;0,00000000
0,25084799;0,00000000;0,00000000
0,25095199;0,00000000;0,00000000
0,25105599;0,00000000;0,00000000
0,25115999;0,00000000;0,00000000
0,25126399;0,04336860;0,00000000
0,25136799;0,00000000;0,00000000
0,25147199;0,00000000;0,00000000
0,25157599;0,00000000;0,00000000
0,25167999;0,04336860;0,00000000
0,25178399;0,00000000;0,00000000
0,25188799;0,00000000;0,00000000
0,25199199;0,00000000;0,00000000
0,25209599;0,04336860;0,00000000
0,25219999;0,00000000;0,00000000
0,25230399;0,00000000;0,00000000
0,25240799;0,04336860;0,00000000
0,25251199;0,00000000;0,00000000
0,25261599;0,00000000;0,00000000
0,25271999;0,00000000;0,00000000
0,25282399;0,00000000;0,00000000
0,25292799;0,04336860;0,00000000
0,25303199;0,00000000;0,00000000
0,25313599;0,00000000;0,00000000
0,25323999;0,00000000;0,00000000
0,25334399;0,00000000;0,00000000
0,25344799;0,00000000;0,00000000
0,25355199;0,00000000;0,00000000
0,25365599;0,00000000;0,00000000
0,25375999;0,00000000;0,00000000
0,25386399;0,00000000;0,00000000
0,25396799;0,00000000;0,00000000
0,25407199;0,00000000;0,00000000
0,25417599;0,00000000;0,00000000
0,25427999;0,00000000;0,00000000
0,25438399;0,04336860;0,00000000
0,25448799;0,00000000;0,00000000
0,25459199;0,00000000;0,00000000
0,25469599;0,04336860;0,00000000
0,25479999;0,04336860;0,00000000
0,25490399;0,00000000;0,00000000
0,25500799;0,00000000;0,00000000
0,25511199;0,00000000;0,00000000
0,25521599;0,00000000;0,00000000
0,25531999;0,00000000;0,00000000
0,25542399;0,00000000;0,00000000
0,25552799;0,00000000;0,00000000
0,25563199;0,00000000;0,00000000
0,25573599;0,00000000;0,00000000
0,25583999;0,00000000;0,00000000
0,25594399;0,04336860;0,00000000
0,25604799;0,00000000;0,00000000
0,25615199;0,00000000;0,00000000
0,25625599;0,00000000;0,00000000
0,25635999;0,04336860;0,00000000
0,25646399;0,00000000;0,00000000
0,25656799;0,00000000;0,00000000
0,25667199;0,04336860;0,00000000
0,25677599;0,04336860;0,00000000
0,25687999;0,04336860;0,00000000
0,25698399;0,04336860;0,00000000
0,25708799;0,00000000;0,00000000
0,25719199;0,00000000;0,00000000
0,25729599;0,00000000;0,00000000
0,25739999;0,00000000;0,00000000
0,25750399;0,04336860;0,00000000
0,25760799;0,00000000;0,00000000
0,25771199;0,00000000;0,00000000
0,25781599;0,04336860;0,00000000
0,25791999;0,00000000;0,00000000
0,25802399;0,04336860;-0,01734744
0,25812799;0,04336860;0,00000000
0,25823199;0,00000000;0,00000000
0,25833599;0,04336860;0,00000000
0,25843999;0,00000000;0,00000000
0,25854399;0,00000000;0,00000000
0,25864799;0,00000000;0,00000000
0,25875199;0,00000000;0,00000000
0,25885599;0,00000000;0,00000000
0,25895999;0,00000000;0,00000000
0,25906399;0,04336860;0,00000000
0,25916799;0,00000000;0,00000000
0,25927199;0,00000000;0,00000000
0,25937599;0,00000000;0,00000000
0,25947999;0,00000000;0,00000000
0,25958399;0,00000000;0,00000000
0,25968799;0,00000000;-0,01734744
0,25979199;0,00000000;0,00000000
0,25989599;0,00000000;0,00000000
0,25999999;0,04336860;0,00000000
0,26010399;0,00000000;0,00000000
0,26020799;0,04336860;0,00000000
0,26031199;0,00000000;0,00000000
0,26041599;0,00000000;0,00000000
0,26051999;0,00000000;0,00000000
0,26062399;0,00000000;0,00000000
0,26072799;0,00000000;0,00000000
0,26083199;0,00000000;0,00000000
0,26093599;0,00000000;0,00000000
0,26103999;0,00000000;0,00000000
0,26114399;0,00000000;0,00000000
0,26124799;0,04336860;0,00000000
0,26135199;0,00000000;0,00000000
0,26145599;0,04336860;0,00000000
0,26155999;0,04336860;0,00000000
0,26166399;0,00000000;0,00000000
0,26176799;0,00000000;0,00000000
0,26187199;0,04336860;0,00000000
0,26197599;0,00000000;0,00000000
0,26207999;0,00000000;0,00000000
0,26218399;0,00000000;0,00000000
0,26228799;0,00000000;0,00000000
0,26239199;0,04336860;0,00000000
0,26249599;0,00000000;0,00000000
0,26259999;0,00000000;0,00000000
0,26270399;0,04336860;0,00000000
0,26280799;0,00000000;0,00000000
0,26291199;0,04336860;0,00000000
0,26301599;0,04336860;0,00000000
0,26311999;0,04336860;0,00000000
0,26322399;0,00000000;0,00000000
0,26332799;0,00000000;0,00000000
0,26343199;0,04336860;0,00000000
0,26353599;0,00000000;0,00000000
0,26363999;0,04336860;0,00000000
0,26374399;0,04336860;0,00000000
0,26384799;0,00000000;0,00000000
0,26395199;0,00000000;0,00000000
0,26405599;0,00000000;0,00000000
0,26415999;0,00000000;0,00000000
0,26426399;0,00000000;0,00000000
0,26436799;0,00000000;0,00000000
0,26447199;0,00000000;0,00000000
0,26457599;0,00000000;0,00000000
0,26467999;0,00000000;0,00000000
0,26478399;0,00000000;0,00000000
0,26488799;0,00000000;0,00000000
0,26499199;0,00000000;0,00000000
0,26509599;0,04336860;0,00000000
0,26519999;0,00000000;0,00000000
0,26530399;0,00000000;0,00000000
0,26540799;0,00000000;0,00000000
0,26551199;0,00000000;0,00000000
0,26561599;0,00000000;0,00000000
0,26571999;0,00000000;0,00000000
0,26582399;0,00000000;0,00000000
0,26592799;0,00000000;0,00000000
0,26603199;0,00000000;0,00000000
0,26613599;0,00000000;0,00000000
0,26623999;0,00000000;0,00000000
0,26634399;0,00000000;0,00000000
0,26644799;0,00000000;0,00000000
0,26655199;0,04336860;0,00000000
0,26665599;0,00000000;0,00000000
0,26675999;0,00000000;0,00000000
0,26686399;0,04336860;0,00000000
0,26696799;0,00000000;0,00000000
0,26707199;0,00000000;0,00000000
0,26717599;0,04336860;0,00000000
0,26727999;0,00000000;0,00000000
0,26738399;0,00000000;0,00000000
0,26748799;0,00000000;0,00000000
0,26759199;0,00000000;0,00000000
0,26769599;0,00000000;0,00000000
0,26779999;0,04336860;0,00000000
0,26790399;0,00000000;0,00000000
0,26800799;0,00000000;0,00000000
0,26811199;0,00000000;0,00000000
0,26821599;0,00000000;0,00000000
0,26831999;0,00000000;0,00000000
0,26842399;0,00000000;0,00000000
0,26852799;0,00000000;0,00000000
0,26863199;0,00000000;0,00000000
0,26873599;0,00000000;0,00000000
0,26883999;0,04336860;0,00000000
0,26894399;0,00000000;0,00000000
0,26904799;0,00000000;0,00000000
0,26915199;0,00000000;0,00000000
0,26925599;0,00000000;0,00000000
0,26935999;0,00000000;0,00000000
0,26946399;0,00000000;0,00000000
0,26956799;0,00000000;0,00000000
0,26967199;0,00000000;0,00000000
0,26977599;0,04336860;0,00000000
0,26987999;0,04336860;0,00000000
0,26998399;0,00000000;0,00000000
0,27008799;0,00000000;0,00000000
0,27019199;0,00000000;0,00000000
0,27029599;0,00000000;0,00000000
0,27039999;0,00000000;0,00000000
0,27050399;0,04336860;0,00000000
0,27060799;0,04336860;0,00000000
0,27071199;0,00000000;0,00000000
0,27081599;0,00000000;0,00000000
0,27091999;0,04336860;0,00000000
0,27102399;0,04336860;0,00000000
0,27112799;0,04336860;-0,01734744
0,27123199;0,00000000;0,00000000
0,27133599;0,00000000;0,00000000
0,27143999;0,04336860;0,00000000
0,27154399;0,00000000;0,00000000
0,27164799;0,00000000;0,00000000
0,27175199;0,04336860;0,00000000
0,27185599;0,00000000;0,00000000
0,27195999;0,04336860;0,00000000
0,27206399;0,00000000;0,00000000
0,27216799;0,04336860;0,00000000
0,27227199;0,04336860;0,00000000
0,27237599;0,04336860;0,00000000
0,27247999;0,00000000;0,00000000
0,27258399;0,00000000;0,00000000
0,27268799;0,00000000;0,00000000
0,27279199;0,00000000;0,00000000
0,27289599;0,00000000;0,00000000
0,27299999;0,04336860;0,00000000
0,27310399;0,00000000;0,00000000
0,27320799;0,00000000;0,00000000
0,27331199;0,00000000;0,00000000
0,27341599;0,04336860;0,00000000
0,27351999;0,00000000;0,00000000
0,27362399;0,00000000;0,00000000
0,27372799;0,00000000;0,00000000
0,27383199;0,04336860;0,00000000
0,27393599;0,00000000;0,00000000
0,27403999;0,04336860;0,00000000
0,27414399;0,00000000;0,00000000
0,27424799;0,00000000;0,00000000
0,27435199;0,04336860;0,00000000
0,27445599;0,04336860;0,00000000
0,27455999;0,04336860;0,00000000
0,27466399;0,04336860;0,00000000
0,27476799;0,00000000;0,00000000
0,27487199;0,00000000;0,00000000
0,27497599;0,04336860;0,00000000
0,27507999;0,00000000;0,00000000
0,27518399;0,00000000;0,00000000
0,27528799;0,00000000;0,00000000
0,27539199;0,00000000;0,00000000
0,27549599;0,00000000;0,00000000
0,27559999;0,00000000;0,00000000
0,27570399;0,00000000;0,00000000
0,27580799;0,04336860;0,00000000
0,27591199;0,00000000;0,00000000
0,27601599;0,00000000;0,00000000
0,27611999;0,00000000;0,00000000
0,27622399;0,00000000;0,00000000
0,27632799;0,00000000;0,00000000
0,27643199;0,00000000;0,00000000
0,27653599;0,04336860;0,00000000
0,27663999;0,00000000;0,00000000
0,27674399;0,00000000;0,00000000
0,27684799;0,00000000;0,00000000
0,27695199;0,00000000;0,00000000
0,27705599;0,00000000;0,00000000
0,27715999;0,00000000;0,00000000
0,27726399;0,00000000;0,00000000
0,27736799;0,00000000;0,00000000
0,27747199;0,04336860;0,00000000
0,27757599;0,04336860;-0,01734744
0,27767999;0,00000000;0,00000000
0,27778399;0,00000000;0,00000000
0,27788799;0,00000000;0,00000000
0,27799199;0,00000000;0,00000000
0,27809599;0,00000000;0,00000000
0,27819999;0,00000000;0,00000000
0,27830398;0,00000000;0,00000000
0,27840798;0,00000000;0,00000000
0,27851198;0,00000000;0,00000000
0,27861598;0,00000000;0,00000000
0,27871998;0,04336860;0,00000000
0,27882398;0,00000000;0,00000000
0,27892798;0,00000000;0,00000000
0,27903198;0,00000000;0,00000000
0,27913598;0,04336860;0,00000000
0,27923998;0,00000000;0,00000000
0,27934398;0,00000000;0,00000000
0,27944798;0,00000000;0,00000000
0,27955198;0,00000000;0,00000000
0,27965598;0,00000000;0,00000000
0,27975998;0,00000000;0,00000000
0,27986398;0,04336860;0,00000000
0,27996798;0,00000000;0,00000000
0,28007198;0,00000000;0,00000000
0,28017598;0,04336860;0,00000000
0,28027998;0,00000000;0,00000000
0,28038398;0,00000000;0,00000000
0,28048798;0,04336860;0,00000000
0,28059198;0,00000000;0,00000000
0,28069598;0,00000000;0,00000000
0,28079998;0,00000000;-0,01734744
0,28090398;0,00000000;0,00000000
0,28100798;0,04336860;0,00000000
0,28111198;0,00000000;0,00000000
0,28121598;0,00000000;0,00000000
0,28131998;0,00000000;0,00000000
0,28142398;0,00000000;0,00000000
0,28152798;0,04336860;0,00000000
0,28163198;0,00000000;0,00000000
0,28173598;0,04336860;0,00000000
0,28183998;0,00000000;0,00000000
0,28194398;0,04336860;0,00000000
0,28204798;0,00000000;0,00000000
0,28215198;0,00000000;-0,01734744
0,28225598;0,00000000;0,00000000
0,28235998;0,04336860;0,00000000
0,28246398;0,00000000;0,00000000
0,28256798;0,00000000;0,00000000
0,28267198;0,00000000;0,00000000
0,28277598;0,00000000;0,00000000
0,28287998;0,00000000;0,00000000
0,28298398;0,00000000;0,00000000
0,28308798;0,00000000;0,00000000
0,28319198;0,00000000;0,00000000
0,28329598;0,04336860;0,00000000
0,28339998;0,00000000;0,00000000
0,28350398;0,00000000;0,00000000
0,28360798;0,00000000;0,00000000
0,28371198;0,00000000;0,00000000
0,28381598;0,00000000;0,00000000
0,28391998;0,00000000;0,00000000
0,28402398;0,00000000;0,00000000
0,28412798;0,00000000;0,00000000
0,28423198;0,00000000;0,00000000
0,28433598;0,00000000;0,00000000
0,28443998;0,04336860;0,00000000
0,28454398;0,04336860;0,00000000
0,28464798;0,00000000;0,00000000
0,28475198;0,04336860;-0,01734744
0,28485598;0,04336860;0,00000000
0,28495998;0,00000000;0,00000000
0,28506398;0,00000000;0,00000000
0,28516798;0,04336860;0,00000000
0,28527198;0,00000000;0,00000000
0,28537598;0,04336860;0,00000000
0,28547998;0,00000000;0,00000000
0,28558398;0,00000000;0,00000000
0,28568798;0,04336860;0,00000000
0,28579198;0,00000000;0,00000000
0,28589598;0,04336860;0,00000000
0,28599998;0,00000000;0,00000000
0,28610398;0,04336860;0,00000000
0,28620798;0,00000000;0,00000000
0,28631198;0,00000000;0,00000000
0,28641598;0,00000000;0,00000000
0,28651998;0,00000000;0,00000000
0,28662398;0,04336860;0,00000000
0,28672798;0,00000000;0,00000000
0,28683198;0,00000000;0,00000000
0,28693598;0,04336860;0,00000000
0,28703998;0,00000000;0,00000000
0,28714398;0,00000000;0,00000000
0,28724798;0,04336860;0,00000000
0,28735198;0,00000000;0,00000000
0,28745598;0,00000000;0,00000000
0,28755998;0,00000000;0,00000000
0,28766398;0,00000000;0,00000000
0,28776798;0,00000000;0,00000000
0,28787198;0,00000000;0,00000000
0,28797598;0,00000000;0,00000000
0,28807998;0,00000000;0,00000000
0,28818398;0,00000000;0,00000000
0,28828798;0,00000000;0,00000000
0,28839198;0,00000000;0,00000000
0,28849598;0,00000000;0,00000000
0,28859998;0,00000000;0,00000000
0,28870398;0,00000000;0,00000000
0,28880798;0,04336860;0,00000000
0,28891198;0,00000000;0,00000000
0,28901598;0,00000000;0,00000000
0,28911998;0,00000000;0,00000000
0,28922398;0,00000000;0,00000000
0,28932798;0,00000000;0,00000000
0,28943198;0,04336860;0,00000000
0,28953598;0,00000000;0,00000000
0,28963998;0,00000000;0,00000000
0,28974398;0,04336860;0,00000000
0,28984798;0,00000000;0,00000000
0,28995198;0,00000000;0,00000000
0,29005598;0,00000000;0,00000000
0,29015998;0,04336860;0,00000000
0,29026398;0,04336860;0,00000000
0,29036798;0,04336860;0,00000000
0,29047198;0,00000000;0,00000000
0,29057598;0,04336860;0,00000000
0,29067998;0,00000000;0,00000000
0,29078398;0,04336860;0,00000000
0,29088798;0,00000000;0,00000000
0,29099198;0,00000000;0,00000000
0,29109598;0,04336860;0,00000000
0,29119998;0,00000000;0,00000000
0,29130398;0,00000000;0,00000000
0,29140798;0,04336860;0,00000000
0,29151198;0,00000000;0,00000000
0,29161598;0,04336860;0,00000000
0,29171998;0,00000000;0,00000000
0,29182398;0,00000000;0,00000000
0,29192798;0,00000000;0,00000000
0,29203198;0,00000000;0,00000000
0,29213598;0,00000000;0,00000000
0,29223998;0,00000000;0,00000000
0,29234398;0,04336860;0,00000000
0,29244798;0,00000000;0,00000000
0,29255198;0,00000000;0,00000000
0,29265598;0,00000000;0,00000000
0,29275998;0,00000000;0,00000000
0,29286398;0,04336860;0,00000000
0,29296798;0,00000000;0,00000000
0,29307198;0,00000000;0,00000000
0,29317598;0,00000000;0,00000000
0,29327998;0,00000000;0,00000000
0,29338398;0,00000000;0,00000000
0,29348798;0,00000000;0,00000000
0,29359198;0,00000000;0,00000000
0,29369598;0,00000000;0,00000000
0,29379998;0,04336860;0,00000000
0,29390398;0,04336860;0,00000000
0,29400798;0,00000000;0,00000000
0,29411198;0,00000000;0,00000000
0,29421598;0,04336860;0,00000000
0,29431998;0,00000000;0,00000000
0,29442398;0,00000000;0,00000000
0,29452798;0,00000000;0,00000000
0,29463198;0,00000000;0,00000000
0,29473598;0,00000000;0,00000000
0,29483998;0,00000000;0,00000000
0,29494398;0,04336860;0,00000000
0,29504798;0,04336860;0,00000000
0,29515198;0,04336860;0,00000000
0,29525598;0,00000000;0,00000000
0,29535998;0,04336860;0,00000000
0,29546398;0,00000000;0,00000000
0,29556798;0,00000000;0,00000000
0,29567198;0,04336860;0,00000000
0,29577598;0,00000000;0,00000000
0,29587998;0,00000000;0,00000000
0,29598398;0,00000000;0,00000000
0,29608798;0,00000000;0,00000000
0,29619198;0,00000000;0,00000000
0,29629598;0,00000000;0,00000000
0,29639998;0,00000000;0,00000000
0,29650398;0,00000000;0,00000000
0,29660798;0,04336860;0,00000000
0,29671198;0,00000000;0,00000000
0,29681598;0,04336860;0,00000000
0,29691998;0,00000000;0,00000000
0,29702398;0,00000000;0,00000000
0,29712798;0,00000000;0,00000000
0,29723198;0,00000000;0,00000000
0,29733598;0,00000000;0,00000000
0,29743998;0,00000000;0,00000000
0,29754398;0,00000000;-0,01734744
0,29764798;0,00000000;0,00000000
0,29775198;0,00000000;0,00000000
0,29785598;0,00000000;0,00000000
0,29795998;0,00000000;0,00000000
0,29806398;0,04336860;0,00000000
0,29816798;0,00000000;0,00000000
0,29827198;0,00000000;0,00000000
0,29837598;0,00000000;0,00000000
0,29847998;0,00000000;0,00000000
0,29858398;0,00000000;0,00000000
0,29868798;0,04336860;0,00000000
0,29879198;0,00000000;0,00000000
0,29889598;0,04336860;0,00000000
0,29899998;0,00000000;0,00000000
0,29910398;0,04336860;0,00000000
0,29920798;0,00000000;0,00000000
0,29931198;0,04336860;0,00000000
0,29941598;0,00000000;0,00000000
0,29951998;0,04336860;0,00000000
0,29962398;0,04336860;0,00000000
0,29972798;0,04336860;0,00000000
0,29983198;0,00000000;0,00000000
0,29993598;0,00000000;0,00000000
0,30003998;0,00000000;0,00000000
0,30014398;0,00000000;0,00000000
0,30024798;0,00000000;0,00000000
0,30035198;0,00000000;0,00000000
0,30045598;0,04336860;0,00000000
0,30055998;0,00000000;0,00000000
0,30066398;0,04336860;0,00000000
0,30076798;0,04336860;0,00000000
0,30087198;0,00000000;0,00000000
0,30097598;0,04336860;0,00000000
0,30107998;0,00000000;0,00000000
0,30118398;0,00000000;0,00000000
0,30128798;0,00000000;0,00000000
0,30139198;0,00000000;0,00000000
0,30149598;0,00000000;0,00000000
0,30159998;0,04336860;0,00000000
0,30170398;0,00000000;0,00000000
0,30180798;0,00000000;0,00000000
0,30191198;0,04336860;0,00000000
0,30201598;0,00000000;0,00000000
0,30211998;0,04336860;0,00000000
0,30222398;0,00000000;0,00000000
0,30232798;0,00000000;0,00000000
0,30243198;0,00000000;0,00000000
0,30253598;0,04336860;0,00000000
0,30263998;0,04336860;0,00000000
0,30274398;0,00000000;0,00000000
0,30284798;0,00000000;0,00000000
0,30295198;0,00000000;0,00000000
0,30305598;0,00000000;0,00000000
0,30315998;0,00000000;0,00000000
0,30326398;0,04336860;0,00000000
0,30336798;0,04336860;0,00000000
0,30347198;0,00000000;0,00000000
0,30357598;0,00000000;0,00000000
0,30367998;0,04336860;-0,01734744
0,30378398;0,00000000;0,00000000
0,30388798;0,00000000;0,00000000
0,30399198;0,04336860;0,00000000
0,30409598;0,00000000;0,00000000
0,30419998;0,00000000;0,00000000
0,30430398;0,04336860;0,00000000
0,30440798;0,00000000;0,00000000
0,30451198;0,04336860;0,00000000
0,30461598;0,00000000;0,00000000
0,30471998;0,00000000;0,00000000
0,30482398;0,00000000;0,00000000
0,30492798;0,00000000;0,00000000
0,30503198;0,00000000;0,00000000
0,30513598;0,04336860;0,00000000
0,30523998;0,04336860;0,00000000
0,30534398;0,04336860;0,00000000
0,30544798;0,00000000;0,00000000
0,30555198;0,00000000;0,00000000
0,30565598;0,04336860;0,00000000
0,30575998;0,00000000;0,00000000
0,30586398;0,00000000;0,00000000
0,30596798;0,00000000;0,00000000
0,30607198;0,04336860;0,00000000
0,30617598;0,04336860;0,00000000
0,30627998;0,04336860;0,00000000
0,30638398;0,00000000;0,00000000
0,30648798;0,00000000;0,00000000
0,30659198;0,00000000;0,00000000
0,30669598;0,00000000;0,00000000
0,30679998;0,00000000;0,00000000
0,30690398;0,00000000;0,00000000
0,30700798;0,04336860;-0,01734744
0,30711198;0,04336860;0,00000000
0,30721598;0,00000000;0,00000000
0,30731998;0,00000000;0,00000000
0,30742398;0,00000000;0,00000000
0,30752798;0,00000000;0,00000000
0,30763198;0,00000000;0,00000000
0,30773598;0,00000000;0,00000000
0,30783998;0,04336860;0,00000000
0,30794398;0,00000000;0,00000000
0,30804798;0,04336860;0,00000000
0,30815198;0,00000000;0,00000000
0,30825598;0,00000000;0,00000000
0,30835998;0,00000000;0,00000000
0,30846398;0,00000000;0,00000000
0,30856798;0,00000000;0,00000000
0,30867198;0,00000000;0,00000000
0,30877598;0,00000000;-0,01734744
0,30887998;0,00000000;0,00000000
0,30898398;0,04336860;0,00000000
0,30908798;0,00000000;0,00000000
0,30919198;0,04336860;0,00000000
0,30929598;0,00000000;0,00000000
0,30939998;0,00000000;0,00000000
0,30950398;0,00000000;0,00000000
0,30960798;0,00000000;0,00000000
0,30971198;0,04336860;0,00000000
0,30981598;0,04336860;0,00000000
0,30991998;0,00000000;0,00000000
0,31002398;0,04336860;0,00000000
0,31012798;0,00000000;0,00000000
0,31023198;0,00000000;0,00000000
0,31033598;0,00000000;0,00000000
0,31043998;0,00000000;0,00000000
0,31054398;0,00000000;0,00000000
0,31064798;0,04336860;0,00000000
0,31075198;0,00000000;0,00000000
0,31085598;0,00000000;0,00000000
0,31095998;0,00000000;0,00000000
0,31106398;0,00000000;0,00000000
0,31116798;0,00000000;0,00000000
0,31127198;0,00000000;0,00000000
0,31137598;0,00000000;0,00000000
0,31147998;0,00000000;0,00000000
0,31158398;0,00000000;0,00000000
0,31168798;0,00000000;0,00000000
0,31179198;0,00000000;0,00000000
0,31189598;0,00000000;0,00000000
0,31199998;0,00000000;0,00000000
0,31210398;0,04336860;0,00000000
0,31220798;0,00000000;0,00000000
0,31231198;0,00000000;0,00000000
0,31241598;0,00000000;0,00000000
0,31251998;0,00000000;0,00000000
0,31262398;0,00000000;0,00000000
0,31272798;0,00000000;0,00000000
0,31283198;0,00000000;0,00000000
0,31293598;0,00000000;0,00000000
0,31303998;0,04336860;0,00000000
0,31314398;0,00000000;0,00000000
0,31324798;0,00000000;0,00000000
0,31335198;0,00000000;0,00000000
0,31345598;0,00000000;0,00000000
0,31355998;0,04336860;0,00000000
0,31366398;0,00000000;0,00000000
0,31376798;0,00000000;0,00000000
0,31387198;0,00000000;0,00000000
0,31397598;0,00000000;0,00000000
0,31407998;0,00000000;0,00000000
0,31418398;0,00000000;0,00000000
0,31428798;0,00000000;0,00000000
0,31439198;0,00000000;0,00000000
0,31449598;0,00000000;0,00000000
0,31459998;0,00000000;0,00000000
0,31470398;0,00000000;0,00000000
0,31480798;0,00000000;0,00000000
0,31491198;0,00000000;0,00000000
0,31501598;0,00000000;0,00000000
0,31511998;0,00000000;0,00000000
0,31522398;0,00000000;0,00000000
0,31532798;0,00000000;0,00000000
0,31543198;0,04336860;0,00000000
0,31553598;0,00000000;0,00000000
0,31563998;0,04336860;0,00000000
0,31574398;0,04336860;0,00000000
0,31584798;0,04336860;0,00000000
0,31595198;0,00000000;0,00000000
0,31605598;0,00000000;0,00000000
0,31615998;0,00000000;0,00000000
0,31626398;0,00000000;0,00000000
0,31636798;0,00000000;0,00000000
0,31647198;0,00000000;0,00000000
0,31657598;0,00000000;0,00000000
0,31667998;0,00000000;0,00000000
0,31678398;0,00000000;0,00000000
0,31688798;0,00000000;0,00000000
0,31699198;0,04336860;0,00000000
0,31709598;0,00000000;0,00000000
0,31719998;0,00000000;0,00000000
0,31730398;0,00000000;0,00000000
0,31740798;0,00000000;0,00000000
0,31751198;0,00000000;0,00000000
0,31761598;0,04336860;0,00000000
0,31771998;0,00000000;0,00000000
0,31782398;0,00000000;0,00000000
0,31792798;0,00000000;0,00000000
0,31803198;0,00000000;0,00000000
0,31813598;0,00000000;0,00000000
0,31823998;0,00000000;0,00000000
0,31834398;0,00000000;0,00000000
0,31844798;0,04336860;0,00000000
0,31855198;0,00000000;0,00000000
0,31865598;0,00000000;0,00000000
0,31875998;0,00000000;0,00000000
0,31886398;0,04336860;0,00000000
0,31896798;0,00000000;0,00000000
0,31907198;0,00000000;0,00000000
0,31917598;0,04336860;0,00000000
0,31927998;0,00000000;0,00000000
0,31938398;0,00000000;0,00000000
0,31948798;0,00000000;0,00000000
0,31959198;0,00000000;0,00000000
0,31969598;0,00000000;0,00000000
0,31979998;0,00000000;0,00000000
0,31990398;0,04336860;0,00000000
0,32000798;0,00000000;0,00000000
0,32011198;0,00000000;0,00000000
0,32021598;0,00000000;0,00000000
0,32031998;0,00000000;0,00000000
0,32042398;0,00000000;0,00000000
0,32052798;0,00000000;0,00000000
0,32063198;0,04336860;0,00000000
0,32073598;0,00000000;0,00000000
0,32083998;0,00000000;0,00000000
0,32094398;0,00000000;0,00000000
0,32104798;0,00000000;0,00000000
0,32115198;0,00000000;0,00000000
0,32125598;0,04336860;0,00000000
0,32135998;0,00000000;0,00000000
0,32146398;0,00000000;0,00000000
0,32156798;0,00000000;0,00000000
0,32167198;0,00000000;0,00000000
0,32177598;0,00000000;0,00000000
0,32187998;0,00000000;0,00000000
0,32198398;0,00000000;0,00000000
0,32208798;0,04336860;0,00000000
0,32219198;0,00000000;0,00000000
0,32229598;0,00000000;0,00000000
0,32239998;0,00000000;0,00000000
0,32250398;0,00000000;0,00000000
0,32260798;0,00000000;0,00000000
0,32271198;0,04336860;0,00000000
0,32281598;0,00000000;0,00000000
0,32291998;0,00000000;0,00000000
0,32302398;0,00000000;0,00000000
0,32312798;0,00000000;0,00000000
0,32323198;0,00000000;0,00000000
0,32333598;0,00000000;0,00000000
0,32343998;0,00000000;0,00000000
0,32354398;0,00000000;0,00000000
0,32364798;0,00000000;0,00000000
0,32375198;0,00000000;0,00000000
0,32385598;0,00000000;0,00000000
0,32395998;0,00000000;0,00000000
0,32406398;0,00000000;0,00000000
0,32416798;0,00000000;0,00000000
0,32427198;0,00000000;0,00000000
0,32437598;0,00000000;0,00000000
0,32447998;0,04336860;0,00000000
0,32458398;0,00000000;0,00000000
0,32468798;0,00000000;0,00000000
0,32479198;0,00000000;0,00000000
0,32489598;0,00000000;0,00000000
0,32499998;0,00000000;0,00000000
0,32510398;0,00000000;0,00000000
0,32520798;0,00000000;0,00000000
0,32531198;0,04336860;0,00000000
0,32541598;0,00000000;0,00000000
0,32551998;0,04336860;0,00000000
0,32562398;0,00000000;0,00000000
0,32572798;0,04336860;0,00000000
0,32583198;0,00000000;0,00000000
0,32593598;0,00000000;0,00000000
0,32603998;0,00000000;0,00000000
0,32614398;0,00000000;0,00000000
0,32624798;0,00000000;0,00000000
0,32635198;0,00000000;0,00000000
0,32645598;0,00000000;0,00000000
0,32655998;0,04336860;0,00000000
0,32666398;0,00000000;0,00000000
0,32676798;0,04336860;0,00000000
0,32687198;0,00000000;-0,01734744
0,32697598;0,00000000;0,00000000
0,32707998;0,00000000;0,00000000
0,32718398;0,00000000;0,00000000
0,32728798;0,00000000;0,00000000
0,32739198;0,04336860;0,00000000
0,32749598;0,00000000;0,00000000
0,32759998;0,04336860;0,00000000
0,32770398;0,00000000;0,00000000
0,32780798;0,04336860;0,00000000
0,32791198;0,00000000;0,00000000
0,32801598;0,00000000;0,00000000
0,32811998;0,00000000;0,00000000
0,32822398;0,00000000;0,00000000
0,32832798;0,00000000;0,00000000
0,32843198;0,00000000;0,00000000
0,32853598;0,00000000;0,00000000
0,32863998;0,00000000;0,00000000
0,32874398;0,00000000;0,00000000
0,32884798;0,00000000;0,00000000
0,32895198;0,04336860;0,00000000
0,32905598;0,00000000;0,00000000
0,32915998;0,04336860;0,00000000
0,32926398;0,00000000;0,00000000
0,32936798;0,00000000;0,00000000
0,32947198;0,00000000;0,00000000
0,32957598;0,00000000;0,00000000
0,32967998;0,04336860;0,00000000
0,32978398;0,00000000;0,00000000
0,32988798;0,04336860;0,00000000
0,32999198;0,00000000;0,00000000
0,33009598;0,00000000;0,00000000
0,33019998;0,00000000;0,00000000
0,33030398;0,00000000;0,00000000
0,33040798;0,04336860;0,00000000
0,33051198;0,00000000;0,00000000
0,33061598;0,00000000;0,00000000
0,33071998;0,04336860;0,00000000
0,33082398;0,00000000;0,00000000
0,33092798;0,00000000;0,00000000
0,33103198;0,04336860;0,00000000
0,33113598;0,00000000;0,00000000
0,33123998;0,04336860;0,00000000
0,33134398;0,00000000;0,00000000
0,33144798;0,04336860;-0,01734744
0,33155198;0,04336860;0,00000000
0,33165598;0,00000000;0,00000000
0,33175998;0,00000000;0,00000000
0,33186398;0,04336860;0,00000000
0,33196798;0,00000000;0,00000000
0,33207198;0,00000000;0,00000000
0,33217598;0,00000000;0,00000000
0,33227998;0,04336860;0,00000000
0,33238398;0,00000000;0,00000000
0,33248798;0,00000000;0,00000000
0,33259198;0,00000000;0,00000000
0,33269598;0,00000000;0,00000000
0,33279998;0,00000000;0,00000000
0,33290398;0,00000000;0,00000000
0,33300798;0,00000000;0,00000000
0,33311198;0,00000000;0,00000000
0,33321598;0,04336860;0,00000000
0,33331998;0,00000000;0,00000000
0,33342398;0,04336860;0,00000000
0,33352798;0,04336860;0,00000000
0,33363198;0,00000000;0,00000000
0,33373598;0,00000000;0,00000000
0,33383998;0,04336860;0,00000000
0,33394398;0,00000000;0,00000000
0,33404798;0,04336860;0,00000000
0,33415198;0,04336860;0,00000000
0,33425598;0,00000000;0,00000000
0,33435998;0,00000000;0,00000000
0,33446398;0,04336860;0,00000000
0,33456798;0,00000000;0,00000000
0,33467198;0,04336860;0,00000000
0,33477598;0,04336860;0,00000000
0,33487998;0,00000000;0,00000000
0,33498398;0,04336860;0,00000000
0,33508798;0,00000000;0,00000000
0,33519198;0,00000000;0,00000000
0,33529598;0,00000000;0,00000000
0,33539998;0,00000000;0,00000000
0,33550398;0,00000000;0,00000000
0,33560798;0,00000000;0,00000000
0,33571198;0,00000000;0,00000000
0,33581598;0,00000000;0,00000000
0,33591998;0,00000000;0,00000000
0,33602398;0,00000000;0,00000000
0,33612798;0,00000000;0,00000000
0,33623198;0,00000000;0,00000000
0,33633598;0,00000000;0,00000000
0,33643998;0,04336860;0,00000000
0,33654398;0,04336860;0,00000000
0,33664798;0,04336860;0,00000000
0,33675198;0,00000000;0,00000000
0,33685598;0,00000000;0,00000000
0,33695998;0,00000000;0,00000000
0,33706398;0,00000000;0,00000000
0,33716798;0,00000000;0,00000000
0,33727198;0,00000000;0,00000000
0,33737598;0,00000000;0,00000000
0,33747998;0,04336860;0,00000000
0,33758398;0,00000000;0,00000000
0,33768798;0,04336860;0,00000000
0,33779198;0,04336860;0,00000000
0,33789598;0,00000000;0,00000000
0,33799998;0,00000000;0,00000000
0,33810398;0,00000000;0,00000000
0,33820798;0,00000000;0,00000000
0,33831198;0,00000000;0,00000000
0,33841598;0,00000000;0,00000000
0,33851998;0,00000000;0,00000000
0,33862398;0,00000000;0,00000000
0,33872798;0,00000000;0,00000000
0,33883198;0,00000000;0,00000000
0,33893598;0,00000000;0,00000000
0,33903998;0,04336860;0,00000000
0,33914398;0,04336860;0,00000000
0,33924798;0,00000000;0,00000000
0,33935198;0,00000000;0,00000000
0,33945598;0,00000000;0,00000000
0,33955998;0,00000000;0,00000000
0,33966398;0,00000000;0,00000000
0,33976798;0,00000000;0,00000000
0,33987198;0,00000000;0,00000000
0,33997598;0,00000000;0,00000000
0,34007998;0,04336860;0,00000000
0,34018398;0,00000000;0,00000000
0,34028798;0,00000000;0,00000000
0,34039198;0,04336860;0,00000000
0,34049598;0,00000000;0,00000000
0,34059998;0,00000000;-0,01734744
0,34070398;0,00000000;0,00000000
0,34080798;0,00000000;0,00000000
0,34091198;0,00000000;0,00000000
0,34101598;0,00000000;0,00000000
0,34111998;0,00000000;0,00000000
0,34122398;0,04336860;0,00000000
0,34132798;0,00000000;0,00000000
0,34143198;0,00000000;0,00000000
0,34153598;0,00000000;0,00000000
0,34163998;0,04336860;0,00000000
0,34174398;0,00000000;0,00000000
0,34184798;0,04336860;0,00000000
0,34195198;0,00000000;0,00000000
0,34205598;0,00000000;0,00000000
0,34215998;0,00000000;0,00000000
0,34226398;0,00000000;0,00000000
0,34236798;0,00000000;0,00000000
0,34247198;0,00000000;0,00000000
0,34257598;0,00000000;0,00000000
0,34267998;0,00000000;0,00000000
0,34278398;0,00000000;0,00000000
0,34288798;0,00000000;0,00000000
0,34299198;0,00000000;0,00000000
0,34309598;0,00000000;0,00000000
0,34319998;0,04336860;0,00000000
0,34330398;0,00000000;0,00000000
0,34340798;0,00000000;0,00000000
0,34351198;0,00000000;0,00000000
0,34361598;0,00000000;0,00000000
0,34371998;0,00000000;-0,01734744
0,34382398;0,00000000;0,00000000
0,34392798;0,00000000;0,00000000
0,34403198;0,04336860;0,00000000
0,34413598;0,00000000;0,00000000
0,34423998;0,00000000;0,00000000
0,34434398;0,00000000;0,00000000
0,34444798;0,00000000;0,00000000
0,34455198;0,00000000;0,00000000
0,34465598;0,04336860;0,00000000
0,34475998;0,00000000;0,00000000
0,34486398;0,04336860;0,00000000
0,34496798;0,00000000;0,00000000
0,34507198;0,04336860;0,00000000
0,34517598;0,00000000;-0,01734744
0,34527998;0,04336860;0,00000000
0,34538398;0,00000000;0,00000000
0,34548798;0,04336860;0,00000000
0,34559198;0,04336860;0,00000000
0,34569598;0,04336860;0,00000000
0,34579998;0,04336860;0,00000000
0,34590398;0,00000000;0,00000000
0,34600798;0,04336860;0,00000000
0,34611198;0,00000000;0,00000000
0,34621598;0,00000000;0,00000000
0,34631998;0,04336860;-0,01734744
0,34642398;0,00000000;0,00000000
0,34652798;0,00000000;0,00000000
0,34663198;0,00000000;0,00000000
0,34673598;0,00000000;0,00000000
0,34683998;0,00000000;0,00000000
0,34694398;0,04336860;0,00000000
0,34704798;0,00000000;0,00000000
0,34715198;0,00000000;0,00000000
0,34725598;0,00000000;0,00000000
0,34735998;0,00000000;-0,01734744
0,34746398;0,04336860;0,00000000
0,34756798;0,00000000;0,00000000
0,34767198;0,04336860;0,00000000
0,34777598;0,00000000;0,00000000
0,34787998;0,00000000;0,00000000
0,34798398;0,04336860;-0,01734744
0,34808798;0,00000000;0,00000000
0,34819198;0,00000000;0,00000000
0,34829598;0,00000000;0,00000000
0,34839998;0,04336860;0,00000000
0,34850398;0,04336860;0,00000000
0,34860798;0,04336860;0,00000000
0,34871198;0,00000000;0,00000000
0,34881598;0,04336860;0,00000000
0,34891998;0,00000000;0,00000000
0,34902398;0,00000000;0,00000000
0,34912798;0,00000000;0,00000000
0,34923198;0,00000000;0,00000000
0,34933598;0,00000000;0,00000000
0,34943998;0,04336860;0,00000000
0,34954398;0,00000000;0,00000000
0,34964798;0,00000000;0,00000000
0,34975198;0,00000000;0,00000000
0,34985598;0,00000000;0,00000000
0,34995998;0,00000000;0,00000000
0,35006398;0,04336860;0,00000000
0,35016798;0,00000000;0,00000000
0,35027198;0,00000000;0,00000000
0,35037598;0,00000000;0,00000000
0,35047998;0,00000000;0,00000000
0,35058398;0,00000000;0,00000000
0,35068798;0,04336860;0,00000000
0,35079198;0,00000000;0,00000000
0,35089598;0,00000000;0,00000000
0,35099998;0,04336860;-0,01734744
0,35110398;0,04336860;0,00000000
0,35120798;0,00000000;0,00000000
0,35131198;0,04336860;0,00000000
0,35141598;0,04336860;0,00000000
0,35151998;0,04336860;0,00000000
0,35162398;0,00000000;0,00000000
0,35172798;0,00000000;0,00000000
0,35183198;0,00000000;0,00000000
0,35193598;0,00000000;0,00000000
0,35203998;0,00000000;0,00000000
0,35214398;0,00000000;0,00000000
0,35224798;0,00000000;0,00000000
0,35235198;0,00000000;0,00000000
0,35245598;0,00000000;0,00000000
0,35255998;0,04336860;0,00000000
0,35266398;0,04336860;0,00000000
0,35276798;0,04336860;0,00000000
0,35287198;0,00000000;0,00000000
0,35297598;0,04336860;0,00000000
0,35307998;0,00000000;0,00000000
0,35318398;0,00000000;0,00000000
0,35328798;0,00000000;0,00000000
0,35339198;0,04336860;0,00000000
0,35349598;0,00000000;0,00000000
0,35359998;0,00000000;0,00000000
0,35370398;0,04336860;0,00000000
0,35380798;0,04336860;0,00000000
0,35391198;0,00000000;0,00000000
0,35401598;0,04336860;0,00000000
0,35411998;0,00000000;0,00000000
0,35422398;0,04336860;0,00000000
0,35432798;0,00000000;-0,01734744
0,35443198;0,00000000;0,00000000
0,35453598;0,00000000;0,00000000
0,35463998;0,04336860;0,00000000
0,35474398;0,00000000;0,00000000
0,35484798;0,04336860;0,00000000
0,35495198;0,04336860;0,00000000
0,35505598;0,00000000;0,00000000
0,35515998;0,00000000;0,00000000
0,35526398;0,00000000;0,00000000
0,35536798;0,00000000;0,00000000
0,35547198;0,04336860;0,00000000
0,35557598;0,00000000;0,00000000
0,35567998;0,04336860;0,00000000
0,35578398;0,00000000;0,00000000
0,35588798;0,00000000;0,00000000
0,35599198;0,00000000;-0,01734744
0,35609598;0,00000000;0,00000000
0,35619998;0,04336860;0,00000000
0,35630398;0,00000000;0,00000000
0,35640798;0,00000000;0,00000000
0,35651198;0,00000000;0,00000000
0,35661598;0,00000000;0,00000000
0,35671998;0,00000000;0,00000000
0,35682398;0,00000000;0,00000000
0,35692798;0,00000000;0,00000000
0,35703198;0,00000000;0,00000000
0,35713598;0,04336860;0,00000000
0,35723998;0,00000000;0,00000000
0,35734398;0,04336860;0,00000000
0,35744798;0,00000000;0,00000000
0,35755198;0,00000000;-0,01734744
0,35765598;0,00000000;0,00000000
0,35775998;0,00000000;0,00000000
0,35786398;0,00000000;0,00000000
0,35796798;0,00000000;0,00000000
0,35807198;0,04336860;-0,01734744
0,35817598;0,00000000;0,00000000
0,35827998;0,00000000;0,00000000
0,35838398;0,00000000;0,00000000
0,35848798;0,00000000;0,00000000
0,35859198;0,00000000;0,00000000
0,35869598;0,04336860;0,00000000
0,35879998;0,04336860;0,00000000
0,35890398;0,00000000;0,00000000
0,35900798;0,00000000;0,00000000
0,35911198;0,04336860;0,00000000
0,35921598;0,04336860;0,00000000
0,35931998;0,00000000;0,00000000
0,35942398;0,00000000;0,00000000
0,35952798;0,04336860;0,00000000
0,35963198;0,00000000;0,00000000
0,35973598;0,04336860;0,00000000
0,35983998;0,04336860;0,00000000
0,35994398;0,00000000;0,00000000
0,36004798;0,00000000;0,00000000
0,36015198;0,00000000;0,00000000
0,36025598;0,04336860;0,00000000
0,36035998;0,04336860;0,00000000
0,36046398;0,04336860;0,00000000
0,36056798;0,00000000;0,00000000
0,36067198;0,00000000;0,00000000
0,36077598;0,00000000;0,00000000
0,36087998;0,00000000;0,00000000
0,36098398;0,00000000;0,00000000
0,36108798;0,00000000;0,00000000
0,36119198;0,04336860;0,00000000
0,36129598;0,00000000;0,00000000
0,36139998;0,04336860;0,00000000
0,36150398;0,00000000;0,00000000
0,36160798;0,00000000;0,00000000
0,36171198;0,00000000;0,00000000
0,36181598;0,00000000;0,00000000
0,36191998;0,00000000;0,00000000
0,36202398;0,04336860;0,00000000
0,36212798;0,00000000;0,00000000
0,36223198;0,00000000;0,00000000
0,36233598;0,00000000;0,00000000
0,36243998;0,00000000;0,00000000
0,36254398;0,00000000;0,00000000
0,36264798;0,04336860;0,00000000
0,36275198;0,00000000;0,00000000
0,36285598;0,04336860;0,00000000
0,36295998;0,04336860;0,00000000
0,36306398;0,00000000;0,00000000
0,36316798;0,00000000;0,00000000
0,36327198;0,00000000;0,00000000
0,36337598;0,00000000;0,00000000
0,36347998;0,04336860;0,00000000
0,36358398;0,00000000;0,00000000
0,36368798;0,00000000;0,00000000
0,36379198;0,00000000;0,00000000
0,36389598;0,00000000;0,00000000
0,36399998;0,04336860;0,00000000
0,36410398;0,04336860;0,00000000
0,36420798;0,00000000;0,00000000
0,36431198;0,04336860;0,00000000
0,36441598;0,00000000;0,00000000
0,36451998;0,04336860;0,00000000
0,36462398;0,04336860;0,00000000
0,36472798;0,00000000;0,00000000
0,36483198;0,00000000;0,00000000
0,36493598;0,04336860;0,00000000
0,36503998;0,04336860;0,00000000
0,36514398;0,00000000;0,00000000
0,36524798;0,00000000;0,00000000
0,36535198;0,04336860;0,00000000
0,36545598;0,00000000;0,00000000
0,36555998;0,04336860;0,00000000
0,36566398;0,00000000;0,00000000
0,36576798;0,00000000;0,00000000
0,36587198;0,00000000;0,00000000
0,36597598;0,04336860;-0,01734744
0,36607998;0,00000000;0,00000000
0,36618398;0,00000000;0,00000000
0,36628798;0,00000000;0,00000000
0,36639198;0,00000000;0,00000000
0,36649598;0,00000000;0,00000000
0,36659998;0,00000000;0,00000000
0,36670398;0,00000000;0,00000000
0,36680798;0,00000000;0,00000000
0,36691198;0,04336860;0,00000000
0,36701598;0,00000000;0,00000000
0,36711998;0,00000000;0,00000000
0,36722398;0,04336860;0,00000000
0,36732798;0,00000000;0,00000000
0,36743198;0,00000000;0,00000000
0,36753598;0,00000000;0,00000000
0,36763998;0,00000000;0,00000000
0,36774398;0,04336860;0,00000000
0,36784798;0,00000000;0,00000000
0,36795198;0,00000000;0,00000000
0,36805598;0,00000000;0,00000000
0,36815998;0,00000000;0,00000000
0,36826398;0,00000000;0,00000000
0,36836798;0,04336860;0,00000000
0,36847198;0,00000000;0,00000000
0,36857598;0,00000000;0,00000000
0,36867998;0,00000000;0,00000000
0,36878398;0,00000000;0,00000000
0,36888798;0,00000000;0,00000000
0,36899198;0,04336860;0,00000000
0,36909598;0,00000000;0,00000000
0,36919998;0,04336860;0,00000000
0,36930398;0,00000000;0,00000000
0,36940798;0,04336860;0,00000000
0,36951198;0,00000000;0,00000000
0,36961598;0,00000000;0,00000000
0,36971998;0,00000000;0,00000000
0,36982398;0,00000000;0,00000000
0,36992798;0,00000000;0,00000000
0,37003198;0,00000000;0,00000000
0,37013598;0,04336860;0,00000000
0,37023998;0,04336860;0,00000000
0,37034398;0,04336860;0,00000000
0,37044798;0,00000000;0,00000000
0,37055198;0,00000000;0,00000000
0,37065598;0,04336860;0,00000000
0,37075998;0,00000000;0,00000000
0,37086398;0,00000000;0,00000000
0,37096798;0,00000000;0,00000000
0,37107198;0,00000000;0,00000000
0,37117598;0,04336860;0,00000000
0,37127998;0,00000000;0,00000000
0,37138398;0,00000000;0,00000000
0,37148798;0,00000000;0,00000000
0,37159198;0,04336860;0,00000000
0,37169598;0,00000000;0,00000000
0,37179998;0,04336860;-0,01734744
0,37190398;0,00000000;0,00000000
0,37200798;0,00000000;0,00000000
0,37211198;0,00000000;0,00000000
0,37221598;0,00000000;0,00000000
0,37231998;0,00000000;0,00000000
0,37242398;0,00000000;0,00000000
0,37252798;0,00000000;0,00000000
0,37263198;0,00000000;0,00000000
0,37273598;0,00000000;0,00000000
0,37283998;0,00000000;0,00000000
0,37294398;0,00000000;0,00000000
0,37304798;0,00000000;0,00000000
0,37315198;0,04336860;0,00000000
0,37325598;0,00000000;0,00000000
0,37335998;0,04336860;0,00000000
0,37346398;0,04336860;0,00000000
0,37356798;0,00000000;0,00000000
0,37367198;0,00000000;0,00000000
0,37377598;0,04336860;0,00000000
0,37387998;0,00000000;0,00000000
0,37398398;0,00000000;0,00000000
0,37408798;0,00000000;0,00000000
0,37419198;0,04336860;0,00000000
0,37429598;0,00000000;0,00000000
0,37439998;0,04336860;0,00000000
0,37450398;0,00000000;0,00000000
0,37460798;0,00000000;0,00000000
0,37471198;0,00000000;0,00000000
0,37481598;0,04336860;0,00000000
0,37491998;0,00000000;0,00000000
0,37502398;0,00000000;0,00000000
0,37512798;0,00000000;0,00000000
0,37523198;0,04336860;0,00000000
0,37533598;0,00000000;0,00000000
0,37543998;0,00000000;0,00000000
0,37554398;0,04336860;0,00000000
0,37564798;0,04336860;0,00000000
0,37575198;0,00000000;0,00000000
0,37585598;0,00000000;0,00000000
0,37595998;0,04336860;0,00000000
0,37606398;0,00000000;0,00000000
0,37616798;0,00000000;0,00000000
0,37627198;0,04336860;0,00000000
0,37637598;0,00000000;0,00000000
0,37647998;0,00000000;0,00000000
0,37658398;0,04336860;0,00000000
0,37668798;0,00000000;0,00000000
0,37679198;0,00000000;0,00000000
0,37689598;0,00000000;0,00000000
0,37699998;0,00000000;0,00000000
0,37710398;0,00000000;0,00000000
0,37720798;0,04336860;0,00000000
0,37731198;0,00000000;0,00000000
0,37741598;0,00000000;0,00000000
0,37751998;0,04336860;-0,01734744
0,37762398;0,00000000;0,00000000
0,37772798;0,04336860;0,00000000
0,37783198;0,00000000;0,00000000
0,37793598;0,00000000;0,00000000
0,37803998;0,00000000;0,00000000
0,37814398;0,04336860;0,00000000
0,37824798;0,00000000;0,00000000
0,37835198;0,00000000;0,00000000
0,37845598;0,00000000;0,00000000
0,37855998;0,04336860;0,00000000
0,37866398;0,00000000;0,00000000
0,37876798;0,04336860;0,00000000
0,37887198;0,00000000;0,00000000
0,37897598;0,00000000;0,00000000
0,37907998;0,00000000;0,00000000
0,37918398;0,00000000;0,00000000
0,37928798;0,00000000;0,00000000
0,37939198;0,04336860;0,00000000
0,37949598;0,00000000;0,00000000
0,37959998;0,00000000;0,00000000
0,37970398;0,04336860;0,00000000
0,37980798;0,00000000;0,00000000
0,37991198;0,04336860;0,00000000
0,38001598;0,04336860;0,00000000
0,38011998;0,00000000;0,00000000
0,38022398;0,04336860;0,00000000
0,38032798;0,04336860;0,00000000
0,38043198;0,00000000;0,00000000
0,38053598;0,04336860;0,00000000
0,38063998;0,00000000;0,00000000
0,38074398;0,00000000;0,00000000
0,38084798;0,00000000;0,00000000
0,38095198;0,04336860;0,00000000
0,38105598;0,00000000;0,00000000
0,38115998;0,04336860;-0,01734744
0,38126398;0,00000000;0,00000000
0,38136798;0,00000000;0,00000000
0,38147198;0,00000000;0,00000000
0,38157598;0,00000000;0,00000000
0,38167998;0,04336860;0,00000000
0,38178398;0,00000000;0,00000000
0,38188798;0,04336860;0,00000000
0,38199198;0,00000000;0,00000000
0,38209598;0,00000000;0,00000000
0,38219998;0,00000000;0,00000000
0,38230398;0,00000000;0,00000000
0,38240798;0,00000000;0,00000000
0,38251198;0,00000000;0,00000000
0,38261598;0,00000000;0,00000000
0,38271998;0,00000000;0,00000000
0,38282398;0,04336860;0,00000000
0,38292798;0,00000000;0,00000000
0,38303198;0,04336860;0,00000000
0,38313598;0,00000000;0,00000000
0,38323998;0,00000000;0,00000000
0,38334398;0,00000000;0,00000000
0,38344798;0,00000000;0,00000000
0,38355198;0,00000000;0,00000000
0,38365598;0,00000000;0,00000000
0,38375998;0,00000000;0,00000000
0,38386398;0,00000000;0,00000000
0,38396798;0,00000000;0,00000000
0,38407198;0,00000000;0,00000000
0,38417598;0,00000000;0,00000000
0,38427998;0,04336860;0,00000000
0,38438398;0,00000000;0,00000000
0,38448798;0,00000000;0,00000000
0,38459198;0,00000000;0,00000000
0,38469598;0,04336860;0,00000000
0,38479998;0,04336860;0,00000000
0,38490398;0,00000000;0,00000000
0,38500798;0,04336860;0,00000000
0,38511198;0,00000000;0,00000000
0,38521598;0,04336860;0,00000000
0,38531998;0,00000000;0,00000000
0,38542398;0,00000000;0,00000000
0,38552798;0,04336860;-0,01734744
0,38563198;0,04336860;0,00000000
0,38573598;0,00000000;0,00000000
0,38583998;0,00000000;0,00000000
0,38594398;0,00000000;0,00000000
0,38604798;0,00000000;0,00000000
0,38615198;0,04336860;0,00000000
0,38625598;0,00000000;0,00000000
0,38635998;0,00000000;0,00000000
0,38646398;0,04336860;0,00000000
0,38656798;0,04336860;0,00000000
0,38667198;0,00000000;0,00000000
0,38677598;0,00000000;0,00000000
0,38687998;0,00000000;0,00000000
0,38698398;0,00000000;0,00000000
0,38708798;0,00000000;0,00000000
0,38719198;0,00000000;0,00000000
0,38729598;0,00000000;0,00000000
0,38739998;0,04336860;0,00000000
0,38750398;0,00000000;0,00000000
0,38760798;0,00000000;0,00000000
0,38771198;0,04336860;0,00000000
0,38781598;0,00000000;0,00000000
0,38791998;0,04336860;0,00000000
0,38802398;0,00000000;0,00000000
0,38812798;0,04336860;0,00000000
0,38823198;0,04336860;0,00000000
0,38833598;0,00000000;0,00000000
0,38843998;0,00000000;0,00000000
0,38854398;0,00000000;0,00000000
0,38864798;0,04336860;0,00000000
0,38875198;0,00000000;0,00000000
0,38885598;0,00000000;0,00000000
0,38895998;0,00000000;0,00000000
0,38906398;0,00000000;0,00000000
0,38916798;0,04336860;0,00000000
0,38927198;0,04336860;-0,01734744
0,38937598;0,00000000;0,00000000
0,38947998;0,00000000;0,00000000
0,38958398;0,04336860;0,00000000
0,38968798;0,00000000;0,00000000
0,38979198;0,04336860;0,00000000
0,38989598;0,04336860;0,00000000
0,38999998;0,00000000;0,00000000
0,39010398;0,00000000;0,00000000
0,39020798;0,00000000;0,00000000
0,39031198;0,00000000;0,00000000
0,39041598;0,00000000;0,00000000
0,39051998;0,00000000;0,00000000
0,39062398;0,00000000;0,00000000
0,39072798;0,00000000;0,00000000
0,39083198;0,00000000;0,00000000
0,39093598;0,04336860;0,00000000
0,39103998;0,00000000;0,00000000
0,39114398;0,00000000;0,00000000
0,39124798;0,00000000;0,00000000
0,39135198;0,04336860;0,00000000
0,39145598;0,04336860;0,00000000
0,39155998;0,00000000;0,00000000
0,39166398;0,00000000;0,00000000
0,39176798;0,00000000;0,00000000
0,39187198;0,00000000;0,00000000
0,39197598;0,00000000;0,00000000
0,39207998;0,04336860;0,00000000
0,39218398;0,00000000;0,00000000
0,39228798;0,04336860;0,00000000
0,39239198;0,00000000;0,00000000
0,39249598;0,04336860;0,00000000
0,39259998;0,00000000;0,00000000
0,39270398;0,00000000;0,00000000
0,39280798;0,00000000;0,00000000
0,39291198;0,04336860;0,00000000
0,39301598;0,00000000;0,00000000
0,39311998;0,00000000;0,00000000
0,39322398;0,00000000;0,00000000
0,39332798;0,00000000;0,00000000
0,39343198;0,00000000;0,00000000
0,39353598;0,04336860;0,00000000
0,39363998;0,00000000;0,00000000
0,39374398;0,00000000;0,00000000
0,39384798;0,04336860;0,00000000
0,39395198;0,00000000;0,00000000
0,39405598;0,00000000;0,00000000
0,39415998;0,04336860;0,00000000
0,39426398;0,04336860;0,00000000
0,39436798;0,00000000;0,00000000
0,39447198;0,00000000;0,00000000
0,39457598;0,00000000;0,00000000
0,39467998;0,00000000;0,00000000
0,39478398;0,04336860;0,00000000
0,39488798;0,00000000;0,00000000
0,39499198;0,00000000;0,00000000
0,39509598;0,04336860;0,00000000
0,39519998;0,04336860;0,00000000
0,39530398;0,00000000;0,00000000
0,39540798;0,00000000;0,00000000
0,39551198;0,00000000;0,00000000
0,39561598;0,00000000;0,00000000
0,39571998;0,00000000;-0,01734744
0,39582398;0,00000000;0,00000000
0,39592798;0,00000000;0,00000000
0,39603198;0,00000000;0,00000000
0,39613598;0,00000000;0,00000000
0,39623998;0,00000000;0,00000000
0,39634398;0,04336860;0,00000000
0,39644798;0,04336860;0,00000000
0,39655198;0,00000000;0,00000000
0,39665598;0,00000000;0,00000000
0,39675998;0,00000000;0,00000000
0,39686398;0,00000000;0,00000000
0,39696798;0,00000000;0,00000000
0,39707198;0,00000000;0,00000000
0,39717598;0,00000000;0,00000000
0,39727998;0,04336860;0,00000000
0,39738398;0,00000000;0,00000000
0,39748798;0,00000000;0,00000000
0,39759198;0,00000000;0,00000000
0,39769598;0,04336860;0,00000000
0,39779998;0,00000000;0,00000000
0,39790398;0,00000000;0,00000000
0,39800798;0,00000000;0,00000000
0,39811198;0,04336860;0,00000000
0,39821598;0,00000000;0,00000000
0,39831998;0,00000000;0,00000000
0,39842398;0,00000000;0,00000000
0,39852798;0,00000000;0,00000000
0,39863198;0,00000000;-0,01734744
0,39873598;0,00000000;0,00000000
0,39883998;0,00000000;0,00000000
0,39894398;0,00000000;-0,01734744
0,39904798;0,04336860;0,00000000
0,39915198;0,04336860;0,00000000
0,39925598;0,00000000;0,00000000
0,39935998;0,00000000;0,00000000
0,39946398;0,00000000;0,00000000
0,39956798;0,04336860;0,00000000
0,39967198;0,00000000;0,00000000
0,39977598;0,04336860;0,00000000
0,39987998;0,00000000;0,00000000
0,39998398;0,00000000;0,00000000
0,40008798;0,04336860;0,00000000
0,40019198;0,00000000;0,00000000
0,40029598;0,00000000;0,00000000
0,40039998;0,04336860;0,00000000
0,40050398;0,00000000;0,00000000
0,40060798;0,00000000;0,00000000
0,40071198;0,00000000;0,00000000
0,40081598;0,00000000;0,00000000
0,40091998;0,00000000;0,00000000
0,40102398;0,00000000;0,00000000
0,40112798;0,04336860;0,00000000
0,40123198;0,00000000;0,00000000
0,40133598;0,00000000;0,00000000
0,40143998;0,00000000;0,00000000
0,40154398;0,04336860;0,00000000
0,40164798;0,00000000;0,00000000
0,40175198;0,00000000;-0,01734744
0,40185598;0,00000000;0,00000000
0,40195998;0,00000000;0,00000000
0,40206398;0,04336860;0,00000000
0,40216798;0,04336860;0,00000000
0,40227198;0,00000000;0,00000000
0,40237598;0,04336860;0,00000000
0,40247998;0,04336860;0,00000000
0,40258398;0,00000000;0,00000000
0,40268798;0,00000000;0,00000000
0,40279198;0,00000000;0,00000000
0,40289598;0,00000000;0,00000000
0,40299998;0,04336860;0,00000000
0,40310398;0,00000000;0,00000000
0,40320798;0,00000000;0,00000000
0,40331198;0,00000000;0,00000000
0,40341598;0,00000000;0,00000000
0,40351998;0,04336860;0,00000000
0,40362398;0,04336860;0,00000000
0,40372798;0,04336860;0,00000000
0,40383198;0,00000000;0,00000000
0,40393598;0,00000000;0,00000000
0,40403998;0,00000000;0,00000000
0,40414398;0,00000000;0,00000000
0,40424798;0,00000000;0,00000000
0,40435198;0,00000000;0,00000000
0,40445598;0,04336860;0,00000000
0,40455998;0,00000000;0,00000000
0,40466398;0,00000000;0,00000000
0,40476798;0,04336860;0,00000000
0,40487198;0,00000000;0,00000000
0,40497598;0,00000000;0,00000000
0,40507998;0,04336860;0,00000000
0,40518398;0,00000000;0,00000000
0,40528798;0,00000000;0,00000000
0,40539198;0,04336860;0,00000000
0,40549598;0,00000000;0,00000000
0,40559998;0,00000000;0,00000000
0,40570398;0,00000000;0,00000000
0,40580798;0,00000000;0,00000000
0,40591198;0,04336860;0,00000000
0,40601598;0,00000000;0,00000000
0,40611998;0,00000000;0,00000000
0,40622398;0,00000000;0,00000000
0,40632798;0,00000000;0,00000000
0,40643198;0,00000000;0,00000000
0,40653598;0,00000000;0,00000000
0,40663998;0,00000000;0,00000000
0,40674398;0,00000000;0,00000000
0,40684798;0,00000000;0,00000000
0,40695198;0,00000000;0,00000000
0,40705598;0,00000000;0,00000000
0,40715998;0,00000000;0,00000000
0,40726398;0,00000000;0,00000000
0,40736798;0,00000000;0,00000000
0,40747198;0,00000000;0,00000000
0,40757598;0,00000000;0,00000000
0,40767998;0,00000000;0,00000000
0,40778398;0,00000000;0,00000000
0,40788798;0,00000000;0,00000000
0,40799198;0,00000000;0,00000000
0,40809598;0,04336860;0,00000000
0,40819998;0,04336860;0,00000000
0,40830398;0,00000000;0,00000000
0,40840798;0,00000000;0,00000000
0,40851198;0,04336860;0,00000000
0,40861598;0,04336860;0,00000000
0,40871998;0,04336860;0,00000000
0,40882398;0,00000000;0,00000000
0,40892798;0,00000000;0,00000000
0,40903198;0,00000000;0,00000000
0,40913598;0,00000000;0,00000000
0,40923998;0,04336860;0,00000000
0,40934398;0,00000000;0,00000000
0,40944798;0,00000000;0,00000000
0,40955198;0,04336860;0,00000000
0,40965598;0,00000000;0,00000000
0,40975998;0,04336860;0,00000000
0,40986398;0,00000000;0,00000000
0,40996798;0,04336860;-0,01734744
0,41007198;0,00000000;0,00000000
0,41017598;0,04336860;0,00000000
0,41027998;0,00000000;0,00000000
0,41038398;0,00000000;0,00000000
0,41048798;0,00000000;0,00000000
0,41059198;0,04336860;0,00000000
0,41069598;0,00000000;0,00000000
0,41079998;0,04336860;0,00000000
0,41090398;0,00000000;0,00000000
0,41100798;0,04336860;0,00000000
0,41111198;0,04336860;0,00000000
0,41121598;0,04336860;0,00000000
0,41131998;0,00000000;0,00000000
0,41142398;0,00000000;0,00000000
0,41152798;0,00000000;0,00000000
0,41163198;0,04336860;0,00000000
0,41173598;0,00000000;0,00000000
0,41183998;0,04336860;0,00000000
0,41194398;0,00000000;0,00000000
0,41204798;0,04336860;0,00000000
0,41215198;0,04336860;0,00000000
0,41225598;0,00000000;0,00000000
0,41235998;0,04336860;0,00000000
0,41246398;0,04336860;0,00000000
0,41256798;0,00000000;0,00000000
0,41267198;0,00000000;0,00000000
0,41277598;0,00000000;-0,01734744
0,41287998;0,00000000;0,00000000
0,41298398;0,00000000;0,00000000
0,41308798;0,04336860;0,00000000
0,41319198;0,04336860;0,00000000
0,41329598;0,00000000;0,00000000
0,41339998;0,00000000;0,00000000
0,41350398;0,00000000;-0,01734744
0,41360798;0,04336860;0,00000000
0,41371198;0,04336860;0,00000000
0,41381598;0,04336860;0,00000000
0,41391998;0,00000000;0,00000000
0,41402398;0,04336860;0,00000000
0,41412798;0,00000000;0,00000000
0,41423198;0,00000000;0,00000000
0,41433598;0,04336860;0,00000000
0,41443998;0,00000000;0,00000000
0,41454398;0,04336860;0,00000000
0,41464798;0,00000000;0,00000000
0,41475198;0,00000000;0,00000000
0,41485598;0,04336860;0,00000000
0,41495998;0,00000000;0,00000000
0,41506398;0,00000000;0,00000000
0,41516798;0,00000000;0,00000000
0,41527198;0,00000000;0,00000000
0,41537598;0,04336860;0,00000000
0,41547998;0,00000000;-0,01734744
0,41558398;0,00000000;0,00000000
0,41568798;0,00000000;0,00000000
0,41579198;0,00000000;0,00000000
0,41589598;0,00000000;0,00000000
0,41599998;0,00000000;0,00000000
0,41610398;0,00000000;0,00000000
0,41620798;0,00000000;0,00000000
0,41631198;0,04336860;0,00000000
0,41641598;0,00000000;0,00000000
0,41651998;0,00000000;0,00000000
0,41662398;0,00000000;0,00000000
0,41672798;0,00000000;0,00000000
0,41683198;0,04336860;0,00000000
0,41693598;0,04336860;0,00000000
0,41703998;0,04336860;0,00000000
0,41714398;0,00000000;0,00000000
0,41724798;0,00000000;0,00000000
0,41735198;0,04336860;0,00000000
0,41745598;0,04336860;0,00000000
0,41755998;0,04336860;0,00000000
0,41766398;0,00000000;0,00000000
0,41776798;0,04336860;0,00000000
0,41787198;0,04336860;-0,01734744
0,41797598;0,00000000;0,00000000
0,41807998;0,00000000;0,00000000
0,41818398;0,00000000;0,00000000
0,41828798;0,04336860;0,00000000
0,41839198;0,00000000;0,00000000
0,41849598;0,04336860;0,00000000
0,41859998;0,00000000;0,00000000
0,41870398;0,00000000;0,00000000
0,41880798;0,00000000;0,00000000
0,41891198;0,04336860;0,00000000
0,41901598;0,00000000;0,00000000
0,41911998;0,04336860;0,00000000
0,41922398;0,00000000;0,00000000
0,41932798;0,00000000;0,00000000
0,41943198;0,00000000;0,00000000
0,41953598;0,00000000;0,00000000
0,41963998;0,00000000;0,00000000
0,41974398;0,00000000;0,00000000
0,41984798;0,00000000;-0,01734744
0,41995198;0,00000000;0,00000000
0,42005598;0,00000000;0,00000000
0,42015998;0,04336860;0,00000000
0,42026398;0,00000000;0,00000000
0,42036798;0,00000000;0,00000000
0,42047198;0,00000000;0,00000000
0,42057598;0,04336860;0,00000000
0,42067998;0,04336860;0,00000000
0,42078398;0,04336860;0,00000000
0,42088798;0,00000000;0,00000000
0,42099198;0,00000000;0,00000000
0,42109598;0,00000000;0,00000000
0,42119998;0,00000000;0,00000000
0,42130398;0,00000000;0,00000000
0,42140798;0,00000000;0,00000000
0,42151198;0,00000000;0,00000000
0,42161598;0,04336860;0,00000000
0,42171998;0,00000000;0,00000000
0,42182398;0,00000000;0,00000000
0,42192798;0,00000000;0,00000000
0,42203198;0,00000000;0,00000000
0,42213598;0,04336860;0,00000000
0,42223998;0,00000000;0,00000000
0,42234398;0,00000000;0,00000000
0,42244798;0,00000000;0,00000000
0,42255198;0,00000000;0,00000000
0,42265598;0,00000000;0,00000000
0,42275998;0,00000000;0,00000000
0,42286398;0,00000000;0,00000000
0,42296798;0,00000000;0,00000000
0,42307198;0,00000000;0,00000000
0,42317598;0,00000000;0,00000000
0,42327998;0,00000000;0,00000000
0,42338398;0,00000000;0,00000000
0,42348798;0,00000000;0,00000000
0,42359198;0,00000000;0,00000000
0,42369598;0,00000000;0,00000000
0,42379998;0,00000000;0,00000000
0,42390398;0,00000000;0,00000000
0,42400798;0,00000000;0,00000000
0,42411198;0,04336860;0,00000000
0,42421598;0,00000000;0,00000000
0,42431998;0,04336860;0,00000000
0,42442398;0,00000000;0,00000000
0,42452798;0,04336860;0,00000000
0,42463198;0,00000000;0,00000000
0,42473598;0,04336860;0,00000000
0,42483998;0,00000000;0,00000000
0,42494398;0,04336860;0,00000000
0,42504798;0,04336860;0,00000000
0,42515198;0,04336860;0,00000000
0,42525598;0,04336860;0,00000000
0,42535998;0,04336860;0,00000000
0,42546398;0,00000000;0,00000000
0,42556798;0,00000000;0,00000000
0,42567198;0,00000000;0,00000000
0,42577598;0,00000000;0,00000000
0,42587998;0,00000000;0,00000000
0,42598398;0,00000000;0,00000000
0,42608798;0,04336860;0,00000000
0,42619198;0,00000000;0,00000000
0,42629598;0,00000000;0,00000000
0,42639998;0,00000000;0,00000000
0,42650398;0,00000000;-0,01734744
0,42660798;0,04336860;0,00000000
0,42671198;0,00000000;0,00000000
0,42681598;0,00000000;0,00000000
0,42691998;0,00000000;0,00000000
0,42702398;0,04336860;0,00000000
0,42712798;0,00000000;0,00000000
0,42723198;0,00000000;0,00000000
0,42733598;0,00000000;0,00000000
0,42743998;0,00000000;0,00000000
0,42754398;0,04336860;0,00000000
0,42764798;0,04336860;0,00000000
0,42775198;0,00000000;0,00000000
0,42785598;0,00000000;0,00000000
0,42795998;0,00000000;0,00000000
0,42806398;0,04336860;0,00000000
0,42816798;0,00000000;0,00000000
0,42827198;0,00000000;0,00000000
0,42837598;0,00000000;0,00000000
0,42847998;0,00000000;0,00000000
0,42858398;0,00000000;-0,01734744
0,42868798;0,00000000;0,00000000
0,42879198;0,00000000;0,00000000
0,42889598;0,00000000;0,00000000
0,42899998;0,04336860;0,00000000
0,42910398;0,00000000;0,00000000
0,42920798;0,00000000;0,00000000
0,42931198;0,00000000;0,00000000
0,42941598;0,04336860;0,00000000
0,42951998;0,00000000;0,00000000
0,42962398;0,00000000;0,00000000
0,42972798;0,00000000;0,00000000
0,42983198;0,00000000;0,00000000
0,42993598;0,00000000;0,00000000
0,43003998;0,00000000;0,00000000
0,43014398;0,04336860;0,00000000
0,43024798;0,00000000;0,00000000
0,43035198;0,00000000;0,00000000
0,43045598;0,00000000;0,00000000
0,43055998;0,04336860;0,00000000
0,43066398;0,00000000;0,00000000
0,43076798;0,00000000;0,00000000
0,43087198;0,00000000;0,00000000
0,43097598;0,00000000;0,00000000
0,43107998;0,00000000;0,00000000
0,43118398;0,00000000;0,00000000
0,43128798;0,00000000;0,00000000
0,43139198;0,04336860;0,00000000
0,43149598;0,00000000;0,00000000
0,43159998;0,04336860;0,00000000
0,43170398;0,00000000;0,00000000
0,43180798;0,00000000;0,00000000
0,43191198;0,04336860;0,00000000
0,43201598;0,00000000;0,00000000
0,43211998;0,04336860;0,00000000
0,43222398;0,00000000;0,00000000
0,43232798;0,00000000;0,00000000
0,43243198;0,00000000;0,00000000
0,43253598;0,00000000;0,00000000
0,43263998;0,00000000;0,00000000
0,43274398;0,00000000;0,00000000
0,43284798;0,00000000;0,00000000
0,43295198;0,00000000;0,00000000
0,43305598;0,00000000;0,00000000
0,43315998;0,00000000;0,00000000
0,43326398;0,04336860;0,00000000
0,43336798;0,00000000;0,00000000
0,43347198;0,00000000;-0,01734744
0,43357598;0,04336860;0,00000000
0,43367998;0,04336860;0,00000000
0,43378398;0,00000000;-0,01734744
0,43388798;0,00000000;0,00000000
0,43399198;0,00000000;0,00000000
0,43409598;0,00000000;0,00000000
0,43419998;0,00000000;0,00000000
0,43430398;0,04336860;0,00000000
0,43440798;0,00000000;0,00000000
0,43451198;0,00000000;-0,01734744
0,43461598;0,04336860;0,00000000
0,43471998;0,00000000;0,00000000
0,43482398;0,00000000;0,00000000
0,43492798;0,00000000;0,00000000
0,43503198;0,00000000;0,00000000
0,43513598;0,00000000;0,00000000
0,43523998;0,00000000;0,00000000
0,43534398;0,00000000;0,00000000
0,43544798;0,00000000;0,00000000
0,43555198;0,00000000;0,00000000
0,43565598;0,00000000;0,00000000
0,43575998;0,00000000;0,00000000
0,43586398;0,00000000;0,00000000
0,43596798;0,04336860;0,00000000
0,43607198;0,00000000;0,00000000
0,43617598;0,04336860;0,00000000
0,43627998;0,00000000;0,00000000
0,43638398;0,04336860;0,00000000
0,43648798;0,00000000;0,00000000
0,43659198;0,00000000;0,00000000
0,43669598;0,04336860;0,00000000
0,43679998;0,00000000;0,00000000
0,43690398;0,00000000;0,00000000
0,43700798;0,00000000;0,00000000
0,43711198;0,00000000;0,00000000
0,43721598;0,00000000;0,00000000
0,43731998;0,00000000;0,00000000
0,43742398;0,00000000;0,00000000
0,43752798;0,04336860;0,00000000
0,43763198;0,00000000;0,00000000
0,43773598;0,00000000;0,00000000
0,43783998;0,04336860;0,00000000
0,43794398;0,00000000;0,00000000
0,43804798;0,00000000;0,00000000
0,43815198;0,00000000;0,00000000
0,43825598;0,00000000;0,00000000
0,43835998;0,04336860;0,00000000
0,43846398;0,04336860;0,00000000
0,43856798;0,00000000;0,00000000
0,43867198;0,00000000;0,00000000
0,43877598;0,00000000;0,00000000
0,43887998;0,04336860;0,00000000
0,43898398;0,00000000;0,00000000
0,43908798;0,00000000;0,00000000
0,43919198;0,00000000;0,00000000
0,43929598;0,00000000;0,00000000
0,43939998;0,00000000;0,00000000
0,43950398;0,00000000;0,00000000
0,43960798;0,04336860;0,00000000
0,43971198;0,00000000;0,00000000
0,43981598;0,04336860;0,00000000
0,43991998;0,00000000;0,00000000
0,44002398;0,04336860;0,00000000
0,44012798;0,00000000;0,00000000
0,44023198;0,00000000;0,00000000
0,44033598;0,04336860;0,00000000
0,44043998;0,00000000;0,00000000
0,44054398;0,00000000;0,00000000
0,44064798;0,00000000;0,00000000
0,44075198;0,00000000;0,00000000
0,44085598;0,04336860;0,00000000
0,44095998;0,00000000;0,00000000
0,44106398;0,00000000;0,00000000
0,44116798;0,00000000;0,00000000
0,44127198;0,00000000;0,00000000
0,44137598;0,00000000;0,00000000
0,44147998;0,00000000;0,00000000
0,44158398;0,00000000;0,00000000
0,44168798;0,00000000;0,00000000
0,44179198;0,04336860;0,00000000
0,44189598;0,00000000;0,00000000
0,44199998;0,00000000;0,00000000
0,44210398;0,00000000;0,00000000
0,44220798;0,00000000;0,00000000
0,44231198;0,00000000;0,00000000
0,44241598;0,00000000;0,00000000
0,44251998;0,00000000;0,00000000
0,44262398;0,00000000;0,00000000
0,44272798;0,04336860;0,00000000
0,44283198;0,00000000;0,00000000
0,44293598;0,00000000;0,00000000
0,44303998;0,04336860;0,00000000
0,44314398;0,00000000;0,00000000
0,44324798;0,00000000;0,00000000
0,44335198;0,00000000;0,00000000
0,44345598;0,00000000;0,00000000
0,44355998;0,00000000;0,00000000
0,44366398;0,04336860;0,00000000
0,44376798;0,00000000;0,00000000
0,44387198;0,00000000;-0,01734744
0,44397598;0,04336860;0,00000000
0,44407998;0,00000000;0,00000000
0,44418398;0,00000000;0,00000000
0,44428798;0,00000000;0,00000000
0,44439198;0,00000000;-0,01734744
0,44449598;0,00000000;0,00000000
0,44459998;0,00000000;0,00000000
0,44470398;0,04336860;0,00000000
0,44480798;0,00000000;0,00000000
0,44491198;0,04336860;0,00000000
0,44501598;0,00000000;0,00000000
0,44511998;0,04336860;0,00000000
0,44522398;0,00000000;0,00000000
0,44532798;0,00000000;0,00000000
0,44543198;0,04336860;0,00000000
0,44553598;0,00000000;0,00000000
0,44563998;0,00000000;0,00000000
0,44574398;0,00000000;0,00000000
0,44584798;0,00000000;0,00000000
0,44595198;0,04336860;-0,01734744
0,44605598;0,04336860;0,00000000
0,44615998;0,04336860;0,00000000
0,44626398;0,00000000;0,00000000
0,44636798;0,04336860;0,00000000
0,44647198;0,00000000;0,00000000
0,44657598;0,04336860;0,00000000
0,44667998;0,00000000;0,00000000
0,44678398;0,00000000;0,00000000
0,44688798;0,00000000;0,00000000
0,44699198;0,00000000;0,00000000
0,44709598;0,04336860;-0,01734744
0,44719998;0,00000000;0,00000000
0,44730398;0,00000000;0,00000000
0,44740798;0,04336860;0,00000000
0,44751198;0,00000000;0,00000000
0,44761598;0,00000000;0,00000000
0,44771998;0,04336860;0,00000000
0,44782398;0,00000000;0,00000000
0,44792798;0,00000000;0,00000000
0,44803198;0,00000000;0,00000000
0,44813598;0,00000000;0,00000000
0,44823998;0,04336860;0,00000000
0,44834398;0,00000000;0,00000000
0,44844798;0,00000000;0,00000000
0,44855198;0,04336860;0,00000000
0,44865598;0,00000000;0,00000000
0,44875998;0,00000000;0,00000000
0,44886398;0,00000000;0,00000000
0,44896798;0,00000000;0,00000000
0,44907198;0,04336860;0,00000000
0,44917598;0,00000000;0,00000000
0,44927998;0,00000000;0,00000000
0,44938398;0,00000000;0,00000000
0,44948798;0,00000000;0,00000000
0,44959198;0,00000000;0,00000000
0,44969598;0,04336860;0,00000000
0,44979998;0,00000000;0,00000000
0,44990398;0,00000000;0,00000000
0,45000798;0,00000000;0,00000000
0,45011198;0,00000000;0,00000000
0,45021598;0,00000000;0,00000000
0,45031998;0,00000000;0,00000000
0,45042398;0,04336860;0,00000000
0,45052798;0,00000000;0,00000000
0,45063198;0,00000000;0,00000000
0,45073598;0,04336860;0,00000000
0,45083998;0,04336860;0,00000000
0,45094398;0,00000000;0,00000000
0,45104798;0,00000000;0,00000000
0,45115198;0,00000000;0,00000000
0,45125598;0,00000000;0,00000000
0,45135998;0,00000000;0,00000000
0,45146398;0,04336860;0,00000000
0,45156798;0,00000000;0,00000000
0,45167198;0,04336860;0,00000000
0,45177598;0,04336860;0,00000000
0,45187998;0,04336860;0,00000000
0,45198398;0,00000000;0,00000000
0,45208798;0,00000000;0,00000000
0,45219198;0,00000000;0,00000000
0,45229598;0,00000000;0,00000000
0,45239998;0,00000000;0,00000000
0,45250398;0,04336860;0,00000000
0,45260798;0,00000000;0,00000000
0,45271198;0,00000000;0,00000000
0,45281598;0,00000000;0,00000000
0,45291998;0,00000000;0,00000000
0,45302398;0,00000000;0,00000000
0,45312798;0,00000000;0,00000000
0,45323198;0,04336860;0,00000000
0,45333598;0,00000000;0,00000000
0,45343998;0,00000000;0,00000000
0,45354398;0,00000000;0,00000000
0,45364798;0,00000000;0,00000000
0,45375198;0,00000000;0,00000000
0,45385598;0,04336860;0,00000000
0,45395998;0,04336860;0,00000000
0,45406398;0,00000000;0,00000000
0,45416798;0,04336860;0,00000000
0,45427198;0,00000000;0,00000000
0,45437598;0,04336860;0,00000000
0,45447998;0,00000000;0,00000000
0,45458398;0,00000000;0,00000000
0,45468798;0,00000000;0,00000000
0,45479198;0,04336860;0,00000000
0,45489598;0,00000000;0,00000000
0,45499998;0,04336860;0,00000000
0,45510398;0,04336860;0,00000000
0,45520798;0,00000000;0,00000000
0,45531198;0,04336860;0,00000000
0,45541598;0,00000000;0,00000000
0,45551998;0,00000000;0,00000000
0,45562398;0,00000000;0,00000000
0,45572798;0,04336860;0,00000000
0,45583198;0,00000000;0,00000000
0,45593598;0,00000000;0,00000000
0,45603998;0,04336860;0,00000000
0,45614398;0,00000000;0,00000000
0,45624798;0,00000000;0,00000000
0,45635198;0,00000000;0,00000000
0,45645598;0,00000000;0,00000000
0,45655998;0,00000000;0,00000000
0,45666398;0,00000000;0,00000000
0,45676798;0,00000000;0,00000000
0,45687198;0,04336860;0,00000000
0,45697598;0,04336860;0,00000000
0,45707998;0,00000000;0,00000000
0,45718398;0,04336860;0,00000000
0,45728798;0,04336860;0,00000000
0,45739198;0,04336860;0,00000000
0,45749598;0,00000000;0,00000000
0,45759998;0,00000000;0,00000000
0,45770398;0,00000000;-0,01734744
0,45780798;0,00000000;0,00000000
0,45791198;0,04336860;0,00000000
0,45801598;0,00000000;0,00000000
0,45811998;0,00000000;0,00000000
0,45822398;0,04336860;0,00000000
0,45832798;0,00000000;0,00000000
0,45843198;0,00000000;0,00000000
0,45853598;0,00000000;0,00000000
0,45863998;0,00000000;0,00000000
0,45874398;0,04336860;0,00000000
0,45884798;0,04336860;-0,01734744
0,45895198;0,00000000;0,00000000
0,45905598;0,04336860;0,00000000
0,45915998;0,00000000;0,00000000
0,45926398;0,00000000;0,00000000
0,45936798;0,00000000;0,00000000
0,45947198;0,04336860;0,00000000
0,45957598;0,04336860;0,00000000
0,45967998;0,04336860;0,00000000
0,45978398;0,00000000;0,00000000
0,45988798;0,00000000;0,00000000
0,45999198;0,00000000;0,00000000
0,46009598;0,00000000;0,00000000
0,46019998;0,00000000;0,00000000
0,46030398;0,00000000;0,00000000
0,46040798;0,00000000;0,00000000
0,46051198;0,00000000;0,00000000
0,46061598;0,00000000;0,00000000
0,46071998;0,00000000;0,00000000
0,46082398;0,00000000;0,00000000
0,46092798;0,00000000;0,00000000
0,46103198;0,00000000;0,00000000
0,46113598;0,00000000;0,00000000
0,46123998;0,00000000;0,00000000
0,46134398;0,00000000;0,00000000
0,46144798;0,00000000;0,00000000
0,46155198;0,00000000;0,00000000
0,46165598;0,00000000;-0,01734744
0,46175998;0,04336860;0,00000000
0,46186398;0,00000000;0,00000000
0,46196798;0,04336860;0,00000000
0,46207198;0,00000000;0,00000000
0,46217598;0,00000000;0,00000000
0,46227998;0,04336860;0,00000000
0,46238398;0,04336860;0,00000000
0,46248798;0,00000000;0,00000000
0,46259198;0,00000000;0,00000000
0,46269598;0,00000000;0,00000000
0,46279998;0,04336860;0,00000000
0,46290398;0,00000000;-0,01734744
0,46300798;0,00000000;0,00000000
0,46311198;0,04336860;0,00000000
0,46321598;0,00000000;0,00000000
0,46331998;0,00000000;0,00000000
0,46342398;0,00000000;0,00000000
0,46352798;0,04336860;0,00000000
0,46363198;0,04336860;0,00000000
0,46373598;0,00000000;0,00000000
0,46383997;0,04336860;0,00000000
0,46394397;0,04336860;0,00000000
0,46404797;0,00000000;0,00000000
0,46415197;0,04336860;0,00000000
0,46425597;0,00000000;0,00000000
0,46435997;0,00000000;0,00000000
0,46446397;0,04336860;0,00000000
0,46456797;0,04336860;0,00000000
0,46467197;0,04336860;0,00000000
0,46477597;0,00000000;0,00000000
0,46487997;0,04336860;0,00000000
0,46498397;0,04336860;0,00000000
0,46508797;0,00000000;0,00000000
0,46519197;0,04336860;0,00000000
0,46529597;0,00000000;0,00000000
0,46539997;0,00000000;0,00000000
0,46550397;0,00000000;0,00000000
0,46560797;0,00000000;0,00000000
0,46571197;0,00000000;0,00000000
0,46581597;0,04336860;0,00000000
0,46591997;0,00000000;0,00000000
0,46602397;0,00000000;0,00000000
0,46612797;0,00000000;0,00000000
0,46623197;0,04336860;0,00000000
0,46633597;0,00000000;0,00000000
0,46643997;0,04336860;0,00000000
0,46654397;0,00000000;0,00000000
0,46664797;0,00000000;0,00000000
0,46675197;0,00000000;0,00000000
0,46685597;0,00000000;0,00000000
0,46695997;0,00000000;0,00000000
0,46706397;0,00000000;-0,01734744
0,46716797;0,00000000;0,00000000
0,46727197;0,04336860;0,00000000
0,46737597;0,00000000;-0,01734744
0,46747997;0,00000000;0,00000000
0,46758397;0,00000000;0,00000000
0,46768797;0,00000000;0,00000000
0,46779197;0,00000000;0,00000000
0,46789597;0,00000000;0,00000000
0,46799997;0,04336860;0,00000000
0,46810397;0,00000000;0,00000000
0,46820797;0,00000000;0,00000000
0,46831197;0,00000000;0,00000000
0,46841597;0,00000000;0,00000000
0,46851997;0,00000000;0,00000000
0,46862397;0,00000000;0,00000000
0,46872797;0,04336860;0,00000000
0,46883197;0,00000000;0,00000000
0,46893597;0,00000000;0,00000000
0,46903997;0,00000000;0,00000000
0,46914397;0,04336860;0,00000000
0,46924797;0,00000000;0,00000000
0,46935197;0,00000000;0,00000000
0,46945597;0,00000000;0,00000000
0,46955997;0,00000000;0,00000000
0,46966397;0,00000000;0,00000000
0,46976797;0,00000000;0,00000000
0,46987197;0,00000000;0,00000000
0,46997597;0,00000000;0,00000000
0,47007997;0,00000000;0,00000000
0,47018397;0,04336860;0,00000000
0,47028797;0,00000000;0,00000000
0,47039197;0,00000000;0,00000000
0,47049597;0,00000000;0,00000000
0,47059997;0,04336860;0,00000000
0,47070397;0,00000000;0,00000000
0,47080797;0,00000000;0,00000000
0,47091197;0,00000000;0,00000000
0,47101597;0,00000000;0,00000000
0,47111997;0,00000000;0,00000000
0,47122397;0,00000000;0,00000000
0,47132797;0,00000000;0,00000000
0,47143197;0,00000000;0,00000000
0,47153597;0,00000000;0,00000000
0,47163997;0,04336860;0,00000000
0,47174397;0,04336860;0,00000000
0,47184797;0,00000000;-0,01734744
0,47195197;0,00000000;0,00000000
0,47205597;0,00000000;0,00000000
0,47215997;0,04336860;0,00000000
0,47226397;0,00000000;0,00000000
0,47236797;0,00000000;0,00000000
0,47247197;0,00000000;0,00000000
0,47257597;0,00000000;0,00000000
0,47267997;0,00000000;0,00000000
0,47278397;0,04336860;0,00000000
0,47288797;0,00000000;0,00000000
0,47299197;0,00000000;0,00000000
0,47309597;0,00000000;0,00000000
0,47319997;0,00000000;0,00000000
0,47330397;0,00000000;0,00000000
0,47340797;0,00000000;0,00000000
0,47351197;0,00000000;0,00000000
0,47361597;0,00000000;0,00000000
0,47371997;0,04336860;0,00000000
0,47382397;0,00000000;0,00000000
0,47392797;0,00000000;0,00000000
0,47403197;0,04336860;0,00000000
0,47413597;0,00000000;0,00000000
0,47423997;0,00000000;0,00000000
0,47434397;0,00000000;0,00000000
0,47444797;0,00000000;0,00000000
0,47455197;0,04336860;0,00000000
0,47465597;0,00000000;0,00000000
0,47475997;0,00000000;0,00000000
0,47486397;0,00000000;0,00000000
0,47496797;0,04336860;0,00000000
0,47507197;0,04336860;0,00000000
0,47517597;0,00000000;0,00000000
0,47527997;0,00000000;0,00000000
0,47538397;0,00000000;0,00000000
0,47548797;0,00000000;0,00000000
0,47559197;0,00000000;0,00000000
0,47569597;0,04336860;0,00000000
0,47579997;0,00000000;0,00000000
0,47590397;0,00000000;0,00000000
0,47600797;0,00000000;0,00000000
0,47611197;0,00000000;0,00000000
0,47621597;0,04336860;0,00000000
0,47631997;0,00000000;0,00000000
0,47642397;0,04336860;0,00000000
0,47652797;0,00000000;0,00000000
0,47663197;0,00000000;0,00000000
0,47673597;0,00000000;0,00000000
0,47683997;0,00000000;0,00000000
0,47694397;0,00000000;0,00000000
0,47704797;0,04336860;0,00000000
0,47715197;0,04336860;0,00000000
0,47725597;0,00000000;0,00000000
0,47735997;0,04336860;0,00000000
0,47746397;0,00000000;0,00000000
0,47756797;0,04336860;0,00000000
0,47767197;0,00000000;0,00000000
0,47777597;0,00000000;0,00000000
0,47787997;0,00000000;0,00000000
0,47798397;0,04336860;0,00000000
0,47808797;0,04336860;0,00000000
0,47819197;0,00000000;0,00000000
0,47829597;0,00000000;0,00000000
0,47839997;0,00000000;0,00000000
0,47850397;0,00000000;0,00000000
0,47860797;0,00000000;0,00000000
0,47871197;0,00000000;0,00000000
0,47881597;0,00000000;0,00000000
0,47891997;0,00000000;0,00000000
0,47902397;0,00000000;0,00000000
0,47912797;0,00000000;0,00000000
0,47923197;0,00000000;0,00000000
0,47933597;0,04336860;0,00000000
0,47943997;0,00000000;0,00000000
0,47954397;0,04336860;0,00000000
0,47964797;0,00000000;0,00000000
0,47975197;0,00000000;0,00000000
0,47985597;0,00000000;0,00000000
0,47995997;0,00000000;0,00000000
0,48006397;0,00000000;0,00000000
0,48016797;0,00000000;0,00000000
0,48027197;0,00000000;0,00000000
0,48037597;0,00000000;0,00000000
0,48047997;0,04336860;0,00000000
0,48058397;0,00000000;0,00000000
0,48068797;0,04336860;0,00000000
0,48079197;0,00000000;0,00000000
0,48089597;0,00000000;0,00000000
0,48099997;0,00000000;0,00000000
0,48110397;0,00000000;0,00000000
0,48120797;0,00000000;0,00000000
0,48131197;0,00000000;0,00000000
0,48141597;0,00000000;0,00000000
0,48151997;0,04336860;0,00000000
0,48162397;0,00000000;0,00000000
0,48172797;0,00000000;0,00000000
0,48183197;0,04336860;0,00000000
0,48193597;0,00000000;0,00000000
0,48203997;0,00000000;0,00000000
0,48214397;0,04336860;0,00000000
0,48224797;0,00000000;0,00000000
0,48235197;0,00000000;0,00000000
0,48245597;0,04336860;0,00000000
0,48255997;0,04336860;0,00000000
0,48266397;0,00000000;0,00000000
0,48276797;0,04336860;0,00000000
0,48287197;0,00000000;0,00000000
0,48297597;0,00000000;0,00000000
0,48307997;0,00000000;0,00000000
0,48318397;0,00000000;0,00000000
0,48328797;0,00000000;0,00000000
0,48339197;0,00000000;0,00000000
0,48349597;0,00000000;0,00000000
0,48359997;0,00000000;0,00000000
0,48370397;0,00000000;0,00000000
0,48380797;0,04336860;0,00000000
0,48391197;0,00000000;0,00000000
0,48401597;0,00000000;0,00000000
0,48411997;0,04336860;0,00000000
0,48422397;0,00000000;0,00000000
0,48432797;0,00000000;0,00000000
0,48443197;0,00000000;0,00000000
0,48453597;0,00000000;0,00000000
0,48463997;0,00000000;0,00000000
0,48474397;0,00000000;0,00000000
0,48484797;0,00000000;0,00000000
0,48495197;0,00000000;0,00000000
0,48505597;0,00000000;0,00000000
0,48515997;0,00000000;0,00000000
0,48526397;0,00000000;0,00000000
0,48536797;0,00000000;0,00000000
0,48547197;0,00000000;0,00000000
0,48557597;0,04336860;0,00000000
0,48567997;0,00000000;0,00000000
0,48578397;0,00000000;0,00000000
0,48588797;0,00000000;0,00000000
0,48599197;0,00000000;0,00000000
0,48609597;0,00000000;0,00000000
0,48619997;0,00000000;0,00000000
0,48630397;0,00000000;0,00000000
0,48640797;0,04336860;0,00000000
0,48651197;0,00000000;0,00000000
0,48661597;0,00000000;0,00000000
0,48671997;0,04336860;0,00000000
0,48682397;0,00000000;0,00000000
0,48692797;0,00000000;0,00000000
0,48703197;0,00000000;0,00000000
0,48713597;0,00000000;0,00000000
0,48723997;0,00000000;0,00000000
0,48734397;0,00000000;0,00000000
0,48744797;0,00000000;0,00000000
0,48755197;0,04336860;0,00000000
0,48765597;0,04336860;0,00000000
0,48775997;0,00000000;0,00000000
0,48786397;0,00000000;0,00000000
0,48796797;0,00000000;0,00000000
0,48807197;0,04336860;0,00000000
0,48817597;0,00000000;0,00000000
0,48827997;0,00000000;0,00000000
0,48838397;0,00000000;0,00000000
0,48848797;0,00000000;0,00000000
0,48859197;0,00000000;0,00000000
0,48869597;0,00000000;0,00000000
0,48879997;0,00000000;0,00000000
0,48890397;0,00000000;0,00000000
0,48900797;0,00000000;0,00000000
0,48911197;0,00000000;0,00000000
0,48921597;0,00000000;0,00000000
0,48931997;0,00000000;0,00000000
0,48942397;0,04336860;0,00000000
0,48952797;0,00000000;0,00000000
0,48963197;0,04336860;0,00000000
0,48973597;0,00000000;0,00000000
0,48983997;0,00000000;0,00000000
0,48994397;0,00000000;0,00000000
0,49004797;0,00000000;0,00000000
0,49015197;0,00000000;0,00000000
0,49025597;0,00000000;0,00000000
0,49035997;0,04336860;0,00000000
0,49046397;0,00000000;0,00000000
0,49056797;0,00000000;0,00000000
0,49067197;0,00000000;0,00000000
0,49077597;0,00000000;0,00000000
0,49087997;0,00000000;0,00000000
0,49098397;0,00000000;0,00000000
0,49108797;0,00000000;0,00000000
0,49119197;0,00000000;0,00000000
0,49129597;0,04336860;0,00000000
0,49139997;0,00000000;0,00000000
0,49150397;0,00000000;0,00000000
0,49160797;0,00000000;0,00000000
0,49171197;0,00000000;0,00000000
0,49181597;0,00000000;0,00000000
0,49191997;0,04336860;0,00000000
0,49202397;0,00000000;0,00000000
0,49212797;0,00000000;0,00000000
0,49223197;0,00000000;0,00000000
0,49233597;0,04336860;0,00000000
0,49243997;0,00000000;0,00000000
0,49254397;0,00000000;0,00000000
0,49264797;0,00000000;0,00000000
0,49275197;0,00000000;0,00000000
0,49285597;0,00000000;0,00000000
0,49295997;0,00000000;0,00000000
0,49306397;0,00000000;0,00000000
0,49316797;0,00000000;0,00000000
0,49327197;0,04336860;0,00000000
0,49337597;0,04336860;0,00000000
0,49347997;0,04336860;0,00000000
0,49358397;0,00000000;0,00000000
0,49368797;0,00000000;0,00000000
0,49379197;0,04336860;0,00000000
0,49389597;0,00000000;0,00000000
0,49399997;0,04336860;0,00000000
0,49410397;0,04336860;0,00000000
0,49420797;0,00000000;-0,01734744
0,49431197;0,00000000;0,00000000
0,49441597;0,00000000;0,00000000
0,49451997;0,00000000;0,00000000
0,49462397;0,04336860;0,00000000
0,49472797;0,04336860;0,00000000
0,49483197;0,04336860;0,00000000
0,49493597;0,00000000;0,00000000
0,49503997;0,00000000;0,00000000
0,49514397;0,00000000;0,00000000
0,49524797;0,00000000;0,00000000
0,49535197;0,04336860;0,00000000
0,49545597;0,00000000;0,00000000
0,49555997;0,00000000;0,00000000
0,49566397;0,00000000;0,00000000
0,49576797;0,00000000;0,00000000
0,49587197;0,00000000;0,00000000
0,49597597;0,00000000;0,00000000
0,49607997;0,00000000;0,00000000
0,49618397;0,04336860;-0,01734744
0,49628797;0,04336860;0,00000000
0,49639197;0,00000000;0,00000000
0,49649597;0,00000000;0,00000000
0,49659997;0,00000000;0,00000000
0,49670397;0,00000000;0,00000000
0,49680797;0,00000000;0,00000000
0,49691197;0,04336860;0,00000000
0,49701597;0,04336860;0,00000000
0,49711997;0,00000000;0,00000000
0,49722397;0,00000000;0,00000000
0,49732797;0,04336860;0,00000000
0,49743197;0,04336860;0,00000000
0,49753597;0,00000000;0,00000000
0,49763997;0,00000000;0,00000000
0,49774397;0,00000000;-0,01734744
0,49784797;0,00000000;0,00000000
0,49795197;0,00000000;0,00000000
0,49805597;0,00000000;0,00000000
0,49815997;0,00000000;0,00000000
0,49826397;0,00000000;0,00000000
0,49836797;0,04336860;0,00000000
0,49847197;0,00000000;0,00000000
0,49857597;0,04336860;0,00000000
0,49867997;0,00000000;0,00000000
0,49878397;0,00000000;0,00000000
0,49888797;0,04336860;0,00000000
0,49899197;0,00000000;0,00000000
0,49909597;0,00000000;0,00000000
0,49919997;0,04336860;0,00000000
0,49930397;0,00000000;0,00000000
0,49940797;0,00000000;0,00000000
0,49951197;0,00000000;0,00000000
0,49961597;0,00000000;0,00000000
0,49971997;0,00000000;0,00000000
0,49982397;0,00000000;0,00000000
0,49992797;0,00000000;0,00000000
0,50003197;0,00000000;0,00000000
0,50013597;0,00000000;0,00000000
0,50023997;0,00000000;0,00000000
0,50034397;0,04336860;0,00000000
0,50044797;0,04336860;0,00000000
0,50055197;0,00000000;0,00000000
0,50065597;0,04336860;0,00000000
0,50075997;0,00000000;0,00000000
0,50086397;0,00000000;0,00000000
0,50096797;0,00000000;0,00000000
0,50107197;0,00000000;0,00000000
0,50117597;0,00000000;0,00000000
0,50127997;0,04336860;0,00000000
0,50138397;0,04336860;0,00000000
0,50148797;0,00000000;0,00000000
0,50159197;0,04336860;0,00000000
0,50169597;0,00000000;0,00000000
0,50179997;0,00000000;0,00000000
0,50190397;0,00000000;0,00000000
0,50200797;0,00000000;0,00000000
0,50211197;0,00000000;0,00000000
0,50221597;0,00000000;0,00000000
0,50231997;0,00000000;0,00000000
0,50242397;0,00000000;-0,01734744
0,50252797;0,04336860;0,00000000
0,50263197;0,00000000;0,00000000
0,50273597;0,04336860;0,00000000
0,50283997;0,00000000;0,00000000
0,50294397;0,00000000;0,00000000
0,50304797;0,04336860;0,00000000
0,50315197;0,00000000;0,00000000
0,50325597;0,00000000;-0,01734744
0,50335997;0,04336860;0,00000000
0,50346397;0,00000000;0,00000000
0,50356797;0,00000000;0,00000000
0,50367197;0,00000000;0,00000000
0,50377597;0,00000000;-0,01734744
0,50387997;0,00000000;0,00000000
0,50398397;0,00000000;0,00000000
0,50408797;0,04336860;0,00000000
0,50419197;0,00000000;0,00000000
0,50429597;0,00000000;0,00000000
0,50439997;0,00000000;0,00000000
0,50450397;0,00000000;0,00000000
0,50460797;0,04336860;0,00000000
0,50471197;0,04336860;0,00000000
0,50481597;0,04336860;0,00000000
0,50491997;0,00000000;0,00000000
0,50502397;0,04336860;0,00000000
0,50512797;0,00000000;0,00000000
0,50523197;0,04336860;-0,01734744
0,50533597;0,00000000;0,00000000
0,50543997;0,00000000;0,00000000
0,50554397;0,00000000;0,00000000
0,50564797;0,04336860;0,00000000
0,50575197;0,00000000;0,00000000
0,50585597;0,00000000;0,00000000
0,50595997;0,00000000;-0,01734744
0,50606397;0,00000000;0,00000000
0,50616797;0,00000000;0,00000000
0,50627197;0,00000000;0,00000000
0,50637597;0,04336860;0,00000000
0,50647997;0,00000000;0,00000000
0,50658397;0,00000000;0,00000000
0,50668797;0,00000000;0,00000000
0,50679197;0,00000000;0,00000000
0,50689597;0,00000000;0,00000000
0,50699997;0,00000000;0,00000000
0,50710397;0,00000000;0,00000000
0,50720797;0,00000000;0,00000000
0,50731197;0,00000000;0,00000000
0,50741597;0,00000000;0,00000000
0,50751997;0,00000000;0,00000000
0,50762397;0,04336860;0,00000000
0,50772797;0,00000000;0,00000000
0,50783197;0,00000000;0,00000000
0,50793597;0,00000000;0,00000000
0,50803997;0,04336860;0,00000000
0,50814397;0,00000000;0,00000000
0,50824797;0,04336860;0,00000000
0,50835197;0,00000000;0,00000000
0,50845597;0,00000000;0,00000000
0,50855997;0,00000000;0,00000000
0,50866397;0,00000000;0,00000000
0,50876797;0,00000000;0,00000000
0,50887197;0,00000000;0,00000000
0,50897597;0,00000000;0,00000000
0,50907997;0,00000000;0,00000000
0,50918397;0,00000000;0,00000000
0,50928797;0,00000000;0,00000000
0,50939197;0,04336860;0,00000000
0,50949597;0,00000000;0,00000000
0,50959997;0,04336860;0,00000000
0,50970397;0,00000000;0,00000000
0,50980797;0,04336860;0,00000000
0,50991197;0,00000000;0,00000000
0,51001597;0,00000000;0,00000000
0,51011997;0,00000000;0,00000000
0,51022397;0,00000000;0,00000000
0,51032797;0,04336860;0,00000000
0,51043197;0,00000000;0,00000000
0,51053597;0,00000000;0,00000000
0,51063997;0,00000000;0,00000000
0,51074397;0,00000000;0,00000000
0,51084797;0,00000000;0,00000000
0,51095197;0,00000000;-0,01734744
0,51105597;0,00000000;0,00000000
0,51115997;0,00000000;0,00000000
0,51126397;0,00000000;0,00000000
0,51136797;0,00000000;0,00000000
0,51147197;0,00000000;0,00000000
0,51157597;0,00000000;0,00000000
0,51167997;0,04336860;0,00000000
0,51178397;0,00000000;0,00000000
0,51188797;0,00000000;0,00000000
0,51199197;0,00000000;0,00000000
0,51209597;0,04336860;0,00000000
0,51219997;0,00000000;0,00000000
0,51230397;0,00000000;0,00000000
0,51240797;0,00000000;0,00000000
0,51251197;0,04336860;0,00000000
0,51261597;0,00000000;0,00000000
0,51271997;0,04336860;0,00000000
0,51282397;0,04336860;0,00000000
0,51292797;0,00000000;0,00000000
0,51303197;0,00000000;0,00000000
0,51313597;0,00000000;0,00000000
0,51323997;0,04336860;0,00000000
0,51334397;0,04336860;0,00000000
0,51344797;0,00000000;0,00000000
0,51355197;0,00000000;0,00000000
0,51365597;0,00000000;0,00000000
0,51375997;0,04336860;0,00000000
0,51386397;0,00000000;0,00000000
0,51396797;0,00000000;0,00000000
0,51407197;0,00000000;0,00000000
0,51417597;0,00000000;0,00000000
0,51427997;0,00000000;0,00000000
0,51438397;0,00000000;0,00000000
0,51448797;0,04336860;0,00000000
0,51459197;0,04336860;-0,01734744
0,51469597;0,00000000;0,00000000
0,51479997;0,00000000;0,00000000
0,51490397;0,00000000;0,00000000
0,51500797;0,00000000;0,00000000
0,51511197;0,00000000;0,00000000
0,51521597;0,00000000;0,00000000
0,51531997;0,04336860;0,00000000
0,51542397;0,04336860;0,00000000
0,51552797;0,00000000;0,00000000
0,51563197;0,00000000;0,00000000
0,51573597;0,00000000;0,00000000
0,51583997;0,00000000;0,00000000
0,51594397;0,04336860;0,00000000
0,51604797;0,00000000;0,00000000
0,51615197;0,00000000;0,00000000
0,51625597;0,00000000;-0,01734744
0,51635997;0,00000000;0,00000000
0,51646397;0,00000000;0,00000000
0,51656797;0,00000000;-0,01734744
0,51667197;0,04336860;0,00000000
0,51677597;0,00000000;0,00000000
0,51687997;0,00000000;0,00000000
0,51698397;0,00000000;0,00000000
0,51708797;0,00000000;0,00000000
0,51719197;0,00000000;0,00000000
0,51729597;0,00000000;0,00000000
0,51739997;0,00000000;0,00000000
0,51750397;0,00000000;0,00000000
0,51760797;0,04336860;0,00000000
0,51771197;0,00000000;0,00000000
0,51781597;0,00000000;0,00000000
0,51791997;0,00000000;0,00000000
0,51802397;0,00000000;0,00000000
0,51812797;0,00000000;0,00000000
0,51823197;0,00000000;0,00000000
0,51833597;0,04336860;0,00000000
0,51843997;0,00000000;0,00000000
0,51854397;0,00000000;0,00000000
0,51864797;0,00000000;0,00000000
0,51875197;0,00000000;0,00000000
0,51885597;0,00000000;0,00000000
0,51895997;0,04336860;0,00000000
0,51906397;0,00000000;0,00000000
0,51916797;0,00000000;0,00000000
0,51927197;0,00000000;0,00000000
0,51937597;0,00000000;0,00000000
0,51947997;0,00000000;0,00000000
0,51958397;0,00000000;0,00000000
0,51968797;0,04336860;0,00000000
0,51979197;0,04336860;0,00000000
0,51989597;0,00000000;0,00000000
0,51999997;0,00000000;0,00000000
0,52010397;0,00000000;0,00000000
0,52020797;0,00000000;0,00000000
0,52031197;0,04336860;0,00000000
0,52041597;0,00000000;0,00000000
0,52051997;0,00000000;0,00000000
0,52062397;0,04336860;0,00000000
0,52072797;0,00000000;0,00000000
0,52083197;0,00000000;0,00000000
0,52093597;0,04336860;-0,01734744
0,52103997;0,00000000;0,00000000
0,52114397;0,00000000;-0,01734744
0,52124797;0,00000000;0,00000000
0,52135197;0,00000000;0,00000000
0,52145597;0,00000000;0,00000000
0,52155997;0,00000000;0,00000000
0,52166397;0,00000000;0,00000000
0,52176797;0,00000000;0,00000000
0,52187197;0,04336860;0,00000000
0,52197597;0,00000000;0,00000000
0,52207997;0,04336860;0,00000000
0,52218397;0,00000000;0,00000000
0,52228797;0,00000000;0,00000000
0,52239197;0,04336860;0,00000000
0,52249597;0,00000000;0,00000000
0,52259997;0,00000000;0,00000000
0,52270397;0,00000000;0,00000000
0,52280797;0,00000000;0,00000000
0,52291197;0,00000000;0,00000000
0,52301597;0,00000000;0,00000000
0,52311997;0,04336860;0,00000000
0,52322397;0,00000000;0,00000000
0,52332797;0,04336860;0,00000000
0,52343197;0,04336860;0,00000000
0,52353597;0,00000000;0,00000000
0,52363997;0,04336860;0,00000000
0,52374397;0,00000000;0,00000000
0,52384797;0,00000000;0,00000000
0,52395197;0,04336860;0,00000000
0,52405597;0,00000000;0,00000000
0,52415997;0,00000000;-0,01734744
0,52426397;0,00000000;0,00000000
0,52436797;0,00000000;0,00000000
0,52447197;0,00000000;0,00000000
0,52457597;0,00000000;0,00000000
0,52467997;0,00000000;0,00000000
0,52478397;0,00000000;0,00000000
0,52488797;0,00000000;0,00000000
0,52499197;0,04336860;0,00000000
0,52509597;0,00000000;0,00000000
0,52519997;0,00000000;0,00000000
0,52530397;0,00000000;-0,01734744
0,52540797;0,00000000;0,00000000
0,52551197;0,00000000;0,00000000
0,52561597;0,00000000;0,00000000
0,52571997;0,00000000;0,00000000
0,52582397;0,00000000;0,00000000
0,52592797;0,04336860;0,00000000
0,52603197;0,04336860;0,00000000
0,52613597;0,00000000;0,00000000
0,52623997;0,04336860;0,00000000
0,52634397;0,00000000;0,00000000
0,52644797;0,00000000;0,00000000
0,52655197;0,00000000;0,00000000
0,52665597;0,00000000;0,00000000
0,52675997;0,00000000;0,00000000
0,52686397;0,00000000;0,00000000
0,52696797;0,00000000;0,00000000
0,52707197;0,04336860;0,00000000
0,52717597;0,00000000;0,00000000
0,52727997;0,00000000;0,00000000
0,52738397;0,00000000;0,00000000
0,52748797;0,00000000;0,00000000
0,52759197;0,00000000;0,00000000
0,52769597;0,00000000;0,00000000
0,52779997;0,00000000;0,00000000
0,52790397;0,00000000;-0,01734744
0,52800797;0,00000000;0,00000000
0,52811197;0,04336860;0,00000000
0,52821597;0,00000000;0,00000000
0,52831997;0,00000000;0,00000000
0,52842397;0,00000000;0,00000000
0,52852797;0,00000000;0,00000000
0,52863197;0,00000000;0,00000000
0,52873597;0,04336860;0,00000000
0,52883997;0,00000000;0,00000000
0,52894397;0,04336860;0,00000000
0,52904797;0,00000000;0,00000000
0,52915197;0,00000000;0,00000000
0,52925597;0,00000000;0,00000000
0,52935997;0,04336860;0,00000000
0,52946397;0,00000000;0,00000000
0,52956797;0,00000000;0,00000000
0,52967197;0,00000000;0,00000000
0,52977597;0,04336860;0,00000000
0,52987997;0,04336860;0,00000000
0,52998397;-0,04336860;0,00000000
0,53008797;0,00000000;0,00000000
0,53019197;0,00000000;0,00000000
0,53029597;0,00000000;0,00000000
0,53039997;0,04336860;0,00000000
0,53050397;0,00000000;0,00000000
0,53060797;0,00000000;0,00000000
0,53071197;0,04336860;0,00000000
0,53081597;0,00000000;0,00000000
0,53091997;0,00000000;0,00000000
0,53102397;0,00000000;0,00000000
0,53112797;0,00000000;0,00000000
0,53123197;0,00000000;0,00000000
0,53133597;0,04336860;0,00000000
0,53143997;0,00000000;0,00000000
0,53154397;0,00000000;0,00000000
0,53164797;0,00000000;0,00000000
0,53175197;0,00000000;0,00000000
0,53185597;0,00000000;0,00000000
0,53195997;0,00000000;0,00000000
0,53206397;0,00000000;0,00000000
0,53216797;0,00000000;0,00000000
0,53227197;0,00000000;0,00000000
0,53237597;0,04336860;0,00000000
0,53247997;0,00000000;0,00000000
0,53258397;0,00000000;0,00000000
0,53268797;0,04336860;0,00000000
0,53279197;0,00000000;0,00000000
0,53289597;0,04336860;0,00000000
0,53299997;0,00000000;0,00000000
0,53310397;0,00000000;0,00000000
0,53320797;0,00000000;0,00000000
0,53331197;0,00000000;0,00000000
0,53341597;0,00000000;0,00000000
0,53351997;0,00000000;0,00000000
0,53362397;0,00000000;0,00000000
0,53372797;0,00000000;0,00000000
0,53383197;0,04336860;0,00000000
0,53393597;0,04336860;0,00000000
0,53403997;0,00000000;0,00000000
0,53414397;0,00000000;0,00000000
0,53424797;0,00000000;0,00000000
0,53435197;0,04336860;0,00000000
0,53445597;0,00000000;0,00000000
0,53455997;0,04336860;0,00000000
0,53466397;0,04336860;0,00000000
0,53476797;0,00000000;0,00000000
0,53487197;0,00000000;0,00000000
0,53497597;0,00000000;0,00000000
0,53507997;0,00000000;0,00000000
0,53518397;0,04336860;0,00000000
0,53528797;0,00000000;0,00000000
0,53539197;0,00000000;0,00000000
0,53549597;0,04336860;0,00000000
0,53559997;0,04336860;0,00000000
0,53570397;0,00000000;0,00000000
0,53580797;0,04336860;0,00000000
0,53591197;0,00000000;0,00000000
0,53601597;0,04336860;0,00000000
0,53611997;0,00000000;0,00000000
0,53622397;0,00000000;0,00000000
0,53632797;0,00000000;0,00000000
0,53643197;0,00000000;0,00000000
0,53653597;0,00000000;0,00000000
0,53663997;0,00000000;0,00000000
0,53674397;0,00000000;0,00000000
0,53684797;0,04336860;0,00000000
0,53695197;0,04336860;0,00000000
0,53705597;0,04336860;0,00000000
0,53715997;0,00000000;0,00000000
0,53726397;0,00000000;0,00000000
0,53736797;0,00000000;0,00000000
0,53747197;0,04336860;0,00000000
0,53757597;0,00000000;0,00000000
0,53767997;0,04336860;0,00000000
0,53778397;0,00000000;0,00000000
0,53788797;0,00000000;0,00000000
0,53799197;0,00000000;0,00000000
0,53809597;0,00000000;0,00000000
0,53819997;0,00000000;0,00000000
0,53830397;0,00000000;0,00000000
0,53840797;0,00000000;0,00000000
0,53851197;0,04336860;0,00000000
0,53861597;0,04336860;0,00000000
0,53871997;0,04336860;0,00000000
0,53882397;0,00000000;0,00000000
0,53892797;0,04336860;0,00000000
0,53903197;0,00000000;0,00000000
0,53913597;0,04336860;0,00000000
0,53923997;0,00000000;0,00000000
0,53934397;0,00000000;0,00000000
0,53944797;0,00000000;0,00000000
0,53955197;0,04336860;0,00000000
0,53965597;0,00000000;0,00000000
0,53975997;0,04336860;0,00000000
0,53986397;0,00000000;0,00000000
0,53996797;0,04336860;0,00000000
0,54007197;0,00000000;0,00000000
0,54017597;0,04336860;-0,01734744
0,54027997;0,00000000;0,00000000
0,54038397;0,00000000;0,00000000
0,54048797;0,00000000;0,00000000
0,54059197;0,04336860;0,00000000
0,54069597;0,00000000;0,00000000
0,54079997;0,00000000;0,00000000
0,54090397;0,00000000;0,00000000
0,54100797;0,04336860;0,00000000
0,54111197;0,00000000;0,00000000
0,54121597;0,04336860;0,00000000
0,54131997;0,00000000;0,00000000
0,54142397;0,04336860;0,00000000
0,54152797;0,00000000;0,00000000
0,54163197;0,00000000;0,00000000
0,54173597;0,00000000;0,00000000
0,54183997;0,00000000;-0,01734744
0,54194397;0,00000000;0,00000000
0,54204797;0,00000000;0,00000000
0,54215197;0,00000000;0,00000000
0,54225597;0,00000000;0,00000000
0,54235997;0,00000000;0,00000000
0,54246397;0,00000000;0,00000000
0,54256797;0,00000000;0,00000000
0,54267197;0,00000000;0,00000000
0,54277597;0,00000000;0,00000000
0,54287997;0,00000000;0,00000000
0,54298397;0,00000000;0,00000000
0,54308797;0,00000000;0,00000000
0,54319197;0,00000000;0,00000000
0,54329597;0,00000000;0,00000000
0,54339997;0,00000000;-0,01734744
0,54350397;0,00000000;0,00000000
0,54360797;0,04336860;0,00000000
0,54371197;0,00000000;0,00000000
0,54381597;0,04336860;0,00000000
0,54391997;0,04336860;0,00000000
0,54402397;0,00000000;0,00000000
0,54412797;0,00000000;0,00000000
0,54423197;0,04336860;0,00000000
0,54433597;0,00000000;0,00000000
0,54443997;0,00000000;0,00000000
0,54454397;0,00000000;0,00000000
0,54464797;0,00000000;0,00000000
0,54475197;0,00000000;0,00000000
0,54485597;0,00000000;0,00000000
0,54495997;0,00000000;0,00000000
0,54506397;0,00000000;0,00000000
0,54516797;0,04336860;0,00000000
0,54527197;0,00000000;0,00000000
0,54537597;0,00000000;0,00000000
0,54547997;0,00000000;0,00000000
0,54558397;0,00000000;0,00000000
0,54568797;0,00000000;0,00000000
0,54579197;0,00000000;0,00000000
0,54589597;0,00000000;0,00000000
0,54599997;0,00000000;-0,01734744
0,54610397;0,00000000;0,00000000
0,54620797;3,52331448;0,00000000
0,54631197;3,91470838;0,00000000
0,54641597;3,91470838;0,00000000
0,54651997;3,78429508;0,00000000
0,54662397;3,87133980;0,00000000
0,54672797;3,82781744;0,00000000
0,54683197;3,82781744;0,00000000
0,54693597;3,82781744;0,00000000
0,54703997;3,82781744;0,00000000
0,54714397;3,82781744;0,00000000
0,54724797;3,78429508;0,00000000
0,54735197;3,82781744;0,00000000
0,54745597;3,82781744;0,00000000
0,54755997;3,82781744;0,00000000
0,54766397;3,82781744;0,00000000
0,54776797;3,78429508;0,00000000
0,54787197;3,82781744;0,00000000
0,54797597;3,82781744;0,00000000
0,54807997;3,78429508;0,00000000
0,54818397;3,78429508;0,00000000
0,54828797;3,82781744;0,00000000
0,54839197;3,82781744;0,00000000
0,54849597;3,82781744;0,00000000
0,54859997;3,82781744;0,00000000
0,54870397;3,78429508;0,00000000
0,54880797;3,78429508;0,00000000
0,54891197;3,78429508;0,00000000
0,54901597;3,78429508;0,00000000
0,54911997;3,82781744;0,00000000
0,54922397;3,78429508;0,00000000
0,54932797;3,78429508;0,00000000
0,54943197;3,82781744;0,00000000
0,54953597;3,82781744;0,00000000
0,54963997;3,82781744;0,00000000
0,54974397;3,78429508;0,00000000
0,54984797;3,78429508;0,00000000
0,54995197;3,78429508;0,00000000
0,55005597;3,78429508;0,00000000
0,55015997;3,78429508;0,00000000
0,55026397;3,74077272;0,00000000
0,55036797;3,82781744;0,00000000
0,55047197;3,82781744;0,00000000
0,55057597;3,82781744;0,00000000
0,55067997;3,78429508;0,00000000
0,55078397;3,78429508;0,00000000
0,55088797;3,78429508;0,00000000
0,55099197;3,78429508;0,00000000
0,55109597;3,82781744;0,00000000
0,55119997;3,78429508;0,00000000
0,55130397;3,82781744;0,00000000
0,55140797;3,82781744;0,00000000
0,55151197;3,78429508;0,00000000
0,55161597;3,82781744;0,00000000
0,55171997;3,78429508;0,00000000
0,55182397;3,82781744;0,00000000
0,55192797;3,82781744;0,00000000
0,55203197;3,78429508;0,00000000
0,55213597;3,78429508;0,00000000
0,55223997;3,82781744;0,00000000
0,55234397;3,78429508;0,00000000
0,55244797;3,82781744;0,00000000
0,55255197;3,78429508;0,00000000
0,55265597;3,82781744;0,00000000
0,55275997;3,82781744;0,00000000
0,55286397;3,82781744;0,00000000
0,55296797;3,78429508;0,00000000
0,55307197;3,82781744;0,00000000
0,55317597;3,78429508;0,00000000
0,55327997;3,78429508;0,00000000
0,55338397;3,78429508;0,00000000
0,55348797;3,78429508;0,00000000
0,55359197;3,82781744;0,00000000
0,55369597;3,78429508;0,00000000
0,55379997;3,78429508;0,00000000
0,55390397;3,78429508;0,00000000
0,55400797;3,82781744;0,00000000
0,55411197;3,78429508;0,00000000
0,55421597;3,82781744;0,00000000
0,55431997;3,82781744;0,00000000
0,55442397;3,78429508;0,00000000
0,55452797;3,82781744;0,00000000
0,55463197;3,78429508;0,00000000
0,55473597;3,82781744;0,00000000
0,55483997;3,78429508;0,00000000
0,55494397;3,78429508;0,00000000
0,55504797;3,82781744;0,00000000
0,55515197;3,78429508;0,00000000
0,55525597;3,78429508;0,00000000
0,55535997;3,78429508;0,00000000
0,55546397;3,82781744;0,00000000
0,55556797;3,78429508;0,00000000
0,55567197;3,78429508;0,00000000
0,55577597;3,82781744;0,00000000
0,55587997;3,78429508;0,00000000
0,55598397;3,82781744;0,00000000
0,55608797;3,78429508;0,00000000
0,55619197;3,78429508;0,00000000
0,55629597;3,82781744;0,00000000
0,55639997;3,78429508;0,00000000
0,55650397;3,82781744;0,00000000
0,55660797;3,78429508;0,00000000
0,55671197;3,78429508;0,00000000
0,55681597;3,78429508;0,00000000
0,55691997;3,82781744;0,00000000
0,55702397;3,78429508;0,00000000
0,55712797;3,78429508;0,00000000
0,55723197;3,82781744;0,00000000
0,55733597;3,82781744;0,00000000
0,55743997;3,78429508;0,00000000
0,55754397;3,78429508;0,00000000
0,55764797;3,78429508;0,00000000
0,55775197;3,78429508;0,00000000
0,55785597;3,78429508;0,00000000
0,55795997;3,78429508;0,00000000
0,55806397;3,78429508;0,00000000
0,55816797;3,82781744;0,00000000
0,55827197;3,82781744;0,00000000
0,55837597;3,78429508;0,00000000
0,55847997;3,82781744;0,00000000
0,55858397;3,78429508;0,00000000
0,55868797;3,82781744;0,00000000
0,55879197;3,78429508;0,00000000
0,55889597;3,82781744;0,00000000
0,55899997;3,82781744;0,00000000
0,55910397;3,78429508;0,00000000
0,55920797;3,78429508;0,00000000
0,55931197;3,82781744;0,00000000
0,55941597;3,78429508;0,00000000
0,55951997;3,82781744;0,00000000
0,55962397;3,82781744;0,00000000
0,55972797;3,78429508;0,00000000
0,55983197;3,78429508;0,00000000
0,55993597;3,78429508;0,00000000
0,56003997;3,82781744;0,00000000
0,56014397;3,82781744;0,00000000
0,56024797;3,82781744;0,00000000
0,56035197;3,78429508;0,00000000
0,56045597;3,82781744;0,00000000
0,56055997;3,82781744;0,00000000
0,56066397;3,78429508;0,00000000
0,56076797;3,78429508;0,00000000
0,56087197;3,82781744;0,00000000
0,56097597;3,82781744;0,00000000
0,56107997;3,82781744;0,00000000
0,56118397;3,82781744;0,00000000
0,56128797;3,78429508;0,00000000
0,56139197;3,82781744;0,00000000
0,56149597;3,82781744;0,00000000
0,56159997;3,78429508;0,00000000
0,56170397;3,78429508;0,00000000
0,56180797;3,82781744;0,00000000
0,56191197;3,82781744;0,00000000
0,56201597;3,78429508;0,00000000
0,56211997;3,78429508;0,00000000
0,56222397;3,82781744;0,00000000
0,56232797;3,82781744;0,00000000
0,56243197;3,78429508;0,00000000
0,56253597;3,78429508;0,00000000
0,56263997;3,78429508;0,00000000
0,56274397;3,78429508;0,00000000
0,56284797;3,82781744;0,00000000
0,56295197;3,82781744;0,00000000
0,56305597;3,82781744;0,01734744
0,56315997;3,82781744;0,00000000
0,56326397;3,82781744;0,00000000
0,56336797;3,82781744;0,00000000
0,56347197;3,82781744;0,00000000
0,56357597;3,78429508;0,00000000
0,56367997;3,82781744;0,00000000
0,56378397;3,82781744;0,00000000
0,56388797;3,82781744;0,00000000
0,56399197;3,78429508;0,00000000
0,56409597;3,78429508;0,00000000
0,56419997;3,78429508;0,00000000
0,56430397;3,78429508;0,00000000
0,56440797;3,82781744;0,00000000
0,56451197;3,82781744;0,00000000
0,56461597;3,78429508;0,00000000
0,56471997;3,78429508;0,00000000
0,56482397;3,82781744;0,00000000
0,56492797;3,82781744;0,00000000
0,56503197;3,78429508;0,00000000
0,56513597;3,82781744;0,00000000
0,56523997;3,78429508;0,00000000
0,56534397;3,82781744;0,00000000
0,56544797;3,78429508;0,00000000
0,56555197;3,82781744;0,00000000
0,56565597;3,78429508;0,00000000
0,56575997;3,78429508;0,00000000
0,56586397;3,82781744;0,00000000
0,56596797;3,78429508;0,00000000
0,56607197;3,78429508;0,00000000
0,56617597;3,82781744;0,00000000
0,56627997;3,82781744;0,00000000
0,56638397;3,82781744;0,00000000
0,56648797;3,78429508;0,00000000
0,56659197;3,78429508;0,00000000
0,56669597;3,82781744;0,00000000
0,56679997;3,82781744;0,00000000
0,56690397;3,82781744;0,00000000
0,56700797;3,82781744;0,00000000
0,56711197;3,82781744;0,00000000
0,56721597;3,82781744;0,00000000
0,56731997;3,82781744;0,00000000
0,56742397;3,82781744;0,00000000
0,56752797;3,78429508;0,00000000
0,56763197;3,78429508;0,00000000
0,56773597;3,78429508;0,00000000
0,56783997;3,82781744;0,00000000
0,56794397;3,78429508;0,00000000
0,56804797;3,82781744;0,00000000
0,56815197;3,82781744;0,00000000
0,56825597;3,82781744;0,00000000
0,56835997;3,78429508;0,00000000
0,56846397;3,82781744;0,00000000
0,56856797;3,78429508;0,00000000
0,56867197;3,82781744;0,00000000
0,56877597;3,78429508;0,00000000
0,56887997;3,82781744;0,00000000
0,56898397;3,78429508;0,00000000
0,56908797;3,82781744;0,00000000
0,56919197;3,82781744;0,00000000
0,56929597;3,78429508;0,00000000
0,56939997;3,82781744;0,00000000
0,56950397;3,82781744;0,00000000
0,56960797;3,78429508;0,00000000
0,56971197;3,78429508;0,00000000
0,56981597;3,78429508;0,00000000
0,56991997;3,78429508;0,00000000
0,57002397;3,78429508;0,00000000
0,57012797;3,82781744;0,00000000
0,57023197;3,78429508;0,00000000
0,57033597;3,78429508;0,00000000
0,57043997;3,82781744;0,00000000
0,57054397;3,78429508;0,00000000
0,57064797;3,82781744;0,00000000
0,57075197;3,82781744;0,00000000
0,57085597;3,78429508;0,00000000
0,57095997;3,78429508;0,00000000
0,57106397;3,82781744;0,00000000
0,57116797;3,82781744;0,00000000
0,57127197;3,78429508;0,00000000
0,57137597;3,82781744;0,00000000
0,57147997;3,82781744;0,00000000
0,57158397;3,78429508;0,00000000
0,57168797;3,82781744;0,00000000
0,57179197;3,82781744;0,00000000
0,57189597;3,82781744;0,00000000
0,57199997;3,82781744;0,00000000
0,57210397;3,78429508;0,00000000
0,57220797;3,82781744;0,00000000
0,57231197;3,82781744;0,00000000
0,57241597;3,78429508;0,00000000
0,57251997;3,78429508;0,00000000
0,57262397;3,78429508;0,00000000
0,57272797;3,78429508;0,00000000
0,57283197;3,78429508;0,00000000
0,57293597;3,78429508;0,00000000
0,57303997;3,82781744;0,00000000
0,57314397;3,78429508;0,00000000
0,57324797;3,78429508;0,00000000
0,57335197;3,78429508;0,00000000
0,57345597;3,82781744;0,00000000
0,57355997;3,82781744;0,00000000
0,57366397;3,82781744;0,00000000
0,57376797;3,78429508;0,00000000
0,57387197;3,82781744;0,00000000
0,57397597;3,78429508;0,00000000
0,57407997;3,82781744;0,00000000
0,57418397;3,78429508;0,00000000
0,57428797;3,78429508;0,00000000
0,57439197;3,78429508;0,00000000
0,57449597;3,82781744;0,00000000
0,57459997;3,78429508;0,00000000
0,57470397;3,82781744;0,00000000
0,57480797;3,82781744;0,00000000
0,57491197;3,78429508;0,00000000
0,57501597;3,82781744;0,00000000
0,57511997;3,82781744;0,00000000
0,57522397;3,78429508;0,00000000
0,57532797;3,82781744;0,01734744
0,57543197;3,82781744;0,00000000
0,57553597;3,82781744;0,00000000
0,57563997;3,82781744;0,00000000
0,57574397;3,78429508;0,00000000
0,57584797;3,82781744;0,00000000
0,57595197;3,82781744;0,00000000
0,57605597;3,78429508;0,00000000
0,57615997;3,82781744;0,00000000
0,57626397;3,82781744;0,00000000
0,57636797;3,82781744;0,00000000
0,57647197;3,82781744;0,00000000
0,57657597;3,82781744;0,00000000
0,57667997;3,78429508;0,00000000
0,57678397;3,82781744;0,00000000
0,57688797;3,82781744;0,00000000
0,57699197;3,82781744;0,00000000
0,57709597;3,78429508;0,00000000
0,57719997;3,82781744;0,00000000
0,57730397;3,78429508;0,00000000
0,57740797;3,82781744;0,00000000
0,57751197;3,78429508;0,00000000
0,57761597;3,82781744;0,00000000
0,57771997;3,78429508;0,00000000
0,57782397;3,82781744;0,00000000
0,57792797;3,78429508;0,00000000
0,57803197;3,82781744;0,00000000
0,57813597;3,78429508;0,00000000
0,57823997;3,82781744;0,00000000
0,57834397;3,82781744;0,00000000
0,57844797;3,82781744;0,00000000
0,57855197;3,78429508;0,00000000
0,57865597;3,82781744;0,00000000
0,57875997;3,82781744;0,00000000
0,57886397;3,82781744;0,00000000
0,57896797;3,78429508;0,00000000
0,57907197;3,82781744;0,00000000
0,57917597;3,78429508;0,00000000
0,57927997;3,78429508;0,00000000
0,57938397;3,87133980;0,00000000
0,57948797;3,82781744;0,00000000
0,57959197;3,82781744;0,00000000
0,57969597;3,82781744;0,00000000
0,57979997;3,82781744;0,00000000
0,57990397;3,82781744;0,00000000
0,58000797;3,78429508;0,00000000
0,58011197;3,82781744;0,00000000
0,58021597;3,78429508;0,00000000
0,58031997;3,82781744;0,00000000
0,58042397;3,82781744;0,00000000
0,58052797;3,78429508;0,00000000
0,58063197;3,82781744;0,00000000
0,58073597;3,78429508;0,00000000
0,58083997;3,82781744;0,00000000
0,58094397;3,82781744;0,00000000
0,58104797;3,78429508;0,00000000
0,58115197;3,78429508;0,00000000
0,58125597;3,82781744;0,00000000
0,58135997;3,82781744;0,00000000
0,58146397;3,82781744;0,00000000
0,58156797;3,78429508;0,00000000
0,58167197;3,82781744;0,00000000
0,58177597;3,82781744;0,00000000
0,58187997;3,82781744;0,00000000
0,58198397;3,82781744;0,00000000
0,58208797;3,82781744;0,00000000
0,58219197;3,82781744;0,00000000
0,58229597;3,82781744;0,00000000
0,58239997;3,82781744;0,00000000
0,58250397;3,82781744;0,00000000
0,58260797;3,78429508;0,00000000
0,58271197;3,82781744;0,00000000
0,58281597;3,78429508;0,00000000
0,58291997;3,78429508;0,00000000
0,58302397;3,82781744;0,00000000
0,58312797;3,78429508;0,00000000
0,58323197;3,78429508;0,00000000
0,58333597;3,78429508;0,00000000
0,58343997;3,82781744;0,00000000
0,58354397;3,78429508;0,00000000
0,58364797;3,82781744;0,00000000
0,58375197;3,78429508;0,00000000
0,58385597;3,82781744;0,00000000
0,58395997;3,78429508;0,00000000
0,58406397;3,82781744;0,00000000
0,58416797;3,82781744;0,00000000
0,58427197;3,78429508;0,00000000
0,58437597;3,78429508;0,00000000
0,58447997;3,82781744;0,00000000
0,58458397;3,82781744;0,00000000
0,58468797;3,78429508;0,00000000
0,58479197;3,78429508;0,00000000
0,58489597;3,82781744;0,00000000
0,58499997;3,82781744;0,00000000
0,58510397;3,82781744;0,00000000
0,58520797;3,78429508;0,00000000
0,58531197;3,82781744;0,00000000
0,58541597;3,78429508;0,00000000
0,58551997;3,82781744;0,00000000
0,58562397;3,78429508;0,00000000
0,58572797;3,78429508;0,00000000
0,58583197;3,78429508;0,00000000
0,58593597;3,82781744;0,00000000
0,58603997;3,82781744;0,00000000
0,58614397;3,78429508;0,00000000
0,58624797;3,82781744;0,00000000
0,58635197;3,82781744;0,00000000
0,58645597;3,78429508;0,00000000
0,58655997;3,78429508;0,00000000
0,58666397;3,78429508;0,00000000
0,58676797;3,82781744;0,00000000
0,58687197;3,78429508;0,00000000
0,58697597;3,82781744;0,00000000
0,58707997;3,82781744;0,00000000
0,58718397;3,78429508;0,00000000
0,58728797;3,78429508;0,00000000
0,58739197;3,82781744;0,00000000
0,58749597;3,82781744;0,00000000
0,58759997;3,82781744;0,00000000
0,58770397;3,82781744;0,00000000
0,58780797;3,82781744;0,00000000
0,58791197;3,78429508;0,00000000
0,58801597;3,78429508;0,00000000
0,58811997;3,82781744;0,00000000
0,58822397;3,82781744;0,00000000
0,58832797;3,78429508;0,00000000
0,58843197;3,82781744;0,00000000
0,58853597;3,78429508;0,00000000
0,58863997;3,82781744;0,00000000
0,58874397;3,82781744;0,00000000
0,58884797;3,82781744;0,00000000
0,58895197;3,82781744;0,00000000
0,58905597;3,82781744;0,00000000
0,58915997;3,82781744;0,00000000
0,58926397;3,82781744;0,00000000
0,58936797;3,82781744;0,00000000
0,58947197;3,82781744;0,00000000
0,58957597;3,78429508;0,00000000
0,58967997;3,82781744;0,00000000
0,58978397;3,82781744;0,00000000
0,58988797;3,82781744;0,00000000
0,58999197;3,82781744;0,00000000
0,59009597;3,82781744;0,00000000
0,59019997;3,78429508;0,00000000
0,59030397;3,78429508;0,00000000
0,59040797;3,78429508;0,00000000
0,59051197;3,82781744;0,00000000
0,59061597;3,82781744;0,00000000
0,59071997;3,78429508;0,00000000
0,59082397;3,78429508;0,00000000
0,59092797;3,78429508;0,00000000
0,59103197;3,78429508;0,00000000
0,59113597;3,78429508;0,00000000
0,59123997;3,78429508;0,00000000
0,59134397;3,78429508;0,00000000
0,59144797;3,78429508;0,00000000
0,59155197;3,82781744;0,00000000
0,59165597;3,78429508;0,00000000
0,59175997;3,82781744;0,00000000
0,59186397;3,78429508;0,00000000
0,59196797;3,82781744;0,00000000
0,59207197;3,78429508;0,00000000
0,59217597;3,78429508;0,00000000
0,59227997;3,78429508;0,00000000
0,59238397;3,78429508;0,00000000
0,59248797;3,78429508;0,00000000
0,59259197;3,82781744;0,00000000
0,59269597;3,78429508;0,00000000
0,59279997;3,82781744;0,00000000
0,59290397;3,82781744;0,00000000
0,59300797;3,82781744;0,00000000
0,59311197;3,82781744;0,00000000
0,59321597;3,82781744;0,00000000
0,59331997;3,78429508;0,00000000
0,59342397;3,78429508;0,00000000
0,59352797;3,82781744;0,00000000
0,59363197;3,82781744;0,01734744
0,59373597;3,82781744;0,00000000
0,59383997;3,82781744;0,00000000
0,59394397;3,82781744;0,00000000
0,59404797;3,78429508;0,00000000
0,59415197;3,78429508;0,00000000
0,59425597;3,78429508;0,00000000
0,59435997;3,78429508;0,00000000
0,59446397;3,82781744;0,00000000
0,59456797;3,78429508;0,00000000
0,59467197;3,82781744;0,00000000
0,59477597;3,78429508;0,00000000
0,59487997;3,78429508;0,00000000
0,59498397;3,78429508;0,00000000
0,59508797;3,82781744;0,00000000
0,59519197;3,82781744;0,00000000
0,59529597;3,82781744;0,00000000
0,59539997;3,78429508;0,00000000
0,59550397;3,82781744;0,00000000
0,59560797;3,78429508;0,00000000
0,59571197;3,82781744;0,00000000
0,59581597;3,82781744;0,00000000
0,59591997;3,78429508;0,00000000
0,59602397;3,82781744;0,00000000
0,59612797;3,82781744;0,00000000
0,59623197;3,78429508;0,00000000
0,59633597;3,78429508;0,00000000
0,59643997;3,78429508;0,00000000
0,59654397;3,82781744;0,00000000
0,59664797;3,82781744;0,00000000
0,59675197;3,82781744;0,00000000
0,59685597;3,78429508;0,00000000
0,59695997;3,82781744;0,00000000
0,59706397;3,82781744;0,00000000
0,59716797;3,78429508;0,00000000
0,59727197;3,82781744;0,00000000
0,59737597;3,82781744;0,00000000
0,59747997;3,82781744;0,00000000
0,59758397;3,82781744;0,00000000
0,59768797;3,82781744;0,00000000
0,59779197;3,82781744;0,00000000
0,59789597;3,78429508;0,00000000
0,59799997;3,78429508;0,00000000
0,59810397;3,78429508;0,00000000
0,59820797;3,87133980;0,00000000
0,59831197;3,78429508;0,00000000
0,59841597;3,82781744;0,00000000
0,59851997;3,78429508;0,01734744
0,59862397;3,82781744;0,00000000
0,59872797;3,78429508;0,00000000
0,59883197;3,82781744;0,00000000
0,59893597;3,82781744;0,00000000
0,59903997;3,78429508;0,00000000
0,59914397;3,82781744;0,00000000
0,59924797;3,78429508;0,00000000
0,59935197;3,78429508;0,00000000
0,59945597;3,82781744;0,00000000
0,59955997;3,78429508;0,00000000
0,59966397;3,82781744;0,00000000
0,59976797;3,82781744;0,00000000
0,59987197;3,82781744;0,00000000
0,59997597;3,78429508;0,00000000
0,60007997;3,82781744;0,00000000
0,60018397;3,78429508;0,00000000
0,60028797;3,82781744;0,00000000
0,60039197;3,78429508;0,00000000
0,60049597;3,78429508;0,00000000
0,60059997;3,82781744;0,00000000
0,60070397;3,82781744;0,00000000
0,60080797;3,82781744;0,00000000
0,60091197;3,78429508;0,00000000
0,60101597;3,82781744;0,00000000
0,60111997;3,82781744;0,00000000
0,60122397;3,82781744;0,00000000
0,60132797;3,82781744;0,00000000
0,60143197;3,78429508;0,00000000
0,60153597;3,78429508;0,00000000
0,60163997;3,82781744;0,00000000
0,60174397;3,78429508;0,00000000
0,60184797;3,82781744;0,00000000
0,60195197;3,82781744;0,00000000
0,60205597;3,78429508;0,00000000
0,60215997;3,78429508;0,00000000
0,60226397;3,78429508;0,00000000
0,60236797;3,82781744;0,00000000
0,60247197;3,82781744;0,00000000
0,60257597;3,82781744;0,00000000
0,60267997;3,78429508;0,00000000
0,60278397;3,82781744;0,00000000
0,60288797;3,78429508;0,00000000
0,60299197;3,78429508;0,00000000
0,60309597;3,78429508;0,00000000
0,60319997;3,82781744;0,00000000
0,60330397;3,78429508;0,00000000
0,60340797;3,82781744;0,00000000
0,60351197;3,82781744;0,00000000
0,60361597;3,82781744;0,00000000
0,60371997;3,82781744;0,00000000
0,60382397;3,78429508;0,00000000
0,60392797;3,78429508;0,00000000
0,60403197;3,82781744;0,00000000
0,60413597;3,78429508;0,00000000
0,60423997;3,82781744;0,00000000
0,60434397;3,78429508;0,00000000
0,60444797;3,78429508;0,00000000
0,60455197;3,78429508;0,00000000
0,60465597;3,78429508;0,00000000
0,60475997;3,82781744;0,00000000
0,60486397;3,82781744;0,00000000
0,60496797;3,82781744;0,00000000
0,60507197;3,82781744;0,00000000
0,60517597;3,82781744;0,00000000
0,60527997;3,78429508;0,00000000
0,60538397;3,82781744;0,00000000
0,60548797;3,78429508;0,00000000
0,60559197;3,78429508;0,00000000
0,60569597;3,82781744;0,00000000
0,60579997;3,78429508;0,00000000
0,60590397;3,78429508;0,00000000
0,60600797;3,78429508;0,00000000
0,60611197;3,82781744;0,00000000
0,60621597;3,82781744;0,00000000
0,60631997;3,82781744;0,00000000
0,60642397;3,78429508;0,00000000
0,60652797;3,82781744;0,00000000
0,60663197;3,82781744;0,00000000
0,60673597;3,82781744;0,01734744
0,60683997;3,82781744;0,00000000
0,60694397;3,82781744;0,00000000
0,60704797;3,82781744;0,00000000
0,60715197;3,78429508;0,00000000
0,60725597;3,82781744;0,00000000
0,60735997;3,82781744;0,00000000
0,60746397;3,82781744;0,00000000
0,60756797;3,78429508;0,00000000
0,60767197;3,82781744;0,00000000
0,60777597;3,82781744;0,00000000
0,60787997;3,82781744;0,00000000
0,60798397;3,82781744;0,00000000
0,60808797;3,82781744;0,00000000
0,60819197;3,78429508;0,00000000
0,60829597;3,82781744;0,00000000
0,60839997;3,82781744;0,00000000
0,60850397;3,78429508;0,00000000
0,60860797;3,78429508;0,00000000
0,60871197;3,78429508;0,00000000
0,60881597;3,82781744;0,00000000
0,60891997;3,82781744;0,00000000
0,60902397;3,82781744;0,00000000
0,60912797;3,78429508;0,00000000
0,60923197;3,78429508;0,00000000
0,60933597;3,82781744;0,00000000
0,60943997;3,82781744;0,00000000
0,60954397;3,82781744;0,00000000
0,60964797;3,82781744;0,00000000
0,60975197;3,82781744;0,00000000
0,60985597;3,82781744;0,00000000
0,60995997;3,82781744;0,00000000
0,61006397;3,82781744;0,00000000
0,61016797;3,78429508;0,00000000
0,61027197;3,82781744;0,00000000
0,61037597;3,78429508;0,00000000
0,61047997;3,82781744;0,00000000
0,61058397;3,78429508;0,00000000
0,61068797;3,78429508;0,00000000
0,61079197;3,78429508;0,00000000
0,61089597;3,82781744;0,00000000
0,61099997;3,82781744;0,00000000
0,61110397;3,82781744;0,00000000
0,61120797;3,82781744;0,00000000
0,61131197;3,82781744;0,00000000
0,61141597;3,78429508;0,00000000
0,61151997;3,82781744;0,00000000
0,61162397;3,82781744;0,00000000
0,61172797;3,82781744;0,00000000
0,61183197;3,78429508;0,00000000
0,61193597;3,82781744;0,00000000
0,61203997;3,82781744;0,00000000
0,61214397;3,82781744;0,00000000
0,61224797;3,78429508;0,00000000
0,61235197;3,78429508;0,00000000
0,61245597;3,82781744;0,00000000
0,61255997;3,82781744;0,00000000
0,61266397;3,78429508;0,00000000
0,61276797;3,82781744;0,00000000
0,61287197;3,82781744;0,00000000
0,61297597;3,82781744;0,00000000
0,61307997;3,78429508;0,00000000
0,61318397;3,82781744;0,00000000
0,61328797;3,78429508;0,00000000
0,61339197;3,87133980;0,00000000
0,61349597;3,82781744;0,00000000
0,61359997;3,82781744;0,00000000
0,61370397;3,82781744;0,00000000
0,61380797;3,82781744;0,00000000
0,61391197;3,78429508;0,00000000
0,61401597;3,78429508;0,00000000
0,61411997;3,78429508;0,00000000
0,61422397;3,82781744;0,00000000
0,61432797;3,82781744;0,00000000
0,61443197;3,82781744;0,00000000
0,61453597;3,82781744;0,00000000
0,61463997;3,78429508;0,00000000
0,61474397;3,82781744;0,00000000
0,61484797;3,82781744;0,00000000
0,61495197;3,82781744;0,00000000
0,61505597;3,82781744;0,00000000
0,61515997;3,82781744;0,00000000
0,61526397;3,82781744;0,00000000
0,61536797;3,78429508;0,00000000
0,61547197;3,82781744;0,00000000
0,61557597;3,82781744;0,00000000
0,61567997;3,82781744;0,00000000
0,61578397;3,82781744;0,00000000
0,61588797;3,82781744;0,00000000
0,61599197;3,82781744;0,00000000
0,61609597;3,82781744;0,00000000
0,61619997;3,82781744;0,00000000
0,61630397;3,82781744;0,00000000
0,61640797;3,82781744;0,00000000
0,61651197;3,82781744;0,00000000
0,61661597;3,82781744;0,00000000
0,61671997;3,82781744;0,00000000
0,61682397;3,78429508;0,00000000
0,61692797;3,82781744;0,00000000
0,61703197;3,82781744;0,00000000
0,61713597;3,82781744;0,00000000
0,61723997;3,78429508;0,00000000
0,61734397;3,82781744;0,00000000
0,61744797;3,82781744;0,00000000
0,61755197;3,82781744;0,00000000
0,61765597;3,82781744;0,00000000
0,61775997;3,78429508;0,00000000
0,61786397;3,78429508;0,00000000
0,61796797;3,82781744;0,00000000
0,61807197;3,82781744;0,00000000
0,61817597;3,78429508;0,00000000
0,61827997;3,82781744;0,00000000
0,61838397;3,82781744;0,00000000
0,61848797;3,78429508;0,00000000
0,61859197;3,82781744;0,00000000
0,61869597;3,78429508;0,00000000
0,61879997;3,82781744;0,00000000
0,61890397;3,78429508;0,00000000
0,61900797;3,82781744;0,00000000
0,61911197;3,82781744;0,00000000
0,61921597;3,82781744;0,00000000
0,61931997;3,78429508;0,00000000
0,61942397;3,78429508;0,00000000
0,61952797;3,82781744;0,00000000
0,61963197;3,78429508;0,00000000
0,61973597;3,78429508;0,00000000
0,61983997;3,82781744;0,00000000
0,61994397;3,82781744;0,00000000
0,62004797;3,82781744;0,00000000
0,62015197;3,78429508;0,00000000
0,62025597;3,82781744;0,00000000
0,62035997;3,82781744;0,01734744
0,62046397;3,78429508;0,00000000
0,62056797;3,82781744;0,00000000
0,62067197;3,82781744;0,00000000
0,62077597;3,82781744;0,00000000
0,62087997;3,78429508;0,00000000
0,62098397;3,82781744;0,00000000
0,62108797;3,82781744;0,00000000
0,62119197;3,82781744;0,00000000
0,62129597;3,82781744;0,00000000
0,62139997;3,78429508;0,00000000
0,62150397;3,82781744;0,00000000
0,62160797;3,82781744;0,00000000
0,62171197;3,82781744;0,00000000
0,62181597;3,78429508;0,00000000
0,62191997;3,82781744;0,00000000
0,62202397;3,78429508;0,00000000
0,62212797;3,82781744;0,00000000
0,62223197;3,78429508;0,00000000
0,62233597;3,82781744;0,00000000
0,62243997;3,82781744;0,00000000
0,62254397;3,82781744;0,00000000
0,62264797;3,78429508;0,00000000
0,62275197;3,82781744;0,00000000
0,62285597;3,78429508;0,00000000
0,62295997;3,82781744;0,00000000
0,62306397;3,82781744;0,00000000
0,62316797;3,78429508;0,00000000
0,62327197;3,82781744;0,00000000
0,62337597;3,82781744;0,00000000
0,62347997;3,78429508;0,00000000
0,62358397;3,82781744;0,00000000
0,62368797;3,82781744;0,00000000
0,62379197;3,78429508;0,00000000
0,62389597;3,78429508;0,00000000
0,62399997;3,82781744;0,00000000
0,62410397;3,82781744;0,00000000
0,62420797;3,82781744;0,00000000
0,62431197;3,82781744;0,00000000
0,62441597;3,82781744;0,00000000
0,62451997;3,78429508;0,00000000
0,62462397;3,82781744;0,00000000
0,62472797;3,82781744;0,00000000
0,62483197;3,82781744;0,00000000
0,62493597;3,78429508;0,00000000
0,62503997;3,82781744;0,00000000
0,62514397;3,78429508;0,00000000
0,62524797;3,78429508;0,00000000
0,62535197;3,78429508;0,00000000
0,62545597;3,82781744;0,00000000
0,62555997;3,78429508;0,00000000
0,62566397;3,82781744;0,00000000
0,62576797;3,78429508;0,00000000
0,62587197;3,82781744;0,00000000
0,62597597;3,78429508;0,00000000
0,62607997;3,78429508;0,00000000
0,62618397;3,78429508;0,00000000
0,62628797;3,82781744;0,00000000
0,62639197;3,82781744;0,00000000
0,62649597;3,78429508;0,00000000
0,62659997;3,82781744;0,00000000
0,62670397;3,78429508;0,00000000
0,62680797;3,82781744;0,00000000
0,62691197;3,82781744;0,00000000
0,62701597;3,82781744;0,00000000
0,62711997;3,78429508;0,00000000
0,62722397;3,82781744;0,00000000
0,62732797;3,82781744;0,00000000
0,62743197;3,78429508;0,00000000
0,62753597;3,78429508;0,00000000
0,62763997;3,78429508;0,00000000
0,62774397;3,82781744;0,00000000
0,62784797;3,82781744;0,00000000
0,62795197;3,82781744;0,00000000
0,62805597;3,82781744;0,00000000
0,62815997;3,78429508;0,00000000
0,62826397;3,82781744;0,00000000
0,62836797;3,82781744;0,00000000
0,62847197;3,82781744;0,00000000
0,62857597;3,82781744;0,00000000
0,62867997;3,82781744;0,00000000
0,62878397;3,82781744;0,00000000
0,62888797;3,82781744;0,00000000
0,62899197;3,82781744;0,00000000
0,62909597;3,82781744;0,00000000
0,62919997;3,82781744;0,00000000
0,62930397;3,82781744;0,00000000
0,62940797;3,82781744;0,00000000
0,62951197;3,78429508;0,00000000
0,62961597;3,82781744;0,00000000
0,62971997;3,82781744;0,00000000
0,62982397;3,78429508;0,00000000
0,62992797;3,78429508;0,00000000
0,63003197;3,78429508;0,00000000
0,63013597;3,78429508;0,00000000
0,63023997;3,82781744;0,00000000
0,63034397;3,78429508;0,00000000
0,63044797;3,78429508;0,00000000
0,63055197;3,82781744;0,00000000
0,63065597;3,78429508;0,00000000
0,63075997;3,82781744;0,00000000
0,63086397;3,78429508;0,00000000
0,63096797;3,82781744;0,00000000
0,63107197;3,78429508;0,00000000
0,63117597;3,82781744;0,00000000
0,63127997;3,82781744;0,00000000
0,63138397;3,82781744;0,00000000
0,63148797;3,82781744;0,00000000
0,63159197;3,78429508;0,00000000
0,63169597;3,82781744;0,00000000
0,63179997;3,82781744;0,00000000
0,63190397;3,82781744;0,00000000
0,63200797;3,78429508;0,00000000
0,63211197;3,82781744;0,00000000
0,63221597;3,82781744;0,00000000
0,63231997;3,82781744;0,00000000
0,63242397;3,78429508;0,00000000
0,63252797;3,82781744;0,00000000
0,63263197;3,82781744;0,00000000
0,63273597;3,82781744;0,00000000
0,63283997;3,82781744;0,00000000
0,63294397;3,82781744;0,00000000
0,63304797;3,78429508;0,00000000
0,63315197;3,78429508;0,00000000
0,63325597;3,82781744;0,00000000
0,63335997;3,78429508;0,00000000
0,63346397;3,78429508;0,00000000
0,63356797;3,82781744;0,00000000
0,63367197;3,82781744;0,00000000
0,63377597;3,82781744;0,00000000
0,63387997;3,82781744;0,00000000
0,63398397;3,82781744;0,00000000
0,63408797;3,78429508;0,00000000
0,63419197;3,78429508;0,00000000
0,63429597;3,82781744;0,00000000
0,63439997;3,82781744;0,00000000
0,63450397;3,82781744;0,00000000
0,63460797;3,78429508;0,00000000
0,63471197;3,78429508;0,00000000
0,63481597;3,82781744;0,00000000
0,63491997;3,82781744;0,00000000
0,63502397;3,82781744;0,00000000
0,63512797;3,82781744;0,00000000
0,63523197;3,78429508;0,00000000
0,63533597;3,78429508;0,00000000
0,63543997;3,82781744;0,00000000
0,63554397;3,82781744;0,00000000
0,63564797;3,82781744;0,00000000
0,63575197;3,82781744;0,00000000
0,63585597;3,82781744;0,00000000
0,63595997;3,82781744;0,00000000
0,63606397;3,78429508;0,00000000
0,63616797;3,82781744;0,00000000
0,63627197;3,82781744;0,00000000
0,63637597;3,82781744;0,00000000
0,63647997;3,78429508;0,00000000
0,63658397;3,82781744;0,00000000
0,63668797;3,82781744;0,00000000
0,63679197;3,82781744;0,00000000
0,63689597;3,82781744;0,00000000
0,63699997;3,78429508;0,00000000
0,63710397;3,82781744;0,00000000
0,63720797;3,78429508;0,00000000
0,63731197;3,78429508;0,00000000
0,63741597;3,82781744;0,00000000
0,63751997;3,82781744;0,00000000
0,63762397;3,78429508;0,00000000
0,63772797;3,82781744;0,00000000
0,63783197;3,82781744;0,00000000
0,63793597;3,82781744;0,00000000
0,63803997;3,82781744;0,00000000
0,63814397;3,82781744;0,00000000
0,63824797;3,82781744;0,00000000
0,63835197;3,82781744;0,00000000
0,63845597;3,82781744;0,00000000
0,63855997;3,78429508;0,00000000
0,63866397;3,82781744;0,00000000
0,63876797;3,78429508;0,01734744
0,63887197;3,78429508;0,00000000
0,63897597;3,78429508;0,00000000
0,63907997;3,82781744;0,00000000
0,63918397;3,82781744;0,00000000
0,63928797;3,78429508;0,00000000
0,63939197;3,82781744;0,00000000
0,63949597;3,82781744;0,00000000
0,63959997;3,78429508;0,00000000
0,63970397;3,78429508;0,00000000
0,63980797;3,78429508;0,00000000
0,63991197;3,82781744;0,00000000
0,64001597;3,82781744;0,00000000
0,64011997;3,82781744;0,00000000
0,64022397;3,82781744;0,00000000
0,64032797;3,82781744;0,00000000
0,64043197;3,82781744;0,00000000
0,64053597;3,78429508;0,00000000
0,64063997;3,82781744;0,00000000
0,64074397;3,82781744;0,00000000
0,64084797;3,82781744;0,00000000
0,64095197;3,82781744;0,00000000
0,64105597;3,78429508;0,00000000
0,64115997;3,82781744;0,00000000
0,64126397;3,78429508;0,00000000
0,64136797;3,82781744;0,00000000
0,64147197;3,78429508;0,00000000
0,64157597;3,82781744;0,00000000
0,64167997;3,78429508;0,00000000
0,64178397;3,78429508;0,00000000
0,64188797;3,82781744;0,00000000
0,64199197;3,82781744;0,00000000
0,64209597;3,78429508;0,00000000
0,64219997;3,82781744;0,00000000
0,64230397;3,78429508;0,00000000
0,64240797;3,82781744;0,00000000
0,64251197;3,82781744;0,00000000
0,64261597;3,78429508;0,00000000
0,64271997;3,78429508;0,00000000
0,64282397;3,78429508;0,00000000
0,64292797;3,78429508;0,00000000
0,64303197;3,82781744;0,00000000
0,64313597;3,82781744;0,00000000
0,64323997;3,82781744;0,00000000
0,64334397;3,82781744;0,00000000
0,64344797;3,78429508;0,00000000
0,64355197;3,82781744;0,00000000
0,64365597;3,78429508;0,00000000
0,64375997;3,82781744;0,00000000
0,64386397;3,78429508;0,00000000
0,64396797;3,82781744;0,00000000
0,64407197;3,78429508;0,00000000
0,64417597;3,82781744;0,00000000
0,64427997;3,82781744;0,00000000
0,64438397;3,78429508;0,00000000
0,64448797;3,78429508;0,00000000
0,64459197;3,82781744;0,00000000
0,64469597;3,78429508;0,00000000
0,64479997;3,82781744;0,00000000
0,64490397;3,82781744;0,00000000
0,64500797;3,82781744;0,00000000
0,64511197;3,78429508;0,00000000
0,64521597;3,78429508;0,00000000
0,64531997;3,82781744;0,00000000
0,64542397;3,82781744;0,00000000
0,64552797;3,82781744;0,00000000
0,64563197;3,82781744;0,00000000
0,64573597;3,78429508;0,00000000
0,64583997;3,82781744;0,00000000
0,64594397;3,82781744;0,00000000
0,64604797;3,82781744;0,00000000
0,64615197;3,78429508;0,00000000
0,64625597;3,82781744;0,00000000
0,64635997;3,82781744;0,01734744
0,64646397;3,82781744;0,00000000
0,64656797;3,82781744;0,00000000
0,64667197;3,78429508;0,00000000
0,64677597;3,82781744;0,00000000
0,64687997;3,82781744;0,00000000
0,64698397;3,82781744;0,00000000
0,64708797;3,78429508;0,00000000
0,64719197;3,82781744;0,00000000
0,64729597;3,82781744;0,00000000
0,64739997;3,82781744;0,00000000
0,64750397;3,82781744;0,00000000
0,64760797;3,78429508;0,00000000
0,64771197;3,82781744;0,00000000
0,64781597;3,82781744;0,00000000
0,64791997;3,78429508;0,00000000
0,64802397;3,82781744;0,00000000
0,64812797;3,82781744;0,00000000
0,64823197;3,78429508;0,00000000
0,64833597;3,82781744;0,01734744
0,64843997;3,82781744;0,00000000
0,64854397;3,82781744;0,00000000
0,64864797;3,82781744;0,00000000
0,64875197;3,82781744;0,00000000
0,64885597;3,82781744;0,00000000
0,64895997;3,82781744;0,00000000
0,64906397;3,82781744;0,00000000
0,64916797;3,82781744;0,00000000
0,64927197;3,82781744;0,00000000
0,64937596;3,82781744;0,00000000
0,64947996;3,78429508;0,00000000
0,64958396;3,82781744;0,00000000
0,64968796;3,82781744;0,00000000
0,64979196;3,82781744;0,00000000
0,64989596;3,82781744;0,00000000
0,64999996;3,82781744;0,00000000
0,65010396;3,82781744;0,00000000
0,65020796;3,82781744;0,00000000
0,65031196;3,78429508;0,00000000
0,65041596;3,82781744;0,00000000
0,65051996;3,82781744;0,00000000
0,65062396;3,82781744;0,00000000
0,65072796;3,78429508;0,00000000
0,65083196;3,78429508;0,00000000
0,65093596;3,82781744;0,00000000
0,65103996;3,82781744;0,00000000
0,65114396;3,78429508;0,00000000
0,65124796;3,82781744;0,00000000
0,65135196;3,82781744;0,00000000
0,65145596;3,82781744;0,00000000
0,65155996;3,82781744;0,00000000
0,65166396;3,78429508;0,00000000
0,65176796;3,82781744;0,00000000
0,65187196;3,82781744;0,00000000
0,65197596;3,82781744;0,00000000
0,65207996;3,78429508;0,00000000
0,65218396;3,82781744;0,00000000
0,65228796;3,82781744;0,00000000
0,65239196;3,82781744;0,00000000
0,65249596;3,82781744;0,00000000
0,65259996;3,82781744;0,00000000
0,65270396;3,82781744;0,00000000
0,65280796;3,82781744;0,00000000
0,65291196;3,78429508;0,00000000
0,65301596;3,82781744;0,00000000
0,65311996;3,82781744;0,00000000
0,65322396;3,82781744;0,00000000
0,65332796;3,82781744;0,00000000
0,65343196;3,78429508;0,00000000
0,65353596;3,82781744;0,00000000
0,65363996;3,78429508;0,00000000
0,65374396;3,82781744;0,00000000
0,65384796;3,82781744;0,00000000
0,65395196;3,82781744;0,00000000
0,65405596;3,78429508;0,00000000
0,65415996;3,82781744;0,00000000
0,65426396;3,82781744;0,00000000
0,65436796;3,82781744;0,00000000
0,65447196;3,82781744;0,00000000
0,65457596;3,82781744;0,00000000
0,65467996;3,78429508;0,00000000
0,65478396;3,82781744;0,00000000
0,65488796;3,78429508;0,00000000
0,65499196;3,82781744;0,00000000
0,65509596;3,82781744;0,00000000
0,65519996;3,82781744;0,00000000
0,65530396;3,82781744;0,00000000
0,65540796;3,82781744;0,00000000
0,65551196;3,82781744;0,00000000
0,65561596;3,82781744;0,00000000
0,65571996;3,78429508;0,00000000
0,65582396;3,82781744;0,00000000
0,65592796;3,78429508;0,00000000
0,65603196;3,82781744;0,00000000
0,65613596;3,78429508;0,00000000
0,65623996;3,82781744;0,00000000
0,65634396;3,82781744;0,00000000
0,65644796;3,82781744;0,00000000
0,65655196;3,78429508;0,00000000
0,65665596;3,78429508;0,00000000
0,65675996;3,78429508;0,00000000
0,65686396;3,78429508;0,00000000
0,65696796;3,82781744;0,00000000
0,65707196;3,82781744;0,00000000
0,65717596;3,78429508;0,00000000
0,65727996;3,82781744;0,00000000
0,65738396;3,78429508;0,00000000
0,65748796;3,82781744;0,00000000
0,65759196;3,82781744;0,00000000
0,65769596;3,82781744;0,00000000
0,65779996;3,78429508;0,00000000
0,65790396;3,82781744;0,00000000
0,65800796;3,78429508;0,00000000
0,65811196;3,82781744;0,00000000
0,65821596;3,78429508;0,00000000
0,65831996;3,82781744;0,00000000
0,65842396;3,78429508;0,00000000
0,65852796;3,78429508;0,00000000
0,65863196;3,78429508;0,00000000
0,65873596;3,82781744;0,00000000
0,65883996;3,78429508;0,00000000
0,65894396;3,82781744;0,00000000
0,65904796;3,82781744;0,00000000
0,65915196;3,82781744;0,00000000
0,65925596;3,82781744;0,00000000
0,65935996;3,82781744;0,00000000
0,65946396;3,78429508;0,00000000
0,65956796;3,82781744;0,00000000
0,65967196;3,82781744;0,00000000
0,65977596;3,78429508;0,00000000
0,65987996;3,82781744;0,00000000
0,65998396;3,82781744;0,01734744
0,66008796;3,78429508;0,00000000
0,66019196;3,82781744;0,00000000
0,66029596;3,78429508;0,00000000
0,66039996;3,82781744;0,00000000
0,66050396;3,78429508;0,00000000
0,66060796;3,82781744;0,00000000
0,66071196;3,78429508;0,00000000
0,66081596;3,82781744;0,00000000
0,66091996;3,82781744;0,00000000
0,66102396;3,82781744;0,00000000
0,66112796;3,82781744;0,00000000
0,66123196;3,82781744;0,00000000
0,66133596;3,82781744;0,00000000
0,66143996;3,78429508;0,00000000
0,66154396;3,78429508;0,00000000
0,66164796;3,82781744;0,00000000
0,66175196;3,82781744;0,00000000
0,66185596;3,82781744;0,00000000
0,66195996;3,82781744;0,00000000
0,66206396;3,78429508;0,00000000
0,66216796;3,82781744;0,00000000
0,66227196;3,82781744;0,00000000
0,66237596;3,78429508;0,00000000
0,66247996;3,82781744;0,00000000
0,66258396;3,82781744;0,00000000
0,66268796;3,82781744;0,00000000
0,66279196;3,78429508;0,00000000
0,66289596;3,82781744;0,00000000
0,66299996;3,82781744;0,00000000
0,66310396;3,82781744;0,00000000
0,66320796;3,82781744;0,00000000
0,66331196;3,78429508;0,00000000
0,66341596;3,78429508;0,00000000
0,66351996;3,82781744;0,00000000
0,66362396;3,82781744;0,00000000
0,66372796;3,82781744;0,00000000
0,66383196;3,82781744;0,00000000
0,66393596;3,82781744;0,00000000
0,66403996;3,82781744;0,00000000
0,66414396;3,78429508;0,00000000
0,66424796;3,82781744;0,00000000
0,66435196;3,82781744;0,00000000
0,66445596;3,82781744;0,00000000
0,66455996;3,82781744;0,00000000
0,66466396;3,82781744;0,00000000
0,66476796;3,82781744;0,00000000
0,66487196;3,78429508;0,00000000
0,66497596;3,82781744;0,00000000
0,66507996;3,82781744;0,00000000
0,66518396;3,82781744;0,00000000
0,66528796;3,82781744;0,00000000
0,66539196;3,82781744;0,00000000
0,66549596;3,82781744;0,00000000
0,66559996;3,82781744;0,00000000
0,66570396;3,78429508;0,00000000
0,66580796;3,82781744;0,00000000
0,66591196;3,82781744;0,00000000
0,66601596;3,78429508;0,00000000
0,66611996;3,82781744;0,00000000
0,66622396;3,82781744;0,00000000
0,66632796;3,78429508;0,00000000
0,66643196;3,78429508;0,00000000
0,66653596;3,78429508;0,00000000
0,66663996;3,82781744;0,00000000
0,66674396;3,82781744;0,00000000
0,66684796;3,82781744;0,00000000
0,66695196;3,78429508;0,00000000
0,66705596;3,82781744;0,00000000
0,66715996;3,82781744;0,00000000
0,66726396;3,78429508;0,00000000
0,66736796;3,82781744;0,00000000
0,66747196;3,78429508;0,00000000
0,66757596;3,82781744;0,00000000
0,66767996;3,82781744;0,00000000
0,66778396;3,82781744;0,00000000
0,66788796;3,82781744;0,00000000
0,66799196;3,78429508;0,00000000
0,66809596;3,82781744;0,00000000
0,66819996;3,82781744;0,00000000
0,66830396;3,82781744;0,00000000
0,66840796;3,82781744;0,00000000
0,66851196;3,78429508;0,00000000
0,66861596;3,82781744;0,00000000
0,66871996;3,82781744;0,00000000
0,66882396;3,82781744;0,00000000
0,66892796;3,82781744;0,00000000
0,66903196;3,82781744;0,00000000
0,66913596;3,78429508;0,00000000
0,66923996;3,78429508;0,00000000
0,66934396;3,78429508;0,00000000
0,66944796;3,78429508;0,00000000
0,66955196;3,82781744;0,00000000
0,66965596;3,78429508;0,00000000
0,66975996;3,78429508;0,00000000
0,66986396;3,82781744;0,00000000
0,66996796;3,82781744;0,00000000
0,67007196;3,82781744;0,00000000
0,67017596;3,82781744;0,00000000
0,67027996;3,78429508;0,00000000
0,67038396;3,82781744;0,00000000
0,67048796;3,78429508;0,00000000
0,67059196;3,82781744;0,00000000
0,67069596;3,78429508;0,00000000
0,67079996;3,82781744;0,00000000
0,67090396;3,82781744;0,00000000
0,67100796;3,78429508;0,00000000
0,67111196;3,82781744;0,00000000
0,67121596;3,82781744;0,00000000
0,67131996;3,82781744;0,00000000
0,67142396;3,82781744;0,00000000
0,67152796;3,82781744;0,00000000
0,67163196;3,82781744;0,00000000
0,67173596;3,82781744;0,00000000
0,67183996;3,82781744;0,00000000
0,67194396;3,82781744;0,00000000
0,67204796;3,82781744;0,00000000
0,67215196;3,82781744;0,00000000
0,67225596;3,78429508;0,00000000
0,67235996;3,78429508;0,00000000
0,67246396;3,78429508;0,00000000
0,67256796;3,82781744;0,00000000
0,67267196;3,78429508;0,00000000
0,67277596;3,78429508;0,00000000
0,67287996;3,78429508;0,00000000
0,67298396;3,78429508;0,00000000
0,67308796;3,82781744;0,00000000
0,67319196;3,78429508;0,00000000
0,67329596;3,78429508;0,00000000
0,67339996;3,78429508;0,00000000
0,67350396;3,82781744;0,00000000
0,67360796;3,82781744;0,00000000
0,67371196;3,82781744;0,00000000
0,67381596;3,78429508;0,00000000
0,67391996;3,82781744;0,00000000
0,67402396;3,82781744;0,00000000
0,67412796;3,82781744;0,00000000
0,67423196;3,82781744;0,00000000
0,67433596;3,82781744;0,00000000
0,67443996;3,82781744;0,00000000
0,67454396;3,82781744;0,00000000
0,67464796;3,82781744;0,00000000
0,67475196;3,82781744;0,00000000
0,67485596;3,82781744;0,00000000
0,67495996;3,78429508;0,00000000
0,67506396;3,78429508;0,00000000
0,67516796;3,82781744;0,00000000
0,67527196;3,78429508;0,00000000
0,67537596;3,82781744;0,00000000
0,67547996;3,82781744;0,01734744
0,67558396;3,82781744;0,00000000
0,67568796;3,82781744;0,00000000
0,67579196;3,82781744;0,00000000
0,67589596;3,78429508;0,00000000
0,67599996;3,82781744;0,00000000
0,67610396;3,78429508;0,00000000
0,67620796;3,82781744;0,00000000
0,67631196;3,82781744;0,00000000
0,67641596;3,82781744;0,00000000
0,67651996;3,82781744;0,00000000
0,67662396;3,82781744;0,00000000
0,67672796;3,82781744;0,00000000
0,67683196;3,78429508;0,00000000
0,67693596;3,78429508;0,00000000
0,67703996;3,82781744;0,00000000
0,67714396;3,78429508;0,00000000
0,67724796;3,78429508;0,00000000
0,67735196;3,82781744;0,00000000
0,67745596;3,82781744;0,00000000
0,67755996;3,82781744;0,00000000
0,67766396;3,82781744;0,00000000
0,67776796;3,82781744;0,00000000
0,67787196;3,82781744;0,00000000
0,67797596;3,82781744;0,00000000
0,67807996;3,82781744;0,00000000
0,67818396;3,82781744;0,00000000
0,67828796;3,82781744;0,00000000
0,67839196;3,82781744;0,00000000
0,67849596;3,82781744;0,00000000
0,67859996;3,78429508;0,00000000
0,67870396;3,82781744;0,00000000
0,67880796;3,87133980;0,00000000
0,67891196;3,78429508;0,00000000
0,67901596;3,82781744;0,00000000
0,67911996;3,82781744;0,00000000
0,67922396;3,82781744;0,00000000
0,67932796;3,82781744;0,00000000
0,67943196;3,82781744;0,00000000
0,67953596;3,82781744;0,00000000
0,67963996;3,82781744;0,00000000
0,67974396;3,82781744;0,00000000
0,67984796;3,82781744;0,00000000
0,67995196;3,82781744;0,00000000
0,68005596;3,78429508;0,00000000
0,68015996;3,78429508;0,00000000
0,68026396;3,82781744;0,00000000
0,68036796;3,82781744;0,00000000
0,68047196;3,82781744;0,00000000
0,68057596;3,82781744;0,00000000
0,68067996;3,82781744;0,00000000
0,68078396;3,78429508;0,00000000
0,68088796;3,78429508;0,00000000
0,68099196;3,82781744;0,00000000
0,68109596;3,78429508;0,00000000
0,68119996;3,82781744;0,01734744
0,68130396;3,82781744;0,00000000
0,68140796;3,82781744;0,00000000
0,68151196;3,82781744;0,00000000
0,68161596;3,82781744;0,00000000
0,68171996;3,78429508;0,00000000
0,68182396;3,78429508;0,00000000
0,68192796;3,78429508;0,00000000
0,68203196;3,78429508;0,00000000
0,68213596;3,82781744;0,00000000
0,68223996;3,82781744;0,00000000
0,68234396;3,82781744;0,00000000
0,68244796;3,82781744;0,00000000
0,68255196;3,78429508;0,00000000
0,68265596;3,82781744;0,00000000
0,68275996;3,82781744;0,00000000
0,68286396;3,82781744;0,00000000
0,68296796;3,82781744;0,00000000
0,68307196;3,82781744;0,00000000
0,68317596;3,78429508;0,00000000
0,68327996;3,82781744;0,00000000
0,68338396;3,78429508;0,00000000
0,68348796;3,78429508;0,00000000
0,68359196;3,82781744;0,00000000
0,68369596;3,82781744;0,00000000
0,68379996;3,78429508;0,00000000
0,68390396;3,82781744;0,00000000
0,68400796;3,82781744;0,00000000
0,68411196;3,82781744;0,00000000
0,68421596;3,78429508;0,00000000
0,68431996;3,82781744;0,00000000
0,68442396;3,78429508;0,00000000
0,68452796;3,82781744;0,00000000
0,68463196;3,78429508;0,00000000
0,68473596;3,82781744;0,00000000
0,68483996;3,78429508;0,00000000
0,68494396;3,82781744;0,00000000
0,68504796;3,78429508;0,00000000
0,68515196;3,82781744;0,01734744
0,68525596;3,82781744;0,00000000
0,68535996;3,82781744;0,00000000
0,68546396;3,82781744;0,00000000
0,68556796;3,82781744;0,00000000
0,68567196;3,82781744;0,00000000
0,68577596;3,82781744;0,00000000
0,68587996;3,82781744;0,00000000
0,68598396;3,78429508;0,00000000
0,68608796;3,82781744;0,00000000
0,68619196;3,82781744;0,00000000
0,68629596;3,82781744;0,00000000
0,68639996;3,82781744;0,00000000
0,68650396;3,78429508;0,00000000
0,68660796;3,78429508;0,00000000
0,68671196;3,78429508;0,00000000
0,68681596;3,82781744;0,00000000
0,68691996;3,82781744;0,00000000
0,68702396;3,82781744;0,00000000
0,68712796;3,82781744;0,00000000
0,68723196;3,82781744;0,00000000
0,68733596;3,82781744;0,00000000
0,68743996;3,78429508;0,00000000
0,68754396;3,78429508;0,00000000
0,68764796;3,82781744;0,00000000
0,68775196;3,78429508;0,00000000
0,68785596;3,82781744;0,00000000
0,68795996;3,82781744;0,00000000
0,68806396;3,82781744;0,00000000
0,68816796;3,82781744;0,00000000
0,68827196;3,78429508;0,00000000
0,68837596;3,82781744;0,00000000
0,68847996;3,82781744;0,00000000
0,68858396;3,82781744;0,00000000
0,68868796;3,82781744;0,00000000
0,68879196;3,78429508;0,00000000
0,68889596;3,82781744;0,00000000
0,68899996;3,82781744;0,00000000
0,68910396;3,82781744;0,00000000
0,68920796;3,78429508;0,00000000
0,68931196;3,82781744;0,00000000
0,68941596;3,82781744;0,00000000
0,68951996;3,82781744;0,00000000
0,68962396;3,82781744;0,00000000
0,68972796;3,82781744;0,00000000
0,68983196;3,82781744;0,00000000
0,68993596;3,78429508;0,00000000
0,69003996;3,82781744;0,00000000
0,69014396;3,82781744;0,00000000
0,69024796;3,78429508;0,00000000
0,69035196;3,82781744;0,00000000
0,69045596;3,82781744;0,00000000
0,69055996;3,82781744;0,00000000
0,69066396;3,82781744;0,00000000
0,69076796;3,87133980;0,00000000
0,69087196;3,82781744;0,00000000
0,69097596;3,82781744;0,00000000
0,69107996;3,78429508;0,00000000
0,69118396;3,82781744;0,00000000
0,69128796;3,82781744;0,00000000
0,69139196;3,78429508;0,00000000
0,69149596;3,82781744;0,00000000
0,69159996;3,82781744;0,00000000
0,69170396;3,78429508;0,00000000
0,69180796;3,82781744;0,00000000
0,69191196;3,78429508;0,00000000
0,69201596;3,78429508;0,00000000
0,69211996;3,78429508;0,00000000
0,69222396;3,82781744;0,00000000
0,69232796;3,78429508;0,00000000
0,69243196;3,78429508;0,00000000
0,69253596;3,82781744;0,00000000
0,69263996;3,82781744;0,00000000
0,69274396;3,82781744;0,00000000
0,69284796;3,82781744;0,00000000
0,69295196;3,82781744;0,00000000
0,69305596;3,82781744;0,00000000
0,69315996;3,78429508;0,00000000
0,69326396;3,78429508;0,00000000
0,69336796;3,78429508;0,00000000
0,69347196;3,78429508;0,00000000
0,69357596;3,82781744;0,01734744
0,69367996;3,82781744;0,00000000
0,69378396;3,82781744;0,00000000
0,69388796;3,78429508;0,00000000
0,69399196;3,82781744;0,00000000
0,69409596;3,78429508;0,00000000
0,69419996;3,82781744;0,00000000
0,69430396;3,78429508;0,00000000
0,69440796;3,82781744;0,00000000
0,69451196;3,78429508;0,00000000
0,69461596;3,82781744;0,00000000
0,69471996;3,82781744;0,00000000
0,69482396;3,78429508;0,00000000
0,69492796;3,82781744;0,00000000
0,69503196;3,82781744;0,00000000
0,69513596;3,82781744;0,00000000
0,69523996;3,78429508;0,00000000
0,69534396;3,82781744;0,00000000
0,69544796;3,82781744;0,00000000
0,69555196;3,82781744;0,00000000
0,69565596;3,82781744;0,00000000
0,69575996;3,82781744;0,00000000
0,69586396;3,82781744;0,00000000
0,69596796;3,82781744;0,00000000
0,69607196;3,82781744;0,00000000
0,69617596;3,82781744;0,00000000
0,69627996;3,82781744;0,00000000
0,69638396;3,78429508;0,00000000
0,69648796;3,82781744;0,00000000
0,69659196;3,82781744;0,00000000
0,69669596;3,78429508;0,00000000
0,69679996;3,82781744;0,00000000
0,69690396;3,82781744;0,00000000
0,69700796;3,78429508;0,00000000
0,69711196;3,82781744;0,00000000
0,69721596;3,78429508;0,00000000
0,69731996;3,82781744;0,00000000
0,69742396;3,82781744;0,00000000
0,69752796;3,82781744;0,00000000
0,69763196;3,78429508;0,00000000
0,69773596;3,82781744;0,00000000
0,69783996;3,82781744;0,00000000
0,69794396;3,82781744;0,00000000
0,69804796;3,82781744;0,00000000
0,69815196;3,78429508;0,00000000
0,69825596;3,87133980;0,00000000
0,69835996;3,82781744;0,00000000
0,69846396;3,82781744;0,00000000
0,69856796;3,82781744;0,00000000
0,69867196;3,82781744;0,00000000
0,69877596;3,82781744;0,00000000
0,69887996;3,82781744;0,00000000
0,69898396;3,78429508;0,00000000
0,69908796;3,78429508;0,00000000
0,69919196;3,78429508;0,00000000
0,69929596;3,82781744;0,00000000
0,69939996;3,78429508;0,00000000
0,69950396;3,78429508;0,00000000
0,69960796;3,82781744;0,00000000
0,69971196;3,82781744;0,00000000
0,69981596;3,78429508;0,00000000
0,69991996;3,82781744;0,00000000
0,70002396;3,78429508;0,00000000
0,70012796;3,82781744;0,00000000
0,70023196;3,78429508;0,00000000
0,70033596;3,82781744;0,00000000
0,70043996;3,78429508;0,00000000
0,70054396;3,82781744;0,00000000
0,70064796;3,82781744;0,00000000
0,70075196;3,78429508;0,00000000
0,70085596;3,78429508;0,00000000
0,70095996;3,78429508;0,00000000
0,70106396;3,82781744;0,00000000
0,70116796;3,82781744;0,00000000
0,70127196;3,82781744;0,00000000
0,70137596;3,78429508;0,00000000
0,70147996;3,82781744;0,00000000
0,70158396;3,78429508;0,00000000
0,70168796;3,82781744;0,00000000
0,70179196;3,82781744;0,00000000
0,70189596;3,78429508;0,00000000
0,70199996;3,78429508;0,00000000
0,70210396;3,82781744;0,00000000
0,70220796;3,78429508;0,00000000
0,70231196;3,78429508;0,00000000
0,70241596;3,82781744;0,00000000
0,70251996;3,82781744;0,00000000
0,70262396;3,82781744;0,00000000
0,70272796;3,82781744;0,00000000
0,70283196;3,82781744;0,00000000
0,70293596;3,82781744;0,00000000
0,70303996;3,82781744;0,00000000
0,70314396;3,82781744;0,00000000
0,70324796;3,82781744;0,00000000
0,70335196;3,82781744;0,00000000
0,70345596;3,78429508;0,00000000
0,70355996;3,82781744;0,00000000
0,70366396;3,78429508;0,00000000
0,70376796;3,78429508;0,00000000
0,70387196;3,82781744;0,00000000
0,70397596;3,78429508;0,00000000
0,70407996;3,78429508;0,00000000
0,70418396;3,82781744;0,01734744
0,70428796;3,82781744;0,00000000
0,70439196;3,82781744;0,00000000
0,70449596;3,78429508;0,00000000
0,70459996;3,82781744;0,00000000
0,70470396;3,82781744;0,00000000
0,70480796;3,78429508;0,00000000
0,70491196;3,82781744;0,00000000
0,70501596;3,82781744;0,00000000
0,70511996;3,82781744;0,00000000
0,70522396;3,82781744;0,00000000
0,70532796;3,82781744;0,00000000
0,70543196;3,82781744;0,00000000
0,70553596;3,78429508;0,00000000
0,70563996;3,78429508;0,00000000
0,70574396;3,82781744;0,00000000
0,70584796;3,82781744;0,00000000
0,70595196;3,82781744;0,00000000
0,70605596;3,82781744;0,00000000
0,70615996;3,82781744;0,00000000
0,70626396;3,82781744;0,00000000
0,70636796;3,82781744;0,00000000
0,70647196;3,82781744;0,00000000
0,70657596;3,82781744;0,00000000
0,70667996;3,78429508;0,00000000
0,70678396;3,82781744;0,00000000
0,70688796;3,82781744;0,00000000
0,70699196;3,78429508;0,00000000
0,70709596;3,82781744;0,00000000
0,70719996;3,78429508;0,00000000
0,70730396;3,82781744;0,00000000
0,70740796;3,82781744;0,00000000
0,70751196;3,82781744;0,00000000
0,70761596;3,82781744;0,00000000
0,70771996;3,82781744;0,00000000
0,70782396;3,82781744;0,00000000
0,70792796;3,82781744;0,00000000
0,70803196;3,82781744;0,00000000
0,70813596;3,78429508;0,00000000
0,70823996;3,82781744;0,00000000
0,70834396;3,82781744;0,00000000
0,70844796;3,78429508;0,00000000
0,70855196;3,82781744;0,00000000
0,70865596;3,82781744;0,00000000
0,70875996;3,82781744;0,00000000
0,70886396;3,82781744;0,00000000
0,70896796;3,78429508;0,00000000
0,70907196;3,82781744;0,00000000
0,70917596;3,82781744;0,00000000
0,70927996;3,78429508;0,00000000
0,70938396;3,82781744;0,00000000
0,70948796;3,82781744;0,00000000
0,70959196;3,82781744;0,00000000
0,70969596;3,82781744;0,00000000
0,70979996;3,82781744;0,00000000
0,70990396;3,82781744;0,00000000
0,71000796;3,82781744;0,00000000
0,71011196;3,82781744;0,00000000
0,71021596;3,82781744;0,00000000
0,71031996;3,78429508;0,00000000
0,71042396;3,82781744;0,00000000
0,71052796;3,82781744;0,00000000
0,71063196;3,78429508;0,00000000
0,71073596;3,82781744;0,00000000
0,71083996;3,78429508;0,00000000
0,71094396;3,82781744;0,00000000
0,71104796;3,82781744;0,00000000
0,71115196;3,82781744;0,00000000
0,71125596;3,78429508;0,00000000
0,71135996;3,82781744;0,00000000
0,71146396;3,82781744;0,00000000
0,71156796;3,78429508;0,00000000
0,71167196;3,78429508;0,00000000
0,71177596;3,78429508;0,00000000
0,71187996;3,82781744;0,00000000
0,71198396;3,78429508;0,00000000
0,71208796;3,82781744;0,00000000
0,71219196;3,82781744;0,00000000
0,71229596;3,78429508;0,00000000
0,71239996;3,82781744;0,00000000
0,71250396;3,78429508;0,00000000
0,71260796;3,82781744;0,00000000
0,71271196;3,78429508;0,00000000
0,71281596;3,82781744;0,00000000
0,71291996;3,78429508;0,00000000
0,71302396;3,82781744;0,00000000
0,71312796;3,82781744;0,00000000
0,71323196;3,82781744;0,00000000
0,71333596;3,82781744;0,00000000
0,71343996;3,82781744;0,00000000
0,71354396;3,78429508;0,00000000
0,71364796;3,82781744;0,00000000
0,71375196;3,78429508;0,00000000
0,71385596;3,82781744;0,00000000
0,71395996;3,78429508;0,00000000
0,71406396;3,82781744;0,00000000
0,71416796;3,82781744;0,00000000
0,71427196;3,78429508;0,00000000
0,71437596;3,82781744;0,00000000
0,71447996;3,82781744;0,00000000
0,71458396;3,82781744;0,00000000
0,71468796;3,78429508;0,00000000
0,71479196;3,78429508;0,00000000
0,71489596;3,82781744;0,00000000
0,71499996;3,82781744;0,00000000
0,71510396;3,82781744;0,00000000
0,71520796;3,82781744;0,00000000
0,71531196;3,78429508;0,00000000
0,71541596;3,82781744;0,00000000
0,71551996;3,82781744;0,00000000
0,71562396;3,82781744;0,00000000
0,71572796;3,82781744;0,00000000
0,71583196;3,82781744;0,00000000
0,71593596;3,82781744;0,00000000
0,71603996;3,82781744;0,00000000
0,71614396;3,82781744;0,00000000
0,71624796;3,78429508;0,00000000
0,71635196;3,82781744;0,00000000
0,71645596;3,78429508;0,00000000
0,71655996;3,82781744;0,00000000
0,71666396;3,78429508;0,00000000
0,71676796;3,82781744;0,00000000
0,71687196;3,78429508;0,00000000
0,71697596;3,82781744;0,01734744
0,71707996;3,78429508;0,00000000
0,71718396;3,82781744;0,00000000
0,71728796;3,78429508;0,00000000
0,71739196;3,82781744;0,00000000
0,71749596;3,82781744;0,00000000
0,71759996;3,82781744;0,00000000
0,71770396;3,82781744;0,00000000
0,71780796;3,78429508;0,00000000
0,71791196;3,82781744;0,00000000
0,71801596;3,82781744;0,00000000
0,71811996;3,82781744;0,00000000
0,71822396;3,82781744;0,00000000
0,71832796;3,82781744;0,00000000
0,71843196;3,82781744;0,00000000
0,71853596;3,78429508;0,00000000
0,71863996;3,82781744;0,00000000
0,71874396;3,82781744;0,00000000
0,71884796;3,78429508;0,00000000
0,71895196;3,82781744;0,00000000
0,71905596;3,78429508;0,00000000
0,71915996;3,82781744;0,00000000
0,71926396;3,82781744;0,00000000
0,71936796;3,78429508;0,00000000
0,71947196;3,78429508;0,00000000
0,71957596;3,82781744;0,00000000
0,71967996;3,78429508;0,00000000
0,71978396;3,82781744;0,00000000
0,71988796;3,82781744;0,00000000
0,71999196;3,78429508;0,00000000
0,72009596;3,78429508;0,00000000
0,72019996;3,78429508;0,00000000
0,72030396;3,87133980;0,00000000
0,72040796;3,78429508;0,00000000
0,72051196;3,78429508;0,00000000
0,72061596;3,78429508;0,00000000
0,72071996;3,82781744;0,00000000
0,72082396;3,78429508;0,00000000
0,72092796;3,78429508;0,00000000
0,72103196;3,82781744;0,00000000
0,72113596;3,82781744;0,00000000
0,72123996;3,78429508;0,00000000
0,72134396;3,82781744;0,00000000
0,72144796;3,82781744;0,00000000
0,72155196;3,78429508;0,00000000
0,72165596;3,82781744;0,00000000
0,72175996;3,82781744;0,00000000
0,72186396;3,82781744;0,00000000
0,72196796;3,82781744;0,00000000
0,72207196;3,82781744;0,00000000
0,72217596;3,82781744;0,00000000
0,72227996;3,78429508;0,00000000
0,72238396;3,78429508;0,00000000
0,72248796;3,82781744;0,00000000
0,72259196;3,82781744;0,00000000
0,72269596;3,82781744;0,00000000
0,72279996;3,82781744;0,00000000
0,72290396;3,78429508;0,00000000
0,72300796;3,82781744;0,00000000
0,72311196;3,82781744;0,00000000
0,72321596;3,78429508;0,00000000
0,72331996;3,82781744;0,00000000
0,72342396;3,82781744;0,00000000
0,72352796;3,78429508;0,00000000
0,72363196;3,82781744;0,00000000
0,72373596;3,78429508;0,00000000
0,72383996;3,78429508;0,00000000
0,72394396;3,78429508;0,00000000
0,72404796;3,82781744;0,00000000
0,72415196;3,78429508;0,00000000
0,72425596;3,82781744;0,00000000
0,72435996;3,82781744;0,00000000
0,72446396;3,78429508;0,00000000
0,72456796;3,82781744;0,00000000
0,72467196;3,82781744;0,00000000
0,72477596;3,78429508;0,00000000
0,72487996;3,82781744;0,00000000
0,72498396;3,82781744;0,00000000
0,72508796;3,78429508;0,00000000
0,72519196;3,78429508;0,00000000
0,72529596;3,82781744;0,00000000
0,72539996;3,82781744;0,00000000
0,72550396;3,82781744;0,00000000
0,72560796;3,82781744;0,00000000
0,72571196;3,78429508;0,00000000
0,72581596;3,82781744;0,00000000
0,72591996;3,82781744;0,00000000
0,72602396;3,82781744;0,00000000
0,72612796;3,82781744;0,00000000
0,72623196;3,82781744;0,00000000
0,72633596;3,78429508;0,00000000
0,72643996;3,82781744;0,00000000
0,72654396;3,82781744;0,00000000
0,72664796;3,78429508;0,00000000
0,72675196;3,78429508;0,00000000
0,72685596;3,78429508;0,00000000
0,72695996;3,78429508;0,00000000
0,72706396;3,82781744;0,00000000
0,72716796;3,78429508;0,00000000
0,72727196;3,82781744;0,00000000
0,72737596;3,82781744;0,00000000
0,72747996;3,78429508;0,00000000
0,72758396;3,82781744;0,00000000
0,72768796;3,82781744;0,00000000
0,72779196;3,82781744;0,00000000
0,72789596;3,82781744;0,00000000
0,72799996;3,78429508;0,00000000
0,72810396;3,82781744;0,00000000
0,72820796;3,78429508;0,00000000
0,72831196;3,82781744;0,00000000
0,72841596;3,82781744;0,01734744
0,72851996;3,82781744;0,00000000
0,72862396;3,78429508;0,00000000
0,72872796;3,82781744;0,00000000
0,72883196;3,78429508;0,00000000
0,72893596;3,82781744;0,00000000
0,72903996;3,82781744;0,00000000
0,72914396;3,82781744;0,00000000
0,72924796;3,82781744;0,00000000
0,72935196;3,82781744;0,00000000
0,72945596;3,82781744;0,00000000
0,72955996;3,82781744;0,00000000
0,72966396;3,82781744;0,00000000
0,72976796;3,78429508;0,00000000
0,72987196;3,82781744;0,00000000
0,72997596;3,82781744;0,00000000
0,73007996;3,82781744;0,00000000
0,73018396;3,78429508;0,00000000
0,73028796;3,82781744;0,00000000
0,73039196;3,82781744;0,00000000
0,73049596;3,78429508;0,00000000
0,73059996;3,78429508;0,00000000
0,73070396;3,82781744;0,00000000
0,73080796;3,82781744;0,00000000
0,73091196;3,82781744;0,00000000
0,73101596;3,82781744;0,00000000
0,73111996;3,82781744;0,00000000
0,73122396;3,82781744;0,00000000
0,73132796;3,82781744;0,00000000
0,73143196;3,82781744;0,00000000
0,73153596;3,82781744;0,00000000
0,73163996;3,82781744;0,00000000
0,73174396;3,82781744;0,00000000
0,73184796;3,82781744;0,00000000
0,73195196;3,82781744;0,00000000
0,73205596;3,82781744;0,00000000
0,73215996;3,82781744;0,00000000
0,73226396;3,82781744;0,00000000
0,73236796;3,82781744;0,00000000
0,73247196;3,82781744;0,00000000
0,73257596;3,82781744;0,00000000
0,73267996;3,82781744;0,00000000
0,73278396;3,78429508;0,00000000
0,73288796;3,78429508;0,00000000
0,73299196;3,82781744;0,00000000
0,73309596;3,82781744;0,00000000
0,73319996;3,82781744;0,00000000
0,73330396;3,82781744;0,00000000
0,73340796;3,82781744;0,00000000
0,73351196;3,82781744;0,00000000
0,73361596;3,82781744;0,00000000
0,73371996;3,78429508;0,00000000
0,73382396;3,78429508;0,00000000
0,73392796;3,82781744;0,00000000
0,73403196;3,82781744;0,00000000
0,73413596;3,82781744;0,00000000
0,73423996;3,82781744;0,00000000
0,73434396;3,82781744;0,00000000
0,73444796;3,82781744;0,00000000
0,73455196;3,78429508;0,00000000
0,73465596;3,78429508;0,00000000
0,73475996;3,78429508;0,00000000
0,73486396;3,82781744;0,00000000
0,73496796;3,82781744;0,00000000
0,73507196;3,82781744;0,00000000
0,73517596;3,82781744;0,00000000
0,73527996;3,82781744;0,00000000
0,73538396;3,82781744;0,00000000
0,73548796;3,82781744;0,00000000
0,73559196;3,82781744;0,00000000
0,73569596;3,82781744;0,00000000
0,73579996;3,82781744;0,00000000
0,73590396;3,82781744;0,00000000
0,73600796;3,78429508;0,00000000
0,73611196;3,82781744;0,00000000
0,73621596;3,87133980;0,00000000
0,73631996;3,82781744;0,00000000
0,73642396;3,82781744;0,00000000
0,73652796;3,78429508;0,00000000
0,73663196;3,82781744;0,00000000
0,73673596;3,78429508;0,00000000
0,73683996;3,82781744;0,00000000
0,73694396;3,82781744;0,00000000
0,73704796;3,82781744;0,00000000
0,73715196;3,82781744;0,00000000
0,73725596;3,82781744;0,00000000
0,73735996;3,82781744;0,00000000
0,73746396;3,82781744;0,00000000
0,73756796;3,82781744;0,00000000
0,73767196;3,82781744;0,00000000
0,73777596;3,78429508;0,00000000
0,73787996;3,82781744;0,00000000
0,73798396;3,82781744;0,00000000
0,73808796;3,78429508;0,00000000
0,73819196;3,82781744;0,00000000
0,73829596;3,82781744;0,00000000
0,73839996;3,82781744;0,00000000
0,73850396;3,78429508;0,00000000
0,73860796;3,82781744;0,00000000
0,73871196;3,78429508;0,00000000
0,73881596;3,82781744;0,00000000
0,73891996;3,82781744;0,00000000
0,73902396;3,82781744;0,00000000
0,73912796;3,82781744;0,00000000
0,73923196;3,82781744;0,00000000
0,73933596;3,82781744;0,00000000
0,73943996;3,82781744;0,00000000
0,73954396;3,82781744;0,00000000
0,73964796;3,78429508;0,00000000
0,73975196;3,78429508;0,00000000
0,73985596;3,82781744;0,00000000
0,73995996;3,82781744;0,00000000
0,74006396;3,82781744;0,00000000
0,74016796;3,82781744;0,00000000
0,74027196;3,82781744;0,00000000
0,74037596;3,82781744;0,00000000
0,74047996;3,82781744;0,00000000
0,74058396;3,78429508;0,00000000
0,74068796;3,82781744;0,00000000
0,74079196;3,78429508;0,00000000
0,74089596;3,82781744;0,00000000
0,74099996;3,82781744;0,00000000
0,74110396;3,82781744;0,00000000
0,74120796;3,82781744;0,00000000
0,74131196;3,78429508;0,00000000
0,74141596;3,82781744;0,00000000
0,74151996;3,78429508;0,00000000
0,74162396;3,78429508;0,00000000
0,74172796;3,82781744;0,00000000
0,74183196;3,78429508;0,00000000
0,74193596;3,82781744;0,00000000
0,74203996;3,78429508;0,00000000
0,74214396;3,82781744;0,00000000
0,74224796;3,82781744;0,00000000
0,74235196;3,82781744;0,00000000
0,74245596;3,78429508;0,00000000
0,74255996;3,82781744;0,00000000
0,74266396;3,82781744;0,00000000
0,74276796;3,82781744;0,00000000
0,74287196;3,82781744;0,00000000
0,74297596;3,82781744;0,00000000
0,74307996;3,82781744;0,00000000
0,74318396;3,78429508;0,00000000
0,74328796;3,82781744;0,00000000
0,74339196;3,78429508;0,00000000
0,74349596;3,82781744;0,00000000
0,74359996;3,82781744;0,00000000
0,74370396;3,82781744;0,00000000
0,74380796;3,82781744;0,00000000
0,74391196;3,78429508;0,00000000
0,74401596;3,78429508;0,00000000
0,74411996;3,78429508;0,00000000
0,74422396;3,82781744;0,00000000
0,74432796;3,82781744;0,00000000
0,74443196;3,78429508;0,00000000
0,74453596;3,78429508;0,00000000
0,74463996;3,78429508;0,00000000
0,74474396;3,82781744;0,00000000
0,74484796;3,82781744;0,00000000
0,74495196;3,82781744;0,00000000
0,74505596;3,78429508;0,00000000
0,74515996;3,82781744;0,00000000
0,74526396;3,82781744;0,00000000
0,74536796;3,82781744;0,00000000
0,74547196;3,82781744;0,00000000
0,74557596;3,82781744;0,00000000
0,74567996;3,78429508;0,00000000
0,74578396;3,82781744;0,00000000
0,74588796;3,82781744;0,00000000
0,74599196;3,82781744;0,00000000
0,74609596;3,82781744;0,00000000
0,74619996;3,82781744;0,00000000
0,74630396;3,78429508;0,00000000
0,74640796;3,82781744;0,00000000
0,74651196;3,82781744;0,00000000
0,74661596;3,78429508;0,00000000
0,74671996;3,82781744;0,00000000
0,74682396;3,82781744;0,00000000
0,74692796;3,82781744;0,00000000
0,74703196;3,82781744;0,00000000
0,74713596;3,82781744;0,00000000
0,74723996;3,82781744;0,00000000
0,74734396;3,82781744;0,00000000
0,74744796;3,78429508;0,00000000
0,74755196;3,82781744;0,00000000
0,74765596;3,82781744;0,00000000
0,74775996;3,82781744;0,00000000
0,74786396;3,82781744;0,00000000
0,74796796;3,82781744;0,00000000
0,74807196;3,78429508;0,00000000
0,74817596;3,78429508;0,00000000
0,74827996;3,78429508;0,00000000
0,74838396;3,82781744;0,00000000
0,74848796;3,78429508;0,00000000
0,74859196;3,82781744;0,00000000
0,74869596;3,82781744;0,00000000
0,74879996;3,78429508;0,00000000
0,74890396;3,82781744;0,00000000
0,74900796;3,78429508;0,00000000
0,74911196;3,82781744;0,00000000
0,74921596;3,82781744;0,00000000
0,74931996;3,78429508;0,00000000
0,74942396;3,82781744;0,00000000
0,74952796;3,82781744;0,00000000
0,74963196;3,78429508;0,00000000
0,74973596;3,82781744;0,00000000
0,74983996;3,78429508;0,00000000
0,74994396;3,78429508;0,00000000
0,75004796;3,82781744;0,00000000
0,75015196;3,82781744;0,00000000
0,75025596;3,82781744;0,00000000
0,75035996;3,78429508;0,00000000
0,75046396;3,82781744;0,00000000
0,75056796;3,78429508;0,00000000
0,75067196;3,78429508;0,00000000
0,75077596;3,78429508;0,00000000
0,75087996;3,82781744;0,00000000
0,75098396;3,82781744;0,00000000
0,75108796;3,82781744;0,00000000
0,75119196;3,82781744;0,00000000
0,75129596;3,78429508;0,00000000
0,75139996;3,78429508;0,00000000
0,75150396;3,82781744;0,00000000
0,75160796;3,78429508;0,00000000
0,75171196;3,78429508;0,00000000
0,75181596;3,82781744;0,00000000
0,75191996;3,82781744;0,00000000
0,75202396;3,82781744;0,00000000
0,75212796;3,78429508;0,00000000
0,75223196;3,78429508;0,00000000
0,75233596;3,82781744;0,00000000
0,75243996;3,82781744;0,00000000
0,75254396;3,78429508;0,00000000
0,75264796;3,82781744;0,00000000
0,75275196;3,82781744;0,00000000
0,75285596;3,82781744;0,00000000
0,75295996;3,78429508;0,00000000
0,75306396;3,82781744;0,00000000
0,75316796;3,82781744;0,00000000
0,75327196;3,78429508;0,00000000
0,75337596;3,82781744;0,00000000
0,75347996;3,82781744;0,00000000
0,75358396;3,82781744;0,00000000
0,75368796;3,82781744;0,00000000
0,75379196;3,82781744;0,00000000
0,75389596;3,82781744;0,00000000
0,75399996;3,82781744;0,00000000
0,75410396;3,82781744;0,00000000
0,75420796;3,82781744;0,00000000
0,75431196;3,78429508;0,00000000
0,75441596;3,78429508;0,00000000
0,75451996;3,82781744;0,00000000
0,75462396;3,82781744;0,00000000
0,75472796;3,78429508;0,00000000
0,75483196;3,82781744;0,00000000
0,75493596;3,82781744;0,00000000
0,75503996;3,78429508;0,00000000
0,75514396;3,78429508;0,00000000
0,75524796;3,78429508;0,00000000
0,75535196;3,82781744;0,00000000
0,75545596;3,82781744;0,00000000
0,75555996;3,78429508;0,00000000
0,75566396;3,82781744;0,00000000
0,75576796;3,82781744;0,00000000
0,75587196;3,78429508;0,00000000
0,75597596;3,82781744;0,00000000
0,75607996;3,82781744;0,00000000
0,75618396;3,82781744;0,00000000
0,75628796;3,78429508;0,00000000
0,75639196;3,82781744;0,00000000
0,75649596;3,82781744;0,00000000
0,75659996;3,78429508;0,00000000
0,75670396;3,78429508;0,00000000
0,75680796;3,78429508;0,00000000
0,75691196;3,82781744;0,00000000
0,75701596;3,78429508;0,00000000
0,75711996;3,82781744;0,00000000
0,75722396;3,82781744;0,00000000
0,75732796;3,78429508;0,00000000
0,75743196;3,78429508;0,00000000
0,75753596;3,82781744;0,00000000
0,75763996;3,82781744;0,00000000
0,75774396;3,82781744;0,00000000
0,75784796;3,82781744;0,00000000
0,75795196;3,78429508;0,00000000
0,75805596;3,78429508;0,00000000
0,75815996;3,82781744;0,00000000
0,75826396;3,78429508;0,00000000
0,75836796;3,82781744;0,00000000
0,75847196;3,82781744;0,00000000
0,75857596;3,82781744;0,00000000
0,75867996;3,78429508;0,00000000
0,75878396;3,78429508;0,00000000
0,75888796;3,78429508;0,00000000
0,75899196;3,82781744;0,00000000
0,75909596;3,82781744;0,00000000
0,75919996;3,78429508;0,00000000
0,75930396;3,82781744;0,00000000
0,75940796;3,82781744;0,00000000
0,75951196;3,78429508;0,00000000
0,75961596;3,82781744;0,00000000
0,75971996;3,82781744;0,00000000
0,75982396;3,82781744;0,00000000
0,75992796;3,82781744;0,00000000
0,76003196;3,82781744;0,00000000
0,76013596;3,78429508;0,00000000
0,76023996;3,82781744;0,00000000
0,76034396;3,78429508;0,00000000
0,76044796;3,82781744;0,00000000
0,76055196;3,82781744;0,00000000
0,76065596;3,78429508;0,00000000
0,76075996;3,78429508;0,00000000
0,76086396;3,78429508;0,00000000
0,76096796;3,82781744;0,00000000
0,76107196;3,82781744;0,00000000
0,76117596;3,78429508;0,00000000
0,76127996;3,82781744;0,00000000
0,76138396;3,82781744;0,00000000
0,76148796;3,82781744;0,00000000
0,76159196;3,78429508;0,00000000
0,76169596;3,82781744;0,00000000
0,76179996;3,82781744;0,00000000
0,76190396;3,87133980;0,00000000
0,76200796;3,78429508;0,00000000
0,76211196;3,82781744;0,00000000
0,76221596;3,82781744;0,00000000
0,76231996;3,82781744;0,00000000
0,76242396;3,82781744;0,00000000
0,76252796;3,82781744;0,00000000
0,76263196;3,78429508;0,01734744
0,76273596;3,82781744;0,00000000
0,76283996;3,78429508;0,00000000
0,76294396;3,78429508;0,00000000
0,76304796;3,82781744;0,00000000
0,76315196;3,82781744;0,00000000
0,76325596;3,82781744;0,00000000
0,76335996;3,82781744;0,00000000
0,76346396;3,82781744;0,00000000
0,76356796;3,82781744;0,00000000
0,76367196;3,78429508;0,00000000
0,76377596;3,82781744;0,00000000
0,76387996;3,78429508;0,00000000
0,76398396;3,82781744;0,00000000
0,76408796;3,82781744;0,00000000
0,76419196;3,82781744;0,00000000
0,76429596;3,82781744;0,00000000
0,76439996;3,82781744;0,00000000
0,76450396;3,78429508;0,00000000
0,76460796;3,82781744;0,00000000
0,76471196;3,82781744;0,00000000
0,76481596;3,78429508;0,00000000
0,76491996;3,82781744;0,00000000
0,76502396;3,82781744;0,00000000
0,76512796;3,82781744;0,00000000
0,76523196;3,78429508;0,00000000
0,76533596;3,82781744;0,00000000
0,76543996;3,82781744;0,00000000
0,76554396;3,82781744;0,00000000
0,76564796;3,82781744;0,00000000
0,76575196;3,82781744;0,00000000
0,76585596;3,82781744;0,00000000
0,76595996;3,78429508;0,00000000
0,76606396;3,82781744;0,00000000
0,76616796;3,82781744;0,00000000
0,76627196;3,82781744;0,00000000
0,76637596;3,82781744;0,00000000
0,76647996;3,78429508;0,00000000
0,76658396;3,78429508;0,00000000
0,76668796;3,82781744;0,00000000
0,76679196;3,82781744;0,00000000
0,76689596;3,82781744;0,00000000
0,76699996;3,82781744;0,00000000
0,76710396;3,82781744;0,00000000
0,76720796;3,78429508;0,00000000
0,76731196;3,82781744;0,00000000
0,76741596;3,78429508;0,00000000
0,76751996;3,82781744;0,00000000
0,76762396;3,82781744;0,00000000
0,76772796;3,82781744;0,00000000
0,76783196;3,82781744;0,00000000
0,76793596;3,78429508;0,00000000
0,76803996;3,82781744;0,00000000
0,76814396;3,78429508;0,00000000
0,76824796;3,78429508;0,00000000
0,76835196;3,82781744;0,00000000
0,76845596;3,82781744;0,00000000
0,76855996;3,78429508;0,00000000
0,76866396;3,78429508;0,00000000
0,76876796;3,82781744;0,00000000
0,76887196;3,82781744;0,00000000
0,76897596;3,82781744;0,00000000
0,76907996;3,82781744;0,00000000
0,76918396;3,82781744;0,00000000
0,76928796;3,82781744;0,00000000
0,76939196;3,82781744;0,00000000
0,76949596;3,82781744;0,00000000
0,76959996;3,82781744;0,00000000
0,76970396;3,82781744;0,00000000
0,76980796;3,82781744;0,00000000
0,76991196;3,82781744;0,00000000
0,77001596;3,82781744;0,00000000
0,77011996;3,78429508;0,00000000
0,77022396;3,78429508;0,00000000
0,77032796;3,78429508;0,00000000
0,77043196;3,78429508;0,00000000
0,77053596;3,82781744;0,00000000
0,77063996;3,82781744;0,00000000
0,77074396;3,78429508;0,00000000
0,77084796;3,82781744;0,00000000
0,77095196;3,78429508;0,00000000
0,77105596;3,82781744;0,00000000
0,77115996;3,82781744;0,00000000
0,77126396;3,82781744;0,00000000
0,77136796;3,82781744;0,00000000
0,77147196;3,78429508;0,00000000
0,77157596;3,78429508;0,00000000
0,77167996;3,78429508;0,00000000
0,77178396;3,78429508;0,00000000
0,77188796;3,78429508;0,00000000
0,77199196;3,78429508;0,00000000
0,77209596;3,82781744;0,00000000
0,77219996;3,82781744;0,00000000
0,77230396;3,82781744;0,00000000
0,77240796;3,87133980;0,00000000
0,77251196;3,82781744;0,00000000
0,77261596;3,82781744;0,00000000
0,77271996;3,82781744;0,00000000
0,77282396;3,82781744;0,00000000
0,77292796;3,78429508;0,00000000
0,77303196;3,78429508;0,00000000
0,77313596;3,82781744;0,00000000
0,77323996;3,78429508;0,00000000
0,77334396;3,82781744;0,00000000
0,77344796;3,78429508;0,00000000
0,77355196;3,82781744;0,00000000
0,77365596;3,78429508;0,00000000
0,77375996;3,78429508;0,00000000
0,77386396;3,78429508;0,00000000
0,77396796;3,82781744;0,00000000
0,77407196;3,78429508;0,00000000
0,77417596;3,82781744;0,00000000
0,77427996;3,82781744;0,00000000
0,77438396;3,82781744;0,00000000
0,77448796;3,82781744;0,00000000
0,77459196;3,82781744;0,00000000
0,77469596;3,82781744;0,00000000
0,77479996;3,82781744;0,00000000
0,77490396;3,82781744;0,00000000
0,77500796;3,82781744;0,00000000
0,77511196;3,78429508;0,00000000
0,77521596;3,82781744;0,00000000
0,77531996;3,82781744;0,00000000
0,77542396;3,82781744;0,00000000
0,77552796;3,78429508;0,00000000
0,77563196;3,82781744;0,00000000
0,77573596;3,82781744;0,00000000
0,77583996;3,82781744;0,00000000
0,77594396;3,82781744;0,00000000
0,77604796;3,78429508;0,00000000
0,77615196;3,78429508;0,00000000
0,77625596;3,82781744;0,00000000
0,77635996;3,82781744;0,00000000
0,77646396;3,82781744;0,00000000
0,77656796;3,78429508;0,00000000
0,77667196;3,78429508;0,00000000
0,77677596;3,82781744;0,00000000
0,77687996;3,82781744;0,00000000
0,77698396;3,82781744;0,00000000
0,77708796;3,82781744;0,00000000
0,77719196;3,82781744;0,00000000
0,77729596;3,82781744;0,01734744
0,77739996;3,82781744;0,00000000
0,77750396;3,82781744;0,00000000
0,77760796;3,78429508;0,00000000
0,77771196;3,82781744;0,00000000
0,77781596;3,82781744;0,00000000
0,77791996;3,82781744;0,00000000
0,77802396;3,82781744;0,00000000
0,77812796;3,82781744;0,00000000
0,77823196;3,82781744;0,00000000
0,77833596;3,78429508;0,00000000
0,77843996;3,78429508;0,00000000
0,77854396;3,82781744;0,00000000
0,77864796;3,78429508;0,00000000
0,77875196;3,82781744;0,00000000
0,77885596;3,82781744;0,00000000
0,77895996;3,82781744;0,00000000
0,77906396;3,82781744;0,00000000
0,77916796;3,82781744;0,00000000
0,77927196;3,78429508;0,00000000
0,77937596;3,78429508;0,00000000
0,77947996;3,78429508;0,00000000
0,77958396;3,78429508;0,00000000
0,77968796;3,78429508;0,00000000
0,77979196;3,82781744;0,00000000
0,77989596;3,78429508;0,00000000
0,77999996;3,78429508;0,00000000
0,78010396;3,78429508;0,00000000
0,78020796;3,78429508;0,00000000
0,78031196;3,78429508;0,00000000
0,78041596;3,82781744;0,00000000
0,78051996;3,82781744;0,00000000
0,78062396;3,82781744;0,00000000
0,78072796;3,82781744;0,00000000
0,78083196;3,78429508;0,00000000
0,78093596;3,82781744;0,00000000
0,78103996;3,82781744;0,00000000
0,78114396;3,82781744;0,00000000
0,78124796;3,78429508;0,00000000
0,78135196;3,78429508;0,00000000
0,78145596;3,82781744;0,00000000
0,78155996;3,78429508;0,00000000
0,78166396;3,82781744;0,00000000
0,78176796;3,82781744;0,00000000
0,78187196;3,82781744;0,00000000
0,78197596;3,78429508;0,00000000
0,78207996;3,82781744;0,00000000
0,78218396;3,82781744;0,00000000
0,78228796;3,78429508;0,00000000
0,78239196;3,82781744;0,00000000
0,78249596;3,82781744;0,00000000
0,78259996;3,82781744;0,00000000
0,78270396;3,78429508;0,00000000
0,78280796;3,82781744;0,00000000
0,78291196;3,82781744;0,00000000
0,78301596;3,78429508;0,00000000
0,78311996;3,82781744;0,00000000
0,78322396;3,82781744;0,00000000
0,78332796;3,78429508;0,00000000
0,78343196;3,82781744;0,00000000
0,78353596;3,82781744;0,00000000
0,78363996;3,78429508;0,00000000
0,78374396;3,82781744;0,00000000
0,78384796;3,82781744;0,00000000
0,78395196;3,82781744;0,00000000
0,78405596;3,78429508;0,00000000
0,78415996;3,82781744;0,00000000
0,78426396;3,82781744;0,00000000
0,78436796;3,78429508;0,00000000
0,78447196;3,82781744;0,00000000
0,78457596;3,78429508;0,00000000
0,78467996;3,78429508;0,00000000
0,78478396;3,82781744;0,00000000
0,78488796;3,82781744;0,00000000
0,78499196;3,82781744;0,00000000
0,78509596;3,82781744;0,00000000
0,78519996;3,82781744;0,00000000
0,78530396;3,82781744;0,00000000
0,78540796;3,78429508;0,00000000
0,78551196;3,82781744;0,00000000
0,78561596;3,82781744;0,00000000
0,78571996;3,82781744;0,00000000
0,78582396;3,78429508;0,00000000
0,78592796;3,82781744;0,00000000
0,78603196;3,78429508;0,00000000
0,78613596;3,82781744;0,00000000
0,78623996;3,78429508;0,00000000
0,78634396;3,82781744;0,00000000
0,78644796;3,78429508;0,00000000
0,78655196;3,78429508;0,00000000
0,78665596;3,82781744;0,00000000
0,78675996;3,78429508;0,00000000
0,78686396;3,82781744;0,00000000
0,78696796;3,82781744;0,00000000
0,78707196;3,78429508;0,00000000
0,78717596;3,78429508;0,00000000
0,78727996;3,82781744;0,00000000
0,78738396;3,82781744;0,00000000
0,78748796;3,82781744;0,00000000
0,78759196;3,82781744;0,00000000
0,78769596;3,78429508;0,00000000
0,78779996;3,82781744;0,00000000
0,78790396;3,82781744;0,00000000
0,78800796;3,78429508;0,00000000
0,78811196;3,82781744;0,00000000
0,78821596;3,82781744;0,00000000
0,78831996;3,82781744;0,00000000
0,78842396;3,82781744;0,00000000
0,78852796;3,82781744;0,00000000
0,78863196;3,78429508;0,00000000
0,78873596;3,78429508;0,00000000
0,78883996;3,78429508;0,00000000
0,78894396;3,82781744;0,00000000
0,78904796;3,82781744;0,00000000
0,78915196;3,82781744;0,00000000
0,78925596;3,78429508;0,00000000
0,78935996;3,82781744;0,00000000
0,78946396;3,78429508;0,00000000
0,78956796;3,78429508;0,00000000
0,78967196;3,78429508;0,00000000
0,78977596;3,82781744;0,00000000
0,78987996;3,78429508;0,00000000
0,78998396;3,78429508;0,00000000
0,79008796;3,78429508;0,00000000
0,79019196;3,82781744;0,00000000
0,79029596;3,82781744;0,00000000
0,79039996;3,78429508;0,00000000
0,79050396;3,78429508;0,00000000
0,79060796;3,82781744;0,00000000
0,79071196;3,82781744;0,00000000
0,79081596;3,78429508;0,00000000
0,79091996;3,82781744;0,00000000
0,79102396;3,82781744;0,00000000
0,79112796;3,78429508;0,00000000
0,79123196;3,82781744;0,00000000
0,79133596;3,82781744;0,00000000
0,79143996;3,82781744;0,00000000
0,79154396;3,78429508;0,00000000
0,79164796;3,82781744;0,00000000
0,79175196;3,78429508;0,00000000
0,79185596;3,78429508;0,00000000
0,79195996;3,78429508;0,00000000
0,79206396;3,82781744;0,00000000
0,79216796;3,78429508;0,00000000
0,79227196;3,82781744;0,00000000
0,79237596;3,82781744;0,00000000
0,79247996;3,82781744;0,00000000
0,79258396;3,82781744;0,00000000
0,79268796;3,82781744;0,00000000
0,79279196;3,82781744;0,00000000
0,79289596;3,78429508;0,00000000
0,79299996;3,78429508;0,00000000
0,79310396;3,82781744;0,00000000
0,79320796;3,82781744;0,00000000
0,79331196;3,78429508;0,00000000
0,79341596;3,78429508;0,00000000
0,79351996;3,82781744;0,00000000
0,79362396;3,82781744;0,00000000
0,79372796;3,82781744;0,00000000
0,79383196;3,82781744;0,00000000
0,79393596;3,82781744;0,00000000
0,79403996;3,82781744;0,00000000
0,79414396;3,82781744;0,00000000
0,79424796;3,82781744;0,00000000
0,79435196;3,82781744;0,00000000
0,79445596;3,82781744;0,00000000
0,79455996;3,82781744;0,00000000
0,79466396;3,78429508;0,00000000
0,79476796;3,82781744;0,00000000
0,79487196;3,78429508;0,00000000
0,79497596;3,78429508;0,00000000
0,79507996;3,78429508;0,00000000
0,79518396;3,82781744;0,00000000
0,79528796;3,78429508;0,00000000
0,79539196;3,82781744;0,00000000
0,79549596;3,82781744;0,00000000
0,79559996;3,82781744;0,00000000
0,79570396;3,82781744;0,00000000
0,79580796;3,78429508;0,00000000
0,79591196;3,82781744;0,00000000
0,79601596;3,82781744;0,00000000
0,79611996;3,82781744;0,00000000
0,79622396;3,82781744;0,00000000
0,79632796;3,78429508;0,00000000
0,79643196;3,78429508;0,00000000
0,79653596;3,82781744;0,00000000
0,79663996;3,82781744;0,00000000
0,79674396;3,82781744;0,00000000
0,79684796;3,82781744;0,00000000
0,79695196;3,82781744;0,00000000
0,79705596;3,82781744;0,00000000
0,79715996;3,78429508;0,00000000
0,79726396;3,82781744;0,00000000
0,79736796;3,78429508;0,00000000
0,79747196;3,82781744;0,00000000
0,79757596;3,82781744;0,00000000
0,79767996;3,78429508;0,00000000
0,79778396;3,82781744;0,00000000
0,79788796;3,82781744;0,00000000
0,79799196;3,82781744;0,00000000
0,79809596;3,82781744;0,00000000
0,79819996;3,78429508;0,00000000
0,79830396;3,82781744;0,00000000
0,79840796;3,82781744;0,00000000
0,79851196;3,78429508;0,00000000
0,79861596;3,82781744;0,00000000
0,79871996;3,82781744;0,00000000
0,79882396;3,82781744;0,00000000
0,79892796;3,78429508;0,00000000
0,79903196;3,78429508;0,00000000
0,79913596;3,82781744;0,00000000
0,79923996;3,82781744;0,00000000
0,79934396;3,82781744;0,00000000
0,79944796;3,82781744;0,00000000
0,79955196;3,82781744;0,00000000
0,79965596;3,78429508;0,00000000
0,79975996;3,78429508;0,00000000
0,79986396;3,82781744;0,00000000
0,79996796;3,82781744;0,00000000
0,80007196;3,82781744;0,00000000
0,80017596;3,82781744;0,00000000
0,80027996;3,82781744;0,00000000
0,80038396;3,78429508;0,00000000
0,80048796;3,82781744;0,00000000
0,80059196;3,82781744;0,00000000
0,80069596;3,82781744;0,00000000
0,80079996;3,78429508;0,00000000
0,80090396;3,78429508;0,00000000
0,80100796;3,82781744;0,00000000
0,80111196;3,78429508;0,00000000
0,80121596;3,82781744;0,00000000
0,80131996;3,82781744;0,00000000
0,80142396;3,78429508;0,00000000
0,80152796;3,82781744;0,00000000
0,80163196;3,82781744;0,00000000
0,80173596;3,82781744;0,00000000
0,80183996;3,82781744;0,00000000
0,80194396;3,82781744;0,00000000
0,80204796;3,82781744;0,00000000
0,80215196;3,78429508;0,00000000
0,80225596;3,82781744;0,00000000
0,80235996;3,82781744;0,00000000
0,80246396;3,82781744;0,00000000
0,80256796;3,82781744;0,00000000
0,80267196;3,82781744;0,00000000
0,80277596;3,78429508;0,00000000
0,80287996;3,82781744;0,00000000
0,80298396;3,82781744;0,00000000
0,80308796;3,78429508;0,00000000
0,80319196;3,82781744;0,00000000
0,80329596;3,78429508;0,00000000
0,80339996;3,82781744;0,00000000
0,80350396;3,82781744;0,00000000
0,80360796;3,78429508;0,00000000
0,80371196;3,82781744;0,00000000
0,80381596;3,78429508;0,00000000
0,80391996;3,82781744;0,00000000
0,80402396;3,82781744;0,00000000
0,80412796;3,82781744;0,00000000
0,80423196;3,82781744;0,00000000
0,80433596;3,82781744;0,00000000
0,80443996;3,78429508;0,00000000
0,80454396;3,82781744;0,00000000
0,80464796;3,82781744;0,00000000
0,80475196;3,82781744;0,00000000
0,80485596;3,82781744;0,00000000
0,80495996;3,78429508;0,00000000
0,80506396;3,78429508;0,00000000
0,80516796;3,82781744;0,00000000
0,80527196;3,78429508;0,00000000
0,80537596;3,82781744;0,00000000
0,80547996;3,78429508;0,00000000
0,80558396;3,82781744;0,00000000
0,80568796;3,78429508;0,00000000
0,80579196;3,82781744;0,00000000
0,80589596;3,78429508;0,00000000
0,80599996;3,82781744;0,00000000
0,80610396;3,82781744;0,00000000
0,80620796;3,82781744;0,00000000
0,80631196;3,78429508;0,00000000
0,80641596;3,82781744;0,00000000
0,80651996;3,78429508;0,00000000
0,80662396;3,82781744;0,00000000
0,80672796;3,78429508;0,00000000
0,80683196;3,82781744;0,00000000
0,80693596;3,82781744;0,00000000
0,80703996;3,78429508;0,00000000
0,80714396;3,78429508;0,00000000
0,80724796;3,78429508;0,00000000
0,80735196;3,82781744;0,00000000
0,80745596;3,82781744;0,00000000
0,80755996;3,78429508;0,00000000
0,80766396;3,82781744;0,00000000
0,80776796;3,78429508;0,00000000
0,80787196;3,82781744;0,00000000
0,80797596;3,82781744;0,00000000
0,80807996;3,82781744;0,00000000
0,80818396;3,78429508;0,00000000
0,80828796;3,78429508;0,00000000
0,80839196;3,82781744;0,00000000
0,80849596;3,78429508;0,00000000
0,80859996;3,82781744;0,00000000
0,80870396;3,87133980;0,00000000
0,80880796;3,78429508;0,00000000
0,80891196;3,82781744;0,00000000
0,80901596;3,78429508;0,00000000
0,80911996;3,82781744;0,00000000
0,80922396;3,82781744;0,00000000
0,80932796;3,82781744;0,00000000
0,80943196;3,82781744;0,00000000
0,80953596;3,82781744;0,00000000
0,80963996;3,82781744;0,00000000
0,80974396;3,82781744;0,00000000
0,80984796;3,82781744;0,00000000
0,80995196;3,82781744;0,00000000
0,81005596;3,82781744;0,00000000
0,81015996;3,82781744;0,00000000
0,81026396;3,78429508;0,00000000
0,81036796;3,78429508;0,00000000
0,81047196;3,78429508;0,00000000
0,81057596;3,82781744;0,00000000
0,81067996;3,82781744;0,00000000
0,81078396;3,78429508;0,00000000
0,81088796;3,78429508;0,00000000
0,81099196;3,82781744;0,00000000
0,81109596;3,78429508;0,00000000
0,81119996;3,82781744;0,00000000
0,81130396;3,82781744;0,00000000
0,81140796;3,82781744;0,00000000
0,81151196;3,82781744;0,00000000
0,81161596;3,78429508;0,00000000
0,81171996;3,82781744;0,00000000
0,81182396;3,82781744;0,00000000
0,81192796;3,82781744;0,00000000
0,81203196;3,78429508;0,00000000
0,81213596;3,82781744;0,00000000
0,81223996;3,78429508;0,00000000
0,81234396;3,78429508;0,00000000
0,81244796;3,82781744;0,00000000
0,81255196;3,78429508;0,00000000
0,81265596;3,82781744;0,00000000
0,81275996;3,78429508;0,00000000
0,81286396;3,78429508;0,00000000
0,81296796;3,78429508;0,00000000
0,81307196;3,82781744;0,00000000
0,81317596;3,82781744;0,00000000
0,81327996;3,82781744;0,00000000
0,81338396;3,82781744;0,00000000
0,81348796;3,82781744;0,00000000
0,81359196;3,82781744;0,00000000
0,81369596;3,78429508;0,00000000
0,81379996;3,82781744;0,00000000
0,81390396;3,78429508;0,00000000
0,81400796;3,82781744;0,00000000
0,81411196;3,82781744;0,00000000
0,81421596;3,82781744;0,00000000
0,81431996;3,82781744;0,00000000
0,81442396;3,82781744;0,00000000
0,81452796;3,78429508;0,00000000
0,81463196;3,82781744;0,00000000
0,81473596;3,82781744;0,00000000
0,81483996;3,82781744;0,00000000
0,81494396;3,82781744;0,00000000
0,81504796;3,78429508;0,00000000
0,81515196;3,82781744;0,00000000
0,81525596;3,82781744;0,00000000
0,81535996;3,78429508;0,00000000
0,81546396;3,82781744;0,00000000
0,81556796;3,78429508;0,00000000
0,81567196;3,82781744;0,00000000
0,81577596;3,82781744;0,00000000
0,81587996;3,82781744;0,00000000
0,81598396;3,82781744;0,00000000
0,81608796;3,82781744;0,00000000
0,81619196;3,78429508;0,00000000
0,81629596;3,78429508;0,00000000
0,81639996;3,82781744;0,00000000
0,81650396;3,82781744;0,00000000
0,81660796;3,82781744;0,00000000
0,81671196;3,82781744;0,00000000
0,81681596;3,78429508;0,00000000
0,81691996;3,82781744;0,00000000
0,81702396;3,82781744;0,00000000
0,81712796;3,82781744;0,00000000
0,81723196;3,78429508;0,00000000
0,81733596;3,82781744;0,00000000
0,81743996;3,78429508;0,00000000
0,81754396;3,82781744;0,00000000
0,81764796;3,82781744;0,00000000
0,81775196;3,78429508;0,00000000
0,81785596;3,82781744;0,00000000
0,81795996;3,82781744;0,00000000
0,81806396;3,82781744;0,00000000
0,81816796;3,82781744;0,00000000
0,81827196;3,82781744;0,00000000
0,81837596;3,82781744;0,00000000
0,81847996;3,82781744;0,00000000
0,81858396;3,82781744;0,00000000
0,81868796;3,78429508;0,00000000
0,81879196;3,82781744;0,00000000
0,81889596;3,82781744;0,00000000
0,81899996;3,82781744;0,00000000
0,81910396;3,82781744;0,00000000
0,81920796;3,82781744;0,00000000
0,81931196;3,82781744;0,00000000
0,81941596;3,82781744;0,00000000
0,81951996;3,82781744;0,00000000
0,81962396;3,82781744;0,01734744
0,81972796;3,78429508;0,00000000
0,81983196;3,82781744;0,00000000
0,81993596;3,82781744;0,00000000
0,82003996;3,78429508;0,00000000
0,82014396;3,87133980;0,00000000
0,82024796;3,78429508;0,00000000
0,82035196;3,78429508;0,00000000
0,82045596;3,78429508;0,00000000
0,82055996;3,82781744;0,00000000
0,82066396;3,82781744;0,00000000
0,82076796;3,82781744;0,00000000
0,82087196;3,82781744;0,00000000
0,82097596;3,82781744;0,00000000
0,82107996;3,82781744;0,00000000
0,82118396;3,82781744;0,00000000
0,82128796;3,82781744;0,00000000
0,82139196;3,82781744;0,00000000
0,82149596;3,78429508;0,00000000
0,82159996;3,82781744;0,00000000
0,82170396;3,78429508;0,00000000
0,82180796;3,82781744;0,00000000
0,82191196;3,78429508;0,00000000
0,82201596;3,82781744;0,00000000
0,82211996;3,82781744;0,00000000
0,82222396;3,82781744;0,00000000
0,82232796;3,82781744;0,00000000
0,82243196;3,82781744;0,00000000
0,82253596;3,78429508;0,00000000
0,82263996;3,82781744;0,00000000
0,82274396;3,78429508;0,00000000
0,82284796;3,82781744;0,00000000
0,82295196;3,82781744;0,00000000
0,82305596;3,78429508;0,00000000
0,82315996;3,78429508;0,00000000
0,82326396;3,78429508;0,00000000
0,82336796;3,82781744;0,00000000
0,82347196;3,82781744;0,00000000
0,82357596;3,82781744;0,00000000
0,82367996;3,82781744;0,00000000
0,82378396;3,82781744;0,00000000
0,82388796;3,82781744;0,00000000
0,82399196;3,82781744;0,00000000
0,82409596;3,82781744;0,00000000
0,82419996;3,82781744;0,00000000
0,82430396;3,82781744;0,00000000
0,82440796;3,82781744;0,00000000
0,82451196;3,82781744;0,00000000
0,82461596;3,78429508;0,00000000
0,82471996;3,82781744;0,00000000
0,82482396;3,82781744;0,00000000
0,82492796;3,82781744;0,00000000
0,82503196;3,82781744;0,00000000
0,82513596;3,82781744;0,00000000
0,82523996;3,78429508;0,00000000
0,82534396;3,82781744;0,00000000
0,82544796;3,82781744;0,00000000
0,82555196;3,82781744;0,00000000
0,82565596;3,82781744;0,00000000
0,82575996;3,82781744;0,00000000
0,82586396;3,82781744;0,00000000
0,82596796;3,82781744;0,00000000
0,82607196;3,82781744;0,00000000
0,82617596;3,82781744;0,00000000
0,82627996;3,82781744;0,00000000
0,82638396;3,82781744;0,00000000
0,82648796;3,78429508;0,00000000
0,82659196;3,82781744;0,00000000
0,82669596;3,82781744;0,00000000
0,82679996;3,78429508;0,00000000
0,82690396;3,82781744;0,00000000
0,82700796;3,82781744;0,00000000
0,82711196;3,82781744;0,00000000
0,82721596;3,82781744;0,00000000
0,82731996;3,82781744;0,00000000
0,82742396;3,82781744;0,00000000
0,82752796;3,82781744;0,00000000
0,82763196;3,78429508;0,00000000
0,82773596;3,78429508;0,00000000
0,82783996;3,82781744;0,00000000
0,82794396;3,82781744;0,00000000
0,82804796;3,82781744;0,00000000
0,82815196;3,82781744;0,00000000
0,82825596;3,82781744;0,00000000
0,82835996;3,82781744;0,00000000
0,82846396;3,82781744;0,00000000
0,82856796;3,78429508;0,00000000
0,82867196;3,82781744;0,00000000
0,82877596;3,78429508;0,00000000
0,82887996;3,82781744;0,00000000
0,82898396;3,78429508;0,00000000
0,82908796;3,78429508;0,00000000
0,82919196;3,82781744;0,00000000
0,82929596;3,82781744;0,00000000
0,82939996;3,78429508;0,00000000
0,82950396;3,82781744;0,00000000
0,82960796;3,82781744;0,00000000
0,82971196;3,82781744;0,00000000
0,82981596;3,82781744;0,00000000
0,82991996;3,82781744;0,00000000
0,83002396;3,82781744;0,00000000
0,83012796;3,82781744;0,00000000
0,83023196;3,78429508;0,00000000
0,83033596;3,82781744;0,00000000
0,83043996;3,82781744;0,00000000
0,83054396;3,82781744;0,00000000
0,83064796;3,82781744;0,00000000
0,83075196;3,82781744;0,00000000
0,83085596;3,78429508;0,00000000
0,83095996;3,82781744;0,00000000
0,83106396;3,82781744;0,00000000
0,83116796;3,78429508;0,00000000
0,83127196;3,82781744;0,00000000
0,83137596;3,78429508;0,00000000
0,83147996;3,82781744;0,00000000
0,83158396;3,82781744;0,00000000
0,83168796;3,82781744;0,00000000
0,83179196;3,82781744;0,00000000
0,83189596;3,78429508;0,00000000
0,83199996;3,78429508;0,00000000
0,83210396;3,82781744;0,00000000
0,83220796;3,82781744;0,00000000
0,83231196;3,82781744;0,00000000
0,83241596;3,82781744;0,00000000
0,83251996;3,78429508;0,00000000
0,83262396;3,82781744;0,00000000
0,83272796;3,82781744;0,00000000
0,83283196;3,82781744;0,00000000
0,83293596;3,82781744;0,00000000
0,83303996;3,82781744;0,00000000
0,83314396;3,82781744;0,00000000
0,83324796;3,82781744;0,00000000
0,83335196;3,78429508;0,00000000
0,83345596;3,82781744;0,00000000
0,83355996;3,82781744;0,00000000
0,83366396;3,82781744;0,00000000
0,83376796;3,78429508;0,00000000
0,83387196;3,78429508;0,00000000
0,83397596;3,82781744;0,00000000
0,83407996;3,82781744;0,00000000
0,83418396;3,78429508;0,00000000
0,83428796;3,78429508;0,00000000
0,83439196;3,82781744;0,00000000
0,83449596;3,78429508;0,00000000
0,83459996;3,82781744;0,00000000
0,83470396;3,82781744;0,00000000
0,83480796;3,82781744;0,00000000
0,83491195;3,82781744;0,00000000
0,83501595;3,82781744;0,00000000
0,83511995;3,78429508;0,00000000
0,83522395;3,78429508;0,00000000
0,83532795;3,82781744;0,00000000
0,83543195;3,82781744;0,00000000
0,83553595;3,78429508;0,00000000
0,83563995;3,82781744;0,00000000
0,83574395;3,82781744;0,00000000
0,83584795;3,78429508;0,00000000
0,83595195;3,78429508;0,00000000
0,83605595;3,82781744;0,00000000
0,83615995;3,82781744;0,00000000
0,83626395;3,82781744;0,00000000
0,83636795;3,78429508;0,00000000
0,83647195;3,82781744;0,00000000
0,83657595;3,78429508;0,00000000
0,83667995;3,82781744;0,01734744
0,83678395;3,82781744;0,00000000
0,83688795;3,78429508;0,00000000
0,83699195;3,78429508;0,00000000
0,83709595;3,82781744;0,00000000
0,83719995;3,78429508;0,00000000
0,83730395;3,78429508;0,00000000
0,83740795;3,82781744;0,00000000
0,83751195;3,78429508;0,00000000
0,83761595;3,82781744;0,00000000
0,83771995;3,78429508;0,00000000
0,83782395;3,82781744;0,00000000
0,83792795;3,82781744;0,00000000
0,83803195;3,82781744;0,00000000
0,83813595;3,82781744;0,00000000
0,83823995;3,82781744;0,00000000
0,83834395;3,82781744;0,00000000
0,83844795;3,82781744;0,00000000
0,83855195;3,78429508;0,00000000
0,83865595;3,82781744;0,00000000
0,83875995;3,82781744;0,00000000
0,83886395;3,82781744;0,00000000
0,83896795;3,82781744;0,00000000
0,83907195;3,82781744;0,00000000
0,83917595;3,82781744;0,00000000
0,83927995;3,82781744;0,00000000
0,83938395;3,82781744;0,00000000
0,83948795;3,78429508;0,00000000
0,83959195;3,78429508;0,00000000
0,83969595;3,82781744;0,00000000
0,83979995;3,82781744;0,00000000
0,83990395;3,82781744;0,00000000
0,84000795;3,82781744;0,00000000
0,84011195;3,82781744;0,00000000
0,84021595;3,78429508;0,00000000
0,84031995;3,82781744;0,00000000
0,84042395;3,82781744;0,00000000
0,84052795;3,78429508;0,00000000
0,84063195;3,78429508;0,00000000
0,84073595;3,82781744;0,00000000
0,84083995;3,82781744;0,00000000
0,84094395;3,82781744;0,00000000
0,84104795;3,82781744;0,00000000
0,84115195;3,82781744;0,00000000
0,84125595;3,78429508;0,00000000
0,84135995;3,82781744;0,00000000
0,84146395;3,78429508;0,00000000
0,84156795;3,78429508;0,00000000
0,84167195;3,82781744;0,00000000
0,84177595;3,82781744;0,00000000
0,84187995;3,82781744;0,00000000
0,84198395;3,78429508;0,00000000
0,84208795;3,82781744;0,00000000
0,84219195;3,82781744;0,00000000
0,84229595;3,78429508;0,00000000
0,84239995;3,82781744;0,00000000
0,84250395;3,82781744;0,00000000
0,84260795;3,78429508;0,00000000
0,84271195;3,82781744;0,00000000
0,84281595;3,82781744;0,00000000
0,84291995;3,78429508;0,00000000
0,84302395;3,82781744;0,00000000
0,84312795;3,82781744;0,00000000
0,84323195;3,82781744;0,00000000
0,84333595;3,78429508;0,00000000
0,84343995;3,82781744;0,00000000
0,84354395;3,78429508;0,00000000
0,84364795;3,82781744;0,00000000
0,84375195;3,82781744;0,00000000
0,84385595;3,78429508;0,00000000
0,84395995;3,82781744;0,00000000
0,84406395;3,78429508;0,00000000
0,84416795;3,78429508;0,00000000
0,84427195;3,78429508;0,00000000
0,84437595;3,82781744;0,00000000
0,84447995;3,82781744;0,00000000
0,84458395;3,82781744;0,00000000
0,84468795;3,78429508;0,00000000
0,84479195;3,82781744;0,00000000
0,84489595;3,82781744;0,00000000
0,84499995;3,82781744;0,00000000
0,84510395;3,82781744;0,00000000
0,84520795;3,82781744;0,00000000
0,84531195;3,82781744;0,00000000
0,84541595;3,82781744;0,00000000
0,84551995;3,78429508;0,00000000
0,84562395;3,82781744;0,00000000
0,84572795;3,82781744;0,00000000
0,84583195;3,78429508;0,00000000
0,84593595;3,78429508;0,00000000
0,84603995;3,82781744;0,00000000
0,84614395;3,82781744;0,00000000
0,84624795;3,78429508;0,00000000
0,84635195;3,82781744;0,00000000
0,84645595;3,82781744;0,00000000
0,84655995;3,82781744;0,00000000
0,84666395;3,82781744;0,00000000
0,84676795;3,82781744;0,00000000
0,84687195;3,82781744;0,00000000
0,84697595;3,82781744;0,00000000
0,84707995;3,82781744;0,00000000
0,84718395;3,82781744;0,00000000
0,84728795;3,82781744;0,00000000
0,84739195;3,82781744;0,00000000
0,84749595;3,78429508;0,00000000
0,84759995;3,82781744;0,00000000
0,84770395;3,82781744;0,00000000
0,84780795;3,82781744;0,00000000
0,84791195;3,87133980;0,00000000
0,84801595;3,78429508;0,00000000
0,84811995;3,82781744;0,00000000
0,84822395;3,82781744;0,00000000
0,84832795;3,82781744;0,00000000
0,84843195;3,82781744;0,00000000
0,84853595;3,78429508;0,00000000
0,84863995;3,82781744;0,00000000
0,84874395;3,82781744;0,00000000
0,84884795;3,78429508;0,00000000
0,84895195;3,78429508;0,00000000
0,84905595;3,82781744;0,00000000
0,84915995;3,82781744;0,00000000
0,84926395;3,78429508;0,00000000
0,84936795;3,82781744;0,00000000
0,84947195;3,82781744;0,00000000
0,84957595;3,82781744;0,00000000
0,84967995;3,82781744;0,00000000
0,84978395;3,82781744;0,00000000
0,84988795;3,78429508;0,00000000
0,84999195;3,78429508;0,00000000
0,85009595;3,82781744;0,00000000
0,85019995;3,82781744;0,00000000
0,85030395;3,82781744;0,00000000
0,85040795;3,78429508;0,00000000
0,85051195;3,78429508;0,00000000
0,85061595;3,82781744;0,00000000
0,85071995;3,78429508;0,00000000
0,85082395;3,78429508;0,00000000
0,85092795;3,82781744;0,00000000
0,85103195;3,82781744;0,00000000
0,85113595;3,82781744;0,00000000
0,85123995;3,78429508;0,00000000
0,85134395;3,82781744;0,00000000
0,85144795;3,78429508;0,00000000
0,85155195;3,82781744;0,00000000
0,85165595;3,78429508;0,00000000
0,85175995;3,78429508;0,00000000
0,85186395;3,82781744;0,00000000
0,85196795;3,82781744;0,00000000
0,85207195;3,82781744;0,00000000
0,85217595;3,78429508;0,00000000
0,85227995;3,82781744;0,00000000
0,85238395;3,78429508;0,00000000
0,85248795;3,78429508;0,00000000
0,85259195;3,82781744;0,00000000
0,85269595;3,78429508;0,00000000
0,85279995;3,78429508;0,00000000
0,85290395;3,82781744;0,00000000
0,85300795;3,82781744;0,00000000
0,85311195;3,78429508;0,00000000
0,85321595;3,82781744;0,00000000
0,85331995;3,78429508;0,00000000
0,85342395;3,82781744;0,00000000
0,85352795;3,78429508;0,00000000
0,85363195;3,82781744;0,00000000
0,85373595;3,78429508;0,00000000
0,85383995;3,78429508;0,00000000
0,85394395;3,82781744;0,00000000
0,85404795;3,82781744;0,00000000
0,85415195;3,78429508;0,00000000
0,85425595;3,82781744;0,00000000
0,85435995;3,82781744;0,00000000
0,85446395;3,82781744;0,00000000
0,85456795;3,82781744;0,00000000
0,85467195;3,78429508;0,00000000
0,85477595;3,82781744;0,00000000
0,85487995;3,82781744;0,00000000
0,85498395;3,82781744;0,00000000
0,85508795;3,82781744;0,00000000
0,85519195;3,78429508;0,00000000
0,85529595;3,78429508;0,00000000
0,85539995;3,78429508;0,00000000
0,85550395;3,78429508;0,00000000
0,85560795;3,82781744;0,00000000
0,85571195;3,82781744;0,00000000
0,85581595;3,78429508;0,00000000
0,85591995;3,82781744;0,00000000
0,85602395;3,78429508;0,00000000
0,85612795;3,82781744;0,00000000
0,85623195;3,82781744;0,00000000
0,85633595;3,82781744;0,00000000
0,85643995;3,78429508;0,00000000
0,85654395;3,82781744;0,00000000
0,85664795;3,82781744;0,00000000
0,85675195;3,82781744;0,00000000
0,85685595;3,82781744;0,00000000
0,85695995;3,78429508;0,00000000
0,85706395;3,78429508;0,00000000
0,85716795;3,82781744;0,00000000
0,85727195;3,82781744;0,00000000
0,85737595;3,82781744;0,00000000
0,85747995;3,82781744;0,00000000
0,85758395;3,82781744;0,00000000
0,85768795;3,82781744;0,00000000
0,85779195;3,78429508;0,00000000
0,85789595;3,82781744;0,00000000
0,85799995;3,78429508;0,00000000
0,85810395;3,78429508;0,00000000
0,85820795;3,82781744;0,00000000
0,85831195;3,78429508;0,00000000
0,85841595;3,78429508;0,00000000
0,85851995;3,82781744;0,00000000
0,85862395;3,82781744;0,00000000
0,85872795;3,78429508;0,00000000
0,85883195;3,82781744;0,00000000
0,85893595;3,82781744;0,00000000
0,85903995;3,82781744;0,00000000
0,85914395;3,82781744;0,00000000
0,85924795;3,82781744;0,00000000
0,85935195;3,82781744;0,00000000
0,85945595;3,82781744;0,00000000
0,85955995;3,82781744;0,00000000
0,85966395;3,82781744;0,00000000
0,85976795;3,78429508;0,00000000
0,85987195;3,82781744;0,00000000
0,85997595;3,82781744;0,00000000
0,86007995;3,82781744;0,00000000
0,86018395;3,82781744;0,00000000
0,86028795;3,78429508;0,00000000
0,86039195;3,82781744;0,00000000
0,86049595;3,82781744;0,00000000
0,86059995;3,78429508;0,00000000
0,86070395;3,82781744;0,00000000
0,86080795;3,82781744;0,00000000
0,86091195;3,82781744;0,00000000
0,86101595;3,82781744;0,00000000
0,86111995;3,78429508;0,00000000
0,86122395;3,82781744;0,00000000
0,86132795;3,82781744;0,00000000
0,86143195;3,82781744;0,00000000
0,86153595;3,82781744;0,00000000
0,86163995;3,78429508;0,00000000
0,86174395;3,82781744;0,00000000
0,86184795;3,82781744;0,00000000
0,86195195;3,82781744;0,00000000
0,86205595;3,82781744;0,00000000
0,86215995;3,82781744;0,00000000
0,86226395;3,82781744;0,00000000
0,86236795;3,82781744;0,00000000
0,86247195;3,82781744;0,00000000
0,86257595;3,82781744;0,00000000
0,86267995;3,82781744;0,00000000
0,86278395;3,82781744;0,00000000
0,86288795;3,82781744;0,00000000
0,86299195;3,78429508;0,00000000
0,86309595;3,82781744;0,00000000
0,86319995;3,78429508;0,00000000
0,86330395;3,78429508;0,00000000
0,86340795;3,78429508;0,00000000
0,86351195;3,82781744;0,00000000
0,86361595;3,78429508;0,00000000
0,86371995;3,78429508;0,00000000
0,86382395;3,78429508;0,00000000
0,86392795;3,78429508;0,00000000
0,86403195;3,78429508;0,00000000
0,86413595;3,82781744;0,00000000
0,86423995;3,82781744;0,00000000
0,86434395;3,82781744;0,00000000
0,86444795;3,82781744;0,00000000
0,86455195;3,82781744;0,00000000
0,86465595;3,82781744;0,00000000
0,86475995;3,82781744;0,00000000
0,86486395;3,82781744;0,00000000
0,86496795;3,82781744;0,00000000
0,86507195;3,82781744;0,00000000
0,86517595;3,78429508;0,00000000
0,86527995;3,82781744;0,00000000
0,86538395;3,78429508;0,00000000
0,86548795;3,82781744;0,00000000
0,86559195;3,82781744;0,00000000
0,86569595;3,78429508;0,00000000
0,86579995;3,78429508;0,00000000
0,86590395;3,78429508;0,00000000
0,86600795;3,82781744;0,00000000
0,86611195;3,82781744;0,00000000
0,86621595;3,82781744;0,00000000
0,86631995;3,82781744;0,00000000
0,86642395;3,82781744;0,00000000
0,86652795;3,82781744;0,00000000
0,86663195;3,78429508;0,00000000
0,86673595;3,82781744;0,00000000
0,86683995;3,82781744;0,00000000
0,86694395;3,82781744;0,00000000
0,86704795;3,78429508;0,00000000
0,86715195;3,82781744;0,00000000
0,86725595;3,78429508;0,00000000
0,86735995;3,82781744;0,00000000
0,86746395;3,78429508;0,00000000
0,86756795;3,82781744;0,00000000
0,86767195;3,82781744;0,00000000
0,86777595;3,82781744;0,00000000
0,86787995;3,82781744;0,00000000
0,86798395;3,82781744;0,00000000
0,86808795;3,78429508;0,00000000
0,86819195;3,82781744;0,00000000
0,86829595;3,82781744;0,00000000
0,86839995;3,82781744;0,00000000
0,86850395;3,82781744;0,00000000
0,86860795;3,82781744;0,00000000
0,86871195;3,82781744;0,00000000
0,86881595;3,82781744;0,00000000
0,86891995;3,82781744;0,00000000
0,86902395;3,82781744;0,00000000
0,86912795;3,87133980;0,00000000
0,86923195;3,82781744;0,00000000
0,86933595;3,82781744;0,00000000
0,86943995;3,78429508;0,00000000
0,86954395;3,82781744;0,00000000
0,86964795;3,82781744;0,00000000
0,86975195;3,82781744;0,00000000
0,86985595;3,82781744;0,00000000
0,86995995;3,82781744;0,00000000
0,87006395;3,82781744;0,00000000
0,87016795;3,78429508;0,00000000
0,87027195;3,82781744;0,00000000
0,87037595;3,82781744;0,00000000
0,87047995;3,78429508;0,00000000
0,87058395;3,78429508;0,00000000
0,87068795;3,82781744;0,00000000
0,87079195;3,82781744;0,00000000
0,87089595;3,82781744;0,00000000
0,87099995;3,82781744;0,00000000
0,87110395;3,78429508;0,00000000
0,87120795;3,82781744;0,00000000
0,87131195;3,82781744;0,00000000
0,87141595;3,82781744;0,00000000
0,87151995;3,82781744;0,00000000
0,87162395;3,78429508;0,00000000
0,87172795;3,82781744;0,00000000
0,87183195;3,78429508;0,00000000
0,87193595;3,82781744;0,00000000
0,87203995;3,82781744;0,00000000
0,87214395;3,82781744;0,00000000
0,87224795;3,78429508;0,00000000
0,87235195;3,82781744;0,00000000
0,87245595;3,78429508;0,00000000
0,87255995;3,82781744;0,00000000
0,87266395;3,82781744;0,00000000
0,87276795;3,82781744;0,00000000
0,87287195;3,78429508;0,00000000
0,87297595;3,82781744;0,00000000
0,87307995;3,82781744;0,00000000
0,87318395;3,82781744;0,00000000
0,87328795;3,78429508;0,00000000
0,87339195;3,82781744;0,00000000
0,87349595;3,78429508;0,00000000
0,87359995;3,78429508;0,00000000
0,87370395;3,82781744;0,00000000
0,87380795;3,82781744;0,00000000
0,87391195;3,82781744;0,00000000
0,87401595;3,82781744;0,00000000
0,87411995;3,82781744;0,00000000
0,87422395;3,78429508;0,00000000
0,87432795;3,82781744;0,00000000
0,87443195;3,78429508;0,00000000
0,87453595;3,82781744;0,00000000
0,87463995;3,78429508;0,00000000
0,87474395;3,82781744;0,00000000
0,87484795;3,82781744;0,00000000
0,87495195;3,78429508;0,00000000
0,87505595;3,78429508;0,00000000
0,87515995;3,78429508;0,00000000
0,87526395;3,78429508;0,00000000
0,87536795;3,78429508;0,00000000
0,87547195;3,82781744;0,00000000
0,87557595;3,82781744;0,00000000
0,87567995;3,82781744;0,00000000
0,87578395;3,82781744;0,00000000
0,87588795;3,82781744;0,00000000
0,87599195;3,82781744;0,00000000
0,87609595;3,82781744;0,00000000
0,87619995;3,78429508;0,00000000
0,87630395;3,82781744;0,00000000
0,87640795;3,78429508;0,00000000
0,87651195;3,82781744;0,00000000
0,87661595;3,82781744;0,00000000
0,87671995;3,78429508;0,00000000
0,87682395;3,78429508;0,00000000
0,87692795;3,82781744;0,00000000
0,87703195;3,82781744;0,00000000
0,87713595;3,82781744;0,00000000
0,87723995;3,82781744;0,00000000
0,87734395;3,78429508;0,00000000
0,87744795;3,82781744;0,00000000
0,87755195;3,82781744;0,00000000
0,87765595;3,78429508;0,00000000
0,87775995;3,82781744;0,00000000
0,87786395;3,82781744;0,00000000
0,87796795;3,78429508;0,00000000
0,87807195;3,78429508;0,00000000
0,87817595;3,82781744;0,00000000
0,87827995;3,82781744;0,00000000
0,87838395;3,78429508;0,00000000
0,87848795;3,78429508;0,00000000
0,87859195;3,82781744;0,00000000
0,87869595;3,82781744;0,00000000
0,87879995;3,82781744;0,00000000
0,87890395;3,78429508;0,00000000
0,87900795;3,82781744;0,00000000
0,87911195;3,78429508;0,00000000
0,87921595;3,78429508;0,00000000
0,87931995;3,78429508;0,00000000
0,87942395;3,82781744;0,00000000
0,87952795;3,82781744;0,00000000
0,87963195;3,82781744;0,00000000
0,87973595;3,78429508;0,00000000
0,87983995;3,82781744;0,00000000
0,87994395;3,78429508;0,00000000
0,88004795;3,82781744;0,00000000
0,88015195;3,82781744;0,00000000
0,88025595;3,78429508;0,00000000
0,88035995;3,82781744;0,00000000
0,88046395;3,82781744;0,00000000
0,88056795;3,82781744;0,00000000
0,88067195;3,82781744;0,00000000
0,88077595;3,82781744;0,00000000
0,88087995;3,82781744;0,00000000
0,88098395;3,78429508;0,00000000
0,88108795;3,78429508;0,00000000
0,88119195;3,82781744;0,00000000
0,88129595;3,82781744;0,00000000
0,88139995;3,78429508;0,00000000
0,88150395;3,82781744;0,00000000
0,88160795;3,82781744;0,00000000
0,88171195;3,82781744;0,00000000
0,88181595;3,82781744;0,00000000
0,88191995;3,82781744;0,00000000
0,88202395;3,82781744;0,00000000
0,88212795;3,82781744;0,00000000
0,88223195;3,82781744;0,00000000
0,88233595;3,78429508;0,00000000
0,88243995;3,78429508;0,00000000
0,88254395;3,78429508;0,00000000
0,88264795;3,82781744;0,00000000
0,88275195;3,82781744;0,00000000
0,88285595;3,82781744;0,00000000
0,88295995;3,78429508;0,00000000
0,88306395;3,78429508;0,00000000
0,88316795;3,82781744;0,00000000
0,88327195;3,78429508;0,00000000
0,88337595;3,78429508;0,00000000
0,88347995;3,78429508;0,00000000
0,88358395;3,82781744;0,00000000
0,88368795;3,82781744;0,00000000
0,88379195;3,82781744;0,00000000
0,88389595;3,82781744;0,00000000
0,88399995;3,82781744;0,00000000
0,88410395;3,82781744;0,00000000
0,88420795;3,78429508;0,00000000
0,88431195;3,82781744;0,00000000
0,88441595;3,78429508;0,00000000
0,88451995;3,82781744;0,00000000
0,88462395;3,78429508;0,00000000
0,88472795;3,82781744;0,00000000
0,88483195;3,78429508;0,00000000
0,88493595;3,78429508;0,00000000
0,88503995;3,82781744;0,00000000
0,88514395;3,82781744;0,00000000
0,88524795;3,82781744;0,00000000
0,88535195;3,78429508;0,00000000
0,88545595;3,82781744;0,00000000
0,88555995;3,78429508;0,00000000
0,88566395;3,82781744;0,00000000
0,88576795;3,78429508;0,00000000
0,88587195;3,82781744;0,00000000
0,88597595;3,82781744;0,00000000
0,88607995;3,82781744;0,00000000
0,88618395;3,82781744;0,00000000
0,88628795;3,82781744;0,00000000
0,88639195;3,82781744;0,00000000
0,88649595;3,82781744;0,00000000
0,88659995;3,82781744;0,00000000
0,88670395;3,78429508;0,00000000
0,88680795;3,82781744;0,00000000
0,88691195;3,82781744;0,00000000
0,88701595;3,82781744;0,00000000
0,88711995;3,82781744;0,00000000
0,88722395;3,82781744;0,00000000
0,88732795;3,78429508;0,00000000
0,88743195;3,82781744;0,00000000
0,88753595;3,82781744;0,00000000
0,88763995;3,82781744;0,00000000
0,88774395;3,78429508;0,00000000
0,88784795;3,82781744;0,00000000
0,88795195;3,78429508;0,00000000
0,88805595;3,82781744;0,00000000
0,88815995;3,78429508;0,00000000
0,88826395;3,82781744;0,00000000
0,88836795;3,78429508;0,00000000
0,88847195;3,82781744;0,00000000
0,88857595;3,78429508;0,00000000
0,88867995;3,78429508;0,00000000
0,88878395;3,82781744;0,00000000
0,88888795;3,82781744;0,00000000
0,88899195;3,78429508;0,00000000
0,88909595;3,82781744;0,00000000
0,88919995;3,78429508;0,00000000
0,88930395;3,82781744;0,00000000
0,88940795;3,82781744;0,00000000
0,88951195;3,78429508;0,00000000
0,88961595;3,82781744;0,00000000
0,88971995;3,78429508;0,00000000
0,88982395;3,78429508;0,00000000
0,88992795;3,82781744;0,00000000
0,89003195;3,82781744;0,00000000
0,89013595;3,82781744;0,00000000
0,89023995;3,78429508;0,00000000
0,89034395;3,78429508;0,00000000
0,89044795;3,78429508;0,00000000
0,89055195;3,78429508;0,00000000
0,89065595;3,82781744;0,00000000
0,89075995;3,82781744;0,00000000
0,89086395;3,82781744;0,00000000
0,89096795;3,82781744;0,00000000
0,89107195;3,78429508;0,00000000
0,89117595;3,82781744;0,00000000
0,89127995;3,82781744;0,00000000
0,89138395;3,82781744;0,00000000
0,89148795;3,82781744;0,00000000
0,89159195;3,82781744;0,00000000
0,89169595;3,82781744;0,00000000
0,89179995;3,78429508;0,00000000
0,89190395;3,78429508;0,00000000
0,89200795;3,78429508;0,00000000
0,89211195;3,78429508;0,00000000
0,89221595;3,82781744;0,00000000
0,89231995;3,82781744;0,00000000
0,89242395;3,78429508;0,00000000
0,89252795;3,82781744;0,01734744
0,89263195;3,82781744;0,00000000
0,89273595;3,82781744;0,00000000
0,89283995;3,82781744;0,00000000
0,89294395;3,82781744;0,00000000
0,89304795;3,78429508;0,00000000
0,89315195;3,78429508;0,00000000
0,89325595;3,82781744;0,00000000
0,89335995;3,82781744;0,00000000
0,89346395;3,78429508;0,00000000
0,89356795;3,82781744;0,00000000
0,89367195;3,82781744;0,00000000
0,89377595;3,82781744;0,00000000
0,89387995;3,78429508;0,00000000
0,89398395;3,78429508;0,00000000
0,89408795;3,82781744;0,00000000
0,89419195;3,82781744;0,00000000
0,89429595;3,78429508;0,00000000
0,89439995;3,78429508;0,00000000
0,89450395;3,78429508;0,00000000
0,89460795;3,82781744;0,00000000
0,89471195;3,78429508;0,00000000
0,89481595;3,78429508;0,00000000
0,89491995;3,82781744;0,00000000
0,89502395;3,82781744;0,00000000
0,89512795;3,78429508;0,00000000
0,89523195;3,82781744;0,00000000
0,89533595;3,82781744;0,00000000
0,89543995;3,78429508;0,00000000
0,89554395;3,78429508;0,00000000
0,89564795;3,82781744;0,00000000
0,89575195;3,78429508;0,00000000
0,89585595;3,82781744;0,00000000
0,89595995;3,82781744;0,00000000
0,89606395;3,82781744;0,00000000
0,89616795;3,78429508;0,00000000
0,89627195;3,78429508;0,00000000
0,89637595;3,82781744;0,00000000
0,89647995;3,82781744;0,00000000
0,89658395;3,82781744;0,00000000
0,89668795;3,78429508;0,00000000
0,89679195;3,82781744;0,00000000
0,89689595;3,82781744;0,00000000
0,89699995;3,82781744;0,00000000
0,89710395;3,78429508;0,00000000
0,89720795;3,82781744;0,00000000
0,89731195;3,82781744;0,00000000
0,89741595;3,82781744;0,00000000
0,89751995;3,82781744;0,00000000
0,89762395;3,82781744;0,00000000
0,89772795;3,78429508;0,00000000
0,89783195;3,78429508;0,00000000
0,89793595;3,82781744;0,00000000
0,89803995;3,82781744;0,00000000
0,89814395;3,82781744;0,00000000
0,89824795;3,78429508;0,00000000
0,89835195;3,78429508;0,00000000
0,89845595;3,78429508;0,00000000
0,89855995;3,82781744;0,00000000
0,89866395;3,82781744;0,00000000
0,89876795;3,78429508;0,00000000
0,89887195;3,82781744;0,00000000
0,89897595;3,82781744;0,00000000
0,89907995;3,82781744;0,00000000
0,89918395;3,82781744;0,00000000
0,89928795;3,78429508;0,00000000
0,89939195;3,82781744;0,00000000
0,89949595;3,82781744;0,00000000
0,89959995;3,82781744;0,00000000
0,89970395;3,82781744;0,00000000
0,89980795;3,82781744;0,00000000
0,89991195;3,78429508;0,00000000
0,90001595;3,82781744;0,00000000
0,90011995;3,82781744;0,00000000
0,90022395;3,82781744;0,00000000
0,90032795;3,82781744;0,00000000
0,90043195;3,78429508;0,00000000
0,90053595;3,82781744;0,00000000
0,90063995;3,82781744;0,00000000
0,90074395;3,82781744;0,00000000
0,90084795;3,82781744;0,00000000
0,90095195;3,78429508;0,00000000
0,90105595;3,78429508;0,00000000
0,90115995;3,82781744;0,00000000
0,90126395;3,78429508;0,00000000
0,90136795;3,78429508;0,00000000
0,90147195;3,82781744;0,00000000
0,90157595;3,82781744;0,00000000
0,90167995;3,78429508;0,00000000
0,90178395;3,82781744;0,00000000
0,90188795;3,78429508;0,00000000
0,90199195;3,82781744;0,00000000
0,90209595;3,78429508;0,00000000
0,90219995;3,82781744;0,00000000
0,90230395;3,82781744;0,00000000
0,90240795;3,82781744;0,00000000
0,90251195;3,82781744;0,00000000
0,90261595;3,82781744;0,00000000
0,90271995;3,78429508;0,00000000
0,90282395;3,78429508;0,00000000
0,90292795;3,78429508;0,00000000
0,90303195;3,82781744;0,00000000
0,90313595;3,82781744;0,00000000
0,90323995;3,82781744;0,00000000
0,90334395;3,82781744;0,00000000
0,90344795;3,78429508;0,00000000
0,90355195;3,78429508;0,00000000
0,90365595;3,78429508;0,00000000
0,90375995;3,82781744;0,00000000
0,90386395;3,78429508;0,00000000
0,90396795;3,82781744;0,00000000
0,90407195;3,78429508;0,00000000
0,90417595;3,78429508;0,00000000
0,90427995;3,82781744;0,00000000
0,90438395;3,78429508;0,00000000
0,90448795;3,82781744;0,00000000
0,90459195;3,82781744;0,00000000
0,90469595;3,82781744;0,00000000
0,90479995;3,82781744;0,00000000
0,90490395;3,78429508;0,00000000
0,90500795;3,82781744;0,00000000
0,90511195;3,82781744;0,00000000
0,90521595;3,78429508;0,00000000
0,90531995;3,82781744;0,00000000
0,90542395;3,82781744;0,00000000
0,90552795;3,78429508;0,00000000
0,90563195;3,82781744;0,00000000
0,90573595;3,82781744;0,00000000
0,90583995;3,82781744;0,00000000
0,90594395;3,78429508;0,00000000
0,90604795;3,78429508;0,00000000
0,90615195;3,78429508;0,00000000
0,90625595;3,82781744;0,00000000
0,90635995;3,78429508;0,00000000
0,90646395;3,78429508;0,00000000
0,90656795;3,78429508;0,00000000
0,90667195;3,82781744;0,00000000
0,90677595;3,78429508;0,00000000
0,90687995;3,78429508;0,00000000
0,90698395;3,82781744;0,00000000
0,90708795;3,78429508;0,00000000
0,90719195;3,82781744;0,00000000
0,90729595;3,78429508;0,00000000
0,90739995;3,78429508;0,00000000
0,90750395;3,82781744;0,00000000
0,90760795;3,82781744;0,00000000
0,90771195;3,82781744;0,00000000
0,90781595;3,82781744;0,00000000
0,90791995;3,82781744;0,00000000
0,90802395;3,78429508;0,00000000
0,90812795;3,82781744;0,00000000
0,90823195;3,78429508;0,00000000
0,90833595;3,78429508;0,00000000
0,90843995;3,82781744;0,00000000
0,90854395;3,82781744;0,00000000
0,90864795;3,82781744;0,00000000
0,90875195;3,78429508;0,00000000
0,90885595;3,82781744;0,00000000
0,90895995;3,82781744;0,00000000
0,90906395;3,78429508;0,00000000
0,90916795;3,82781744;0,00000000
0,90927195;3,78429508;0,00000000
0,90937595;3,78429508;0,00000000
0,90947995;3,82781744;0,00000000
0,90958395;3,82781744;0,00000000
0,90968795;3,78429508;0,00000000
0,90979195;3,78429508;0,00000000
0,90989595;3,82781744;0,00000000
0,90999995;3,82781744;0,00000000
0,91010395;3,82781744;0,00000000
0,91020795;3,82781744;0,00000000
0,91031195;3,78429508;0,00000000
0,91041595;3,78429508;0,00000000
0,91051995;3,82781744;0,00000000
0,91062395;3,78429508;0,00000000
0,91072795;3,82781744;0,00000000
0,91083195;3,82781744;0,00000000
0,91093595;3,82781744;0,00000000
0,91103995;3,78429508;0,00000000
0,91114395;3,78429508;0,00000000
0,91124795;3,82781744;0,00000000
0,91135195;3,82781744;0,00000000
0,91145595;3,82781744;0,00000000
0,91155995;3,82781744;0,00000000
0,91166395;3,78429508;0,00000000
0,91176795;3,82781744;0,00000000
0,91187195;3,82781744;0,00000000
0,91197595;3,78429508;0,00000000
0,91207995;3,82781744;0,00000000
0,91218395;3,82781744;0,00000000
0,91228795;3,78429508;0,00000000
0,91239195;3,78429508;0,00000000
0,91249595;3,82781744;0,00000000
0,91259995;3,78429508;0,00000000
0,91270395;3,78429508;0,00000000
0,91280795;3,78429508;0,00000000
0,91291195;3,82781744;0,00000000
0,91301595;3,78429508;0,00000000
0,91311995;3,78429508;0,00000000
0,91322395;3,82781744;0,00000000
0,91332795;3,78429508;0,00000000
0,91343195;3,82781744;0,00000000
0,91353595;3,78429508;0,00000000
0,91363995;3,82781744;0,00000000
0,91374395;3,82781744;0,00000000
0,91384795;3,78429508;0,00000000
0,91395195;3,82781744;0,00000000
0,91405595;3,82781744;0,00000000
0,91415995;3,78429508;0,00000000
0,91426395;3,82781744;0,00000000
0,91436795;3,78429508;0,00000000
0,91447195;3,82781744;0,00000000
0,91457595;3,82781744;0,00000000
0,91467995;3,82781744;0,00000000
0,91478395;3,78429508;0,00000000
0,91488795;3,82781744;0,00000000
0,91499195;3,82781744;0,00000000
0,91509595;3,82781744;0,00000000
0,91519995;3,78429508;0,00000000
0,91530395;3,78429508;0,00000000
0,91540795;3,82781744;0,00000000
0,91551195;3,82781744;0,00000000
0,91561595;3,78429508;0,00000000
0,91571995;3,78429508;0,00000000
0,91582395;3,82781744;0,00000000
0,91592795;3,78429508;0,00000000
0,91603195;3,82781744;0,00000000
0,91613595;3,82781744;0,00000000
0,91623995;3,78429508;0,00000000
0,91634395;3,82781744;0,00000000
0,91644795;3,82781744;0,00000000
0,91655195;3,82781744;0,00000000
0,91665595;3,82781744;0,00000000
0,91675995;3,78429508;0,00000000
0,91686395;3,78429508;0,00000000
0,91696795;3,78429508;0,00000000
0,91707195;3,78429508;0,00000000
0,91717595;3,78429508;0,00000000
0,91727995;3,82781744;0,00000000
0,91738395;3,78429508;0,00000000
0,91748795;3,82781744;0,00000000
0,91759195;3,82781744;0,00000000
0,91769595;3,82781744;0,00000000
0,91779995;3,78429508;0,00000000
0,91790395;3,82781744;0,00000000
0,91800795;3,82781744;0,00000000
0,91811195;3,82781744;0,00000000
0,91821595;3,78429508;0,00000000
0,91831995;3,82781744;0,00000000
0,91842395;3,78429508;0,00000000
0,91852795;3,82781744;0,00000000
0,91863195;3,78429508;0,00000000
0,91873595;3,82781744;0,00000000
0,91883995;3,78429508;0,00000000
0,91894395;3,78429508;0,00000000
0,91904795;3,78429508;0,00000000
0,91915195;3,82781744;0,00000000
0,91925595;3,82781744;0,00000000
0,91935995;3,82781744;0,00000000
0,91946395;3,82781744;0,00000000
0,91956795;3,78429508;0,00000000
0,91967195;3,82781744;0,00000000
0,91977595;3,82781744;0,00000000
0,91987995;3,82781744;0,00000000
0,91998395;3,78429508;0,00000000
0,92008795;3,82781744;0,00000000
0,92019195;3,78429508;0,00000000
0,92029595;3,82781744;0,00000000
0,92039995;3,82781744;0,00000000
0,92050395;3,82781744;0,00000000
0,92060795;3,78429508;0,00000000
0,92071195;3,82781744;0,00000000
0,92081595;3,78429508;0,00000000
0,92091995;3,78429508;0,00000000
0,92102395;3,82781744;0,00000000
0,92112795;3,78429508;0,00000000
0,92123195;3,82781744;0,00000000
0,92133595;3,82781744;0,00000000
0,92143995;3,82781744;0,00000000
0,92154395;3,78429508;0,00000000
0,92164795;3,82781744;0,00000000
0,92175195;3,82781744;0,00000000
0,92185595;3,82781744;0,00000000
0,92195995;3,82781744;0,00000000
0,92206395;3,82781744;0,00000000
0,92216795;3,82781744;0,00000000
0,92227195;3,78429508;0,00000000
0,92237595;3,78429508;0,00000000
0,92247995;3,78429508;0,00000000
0,92258395;3,82781744;0,00000000
0,92268795;3,78429508;0,00000000
0,92279195;3,78429508;0,00000000
0,92289595;3,78429508;0,00000000
0,92299995;3,82781744;0,00000000
0,92310395;3,82781744;0,00000000
0,92320795;3,78429508;0,00000000
0,92331195;3,82781744;0,00000000
0,92341595;3,82781744;0,00000000
0,92351995;3,78429508;0,00000000
0,92362395;3,82781744;0,00000000
0,92372795;3,78429508;0,00000000
0,92383195;3,78429508;0,00000000
0,92393595;3,78429508;0,00000000
0,92403995;3,82781744;0,00000000
0,92414395;3,82781744;0,00000000
0,92424795;3,78429508;0,00000000
0,92435195;3,78429508;0,00000000
0,92445595;3,82781744;0,00000000
0,92455995;3,78429508;0,00000000
0,92466395;3,82781744;0,00000000
0,92476795;3,82781744;0,00000000
0,92487195;3,82781744;0,00000000
0,92497595;3,78429508;0,00000000
0,92507995;3,78429508;0,00000000
0,92518395;3,82781744;0,00000000
0,92528795;3,78429508;0,00000000
0,92539195;3,82781744;0,00000000
0,92549595;3,78429508;0,00000000
0,92559995;3,82781744;0,00000000
0,92570395;3,82781744;0,00000000
0,92580795;3,82781744;0,00000000
0,92591195;3,82781744;0,00000000
0,92601595;3,82781744;0,00000000
0,92611995;3,78429508;0,00000000
0,92622395;3,82781744;0,00000000
0,92632795;3,82781744;0,00000000
0,92643195;3,82781744;0,00000000
0,92653595;3,82781744;0,00000000
0,92663995;3,82781744;0,00000000
0,92674395;3,82781744;0,00000000
0,92684795;3,78429508;0,00000000
0,92695195;3,78429508;0,00000000
0,92705595;3,82781744;0,00000000
0,92715995;3,82781744;0,00000000
0,92726395;3,78429508;0,00000000
0,92736795;3,82781744;0,00000000
0,92747195;3,82781744;0,00000000
0,92757595;3,82781744;0,00000000
0,92767995;3,78429508;0,00000000
0,92778395;3,82781744;0,00000000
0,92788795;3,82781744;0,00000000
0,92799195;3,82781744;0,00000000
0,92809595;3,82781744;0,00000000
0,92819995;3,82781744;0,00000000
0,92830395;3,78429508;0,01734744
0,92840795;3,78429508;0,00000000
0,92851195;3,82781744;0,00000000
0,92861595;3,82781744;0,00000000
0,92871995;3,82781744;0,00000000
0,92882395;3,82781744;0,00000000
0,92892795;3,82781744;0,00000000
0,92903195;3,82781744;0,00000000
0,92913595;3,82781744;0,00000000
0,92923995;3,82781744;0,00000000
0,92934395;3,82781744;0,00000000
0,92944795;3,82781744;0,00000000
0,92955195;3,78429508;0,00000000
0,92965595;3,82781744;0,00000000
0,92975995;3,78429508;0,00000000
0,92986395;3,78429508;0,00000000
0,92996795;3,78429508;0,00000000
0,93007195;3,82781744;0,00000000
0,93017595;3,82781744;0,00000000
0,93027995;3,82781744;0,00000000
0,93038395;3,78429508;0,00000000
0,93048795;3,82781744;0,00000000
0,93059195;3,82781744;0,00000000
0,93069595;3,78429508;0,00000000
0,93079995;3,78429508;0,00000000
0,93090395;3,78429508;0,00000000
0,93100795;3,82781744;0,00000000
0,93111195;3,78429508;0,00000000
0,93121595;3,82781744;0,00000000
0,93131995;3,82781744;0,00000000
0,93142395;3,82781744;0,00000000
0,93152795;3,78429508;0,00000000
0,93163195;3,78429508;0,00000000
0,93173595;3,82781744;0,00000000
0,93183995;3,82781744;0,00000000
0,93194395;3,82781744;0,00000000
0,93204795;3,82781744;0,00000000
0,93215195;3,82781744;0,00000000
0,93225595;3,78429508;0,00000000
0,93235995;3,78429508;0,00000000
0,93246395;3,82781744;0,00000000
0,93256795;3,82781744;0,00000000
0,93267195;3,82781744;0,00000000
0,93277595;3,82781744;0,00000000
0,93287995;3,82781744;0,00000000
0,93298395;3,82781744;0,00000000
0,93308795;3,82781744;0,00000000
0,93319195;3,82781744;0,00000000
0,93329595;3,78429508;0,00000000
0,93339995;3,78429508;0,00000000
0,93350395;3,78429508;0,00000000
0,93360795;3,82781744;0,00000000
0,93371195;3,78429508;0,00000000
0,93381595;3,82781744;0,00000000
0,93391995;3,82781744;0,00000000
0,93402395;3,82781744;0,00000000
0,93412795;3,82781744;0,00000000
0,93423195;3,82781744;0,00000000
0,93433595;3,82781744;0,00000000
0,93443995;3,82781744;0,00000000
0,93454395;3,78429508;0,00000000
0,93464795;3,82781744;0,00000000
0,93475195;3,82781744;0,00000000
0,93485595;3,82781744;0,00000000
0,93495995;3,82781744;0,00000000
0,93506395;3,82781744;0,00000000
0,93516795;3,82781744;0,00000000
0,93527195;3,82781744;0,00000000
0,93537595;3,82781744;0,00000000
0,93547995;3,82781744;0,00000000
0,93558395;3,78429508;0,00000000
0,93568795;3,78429508;0,00000000
0,93579195;3,82781744;0,00000000
0,93589595;3,82781744;0,00000000
0,93599995;3,82781744;0,00000000
0,93610395;3,82781744;0,00000000
0,93620795;3,82781744;0,00000000
0,93631195;3,82781744;0,00000000
0,93641595;3,82781744;0,00000000
0,93651995;3,82781744;0,00000000
0,93662395;3,82781744;0,00000000
0,93672795;3,82781744;0,00000000
0,93683195;3,82781744;0,00000000
0,93693595;3,78429508;0,00000000
0,93703995;3,82781744;0,00000000
0,93714395;3,78429508;0,00000000
0,93724795;3,82781744;0,00000000
0,93735195;3,82781744;0,00000000
0,93745595;3,78429508;0,00000000
0,93755995;3,82781744;0,00000000
0,93766395;3,78429508;0,00000000
0,93776795;3,82781744;0,00000000
0,93787195;3,82781744;0,00000000
0,93797595;3,78429508;0,00000000
0,93807995;3,82781744;0,00000000
0,93818395;3,82781744;0,00000000
0,93828795;3,78429508;0,00000000
0,93839195;3,78429508;0,00000000
0,93849595;3,82781744;0,00000000
0,93859995;3,78429508;0,00000000
0,93870395;3,78429508;0,00000000
0,93880795;3,82781744;0,00000000
0,93891195;3,78429508;0,00000000
0,93901595;3,82781744;0,00000000
0,93911995;3,82781744;0,00000000
0,93922395;3,82781744;0,00000000
0,93932795;3,78429508;0,00000000
0,93943195;3,78429508;0,00000000
0,93953595;3,82781744;0,00000000
0,93963995;3,82781744;0,00000000
0,93974395;3,82781744;0,00000000
0,93984795;3,78429508;0,00000000
0,93995195;3,82781744;0,00000000
0,94005595;3,82781744;0,00000000
0,94015995;3,78429508;0,00000000
0,94026395;3,78429508;0,00000000
0,94036795;3,78429508;0,00000000
0,94047195;3,82781744;0,00000000
0,94057595;3,82781744;0,00000000
0,94067995;3,82781744;0,00000000
0,94078395;3,82781744;0,00000000
0,94088795;3,78429508;0,00000000
0,94099195;3,82781744;0,00000000
0,94109595;3,78429508;0,00000000
0,94119995;3,78429508;0,00000000
0,94130395;3,82781744;0,00000000
0,94140795;3,82781744;0,00000000
0,94151195;3,82781744;0,00000000
0,94161595;3,82781744;0,00000000
0,94171995;3,82781744;0,00000000
0,94182395;3,82781744;0,00000000
0,94192795;3,82781744;0,00000000
0,94203195;3,78429508;0,00000000
0,94213595;3,82781744;0,00000000
0,94223995;3,82781744;0,00000000
0,94234395;3,78429508;0,00000000
0,94244795;3,82781744;0,00000000
0,94255195;3,78429508;0,00000000
0,94265595;3,82781744;0,00000000
0,94275995;3,82781744;0,00000000
0,94286395;3,82781744;0,00000000
0,94296795;3,78429508;0,00000000
0,94307195;3,82781744;0,00000000
0,94317595;3,82781744;0,00000000
0,94327995;3,82781744;0,00000000
0,94338395;3,82781744;0,00000000
0,94348795;3,82781744;0,00000000
0,94359195;3,78429508;0,00000000
0,94369595;3,78429508;0,00000000
0,94379995;3,82781744;0,00000000
0,94390395;3,78429508;0,00000000
0,94400795;3,78429508;0,00000000
0,94411195;3,82781744;0,00000000
0,94421595;3,82781744;0,00000000
0,94431995;3,78429508;0,00000000
0,94442395;3,82781744;0,00000000
0,94452795;3,82781744;0,00000000
0,94463195;3,82781744;0,00000000
0,94473595;3,82781744;0,00000000
0,94483995;3,82781744;0,00000000
0,94494395;3,78429508;0,00000000
0,94504795;3,82781744;0,00000000
0,94515195;3,78429508;0,00000000
0,94525595;3,78429508;0,00000000
0,94535995;3,82781744;0,00000000
0,94546395;3,82781744;0,00000000
0,94556795;3,82781744;0,00000000
0,94567195;3,82781744;0,00000000
0,94577595;3,82781744;0,00000000
0,94587995;3,82781744;0,00000000
0,94598395;3,78429508;0,00000000
0,94608795;3,78429508;0,00000000
0,94619195;3,82781744;0,00000000
0,94629595;3,82781744;0,00000000
0,94639995;3,82781744;0,00000000
0,94650395;3,82781744;0,00000000
0,94660795;3,78429508;0,00000000
0,94671195;3,82781744;0,00000000
0,94681595;3,82781744;0,00000000
0,94691995;3,82781744;0,00000000
0,94702395;3,82781744;0,00000000
0,94712795;3,78429508;0,00000000
0,94723195;3,78429508;0,00000000
0,94733595;3,82781744;0,00000000
0,94743995;3,82781744;0,00000000
0,94754395;3,78429508;0,00000000
0,94764795;3,82781744;0,00000000
0,94775195;3,82781744;0,00000000
0,94785595;3,78429508;0,00000000
0,94795995;3,78429508;0,00000000
0,94806395;3,82781744;0,00000000
0,94816795;3,82781744;0,00000000
0,94827195;3,82781744;0,00000000
0,94837595;3,82781744;0,00000000
0,94847995;3,78429508;0,00000000
0,94858395;3,82781744;0,00000000
0,94868795;3,82781744;0,00000000
0,94879195;3,82781744;0,00000000
0,94889595;3,82781744;0,00000000
0,94899995;3,82781744;0,00000000
0,94910395;3,82781744;0,00000000
0,94920795;3,78429508;0,00000000
0,94931195;3,82781744;0,00000000
0,94941595;3,82781744;0,00000000
0,94951995;3,78429508;0,00000000
0,94962395;3,78429508;0,00000000
0,94972795;3,78429508;0,00000000
0,94983195;3,78429508;0,00000000
0,94993595;3,78429508;0,00000000
0,95003995;3,82781744;0,00000000
0,95014395;3,82781744;0,00000000
0,95024795;3,82781744;0,00000000
0,95035195;3,82781744;0,00000000
0,95045595;3,78429508;0,00000000
0,95055995;3,82781744;0,00000000
0,95066395;3,82781744;0,00000000
0,95076795;3,82781744;0,00000000
0,95087195;3,82781744;0,00000000
0,95097595;3,82781744;0,00000000
0,95107995;3,82781744;0,00000000
0,95118395;3,82781744;0,00000000
0,95128795;3,78429508;0,00000000
0,95139195;3,82781744;0,00000000
0,95149595;3,82781744;0,00000000
0,95159995;3,82781744;0,00000000
0,95170395;3,82781744;0,00000000
0,95180795;3,78429508;0,00000000
0,95191195;3,82781744;0,00000000
0,95201595;3,82781744;0,00000000
0,95211995;3,82781744;0,00000000
0,95222395;3,82781744;0,00000000
0,95232795;3,82781744;0,00000000
0,95243195;3,82781744;0,00000000
0,95253595;3,78429508;0,00000000
0,95263995;3,82781744;0,00000000
0,95274395;3,82781744;0,00000000
0,95284795;3,82781744;0,00000000
0,95295195;3,78429508;0,00000000
0,95305595;3,82781744;0,00000000
0,95315995;3,78429508;0,00000000
0,95326395;3,82781744;0,00000000
0,95336795;3,82781744;0,00000000
0,95347195;3,78429508;0,00000000
0,95357595;3,82781744;0,00000000
0,95367995;3,82781744;0,00000000
0,95378395;3,78429508;0,00000000
0,95388795;3,82781744;0,00000000
0,95399195;3,78429508;0,00000000
0,95409595;3,78429508;0,00000000
0,95419995;3,78429508;0,00000000
0,95430395;3,82781744;0,00000000
0,95440795;3,82781744;0,00000000
0,95451195;3,82781744;0,00000000
0,95461595;3,78429508;0,00000000
0,95471995;3,82781744;0,00000000
0,95482395;3,78429508;0,00000000
0,95492795;3,82781744;0,00000000
0,95503195;3,82781744;0,00000000
0,95513595;3,82781744;0,00000000
0,95523995;3,82781744;0,00000000
0,95534395;3,82781744;0,00000000
0,95544795;3,82781744;0,00000000
0,95555195;3,78429508;0,00000000
0,95565595;3,82781744;0,00000000
0,95575995;3,82781744;0,01734744
0,95586395;3,78429508;0,00000000
0,95596795;3,82781744;0,00000000
0,95607195;3,78429508;0,00000000
0,95617595;3,82781744;0,00000000
0,95627995;3,82781744;0,00000000
0,95638395;3,82781744;0,00000000
0,95648795;3,82781744;0,00000000
0,95659195;3,78429508;0,00000000
0,95669595;3,82781744;0,00000000
0,95679995;3,82781744;0,00000000
0,95690395;3,78429508;0,00000000
0,95700795;3,82781744;0,00000000
0,95711195;3,82781744;0,00000000
0,95721595;3,82781744;0,00000000
0,95731995;3,78429508;0,00000000
0,95742395;3,78429508;0,00000000
0,95752795;3,82781744;0,00000000
0,95763195;3,78429508;0,00000000
0,95773595;3,78429508;0,00000000
0,95783995;3,78429508;0,00000000
0,95794395;3,82781744;0,00000000
0,95804795;3,78429508;0,00000000
0,95815195;3,78429508;0,00000000
0,95825595;3,78429508;0,00000000
0,95835995;3,78429508;0,00000000
0,95846395;3,82781744;0,00000000
0,95856795;3,82781744;0,00000000
0,95867195;3,82781744;0,00000000
0,95877595;3,78429508;0,00000000
0,95887995;3,82781744;0,00000000
0,95898395;3,82781744;0,00000000
0,95908795;3,82781744;0,00000000
0,95919195;3,82781744;0,00000000
0,95929595;3,78429508;0,00000000
0,95939995;3,82781744;0,00000000
0,95950395;3,82781744;0,00000000
0,95960795;3,82781744;0,00000000
0,95971195;3,78429508;0,00000000
0,95981595;3,78429508;0,00000000
0,95991995;3,82781744;0,00000000
0,96002395;3,82781744;0,00000000
0,96012795;3,82781744;0,00000000
0,96023195;3,78429508;0,00000000
0,96033595;3,82781744;0,00000000
0,96043995;3,78429508;0,00000000
0,96054395;3,82781744;0,00000000
0,96064795;3,78429508;0,00000000
0,96075195;3,82781744;0,00000000
0,96085595;3,82781744;0,00000000
0,96095995;3,78429508;0,00000000
0,96106395;3,78429508;0,00000000
0,96116795;3,82781744;0,00000000
0,96127195;3,82781744;0,00000000
0,96137595;3,82781744;0,00000000
0,96147995;3,78429508;0,00000000
0,96158395;3,82781744;0,00000000
0,96168795;3,82781744;0,00000000
0,96179195;3,82781744;0,00000000
0,96189595;3,82781744;0,00000000
0,96199995;3,82781744;0,00000000
0,96210395;3,78429508;0,00000000
0,96220795;3,78429508;0,00000000
0,96231195;3,78429508;0,00000000
0,96241595;3,78429508;0,00000000
0,96251995;3,82781744;0,00000000
0,96262395;3,82781744;0,00000000
0,96272795;3,82781744;0,00000000
0,96283195;3,82781744;0,00000000
0,96293595;3,82781744;0,00000000
0,96303995;3,78429508;0,00000000
0,96314395;3,82781744;0,00000000
0,96324795;3,82781744;0,00000000
0,96335195;3,78429508;0,00000000
0,96345595;3,78429508;0,00000000
0,96355995;3,82781744;0,00000000
0,96366395;3,82781744;0,00000000
0,96376795;3,82781744;0,00000000
0,96387195;3,78429508;0,00000000
0,96397595;3,82781744;0,00000000
0,96407995;3,82781744;0,00000000
0,96418395;3,78429508;0,00000000
0,96428795;3,82781744;0,00000000
0,96439195;3,78429508;0,00000000
0,96449595;3,82781744;0,00000000
0,96459995;3,78429508;0,00000000
0,96470395;3,82781744;0,00000000
0,96480795;3,82781744;0,00000000
0,96491195;3,82781744;0,00000000
0,96501595;3,82781744;0,00000000
0,96511995;3,82781744;0,00000000
0,96522395;3,82781744;0,00000000
0,96532795;3,78429508;0,00000000
0,96543195;3,78429508;0,00000000
0,96553595;3,78429508;0,00000000
0,96563995;3,82781744;0,00000000
0,96574395;3,82781744;0,00000000
0,96584795;3,82781744;0,00000000
0,96595195;3,82781744;0,00000000
0,96605595;3,82781744;0,00000000
0,96615995;3,78429508;0,00000000
0,96626395;3,78429508;0,00000000
0,96636795;3,78429508;0,00000000
0,96647195;3,82781744;0,00000000
0,96657595;3,78429508;0,00000000
0,96667995;3,78429508;0,00000000
0,96678395;3,82781744;0,00000000
0,96688795;3,82781744;0,00000000
0,96699195;3,78429508;0,00000000
0,96709595;3,78429508;0,00000000
0,96719995;3,78429508;0,00000000
0,96730395;3,82781744;0,00000000
0,96740795;3,78429508;0,00000000
0,96751195;3,82781744;0,00000000
0,96761595;3,82781744;0,00000000
0,96771995;3,82781744;0,00000000
0,96782395;3,82781744;0,00000000
0,96792795;3,82781744;0,00000000
0,96803195;3,82781744;0,00000000
0,96813595;3,78429508;0,00000000
0,96823995;3,82781744;0,00000000
0,96834395;3,78429508;0,00000000
0,96844795;3,82781744;0,00000000
0,96855195;3,78429508;0,00000000
0,96865595;3,78429508;0,00000000
0,96875995;3,82781744;0,00000000
0,96886395;3,78429508;0,00000000
0,96896795;3,82781744;0,00000000
0,96907195;3,82781744;0,00000000
0,96917595;3,78429508;0,00000000
0,96927995;3,78429508;0,00000000
0,96938395;3,78429508;0,00000000
0,96948795;3,78429508;0,01734744
0,96959195;3,82781744;0,00000000
0,96969595;3,82781744;0,00000000
0,96979995;3,78429508;0,00000000
0,96990395;3,82781744;0,00000000
0,97000795;3,82781744;0,00000000
0,97011195;3,78429508;0,00000000
0,97021595;3,82781744;0,00000000
0,97031995;3,78429508;0,00000000
0,97042395;3,78429508;0,00000000
0,97052795;3,78429508;0,00000000
0,97063195;3,78429508;0,00000000
0,97073595;3,78429508;0,00000000
0,97083995;3,82781744;0,00000000
0,97094395;3,82781744;0,00000000
0,97104795;3,78429508;0,00000000
0,97115195;3,82781744;0,00000000
0,97125595;3,82781744;0,00000000
0,97135995;3,78429508;0,00000000
0,97146395;3,82781744;0,00000000
0,97156795;3,82781744;0,00000000
0,97167195;3,78429508;0,00000000
0,97177595;3,78429508;0,00000000
0,97187995;3,78429508;0,00000000
0,97198395;3,82781744;0,00000000
0,97208795;3,82781744;0,00000000
0,97219195;3,78429508;0,00000000
0,97229595;3,82781744;0,00000000
0,97239995;3,82781744;0,00000000
0,97250395;3,78429508;0,00000000
0,97260795;3,78429508;0,00000000
0,97271195;3,78429508;0,00000000
0,97281595;3,78429508;0,00000000
0,97291995;3,78429508;0,00000000
0,97302395;3,82781744;0,00000000
0,97312795;3,82781744;0,00000000
0,97323195;3,78429508;0,00000000
0,97333595;3,82781744;0,00000000
0,97343995;3,82781744;0,00000000
0,97354395;3,82781744;0,00000000
0,97364795;3,82781744;0,00000000
0,97375195;3,82781744;0,00000000
0,97385595;3,82781744;0,00000000
0,97395995;3,78429508;0,00000000
0,97406395;3,78429508;0,00000000
0,97416795;3,82781744;0,00000000
0,97427195;3,82781744;0,00000000
0,97437595;3,82781744;0,00000000
0,97447995;3,82781744;0,00000000
0,97458395;3,82781744;0,00000000
0,97468795;3,82781744;0,00000000
0,97479195;3,82781744;0,00000000
0,97489595;3,82781744;0,00000000
0,97499995;3,82781744;0,00000000
0,97510395;3,82781744;0,00000000
0,97520795;3,78429508;0,00000000
0,97531195;3,78429508;0,00000000
0,97541595;3,78429508;0,00000000
0,97551995;3,82781744;0,00000000
0,97562395;3,82781744;0,00000000
0,97572795;3,82781744;0,00000000
0,97583195;3,82781744;0,00000000
0,97593595;3,82781744;0,00000000
0,97603995;3,78429508;0,00000000
0,97614395;3,78429508;0,00000000
0,97624795;3,78429508;0,00000000
0,97635195;3,82781744;0,00000000
0,97645595;3,78429508;0,00000000
0,97655995;3,82781744;0,00000000
0,97666395;3,78429508;0,00000000
0,97676795;3,82781744;0,00000000
0,97687195;3,82781744;0,00000000
0,97697595;3,78429508;0,00000000
0,97707995;3,78429508;0,00000000
0,97718395;3,82781744;0,00000000
0,97728795;3,78429508;0,00000000
0,97739195;3,78429508;0,00000000
0,97749595;3,82781744;0,00000000
0,97759995;3,82781744;0,00000000
0,97770395;3,78429508;0,00000000
0,97780795;3,78429508;0,00000000
0,97791195;3,82781744;0,00000000
0,97801595;3,82781744;0,00000000
0,97811995;3,82781744;0,00000000
0,97822395;3,82781744;0,00000000
0,97832795;3,82781744;0,00000000
0,97843195;3,82781744;0,00000000
0,97853595;3,82781744;0,00000000
0,97863995;3,78429508;0,00000000
0,97874395;3,82781744;0,00000000
0,97884795;3,82781744;0,00000000
0,97895195;3,82781744;0,00000000
0,97905595;3,82781744;0,00000000
0,97915995;3,82781744;0,00000000
0,97926395;3,82781744;0,00000000
0,97936795;3,82781744;0,00000000
0,97947195;3,78429508;0,00000000
0,97957595;3,78429508;0,00000000
0,97967995;3,82781744;0,00000000
0,97978395;3,82781744;0,00000000
0,97988795;3,82781744;0,00000000
0,97999195;3,78429508;0,00000000
0,98009595;3,87133980;0,00000000
0,98019995;3,82781744;0,00000000
0,98030395;3,82781744;0,00000000
0,98040795;3,82781744;0,00000000
0,98051195;3,78429508;0,00000000
0,98061595;3,82781744;0,00000000
0,98071995;3,78429508;0,00000000
0,98082395;3,82781744;0,00000000
0,98092795;3,82781744;0,00000000
0,98103195;3,78429508;0,00000000
0,98113595;3,82781744;0,00000000
0,98123995;3,82781744;0,00000000
0,98134395;3,78429508;0,00000000
0,98144795;3,78429508;0,00000000
0,98155195;3,82781744;0,00000000
0,98165595;3,78429508;0,00000000
0,98175995;3,78429508;0,00000000
0,98186395;3,82781744;0,00000000
0,98196795;3,78429508;0,00000000
0,98207195;3,78429508;0,00000000
0,98217595;3,78429508;0,00000000
0,98227995;3,78429508;0,00000000
0,98238395;3,82781744;0,00000000
0,98248795;3,78429508;0,00000000
0,98259195;3,82781744;0,00000000
0,98269595;3,82781744;0,00000000
0,98279995;3,82781744;0,00000000
0,98290395;3,78429508;0,00000000
0,98300795;3,82781744;0,00000000
0,98311195;3,78429508;0,00000000
0,98321595;3,78429508;0,00000000
0,98331995;3,82781744;0,00000000
0,98342395;3,82781744;0,00000000
0,98352795;3,78429508;0,00000000
0,98363195;3,82781744;0,00000000
0,98373595;3,82781744;0,00000000
0,98383995;3,78429508;0,00000000
0,98394395;3,82781744;0,00000000
0,98404795;3,82781744;0,00000000
0,98415195;3,78429508;0,00000000
0,98425595;3,82781744;0,00000000
0,98435995;3,82781744;0,00000000
0,98446395;3,78429508;0,00000000
0,98456795;3,82781744;0,00000000
0,98467195;3,82781744;0,00000000
0,98477595;3,78429508;0,00000000
0,98487995;3,78429508;0,00000000
0,98498395;3,82781744;0,00000000
0,98508795;3,82781744;0,00000000
0,98519195;3,82781744;0,00000000
0,98529595;3,82781744;0,00000000
0,98539995;3,78429508;0,00000000
0,98550395;3,82781744;0,00000000
0,98560795;3,82781744;0,00000000
0,98571195;3,78429508;0,00000000
0,98581595;3,82781744;0,00000000
0,98591995;3,82781744;0,00000000
0,98602395;3,78429508;0,00000000
0,98612795;3,78429508;0,00000000
0,98623195;3,78429508;0,00000000
0,98633595;3,82781744;0,00000000
0,98643995;3,78429508;0,00000000
0,98654395;3,82781744;0,00000000
0,98664795;3,78429508;0,00000000
0,98675195;3,82781744;0,00000000
0,98685595;3,82781744;0,00000000
0,98695995;3,82781744;0,00000000
0,98706395;3,82781744;0,00000000
0,98716795;3,82781744;0,00000000
0,98727195;3,78429508;0,00000000
0,98737595;3,78429508;0,00000000
0,98747995;3,82781744;0,00000000
0,98758395;3,78429508;0,00000000
0,98768795;3,82781744;0,00000000
0,98779195;3,82781744;0,00000000
0,98789595;3,82781744;0,00000000
0,98799995;3,82781744;0,00000000
0,98810395;3,82781744;0,00000000
0,98820795;3,82781744;0,00000000
0,98831195;3,82781744;0,00000000
0,98841595;3,78429508;0,00000000
0,98851995;3,82781744;0,00000000
0,98862395;3,82781744;0,00000000
0,98872795;3,78429508;0,00000000
0,98883195;3,82781744;0,00000000
0,98893595;3,78429508;0,00000000
0,98903995;3,78429508;0,00000000
0,98914395;3,82781744;0,00000000
0,98924795;3,78429508;0,00000000
0,98935195;3,82781744;0,00000000
0,98945595;3,82781744;0,00000000
0,98955995;3,82781744;0,00000000
0,98966395;3,78429508;0,00000000
0,98976795;3,78429508;0,00000000
0,98987195;3,78429508;0,00000000
0,98997595;3,82781744;0,00000000
0,99007995;3,82781744;0,00000000
0,99018395;3,82781744;0,00000000
0,99028795;3,82781744;0,00000000
0,99039195;3,82781744;0,00000000
0,99049595;3,82781744;0,00000000
0,99059995;3,82781744;0,00000000
0,99070395;3,78429508;0,00000000
0,99080795;3,82781744;0,00000000
0,99091195;3,78429508;0,00000000
0,99101595;3,78429508;0,00000000
0,99111995;3,82781744;0,00000000
0,99122395;3,82781744;0,00000000
0,99132795;3,82781744;0,00000000
0,99143195;3,78429508;0,00000000
0,99153595;3,82781744;0,00000000
0,99163995;3,82781744;0,00000000
0,99174395;3,78429508;0,00000000
0,99184795;3,82781744;0,00000000
0,99195195;3,82781744;0,00000000
0,99205595;3,82781744;0,00000000
0,99215995;3,78429508;0,00000000
0,99226395;3,82781744;0,00000000
0,99236795;3,82781744;0,00000000
0,99247195;3,78429508;0,00000000
0,99257595;3,82781744;0,00000000
0,99267995;3,78429508;0,00000000
0,99278395;3,82781744;0,00000000
0,99288795;3,78429508;0,00000000
0,99299195;3,82781744;0,00000000
0,99309595;3,82781744;0,00000000
0,99319995;3,82781744;0,00000000
0,99330395;3,82781744;0,00000000
0,99340795;3,78429508;0,00000000
0,99351195;3,78429508;0,00000000
0,99361595;3,82781744;0,00000000
0,99371995;3,78429508;0,00000000
0,99382395;3,82781744;0,00000000
0,99392795;3,82781744;0,00000000
0,99403195;3,82781744;0,00000000
0,99413595;3,82781744;0,00000000
0,99423995;3,82781744;0,00000000
0,99434395;3,82781744;0,00000000
0,99444795;3,82781744;0,00000000
0,99455195;3,82781744;0,00000000
0,99465595;3,82781744;0,00000000
0,99475995;3,82781744;0,00000000
0,99486395;3,78429508;0,00000000
0,99496795;3,82781744;0,00000000
0,99507195;3,82781744;0,00000000
0,99517595;3,82781744;0,00000000
0,99527995;3,82781744;0,00000000
0,99538395;3,82781744;0,00000000
0,99548795;3,78429508;0,00000000
0,99559195;3,78429508;0,00000000
0,99569595;3,82781744;0,00000000
0,99579995;3,82781744;0,00000000
0,99590395;3,82781744;0,00000000
0,99600795;3,78429508;0,00000000
0,99611195;3,78429508;0,00000000
0,99621595;3,78429508;0,00000000
0,99631995;3,82781744;0,00000000
0,99642395;3,82781744;0,00000000
0,99652795;3,82781744;0,00000000
0,99663195;3,78429508;0,00000000
0,99673595;3,82781744;0,00000000
0,99683995;3,82781744;0,00000000
0,99694395;3,82781744;0,00000000
0,99704795;3,82781744;0,00000000
0,99715195;3,82781744;0,00000000
0,99725595;3,82781744;0,00000000
0,99735995;3,78429508;0,00000000
0,99746395;3,82781744;0,00000000
0,99756795;3,78429508;0,00000000
0,99767195;3,78429508;0,00000000
0,99777595;3,82781744;0,00000000
0,99787995;3,78429508;0,00000000
0,99798395;3,78429508;0,00000000
0,99808795;3,78429508;0,00000000
0,99819195;3,78429508;0,00000000
0,99829595;3,78429508;0,00000000
0,99839995;3,78429508;0,00000000
0,99850395;3,78429508;0,00000000
0,99860795;3,82781744;0,00000000
0,99871195;3,78429508;0,00000000
0,99881595;3,78429508;0,00000000
0,99891995;3,82781744;0,00000000
0,99902395;3,82781744;0,00000000
0,99912795;3,78429508;0,00000000
0,99923195;3,82781744;0,00000000
0,99933595;3,82781744;0,00000000
0,99943995;3,82781744;0,00000000
0,99954395;3,78429508;0,00000000
0,99964795;3,82781744;0,00000000
0,99975195;3,82781744;0,00000000
0,99985595;3,78429508;0,00000000
0,99995995;3,78429508;0,00000000
1,00006395;3,82781744;0,00000000
1,00016795;3,82781744;0,00000000
1,00027195;3,82781744;0,00000000
1,00037595;3,82781744;0,00000000
1,00047995;3,78429508;0,00000000
1,00058395;3,82781744;0,00000000
1,00068795;3,82781744;0,00000000
1,00079195;3,82781744;0,00000000
1,00089595;3,82781744;0,00000000
1,00099995;3,78429508;0,00000000
1,00110395;3,82781744;0,00000000
1,00120795;3,82781744;0,00000000
1,00131195;3,82781744;0,00000000
1,00141595;3,82781744;0,00000000
1,00151995;3,78429508;0,00000000
1,00162395;3,82781744;0,00000000
1,00172795;3,82781744;0,00000000
1,00183195;3,82781744;0,00000000
1,00193595;3,82781744;0,00000000
1,00203995;3,82781744;0,00000000
1,00214395;3,82781744;0,00000000
1,00224795;3,78429508;0,00000000
1,00235195;3,82781744;0,00000000
1,00245595;3,78429508;0,00000000
1,00255995;3,82781744;0,00000000
1,00266395;3,82781744;0,00000000
1,00276795;3,82781744;0,00000000
1,00287195;3,82781744;0,00000000
1,00297595;3,78429508;0,00000000
1,00307995;3,78429508;0,00000000
1,00318395;3,82781744;0,01734744
1,00328795;3,82781744;0,00000000
1,00339195;3,82781744;0,00000000
1,00349595;3,82781744;0,00000000
1,00359995;3,82781744;0,00000000
1,00370395;3,82781744;0,00000000
1,00380795;3,78429508;0,00000000
1,00391195;3,82781744;0,00000000
1,00401595;3,82781744;0,00000000
1,00411995;3,82781744;0,00000000
1,00422395;3,82781744;0,00000000
1,00432795;3,82781744;0,00000000
1,00443195;3,82781744;0,00000000
1,00453595;3,78429508;0,00000000
1,00463995;3,82781744;0,00000000
1,00474395;3,78429508;0,00000000
1,00484795;3,78429508;0,00000000
1,00495195;3,82781744;0,00000000
1,00505595;3,82781744;0,00000000
1,00515995;3,78429508;0,00000000
1,00526395;3,82781744;0,00000000
1,00536795;3,78429508;0,00000000
1,00547195;3,82781744;0,00000000
1,00557595;3,78429508;0,00000000
1,00567995;3,82781744;0,00000000
1,00578395;3,82781744;0,00000000
1,00588795;3,78429508;0,00000000
1,00599195;3,82781744;0,00000000
1,00609595;3,82781744;0,00000000
1,00619995;3,82781744;0,00000000
1,00630395;3,78429508;0,00000000
1,00640795;3,82781744;0,00000000
1,00651195;3,82781744;0,00000000
1,00661595;3,78429508;0,00000000
1,00671995;3,82781744;0,00000000
1,00682395;3,78429508;0,00000000
1,00692795;3,82781744;0,00000000
1,00703195;3,82781744;0,00000000
1,00713595;3,82781744;0,00000000
1,00723995;3,78429508;0,00000000
1,00734395;3,82781744;0,00000000
1,00744795;3,78429508;0,00000000
1,00755195;3,82781744;0,00000000
1,00765595;3,82781744;0,00000000
1,00775995;3,82781744;0,00000000
1,00786395;3,82781744;0,00000000
1,00796795;3,82781744;0,00000000
1,00807195;3,82781744;0,00000000
1,00817595;3,82781744;0,00000000
1,00827995;3,82781744;0,00000000
1,00838395;3,82781744;0,00000000
1,00848795;3,82781744;0,00000000
1,00859195;3,82781744;0,00000000
1,00869595;3,82781744;0,00000000
1,00879995;3,78429508;0,00000000
1,00890395;3,78429508;0,00000000
1,00900795;3,82781744;0,00000000
1,00911195;3,82781744;0,00000000
1,00921595;3,78429508;0,00000000
1,00931995;3,78429508;0,00000000
1,00942395;3,82781744;0,00000000
1,00952795;3,82781744;0,00000000
1,00963195;3,82781744;0,00000000
1,00973595;3,82781744;0,00000000
1,00983995;3,82781744;0,00000000
1,00994395;3,78429508;0,00000000
1,01004795;3,78429508;0,00000000
1,01015195;3,82781744;0,00000000
1,01025595;3,82781744;0,00000000
1,01035995;3,82781744;0,00000000
1,01046395;3,82781744;0,00000000
1,01056795;3,78429508;0,00000000
1,01067195;3,78429508;0,00000000
1,01077595;3,78429508;0,00000000
1,01087995;3,82781744;0,00000000
1,01098395;3,82781744;0,00000000
1,01108795;3,82781744;0,00000000
1,01119195;3,78429508;0,00000000
1,01129595;3,82781744;0,00000000
1,01139995;3,78429508;0,00000000
1,01150395;3,82781744;0,00000000
1,01160795;3,78429508;0,00000000
1,01171195;3,82781744;0,00000000
1,01181595;3,82781744;0,00000000
1,01191995;3,82781744;0,00000000
1,01202395;3,78429508;0,00000000
1,01212795;3,82781744;0,00000000
1,01223195;3,78429508;0,00000000
1,01233595;3,82781744;0,00000000
1,01243995;3,82781744;0,00000000
1,01254395;3,82781744;0,00000000
1,01264795;3,82781744;0,00000000
1,01275195;3,82781744;0,00000000
1,01285595;3,78429508;0,00000000
1,01295995;3,82781744;0,00000000
1,01306395;3,82781744;0,00000000
1,01316795;3,78429508;0,00000000
1,01327195;3,78429508;0,00000000
1,01337595;3,78429508;0,00000000
1,01347995;3,82781744;0,00000000
1,01358395;3,82781744;0,00000000
1,01368795;3,82781744;0,00000000
1,01379195;3,82781744;0,00000000
1,01389595;3,78429508;0,00000000
1,01399995;3,82781744;0,00000000
1,01410395;3,82781744;0,00000000
1,01420795;3,78429508;0,00000000
1,01431195;3,82781744;0,00000000
1,01441595;3,82781744;0,00000000
1,01451995;3,82781744;0,00000000
1,01462395;3,78429508;0,00000000
1,01472795;3,82781744;0,00000000
1,01483195;3,82781744;0,00000000
1,01493595;3,78429508;0,00000000
1,01503995;3,78429508;0,00000000
1,01514395;3,82781744;0,00000000
1,01524795;3,82781744;0,00000000
1,01535195;3,82781744;0,00000000
1,01545595;3,82781744;0,00000000
1,01555995;3,82781744;0,00000000
1,01566395;3,82781744;0,00000000
1,01576795;3,82781744;0,00000000
1,01587195;3,78429508;0,00000000
1,01597595;3,82781744;0,00000000
1,01607995;3,82781744;0,00000000
1,01618395;3,82781744;0,00000000
1,01628795;3,78429508;0,00000000
1,01639195;3,78429508;0,00000000
1,01649595;3,82781744;0,00000000
1,01659995;3,82781744;0,00000000
1,01670395;3,82781744;0,00000000
1,01680795;3,82781744;0,00000000
1,01691195;3,82781744;0,00000000
1,01701595;3,82781744;0,00000000
1,01711995;3,78429508;0,00000000
1,01722395;3,82781744;0,00000000
1,01732795;3,82781744;0,00000000
1,01743195;3,82781744;0,00000000
1,01753595;3,78429508;0,00000000
1,01763995;3,78429508;0,00000000
1,01774395;3,82781744;0,00000000
1,01784795;3,78429508;0,00000000
1,01795195;3,78429508;0,00000000
1,01805595;3,82781744;0,00000000
1,01815995;3,78429508;0,00000000
1,01826395;3,82781744;0,00000000
1,01836795;3,82781744;0,00000000
1,01847195;3,82781744;0,00000000
1,01857595;3,82781744;0,00000000
1,01867995;3,82781744;0,00000000
1,01878395;3,82781744;0,00000000
1,01888795;3,82781744;0,00000000
1,01899195;3,82781744;0,00000000
1,01909595;3,78429508;0,00000000
1,01919995;3,82781744;0,00000000
1,01930395;3,82781744;0,00000000
1,01940795;3,78429508;0,00000000
1,01951195;3,82781744;0,00000000
1,01961595;3,78429508;0,00000000
1,01971995;3,82781744;0,00000000
1,01982395;3,82781744;0,00000000
1,01992795;3,82781744;0,00000000
1,02003195;3,82781744;0,00000000
1,02013595;3,82781744;0,00000000
1,02023995;3,82781744;0,00000000
1,02034395;3,82781744;0,00000000
1,02044794;3,82781744;0,00000000
1,02055194;3,78429508;0,00000000
1,02065594;3,82781744;0,00000000
1,02075994;3,78429508;0,00000000
1,02086394;3,82781744;0,00000000
1,02096794;3,78429508;0,00000000
1,02107194;3,82781744;0,00000000
1,02117594;3,82781744;0,00000000
1,02127994;3,78429508;0,00000000
1,02138394;3,78429508;0,00000000
1,02148794;3,78429508;0,00000000
1,02159194;3,82781744;0,00000000
1,02169594;3,82781744;0,00000000
1,02179994;3,78429508;0,00000000
1,02190394;3,82781744;0,00000000
1,02200794;3,82781744;0,00000000
1,02211194;3,82781744;0,00000000
1,02221594;3,82781744;0,00000000
1,02231994;3,78429508;0,00000000
1,02242394;3,82781744;0,00000000
1,02252794;3,82781744;0,00000000
1,02263194;3,78429508;0,00000000
1,02273594;3,82781744;0,00000000
1,02283994;3,82781744;0,00000000
1,02294394;3,82781744;0,01734744
1,02304794;3,82781744;0,00000000
1,02315194;3,78429508;0,00000000
1,02325594;3,78429508;0,00000000
1,02335994;3,82781744;0,00000000
1,02346394;3,78429508;0,00000000
1,02356794;3,82781744;0,00000000
1,02367194;3,82781744;0,00000000
1,02377594;3,82781744;0,00000000
1,02387994;3,82781744;0,00000000
1,02398394;3,82781744;0,00000000
1,02408794;3,82781744;0,00000000
1,02419194;3,82781744;0,00000000
1,02429594;3,82781744;0,00000000
1,02439994;3,82781744;0,00000000
1,02450394;3,78429508;0,00000000
1,02460794;3,82781744;0,00000000
1,02471194;3,82781744;0,00000000
1,02481594;3,82781744;0,00000000
1,02491994;3,82781744;0,00000000
1,02502394;3,82781744;0,00000000
1,02512794;3,78429508;0,00000000
1,02523194;3,78429508;0,00000000
1,02533594;3,82781744;0,00000000
1,02543994;3,82781744;0,00000000
1,02554394;3,82781744;0,00000000
1,02564794;3,82781744;0,00000000
1,02575194;3,82781744;0,00000000
1,02585594;3,82781744;0,00000000
1,02595994;3,78429508;0,00000000
1,02606394;3,82781744;0,00000000
1,02616794;3,82781744;0,00000000
1,02627194;3,82781744;0,00000000
1,02637594;3,78429508;0,00000000
1,02647994;3,82781744;0,00000000
1,02658394;3,82781744;0,00000000
1,02668794;3,82781744;0,00000000
1,02679194;3,78429508;0,00000000
1,02689594;3,78429508;0,00000000
1,02699994;3,82781744;0,00000000
1,02710394;3,82781744;0,00000000
1,02720794;3,82781744;0,00000000
1,02731194;3,82781744;0,00000000
1,02741594;3,82781744;0,00000000
1,02751994;3,78429508;0,00000000
1,02762394;3,78429508;0,00000000
1,02772794;3,82781744;0,00000000
1,02783194;3,82781744;0,00000000
1,02793594;3,82781744;0,00000000
1,02803994;3,82781744;0,00000000
1,02814394;3,82781744;0,00000000
1,02824794;3,82781744;0,00000000
1,02835194;3,82781744;0,00000000
1,02845594;3,82781744;0,01734744
1,02855994;3,78429508;0,00000000
1,02866394;3,82781744;0,00000000
1,02876794;3,82781744;0,00000000
1,02887194;3,82781744;0,00000000
1,02897594;3,82781744;0,00000000
1,02907994;3,82781744;0,00000000
1,02918394;3,78429508;0,00000000
1,02928794;3,82781744;0,00000000
1,02939194;3,82781744;0,00000000
1,02949594;3,82781744;0,00000000
1,02959994;3,82781744;0,00000000
1,02970394;3,82781744;0,00000000
1,02980794;3,82781744;0,00000000
1,02991194;3,82781744;0,00000000
1,03001594;3,82781744;0,00000000
1,03011994;3,82781744;0,00000000
1,03022394;3,78429508;0,00000000
1,03032794;3,82781744;0,00000000
1,03043194;3,82781744;0,00000000
1,03053594;3,82781744;0,00000000
1,03063994;3,82781744;0,00000000
1,03074394;3,78429508;0,00000000
1,03084794;3,82781744;0,00000000
1,03095194;3,78429508;0,00000000
1,03105594;3,82781744;0,00000000
1,03115994;3,82781744;0,00000000
1,03126394;3,82781744;0,00000000
1,03136794;3,82781744;0,00000000
1,03147194;3,82781744;0,00000000
1,03157594;3,78429508;0,00000000
1,03167994;3,78429508;0,00000000
1,03178394;3,78429508;0,00000000
1,03188794;3,82781744;0,00000000
1,03199194;3,78429508;0,00000000
1,03209594;3,82781744;0,00000000
1,03219994;3,78429508;0,00000000
1,03230394;3,82781744;0,00000000
1,03240794;3,82781744;0,00000000
1,03251194;3,82781744;0,00000000
1,03261594;3,78429508;0,00000000
1,03271994;3,82781744;0,00000000
1,03282394;3,78429508;0,00000000
1,03292794;3,78429508;0,00000000
1,03303194;3,78429508;0,00000000
1,03313594;3,78429508;0,00000000
1,03323994;3,78429508;0,00000000
1,03334394;3,82781744;0,00000000
1,03344794;3,78429508;0,00000000
1,03355194;3,78429508;0,00000000
1,03365594;3,82781744;0,00000000
1,03375994;3,82781744;0,00000000
1,03386394;3,82781744;0,00000000
1,03396794;3,82781744;0,00000000
1,03407194;3,78429508;0,00000000
1,03417594;3,82781744;0,00000000
1,03427994;3,82781744;0,00000000
1,03438394;3,82781744;0,00000000
1,03448794;3,78429508;0,00000000
1,03459194;3,82781744;0,00000000
1,03469594;3,78429508;0,00000000
1,03479994;3,82781744;0,00000000
1,03490394;3,78429508;0,00000000
1,03500794;3,78429508;0,00000000
1,03511194;3,82781744;0,00000000
1,03521594;3,82781744;0,00000000
1,03531994;3,82781744;0,00000000
1,03542394;3,82781744;0,00000000
1,03552794;3,82781744;0,00000000
1,03563194;3,82781744;0,00000000
1,03573594;3,78429508;0,00000000
1,03583994;3,82781744;0,00000000
1,03594394;3,82781744;0,00000000
1,03604794;3,82781744;0,00000000
1,03615194;3,82781744;0,00000000
1,03625594;3,82781744;0,00000000
1,03635994;3,78429508;0,00000000
1,03646394;3,82781744;0,00000000
1,03656794;3,78429508;0,00000000
1,03667194;3,82781744;0,00000000
1,03677594;3,82781744;0,00000000
1,03687994;3,82781744;0,00000000
1,03698394;3,78429508;0,00000000
1,03708794;3,82781744;0,00000000
1,03719194;3,82781744;0,00000000
1,03729594;3,82781744;0,00000000
1,03739994;3,82781744;0,00000000
1,03750394;3,82781744;0,00000000
1,03760794;3,82781744;0,00000000
1,03771194;3,82781744;0,00000000
1,03781594;3,78429508;0,00000000
1,03791994;3,78429508;0,00000000
1,03802394;3,78429508;0,00000000
1,03812794;3,82781744;0,00000000
1,03823194;3,78429508;0,00000000
1,03833594;3,82781744;0,00000000
1,03843994;3,78429508;0,00000000
1,03854394;3,82781744;0,00000000
1,03864794;3,82781744;0,00000000
1,03875194;3,82781744;0,00000000
1,03885594;3,82781744;0,00000000
1,03895994;3,82781744;0,00000000
1,03906394;3,82781744;0,00000000
1,03916794;3,82781744;0,00000000
1,03927194;3,82781744;0,00000000
1,03937594;3,82781744;0,00000000
1,03947994;3,82781744;0,00000000
1,03958394;3,82781744;0,00000000
1,03968794;3,82781744;0,00000000
1,03979194;3,82781744;0,00000000
1,03989594;3,82781744;0,00000000
1,03999994;3,82781744;0,00000000
1,04010394;3,78429508;0,00000000
1,04020794;3,82781744;0,00000000
1,04031194;3,78429508;0,00000000
1,04041594;3,82781744;0,00000000
1,04051994;3,82781744;0,00000000
1,04062394;3,78429508;0,00000000
1,04072794;3,82781744;0,00000000
1,04083194;3,78429508;0,00000000
1,04093594;3,82781744;0,00000000
1,04103994;3,82781744;0,00000000
1,04114394;3,82781744;0,00000000
1,04124794;3,82781744;0,00000000
1,04135194;3,78429508;0,00000000
1,04145594;3,82781744;0,00000000
1,04155994;3,82781744;0,00000000
1,04166394;3,82781744;0,00000000
1,04176794;3,82781744;0,00000000
1,04187194;3,78429508;0,00000000
1,04197594;3,78429508;0,00000000
1,04207994;3,82781744;0,00000000
1,04218394;3,82781744;0,00000000
1,04228794;3,78429508;0,00000000
1,04239194;3,78429508;0,00000000
1,04249594;3,78429508;0,00000000
1,04259994;3,82781744;0,00000000
1,04270394;3,82781744;0,00000000
1,04280794;3,78429508;0,00000000
1,04291194;3,78429508;0,00000000
1,04301594;3,82781744;0,00000000
1,04311994;3,82781744;0,00000000
1,04322394;3,82781744;0,00000000
1,04332794;3,82781744;0,00000000
1,04343194;3,78429508;0,00000000
1,04353594;3,82781744;0,00000000
1,04363994;3,78429508;0,00000000
1,04374394;3,82781744;0,00000000
1,04384794;3,82781744;0,00000000
1,04395194;3,82781744;0,00000000
1,04405594;3,82781744;0,00000000
1,04415994;3,82781744;0,00000000
1,04426394;3,78429508;0,00000000
1,04436794;3,82781744;0,00000000
1,04447194;3,82781744;0,00000000
1,04457594;3,78429508;0,00000000
1,04467994;3,78429508;0,00000000
1,04478394;3,78429508;0,00000000
1,04488794;3,82781744;0,00000000
1,04499194;3,82781744;0,00000000
1,04509594;3,82781744;0,00000000
1,04519994;3,78429508;0,00000000
1,04530394;3,82781744;0,00000000
1,04540794;3,78429508;0,00000000
1,04551194;3,82781744;0,00000000
1,04561594;3,78429508;0,00000000
1,04571994;3,82781744;0,00000000
1,04582394;3,82781744;0,00000000
1,04592794;3,82781744;0,00000000
1,04603194;3,82781744;0,00000000
1,04613594;0,60885209;0,00000000
1,04623994;0,08689100;0,00000000
1,04634394;-0,13041338;0,00000000
1,04644794;0,00000000;0,00000000
1,04655194;0,04336860;0,00000000
1,04665594;0,00000000;0,00000000
1,04675994;0,00000000;0,00000000
1,04686394;0,00000000;0,00000000
1,04696794;0,00000000;0,00000000
1,04707194;0,00000000;0,00000000
1,04717594;0,04336860;0,00000000
1,04727994;0,00000000;0,00000000
1,04738394;0,00000000;0,00000000
1,04748794;0,00000000;0,00000000
1,04759194;0,00000000;0,00000000
1,04769594;0,04336860;0,00000000
1,04779994;0,00000000;0,00000000
1,04790394;0,00000000;0,00000000
1,04800794;0,04336860;0,00000000
1,04811194;0,04336860;0,00000000
1,04821594;0,00000000;0,00000000
1,04831994;0,00000000;0,00000000
1,04842394;0,00000000;0,00000000
1,04852794;0,00000000;0,00000000
1,04863194;0,00000000;0,00000000
1,04873594;0,04336860;0,00000000
1,04883994;0,00000000;0,00000000
1,04894394;0,04336860;0,00000000
1,04904794;0,00000000;0,00000000
1,04915194;0,00000000;0,00000000
1,04925594;0,04336860;0,00000000
1,04935994;0,00000000;0,00000000
1,04946394;0,00000000;0,00000000
1,04956794;0,00000000;0,00000000
1,04967194;0,04336860;0,00000000
1,04977594;0,04336860;0,00000000
1,04987994;0,04336860;0,00000000
1,04998394;0,00000000;0,00000000
1,05008794;0,04336860;0,00000000
1,05019194;0,00000000;-0,01734744
1,05029594;0,04336860;0,00000000
1,05039994;0,04336860;0,00000000
1,05050394;0,04336860;0,00000000
1,05060794;0,00000000;0,00000000
1,05071194;0,04336860;0,00000000
1,05081594;0,04336860;0,00000000
1,05091994;0,00000000;0,00000000
1,05102394;0,00000000;0,00000000
1,05112794;0,00000000;0,00000000
1,05123194;0,00000000;0,00000000
1,05133594;0,00000000;0,00000000
1,05143994;0,04336860;0,00000000
1,05154394;0,00000000;0,00000000
1,05164794;0,00000000;0,00000000
1,05175194;0,00000000;0,00000000
1,05185594;0,04336860;0,00000000
1,05195994;0,04336860;0,00000000
1,05206394;0,04336860;-0,01734744
1,05216794;0,00000000;0,00000000
1,05227194;0,04336860;0,00000000
1,05237594;0,00000000;0,00000000
1,05247994;0,00000000;0,00000000
1,05258394;0,04336860;0,00000000
1,05268794;0,04336860;0,00000000
1,05279194;0,00000000;0,00000000
1,05289594;0,04336860;0,00000000
1,05299994;0,04336860;0,00000000
1,05310394;0,04336860;0,00000000
1,05320794;0,00000000;0,00000000
1,05331194;0,04336860;0,00000000
1,05341594;0,04336860;0,00000000
1,05351994;0,00000000;0,00000000
1,05362394;0,04336860;0,00000000
1,05372794;0,04336860;0,00000000
1,05383194;0,00000000;0,00000000
1,05393594;0,04336860;0,00000000
1,05403994;0,04336860;0,00000000
1,05414394;0,00000000;0,00000000
1,05424794;0,00000000;0,00000000
1,05435194;0,04336860;0,00000000
1,05445594;0,04336860;0,00000000
1,05455994;0,04336860;0,00000000
1,05466394;0,00000000;0,00000000
1,05476794;0,04336860;0,00000000
1,05487194;0,00000000;0,00000000
1,05497594;0,00000000;0,00000000
1,05507994;0,04336860;0,00000000
1,05518394;0,04336860;0,00000000
1,05528794;0,00000000;0,00000000
1,05539194;0,04336860;0,00000000
1,05549594;0,04336860;0,00000000
1,05559994;0,00000000;0,00000000
1,05570394;0,00000000;0,00000000
1,05580794;0,00000000;0,00000000
1,05591194;0,04336860;0,00000000
1,05601594;0,04336860;0,00000000
1,05611994;0,04336860;0,00000000
1,05622394;0,00000000;0,00000000
1,05632794;0,00000000;0,00000000
1,05643194;0,00000000;0,00000000
1,05653594;0,00000000;0,00000000
1,05663994;0,04336860;0,00000000
1,05674394;0,04336860;0,00000000
1,05684794;0,04336860;0,00000000
1,05695194;0,00000000;0,00000000
1,05705594;0,04336860;0,00000000
1,05715994;0,04336860;0,00000000
1,05726394;0,04336860;0,00000000
1,05736794;0,00000000;0,00000000
1,05747194;0,00000000;0,00000000
1,05757594;0,00000000;0,00000000
1,05767994;0,04336860;0,00000000
1,05778394;0,00000000;0,00000000
1,05788794;0,04336860;0,00000000
1,05799194;0,00000000;0,00000000
1,05809594;0,00000000;0,00000000
1,05819994;0,00000000;0,00000000
1,05830394;0,00000000;0,00000000
1,05840794;0,00000000;0,00000000
1,05851194;0,04336860;0,00000000
1,05861594;0,00000000;0,00000000
1,05871994;0,04336860;0,00000000
1,05882394;0,00000000;0,00000000
1,05892794;0,04336860;0,00000000
1,05903194;0,00000000;0,00000000
1,05913594;0,04336860;0,00000000
1,05923994;0,00000000;0,00000000
1,05934394;0,04336860;0,00000000
1,05944794;0,04336860;0,00000000
1,05955194;0,00000000;0,00000000
1,05965594;0,04336860;0,00000000
1,05975994;0,04336860;0,00000000
1,05986394;0,04336860;0,00000000
1,05996794;0,04336860;0,00000000
1,06007194;0,00000000;0,00000000
1,06017594;0,00000000;0,00000000
1,06027994;0,04336860;0,00000000
1,06038394;0,00000000;0,00000000
1,06048794;0,00000000;0,00000000
1,06059194;0,00000000;0,00000000
1,06069594;0,04336860;0,00000000
1,06079994;0,00000000;0,00000000
1,06090394;0,04336860;0,00000000
1,06100794;0,00000000;0,00000000
1,06111194;0,00000000;0,00000000
1,06121594;0,00000000;0,00000000
1,06131994;0,00000000;0,00000000
1,06142394;0,00000000;0,00000000
1,06152794;0,00000000;0,00000000
1,06163194;0,00000000;0,00000000
1,06173594;0,00000000;0,00000000
1,06183994;0,00000000;0,00000000
1,06194394;0,00000000;0,00000000
1,06204794;0,00000000;0,00000000
1,06215194;0,00000000;0,00000000
1,06225594;0,04336860;0,00000000
1,06235994;0,04336860;0,00000000
1,06246394;0,00000000;0,00000000
1,06256794;0,00000000;0,00000000
1,06267194;0,00000000;0,00000000
1,06277594;0,00000000;0,00000000
1,06287994;0,04336860;0,00000000
1,06298394;0,04336860;0,00000000
1,06308794;0,04336860;0,00000000
1,06319194;0,04336860;0,00000000
1,06329594;0,04336860;0,00000000
1,06339994;0,00000000;0,00000000
1,06350394;0,00000000;0,00000000
1,06360794;0,00000000;0,00000000
1,06371194;0,00000000;0,00000000
1,06381594;0,04336860;0,00000000
1,06391994;0,00000000;0,00000000
1,06402394;0,00000000;0,00000000
1,06412794;0,00000000;0,00000000
1,06423194;0,04336860;0,00000000
1,06433594;0,04336860;0,00000000
1,06443994;0,00000000;0,00000000
1,06454394;0,00000000;0,00000000
1,06464794;0,00000000;0,00000000
1,06475194;0,00000000;0,00000000
1,06485594;0,00000000;0,00000000
1,06495994;0,00000000;0,00000000
1,06506394;0,00000000;0,00000000
1,06516794;0,00000000;0,00000000
1,06527194;0,00000000;0,00000000
1,06537594;0,00000000;0,00000000
1,06547994;0,04336860;0,00000000
1,06558394;0,04336860;0,00000000
1,06568794;0,00000000;-0,01734744
1,06579194;0,00000000;0,00000000
1,06589594;0,00000000;0,00000000
1,06599994;0,00000000;0,00000000
1,06610394;0,00000000;0,00000000
1,06620794;0,00000000;0,00000000
1,06631194;0,04336860;0,00000000
1,06641594;0,00000000;0,00000000
1,06651994;0,04336860;0,00000000
1,06662394;0,04336860;0,00000000
1,06672794;0,00000000;0,00000000
1,06683194;0,00000000;0,00000000
1,06693594;0,04336860;0,00000000
1,06703994;0,00000000;0,00000000
1,06714394;0,00000000;-0,01734744
1,06724794;0,00000000;0,00000000
1,06735194;0,04336860;0,00000000
1,06745594;0,04336860;0,00000000
1,06755994;0,04336860;0,00000000
1,06766394;0,00000000;0,00000000
1,06776794;0,00000000;0,00000000
1,06787194;0,04336860;0,00000000
1,06797594;0,04336860;0,00000000
1,06807994;0,00000000;0,00000000
1,06818394;0,00000000;0,00000000
1,06828794;0,00000000;0,00000000
1,06839194;0,00000000;0,00000000
1,06849594;0,00000000;0,00000000
1,06859994;0,00000000;0,00000000
1,06870394;0,00000000;0,00000000
1,06880794;0,00000000;0,00000000
1,06891194;0,00000000;0,00000000
1,06901594;0,00000000;0,00000000
1,06911994;0,00000000;0,00000000
1,06922394;0,00000000;0,00000000
1,06932794;0,04336860;0,00000000
1,06943194;0,00000000;0,00000000
1,06953594;0,00000000;0,00000000
1,06963994;0,00000000;0,00000000
1,06974394;0,04336860;0,00000000
1,06984794;0,00000000;0,00000000
1,06995194;0,00000000;0,00000000
1,07005594;0,00000000;0,00000000
1,07015994;0,00000000;0,00000000
1,07026394;0,04336860;0,00000000
1,07036794;0,00000000;0,00000000
1,07047194;0,00000000;0,00000000
1,07057594;0,00000000;0,00000000
1,07067994;0,04336860;0,00000000
1,07078394;0,00000000;0,00000000
1,07088794;0,00000000;0,00000000
1,07099194;0,00000000;0,00000000
1,07109594;0,00000000;0,00000000
1,07119994;0,00000000;0,00000000
1,07130394;0,00000000;0,00000000
1,07140794;0,00000000;0,00000000
1,07151194;0,00000000;0,00000000
1,07161594;0,00000000;0,00000000
1,07171994;0,00000000;0,00000000
1,07182394;0,04336860;0,00000000
1,07192794;0,00000000;-0,01734744
1,07203194;0,04336860;0,00000000
1,07213594;0,00000000;0,00000000
1,07223994;0,00000000;0,00000000
1,07234394;0,00000000;0,00000000
1,07244794;0,00000000;0,00000000
1,07255194;0,00000000;0,00000000
1,07265594;0,00000000;0,00000000
1,07275994;0,00000000;0,00000000
1,07286394;0,00000000;0,00000000
1,07296794;0,00000000;0,00000000
1,07307194;0,00000000;0,00000000
1,07317594;0,00000000;0,00000000
1,07327994;0,00000000;0,00000000
1,07338394;0,04336860;0,00000000
1,07348794;0,00000000;0,00000000
1,07359194;0,00000000;0,00000000
1,07369594;0,00000000;0,00000000
1,07379994;0,00000000;0,00000000
1,07390394;0,00000000;0,00000000
1,07400794;0,00000000;0,00000000
1,07411194;0,00000000;0,00000000
1,07421594;0,04336860;0,00000000
1,07431994;0,00000000;0,00000000
1,07442394;0,00000000;0,00000000
1,07452794;0,04336860;0,00000000
1,07463194;0,00000000;0,00000000
1,07473594;0,00000000;0,00000000
1,07483994;0,04336860;0,00000000
1,07494394;0,04336860;0,00000000
1,07504794;0,00000000;0,00000000
1,07515194;0,04336860;0,00000000
1,07525594;0,04336860;0,00000000
1,07535994;0,00000000;0,00000000
1,07546394;0,00000000;0,00000000
1,07556794;0,00000000;0,00000000
1,07567194;0,04336860;0,00000000
1,07577594;0,00000000;0,00000000
1,07587994;0,00000000;0,00000000
1,07598394;0,00000000;0,00000000
1,07608794;0,00000000;0,00000000
1,07619194;0,00000000;0,00000000
1,07629594;0,00000000;0,00000000
1,07639994;0,00000000;0,00000000
1,07650394;0,00000000;0,00000000
1,07660794;0,00000000;0,00000000
1,07671194;0,00000000;0,00000000
1,07681594;0,00000000;0,00000000
1,07691994;0,00000000;0,00000000
1,07702394;0,00000000;0,00000000
1,07712794;0,00000000;0,00000000
1,07723194;0,00000000;0,00000000
1,07733594;0,00000000;0,00000000
1,07743994;0,00000000;0,00000000
1,07754394;0,00000000;0,00000000
1,07764794;0,04336860;0,00000000
1,07775194;0,00000000;0,00000000
1,07785594;0,00000000;0,00000000
1,07795994;0,00000000;-0,01734744
1,07806394;0,00000000;0,00000000
1,07816794;0,00000000;0,00000000
1,07827194;0,00000000;0,00000000
1,07837594;0,00000000;0,00000000
1,07847994;0,04336860;0,00000000
1,07858394;0,00000000;0,00000000
1,07868794;0,00000000;0,00000000
1,07879194;0,04336860;0,00000000
1,07889594;0,00000000;0,00000000
1,07899994;0,04336860;0,00000000
1,07910394;0,00000000;0,00000000
1,07920794;0,00000000;0,00000000
1,07931194;0,04336860;0,00000000
1,07941594;0,04336860;0,00000000
1,07951994;0,00000000;0,00000000
1,07962394;0,00000000;0,00000000
1,07972794;0,00000000;0,00000000
1,07983194;0,00000000;0,00000000
1,07993594;0,04336860;0,00000000
1,08003994;0,00000000;0,00000000
1,08014394;0,04336860;0,00000000
1,08024794;0,00000000;0,00000000
1,08035194;0,04336860;0,00000000
1,08045594;0,00000000;0,00000000
1,08055994;0,04336860;0,00000000
1,08066394;0,00000000;0,00000000
1,08076794;0,00000000;0,00000000
1,08087194;0,00000000;0,00000000
1,08097594;0,00000000;0,00000000
1,08107994;0,04336860;0,00000000
1,08118394;0,00000000;0,00000000
1,08128794;0,00000000;0,00000000
1,08139194;0,04336860;0,00000000
1,08149594;0,00000000;0,00000000
1,08159994;0,00000000;0,00000000
1,08170394;0,04336860;0,00000000
1,08180794;0,00000000;0,00000000
1,08191194;0,00000000;0,00000000
1,08201594;0,00000000;0,00000000
1,08211994;0,00000000;0,00000000
1,08222394;0,00000000;0,00000000
1,08232794;0,00000000;0,00000000
1,08243194;0,00000000;0,00000000
1,08253594;0,04336860;0,00000000
1,08263994;0,00000000;0,00000000
1,08274394;0,04336860;0,00000000
1,08284794;0,00000000;0,00000000
1,08295194;0,04336860;0,00000000
1,08305594;0,00000000;0,00000000
1,08315994;0,04336860;0,00000000
1,08326394;0,04336860;0,00000000
1,08336794;0,00000000;0,00000000
1,08347194;0,00000000;0,00000000
1,08357594;0,04336860;0,00000000
1,08367994;0,00000000;0,00000000
1,08378394;0,00000000;0,00000000
1,08388794;0,00000000;0,00000000
1,08399194;0,00000000;0,00000000
1,08409594;0,00000000;0,00000000
1,08419994;0,00000000;0,00000000
1,08430394;0,00000000;0,00000000
1,08440794;0,00000000;0,00000000
1,08451194;0,04336860;0,00000000
1,08461594;0,00000000;0,00000000
1,08471994;0,00000000;0,00000000
1,08482394;0,00000000;0,00000000
1,08492794;0,00000000;0,00000000
1,08503194;0,00000000;0,00000000
1,08513594;0,04336860;0,00000000
1,08523994;0,00000000;0,00000000
1,08534394;0,00000000;0,00000000
1,08544794;0,00000000;0,00000000
1,08555194;0,00000000;0,00000000
1,08565594;0,00000000;0,00000000
1,08575994;0,04336860;0,00000000
1,08586394;0,04336860;0,00000000
1,08596794;0,00000000;0,00000000
1,08607194;0,00000000;0,00000000
1,08617594;0,00000000;0,00000000
1,08627994;0,00000000;0,00000000
1,08638394;0,00000000;0,00000000
1,08648794;0,00000000;0,00000000
1,08659194;0,00000000;0,00000000
1,08669594;0,00000000;0,00000000
1,08679994;0,00000000;0,00000000
1,08690394;0,00000000;0,00000000
1,08700794;0,00000000;0,00000000
1,08711194;0,00000000;0,00000000
1,08721594;0,04336860;0,00000000
1,08731994;0,00000000;0,00000000
1,08742394;0,00000000;0,00000000
1,08752794;0,00000000;0,00000000
1,08763194;0,00000000;0,00000000
1,08773594;0,04336860;0,00000000
1,08783994;0,00000000;0,00000000
1,08794394;0,04336860;0,00000000
1,08804794;0,00000000;0,00000000
1,08815194;0,04336860;0,00000000
1,08825594;0,00000000;0,00000000
1,08835994;0,04336860;0,00000000
1,08846394;0,00000000;0,00000000
1,08856794;0,04336860;0,00000000
1,08867194;0,04336860;0,00000000
1,08877594;0,00000000;0,00000000
1,08887994;0,00000000;0,00000000
1,08898394;0,04336860;0,00000000
1,08908794;0,00000000;0,00000000
1,08919194;0,00000000;0,00000000
1,08929594;0,04336860;0,00000000
1,08939994;0,00000000;0,00000000
1,08950394;0,00000000;0,00000000
1,08960794;0,04336860;0,00000000
1,08971194;0,00000000;0,00000000
1,08981594;0,04336860;0,00000000
1,08991994;0,00000000;0,00000000
1,09002394;0,00000000;0,00000000
1,09012794;0,00000000;0,00000000
1,09023194;0,00000000;0,00000000
1,09033594;0,00000000;-0,01734744
1,09043994;0,00000000;0,00000000
1,09054394;0,00000000;0,00000000
1,09064794;0,00000000;0,00000000
1,09075194;0,04336860;-0,01734744
1,09085594;0,00000000;-0,01734744
1,09095994;0,04336860;0,00000000
1,09106394;0,00000000;0,00000000
1,09116794;0,00000000;0,00000000
1,09127194;0,00000000;0,00000000
1,09137594;0,00000000;0,00000000
1,09147994;0,00000000;0,00000000
1,09158394;0,00000000;0,00000000
1,09168794;0,00000000;0,00000000
1,09179194;0,04336860;0,00000000
1,09189594;0,00000000;0,00000000
1,09199994;0,00000000;0,00000000
1,09210394;0,04336860;0,00000000
1,09220794;0,00000000;0,00000000
1,09231194;0,00000000;0,00000000
1,09241594;0,00000000;0,00000000
1,09251994;0,04336860;0,00000000
1,09262394;0,00000000;0,00000000
1,09272794;0,00000000;0,00000000
1,09283194;0,00000000;0,00000000
1,09293594;0,04336860;0,00000000
1,09303994;0,04336860;0,00000000
1,09314394;0,00000000;0,00000000
1,09324794;0,00000000;0,00000000
1,09335194;0,00000000;0,00000000
1,09345594;0,00000000;0,00000000
1,09355994;0,00000000;0,00000000
1,09366394;0,00000000;0,00000000
1,09376794;0,00000000;0,00000000
1,09387194;0,00000000;0,00000000
1,09397594;0,00000000;0,00000000
1,09407994;0,00000000;0,00000000
1,09418394;0,00000000;0,00000000
1,09428794;0,00000000;0,00000000
1,09439194;0,00000000;0,00000000
1,09449594;0,00000000;0,00000000
1,09459994;0,00000000;0,00000000
1,09470394;0,00000000;0,00000000
1,09480794;0,00000000;0,00000000
1,09491194;0,00000000;0,00000000
1,09501594;0,00000000;0,00000000
1,09511994;0,00000000;0,00000000
1,09522394;0,00000000;0,00000000
1,09532794;0,04336860;0,00000000
1,09543194;0,00000000;0,00000000
1,09553594;0,00000000;0,00000000
1,09563994;0,00000000;0,00000000
1,09574394;0,00000000;0,00000000
1,09584794;0,00000000;0,00000000
1,09595194;0,00000000;0,00000000
1,09605594;0,00000000;0,00000000
1,09615994;0,00000000;0,00000000
1,09626394;0,04336860;0,00000000
1,09636794;0,00000000;0,00000000
1,09647194;0,00000000;0,00000000
1,09657594;0,00000000;0,00000000
1,09667994;0,00000000;0,00000000
1,09678394;0,00000000;0,00000000
1,09688794;0,00000000;0,00000000
1,09699194;0,04336860;0,00000000
1,09709594;0,00000000;0,00000000
1,09719994;0,04336860;0,00000000
1,09730394;0,00000000;0,00000000
1,09740794;0,00000000;-0,01734744
1,09751194;0,00000000;0,00000000
1,09761594;0,00000000;0,00000000
1,09771994;0,04336860;0,00000000
1,09782394;0,00000000;0,00000000
1,09792794;0,04336860;0,00000000
1,09803194;0,00000000;0,00000000
1,09813594;0,00000000;0,00000000
1,09823994;0,00000000;0,00000000
1,09834394;0,00000000;0,00000000
1,09844794;0,00000000;0,00000000
1,09855194;0,00000000;0,00000000
1,09865594;0,04336860;0,00000000
1,09875994;0,00000000;0,00000000
1,09886394;0,04336860;0,00000000
1,09896794;0,00000000;0,00000000
1,09907194;0,00000000;0,00000000
1,09917594;0,04336860;0,00000000
1,09927994;0,00000000;0,00000000
1,09938394;0,00000000;0,00000000
1,09948794;0,00000000;0,00000000
1,09959194;0,00000000;0,00000000
1,09969594;0,04336860;0,00000000
1,09979994;0,00000000;0,00000000
1,09990394;0,00000000;0,00000000
1,10000794;0,00000000;0,00000000
1,10011194;0,00000000;0,00000000
1,10021594;0,04336860;0,00000000
1,10031994;0,00000000;0,00000000
1,10042394;0,04336860;0,00000000
1,10052794;0,00000000;0,00000000
1,10063194;0,04336860;0,00000000
1,10073594;0,04336860;0,00000000
1,10083994;0,00000000;0,00000000
1,10094394;0,04336860;0,00000000
1,10104794;0,00000000;0,00000000
1,10115194;0,04336860;0,00000000
1,10125594;0,00000000;0,00000000
1,10135994;0,00000000;0,00000000
1,10146394;0,00000000;0,00000000
1,10156794;0,04336860;0,00000000
1,10167194;0,00000000;0,00000000
1,10177594;0,00000000;0,00000000
1,10187994;0,00000000;0,00000000
1,10198394;0,00000000;0,00000000
1,10208794;0,00000000;0,00000000
1,10219194;0,04336860;0,00000000
1,10229594;0,00000000;0,00000000
1,10239994;0,04336860;0,00000000
1,10250394;0,00000000;0,00000000
1,10260794;0,00000000;0,00000000
1,10271194;0,00000000;0,00000000
1,10281594;0,04336860;0,00000000
1,10291994;0,00000000;0,00000000
1,10302394;0,00000000;0,00000000
1,10312794;0,04336860;-0,01734744
1,10323194;0,04336860;0,00000000
1,10333594;0,04336860;0,00000000
1,10343994;0,00000000;0,00000000
1,10354394;0,00000000;0,00000000
1,10364794;0,00000000;0,00000000
1,10375194;0,00000000;0,00000000
1,10385594;0,04336860;0,00000000
1,10395994;0,04336860;0,00000000
1,10406394;0,04336860;0,00000000
1,10416794;0,00000000;0,00000000
1,10427194;0,00000000;0,00000000
1,10437594;0,04336860;0,00000000
1,10447994;0,04336860;0,00000000
1,10458394;0,00000000;0,00000000
1,10468794;0,00000000;0,00000000
1,10479194;0,00000000;0,00000000
1,10489594;0,00000000;0,00000000
1,10499994;0,00000000;0,00000000
1,10510394;0,00000000;0,00000000
1,10520794;0,04336860;-0,01734744
1,10531194;0,00000000;0,00000000
1,10541594;0,00000000;0,00000000
1,10551994;0,04336860;0,00000000
1,10562394;0,00000000;0,00000000
1,10572794;0,00000000;0,00000000
1,10583194;0,00000000;0,00000000
1,10593594;0,00000000;0,00000000
1,10603994;0,00000000;0,00000000
1,10614394;0,00000000;0,00000000
1,10624794;0,00000000;0,00000000
1,10635194;0,00000000;0,00000000
1,10645594;0,04336860;0,00000000
1,10655994;0,00000000;0,00000000
1,10666394;0,00000000;0,00000000
1,10676794;0,00000000;0,00000000
1,10687194;0,00000000;0,00000000
1,10697594;0,00000000;0,00000000
1,10707994;0,00000000;-0,01734744
1,10718394;0,00000000;0,00000000
1,10728794;0,00000000;0,00000000
1,10739194;0,00000000;0,00000000
1,10749594;0,00000000;0,00000000
1,10759994;0,00000000;0,00000000
1,10770394;0,00000000;0,00000000
1,10780794;0,00000000;0,00000000
1,10791194;0,00000000;0,00000000
1,10801594;0,04336860;0,00000000
1,10811994;0,00000000;0,00000000
1,10822394;0,00000000;0,00000000
1,10832794;0,00000000;0,00000000
1,10843194;0,04336860;0,00000000
1,10853594;0,00000000;0,00000000
1,10863994;0,04336860;0,00000000
1,10874394;0,00000000;0,00000000
1,10884794;0,04336860;0,00000000
1,10895194;0,00000000;0,00000000
1,10905594;0,04336860;0,00000000
1,10915994;0,00000000;0,00000000
1,10926394;0,04336860;0,00000000
1,10936794;0,04336860;0,00000000
1,10947194;0,04336860;0,00000000
1,10957594;0,04336860;0,00000000
1,10967994;0,04336860;0,00000000
1,10978394;0,00000000;0,00000000
1,10988794;0,00000000;0,00000000
1,10999194;0,00000000;0,00000000
1,11009594;0,04336860;0,00000000
1,11019994;0,04336860;0,00000000
1,11030394;0,00000000;0,00000000
1,11040794;0,04336860;0,00000000
1,11051194;0,04336860;0,00000000
1,11061594;0,00000000;0,00000000
1,11071994;0,00000000;0,00000000
1,11082394;0,00000000;0,00000000
1,11092794;0,00000000;0,00000000
1,11103194;0,00000000;0,00000000
1,11113594;0,00000000;0,00000000
1,11123994;0,00000000;0,00000000
1,11134394;0,04336860;0,00000000
1,11144794;0,00000000;0,00000000
1,11155194;0,00000000;0,00000000
1,11165594;0,00000000;0,00000000
1,11175994;0,00000000;0,00000000
1,11186394;0,04336860;0,00000000
1,11196794;0,00000000;0,00000000
1,11207194;0,00000000;0,00000000
1,11217594;0,04336860;0,00000000
1,11227994;0,00000000;0,00000000
1,11238394;0,04336860;0,00000000
1,11248794;0,04336860;0,00000000
1,11259194;0,00000000;0,00000000
1,11269594;0,00000000;0,00000000
1,11279994;0,00000000;0,00000000
1,11290394;0,00000000;0,00000000
1,11300794;0,04336860;0,00000000
1,11311194;0,00000000;0,00000000
1,11321594;0,00000000;0,00000000
1,11331994;0,00000000;0,00000000
1,11342394;0,00000000;0,00000000
1,11352794;0,00000000;0,00000000
1,11363194;0,00000000;0,00000000
1,11373594;0,00000000;0,00000000
1,11383994;0,00000000;0,00000000
1,11394394;0,00000000;0,00000000
1,11404794;0,00000000;0,00000000
1,11415194;0,00000000;0,00000000
1,11425594;0,04336860;0,00000000
1,11435994;0,00000000;0,00000000
1,11446394;0,04336860;0,00000000
1,11456794;0,00000000;0,00000000
1,11467194;0,00000000;0,00000000
1,11477594;0,04336860;0,00000000
1,11487994;0,00000000;0,00000000
1,11498394;0,00000000;0,00000000
1,11508794;0,04336860;0,00000000
1,11519194;0,00000000;0,00000000
1,11529594;0,00000000;0,00000000
1,11539994;0,00000000;0,00000000
1,11550394;0,00000000;0,00000000
1,11560794;0,00000000;0,00000000
1,11571194;0,00000000;0,00000000
1,11581594;0,00000000;0,00000000
1,11591994;0,00000000;0,00000000
1,11602394;0,04336860;0,00000000
1,11612794;0,04336860;0,00000000
1,11623194;0,00000000;0,00000000
1,11633594;0,04336860;0,00000000
1,11643994;0,00000000;0,00000000
1,11654394;0,04336860;0,00000000
1,11664794;0,00000000;0,00000000
1,11675194;0,00000000;-0,01734744
1,11685594;0,04336860;0,00000000
1,11695994;0,00000000;0,00000000
1,11706394;0,04336860;0,00000000
1,11716794;0,00000000;0,00000000
1,11727194;0,00000000;0,00000000
1,11737594;0,00000000;0,00000000
1,11747994;0,00000000;0,00000000
1,11758394;0,04336860;-0,01734744
1,11768794;0,00000000;0,00000000
1,11779194;0,04336860;0,00000000
1,11789594;0,04336860;0,00000000
1,11799994;0,00000000;0,00000000
1,11810394;0,04336860;0,00000000
1,11820794;0,00000000;0,00000000
1,11831194;0,04336860;0,00000000
1,11841594;0,00000000;0,00000000
1,11851994;0,00000000;0,00000000
1,11862394;0,04336860;0,00000000
1,11872794;0,00000000;0,00000000
1,11883194;0,00000000;0,00000000
1,11893594;0,00000000;0,00000000
1,11903994;0,00000000;0,00000000
1,11914394;0,04336860;0,00000000
1,11924794;0,00000000;0,00000000
1,11935194;0,00000000;0,00000000
1,11945594;0,00000000;0,00000000
1,11955994;0,00000000;0,00000000
1,11966394;0,00000000;0,00000000
1,11976794;0,00000000;0,00000000
1,11987194;0,00000000;0,00000000
1,11997594;0,00000000;0,00000000
1,12007994;0,04336860;0,00000000
1,12018394;0,00000000;0,00000000
1,12028794;0,00000000;0,00000000
1,12039194;0,00000000;0,00000000
1,12049594;0,04336860;0,00000000
1,12059994;0,00000000;0,00000000
1,12070394;0,00000000;0,00000000
1,12080794;0,00000000;0,00000000
1,12091194;0,04336860;0,00000000
1,12101594;0,00000000;0,00000000
1,12111994;0,00000000;0,00000000
1,12122394;0,00000000;0,00000000
1,12132794;0,00000000;0,00000000
1,12143194;0,00000000;0,00000000
1,12153594;0,04336860;0,00000000
1,12163994;0,04336860;0,00000000
1,12174394;0,00000000;0,00000000
1,12184794;0,04336860;0,00000000
1,12195194;0,00000000;0,00000000
1,12205594;0,04336860;0,00000000
1,12215994;0,00000000;0,00000000
1,12226394;0,00000000;0,00000000
1,12236794;0,00000000;0,00000000
1,12247194;0,00000000;0,00000000
1,12257594;0,00000000;0,00000000
1,12267994;0,00000000;0,00000000
1,12278394;0,00000000;0,00000000
1,12288794;0,04336860;0,00000000
1,12299194;0,04336860;0,00000000
1,12309594;0,04336860;0,00000000
1,12319994;0,00000000;0,00000000
1,12330394;0,00000000;0,00000000
1,12340794;0,00000000;0,00000000
1,12351194;0,00000000;0,00000000
1,12361594;0,00000000;0,00000000
1,12371994;0,00000000;0,00000000
1,12382394;0,00000000;0,00000000
1,12392794;0,00000000;0,00000000
1,12403194;0,00000000;0,00000000
1,12413594;0,00000000;0,00000000
1,12423994;0,00000000;0,00000000
1,12434394;0,00000000;0,00000000
1,12444794;0,00000000;0,00000000
1,12455194;0,00000000;0,00000000
1,12465594;0,04336860;0,00000000
1,12475994;0,00000000;0,00000000
1,12486394;0,00000000;0,00000000
1,12496794;0,00000000;0,00000000
1,12507194;0,00000000;0,00000000
1,12517594;0,00000000;0,00000000
1,12527994;0,00000000;0,00000000
1,12538394;0,00000000;0,00000000
1,12548794;0,04336860;0,00000000
1,12559194;0,04336860;0,00000000
1,12569594;0,00000000;0,00000000
1,12579994;0,04336860;0,00000000
1,12590394;0,00000000;0,00000000
1,12600794;0,04336860;0,00000000
1,12611194;0,00000000;0,00000000
1,12621594;0,00000000;0,00000000
1,12631994;0,00000000;0,00000000
1,12642394;0,00000000;0,00000000
1,12652794;0,04336860;0,00000000
1,12663194;0,04336860;0,00000000
1,12673594;0,00000000;0,00000000
1,12683994;0,00000000;0,00000000
1,12694394;0,00000000;0,00000000
1,12704794;0,00000000;0,00000000
1,12715194;0,00000000;0,00000000
1,12725594;0,00000000;0,00000000
1,12735994;0,04336860;0,00000000
1,12746394;0,00000000;0,00000000
1,12756794;0,00000000;0,00000000
1,12767194;0,00000000;0,00000000
1,12777594;0,04336860;0,00000000
1,12787994;0,00000000;-0,01734744
1,12798394;0,04336860;-0,01734744
1,12808794;0,00000000;0,00000000
1,12819194;0,00000000;0,00000000
1,12829594;0,00000000;0,00000000
1,12839994;0,00000000;0,00000000
1,12850394;0,04336860;0,00000000
1,12860794;0,04336860;0,00000000
1,12871194;0,00000000;0,00000000
1,12881594;0,04336860;0,00000000
1,12891994;0,00000000;0,00000000
1,12902394;0,00000000;0,00000000
1,12912794;0,00000000;0,00000000
1,12923194;0,04336860;0,00000000
1,12933594;0,00000000;0,00000000
1,12943994;0,00000000;0,00000000
1,12954394;0,00000000;0,00000000
1,12964794;0,04336860;0,00000000
1,12975194;0,00000000;0,00000000
1,12985594;0,04336860;0,00000000
1,12995994;0,00000000;0,00000000
1,13006394;0,04336860;0,00000000
1,13016794;0,00000000;0,00000000
1,13027194;0,04336860;0,00000000
1,13037594;0,04336860;0,00000000
1,13047994;0,00000000;0,00000000
1,13058394;0,04336860;0,00000000
1,13068794;0,00000000;0,00000000
1,13079194;0,00000000;0,00000000
1,13089594;0,00000000;0,00000000
1,13099994;0,00000000;0,00000000
1,13110394;0,04336860;0,00000000
1,13120794;0,00000000;0,00000000
1,13131194;0,00000000;0,00000000
1,13141594;0,00000000;0,00000000
1,13151994;0,04336860;0,00000000
1,13162394;0,00000000;0,00000000
1,13172794;0,04336860;0,00000000
1,13183194;0,00000000;0,00000000
1,13193594;0,04336860;0,00000000
1,13203994;0,00000000;0,00000000
1,13214394;0,00000000;0,00000000
1,13224794;0,00000000;0,00000000
1,13235194;0,00000000;0,00000000
1,13245594;0,00000000;0,00000000
1,13255994;0,04336860;0,00000000
1,13266394;0,00000000;0,00000000
1,13276794;0,00000000;0,00000000
1,13287194;0,04336860;0,00000000
1,13297594;0,00000000;0,00000000
1,13307994;0,00000000;0,00000000
1,13318394;0,00000000;0,00000000
1,13328794;0,00000000;0,00000000
1,13339194;0,04336860;0,00000000
1,13349594;0,00000000;0,00000000
1,13359994;0,00000000;0,00000000
1,13370394;0,04336860;0,00000000
1,13380794;0,04336860;0,00000000
1,13391194;0,00000000;0,00000000
1,13401594;0,00000000;0,00000000
1,13411994;0,04336860;0,00000000
1,13422394;0,00000000;0,00000000
1,13432794;0,00000000;0,00000000
1,13443194;0,00000000;0,00000000
1,13453594;0,00000000;0,00000000
1,13463994;0,04336860;0,00000000
1,13474394;0,00000000;0,00000000
1,13484794;0,00000000;0,00000000
1,13495194;0,04336860;0,00000000
1,13505594;0,00000000;0,00000000
1,13515994;0,00000000;0,00000000
1,13526394;0,04336860;0,00000000
1,13536794;0,00000000;0,00000000
1,13547194;0,00000000;0,00000000
1,13557594;0,00000000;0,00000000
1,13567994;0,04336860;0,00000000
1,13578394;0,04336860;0,00000000
1,13588794;0,00000000;0,00000000
1,13599194;0,00000000;0,00000000
1,13609594;0,00000000;0,00000000
1,13619994;0,04336860;0,00000000
1,13630394;0,00000000;0,00000000
1,13640794;0,00000000;0,00000000
1,13651194;0,04336860;0,00000000
1,13661594;0,00000000;0,00000000
1,13671994;0,04336860;0,00000000
1,13682394;0,00000000;0,00000000
1,13692794;0,00000000;0,00000000
1,13703194;0,04336860;-0,01734744
1,13713594;0,04336860;0,00000000
1,13723994;0,00000000;0,00000000
1,13734394;0,04336860;0,00000000
1,13744794;0,00000000;-0,01734744
1,13755194;0,00000000;0,00000000
1,13765594;0,00000000;0,00000000
1,13775994;0,00000000;0,00000000
1,13786394;0,00000000;0,00000000
1,13796794;0,04336860;0,00000000
1,13807194;0,04336860;0,00000000
1,13817594;0,00000000;0,00000000
1,13827994;0,00000000;0,00000000
1,13838394;0,04336860;0,00000000
1,13848794;0,04336860;0,00000000
1,13859194;0,00000000;0,00000000
1,13869594;0,00000000;0,00000000
1,13879994;0,00000000;0,00000000
1,13890394;0,00000000;0,00000000
1,13900794;0,00000000;0,00000000
1,13911194;0,00000000;0,00000000
1,13921594;0,00000000;0,00000000
1,13931994;0,04336860;0,00000000
1,13942394;0,00000000;0,00000000
1,13952794;0,00000000;0,00000000
1,13963194;0,04336860;0,00000000
1,13973594;0,00000000;0,00000000
1,13983994;0,00000000;0,00000000
1,13994394;0,00000000;0,00000000
1,14004794;0,00000000;0,00000000
1,14015194;0,00000000;0,00000000
1,14025594;0,04336860;0,00000000
1,14035994;0,00000000;0,00000000
1,14046394;0,00000000;0,00000000
1,14056794;0,04336860;0,00000000
1,14067194;0,04336860;0,00000000
1,14077594;0,04336860;0,00000000
1,14087994;0,00000000;0,00000000
1,14098394;0,04336860;0,00000000
1,14108794;0,00000000;0,00000000
1,14119194;0,00000000;-0,01734744
1,14129594;0,04336860;0,00000000
1,14139994;0,00000000;0,00000000
1,14150394;0,00000000;-0,01734744
1,14160794;0,00000000;0,00000000
1,14171194;0,00000000;0,00000000
1,14181594;0,04336860;0,00000000
1,14191994;0,00000000;0,00000000
1,14202394;0,04336860;0,00000000
1,14212794;0,00000000;0,00000000
1,14223194;0,00000000;0,00000000
1,14233594;0,00000000;0,00000000
1,14243994;0,00000000;0,00000000
1,14254394;0,00000000;0,00000000
1,14264794;0,00000000;0,00000000
1,14275194;0,00000000;0,00000000
1,14285594;0,00000000;0,00000000
1,14295994;0,00000000;0,00000000
1,14306394;0,00000000;0,00000000
1,14316794;0,04336860;0,00000000
1,14327194;0,00000000;0,00000000
1,14337594;0,00000000;0,00000000
1,14347994;0,04336860;0,00000000
1,14358394;0,04336860;0,00000000
1,14368794;0,00000000;0,00000000
1,14379194;0,04336860;0,00000000
1,14389594;0,00000000;0,00000000
1,14399994;0,00000000;0,00000000
1,14410394;0,04336860;0,00000000
1,14420794;0,04336860;0,00000000
1,14431194;0,00000000;0,00000000
1,14441594;0,00000000;0,00000000
1,14451994;0,00000000;0,00000000
1,14462394;0,00000000;0,00000000
1,14472794;0,04336860;0,00000000
1,14483194;0,00000000;0,00000000
1,14493594;0,00000000;0,00000000
1,14503994;0,00000000;0,00000000
1,14514394;0,04336860;0,00000000
1,14524794;0,04336860;0,00000000
1,14535194;0,00000000;0,00000000
1,14545594;0,00000000;0,00000000
1,14555994;0,00000000;0,00000000
1,14566394;0,00000000;0,00000000
1,14576794;0,00000000;0,00000000
1,14587194;0,00000000;0,00000000
1,14597594;0,00000000;0,00000000
1,14607994;0,00000000;0,00000000
1,14618394;0,04336860;-0,01734744
1,14628794;0,00000000;0,00000000
1,14639194;0,00000000;0,00000000
1,14649594;0,00000000;0,00000000
1,14659994;0,04336860;0,00000000
1,14670394;0,04336860;0,00000000
1,14680794;0,00000000;0,00000000
1,14691194;0,00000000;0,00000000
1,14701594;0,00000000;0,00000000
1,14711994;0,00000000;0,00000000
1,14722394;0,00000000;0,00000000
1,14732794;0,00000000;0,00000000
1,14743194;0,04336860;0,00000000
1,14753594;0,04336860;0,00000000
1,14763994;0,00000000;0,00000000
1,14774394;0,00000000;0,00000000
1,14784794;0,00000000;0,00000000
1,14795194;0,00000000;0,00000000
1,14805594;0,00000000;0,00000000
1,14815994;0,00000000;0,00000000
1,14826394;0,00000000;0,00000000
1,14836794;0,00000000;0,00000000
1,14847194;0,00000000;0,00000000
1,14857594;0,00000000;0,00000000
1,14867994;0,00000000;0,00000000
1,14878394;0,00000000;0,00000000
1,14888794;0,04336860;0,00000000
1,14899194;0,00000000;0,00000000
1,14909594;0,00000000;0,00000000
1,14919994;0,04336860;0,00000000
1,14930394;0,00000000;0,00000000
1,14940794;0,00000000;0,00000000
1,14951194;0,00000000;0,00000000
1,14961594;0,00000000;0,00000000
1,14971994;0,04336860;0,00000000
1,14982394;0,00000000;0,00000000
1,14992794;0,00000000;0,00000000
1,15003194;0,04336860;0,00000000
1,15013594;0,00000000;-0,01734744
1,15023994;0,00000000;0,00000000
1,15034394;0,00000000;0,00000000
1,15044794;0,04336860;0,00000000
1,15055194;0,00000000;0,00000000
1,15065594;0,00000000;0,00000000
1,15075994;0,00000000;0,00000000
1,15086394;0,04336860;0,00000000
1,15096794;0,00000000;0,00000000
1,15107194;0,00000000;0,00000000
1,15117594;0,00000000;0,00000000
1,15127994;0,00000000;0,00000000
1,15138394;0,00000000;0,00000000
1,15148794;0,00000000;0,00000000
1,15159194;0,00000000;0,00000000
1,15169594;0,00000000;0,00000000
1,15179994;0,00000000;0,00000000
1,15190394;0,00000000;0,00000000
1,15200794;0,04336860;0,00000000
1,15211194;0,00000000;0,00000000
1,15221594;0,00000000;0,00000000
1,15231994;0,00000000;0,00000000
1,15242394;0,00000000;0,00000000
1,15252794;0,00000000;0,00000000
1,15263194;0,00000000;0,00000000
1,15273594;0,00000000;0,00000000
1,15283994;0,00000000;0,00000000
1,15294394;0,00000000;0,00000000
1,15304794;0,04336860;0,00000000
1,15315194;0,00000000;0,00000000
1,15325594;0,00000000;0,00000000
1,15335994;0,00000000;0,00000000
1,15346394;0,00000000;0,00000000
1,15356794;0,04336860;0,00000000
1,15367194;0,00000000;0,00000000
1,15377594;0,04336860;0,00000000
1,15387994;0,00000000;0,00000000
1,15398394;0,00000000;0,00000000
1,15408794;0,00000000;0,00000000
1,15419194;0,04336860;0,00000000
1,15429594;0,00000000;0,00000000
1,15439994;0,00000000;0,00000000
1,15450394;-0,04336860;0,00000000
1,15460794;0,00000000;0,00000000
1,15471194;0,04336860;0,00000000
1,15481594;0,00000000;0,00000000
1,15491994;0,04336860;0,00000000
1,15502394;0,00000000;0,00000000
1,15512794;0,00000000;0,00000000
1,15523194;0,00000000;0,00000000
1,15533594;0,04336860;0,00000000
1,15543994;0,00000000;0,00000000
1,15554394;0,00000000;0,00000000
1,15564794;0,00000000;0,00000000
1,15575194;0,00000000;0,00000000
1,15585594;0,04336860;0,00000000
1,15595994;0,00000000;0,00000000
1,15606394;0,00000000;0,00000000
1,15616794;0,04336860;0,00000000
1,15627194;0,00000000;0,00000000
1,15637594;0,00000000;0,00000000
1,15647994;0,04336860;0,00000000
1,15658394;0,00000000;0,00000000
1,15668794;0,00000000;0,00000000
1,15679194;0,04336860;0,00000000
1,15689594;0,00000000;0,00000000
1,15699994;0,00000000;0,00000000
1,15710394;0,00000000;0,00000000
1,15720794;0,00000000;0,00000000
1,15731194;0,00000000;0,00000000
1,15741594;0,00000000;0,00000000
1,15751994;0,00000000;0,00000000
1,15762394;0,00000000;0,00000000
1,15772794;0,00000000;0,00000000
1,15783194;0,00000000;0,00000000
1,15793594;0,04336860;0,00000000
1,15803994;0,04336860;0,00000000
1,15814394;0,00000000;0,00000000
1,15824794;0,00000000;0,00000000
1,15835194;0,00000000;0,00000000
1,15845594;0,00000000;0,00000000
1,15855994;0,04336860;0,00000000
1,15866394;0,04336860;0,00000000
1,15876794;0,00000000;0,00000000
1,15887194;0,04336860;0,00000000
1,15897594;0,00000000;0,00000000
1,15907994;0,00000000;0,00000000
1,15918394;0,04336860;0,00000000
1,15928794;0,00000000;0,00000000
1,15939194;0,04336860;0,00000000
1,15949594;0,04336860;0,00000000
1,15959994;0,04336860;0,00000000
1,15970394;0,04336860;0,00000000
1,15980794;0,00000000;0,00000000
1,15991194;0,00000000;0,00000000
1,16001594;0,00000000;0,00000000
1,16011994;0,00000000;0,00000000
1,16022394;0,00000000;0,00000000
1,16032794;0,04336860;0,00000000
1,16043194;0,04336860;0,00000000
1,16053594;0,00000000;0,00000000
1,16063994;0,00000000;0,00000000
1,16074394;0,00000000;0,00000000
1,16084794;0,04336860;0,00000000
1,16095194;0,00000000;0,00000000
1,16105594;0,00000000;0,00000000
1,16115994;0,04336860;0,00000000
1,16126394;0,00000000;0,00000000
1,16136794;0,00000000;0,00000000
1,16147194;0,00000000;0,00000000
1,16157594;0,04336860;0,00000000
1,16167994;0,00000000;0,00000000
1,16178394;0,00000000;0,00000000
1,16188794;0,00000000;0,00000000
1,16199194;0,04336860;0,00000000
1,16209594;0,00000000;0,00000000
1,16219994;0,00000000;-0,01734744
1,16230394;0,00000000;0,00000000
1,16240794;0,00000000;0,00000000
1,16251194;0,00000000;0,00000000
1,16261594;0,00000000;0,00000000
1,16271994;0,04336860;0,00000000
1,16282394;0,00000000;0,00000000
1,16292794;0,00000000;0,00000000
1,16303194;0,00000000;0,00000000
1,16313594;0,00000000;0,00000000
1,16323994;0,04336860;0,00000000
1,16334394;0,00000000;0,00000000
1,16344794;0,04336860;-0,01734744
1,16355194;0,00000000;0,00000000
1,16365594;0,04336860;0,00000000
1,16375994;0,00000000;0,00000000
1,16386394;0,00000000;0,00000000
1,16396794;0,00000000;0,00000000
1,16407194;0,04336860;0,00000000
1,16417594;0,00000000;0,00000000
1,16427994;0,04336860;0,00000000
1,16438394;0,00000000;0,00000000
1,16448794;0,00000000;0,00000000
1,16459194;0,00000000;0,00000000
1,16469594;0,04336860;0,00000000
1,16479994;0,04336860;0,00000000
1,16490394;0,04336860;0,00000000
1,16500794;0,00000000;0,00000000
1,16511194;0,00000000;0,00000000
1,16521594;0,00000000;0,00000000
1,16531994;0,00000000;0,00000000
1,16542394;0,00000000;0,00000000
1,16552794;0,00000000;0,00000000
1,16563194;0,00000000;0,00000000
1,16573594;0,00000000;0,00000000
1,16583994;0,00000000;0,00000000
1,16594394;0,00000000;0,00000000
1,16604794;0,00000000;0,00000000
1,16615194;0,00000000;0,00000000
1,16625594;0,04336860;0,00000000
1,16635994;0,00000000;0,00000000
1,16646394;0,00000000;0,00000000
1,16656794;0,00000000;0,00000000
1,16667194;0,00000000;0,00000000
1,16677594;0,00000000;0,00000000
1,16687994;0,00000000;0,00000000
1,16698394;0,00000000;0,00000000
1,16708794;0,00000000;0,00000000
1,16719194;0,04336860;0,00000000
1,16729594;0,00000000;0,00000000
1,16739994;0,00000000;-0,01734744
1,16750394;0,00000000;0,00000000
1,16760794;0,00000000;0,00000000
1,16771194;0,04336860;0,00000000
1,16781594;0,00000000;0,00000000
1,16791994;0,00000000;0,00000000
1,16802394;0,00000000;0,00000000
1,16812794;0,00000000;0,00000000
1,16823194;0,04336860;0,00000000
1,16833594;0,00000000;0,00000000
1,16843994;0,04336860;0,00000000
1,16854394;0,00000000;0,00000000
1,16864794;0,00000000;0,00000000
1,16875194;0,00000000;0,00000000
1,16885594;0,04336860;0,00000000
1,16895994;0,00000000;0,00000000
1,16906394;0,00000000;0,00000000
1,16916794;0,04336860;0,00000000
1,16927194;0,00000000;0,00000000
1,16937594;0,00000000;0,00000000
1,16947994;0,00000000;0,00000000
1,16958394;0,00000000;0,00000000
1,16968794;0,00000000;0,00000000
1,16979194;0,00000000;0,00000000
1,16989594;0,00000000;0,00000000
1,16999994;0,04336860;0,00000000
1,17010394;0,00000000;0,00000000
1,17020794;0,00000000;0,00000000
1,17031194;0,00000000;0,00000000
1,17041594;0,00000000;0,00000000
1,17051994;0,00000000;0,00000000
1,17062394;0,00000000;0,00000000
1,17072794;0,00000000;0,00000000
1,17083194;0,04336860;0,00000000
1,17093594;0,00000000;0,00000000
1,17103994;0,00000000;0,00000000
1,17114394;0,00000000;0,00000000
1,17124794;0,00000000;0,00000000
1,17135194;0,04336860;0,00000000
1,17145594;0,00000000;0,00000000
1,17155994;0,00000000;0,00000000
1,17166394;0,00000000;0,00000000
1,17176794;0,04336860;0,00000000
1,17187194;0,00000000;0,00000000
1,17197594;0,00000000;0,00000000
1,17207994;0,00000000;0,00000000
1,17218394;0,00000000;0,00000000
1,17228794;0,00000000;0,00000000
1,17239194;0,00000000;-0,01734744
1,17249594;0,00000000;0,00000000
1,17259994;0,04336860;0,00000000
1,17270394;0,00000000;0,00000000
1,17280794;0,00000000;0,00000000
1,17291194;0,00000000;0,00000000
1,17301594;0,00000000;0,00000000
1,17311994;0,00000000;0,00000000
1,17322394;0,00000000;0,00000000
1,17332794;0,00000000;0,00000000
1,17343194;0,00000000;0,00000000
1,17353594;0,00000000;0,00000000
1,17363994;0,00000000;0,00000000
1,17374394;0,00000000;0,00000000
1,17384794;0,00000000;0,00000000
1,17395194;0,00000000;0,00000000
1,17405594;0,00000000;0,00000000
1,17415994;0,00000000;0,00000000
1,17426394;0,00000000;0,00000000
1,17436794;0,00000000;0,00000000
1,17447194;0,00000000;0,00000000
1,17457594;0,04336860;0,00000000
1,17467994;0,00000000;0,00000000
1,17478394;0,00000000;0,00000000
1,17488794;0,04336860;0,00000000
1,17499194;0,00000000;0,00000000
1,17509594;0,00000000;0,00000000
1,17519994;0,00000000;0,00000000
1,17530394;0,00000000;0,00000000
1,17540794;0,00000000;0,00000000
1,17551194;0,04336860;0,00000000
1,17561594;0,00000000;0,00000000
1,17571994;0,04336860;0,00000000
1,17582394;0,04336860;0,00000000
1,17592794;0,00000000;0,00000000
1,17603194;0,04336860;0,00000000
1,17613594;0,04336860;0,00000000
1,17623994;0,00000000;0,00000000
1,17634394;0,00000000;0,00000000
1,17644794;0,00000000;0,00000000
1,17655194;0,00000000;0,00000000
1,17665594;0,00000000;-0,01734744
1,17675994;0,00000000;0,00000000
1,17686394;0,04336860;0,00000000
1,17696794;0,00000000;0,00000000
1,17707194;0,00000000;0,00000000
1,17717594;0,04336860;0,00000000
1,17727994;0,00000000;0,00000000
1,17738394;0,04336860;0,00000000
1,17748794;0,00000000;0,00000000
1,17759194;0,04336860;0,00000000
1,17769594;0,00000000;0,00000000
1,17779994;0,00000000;0,00000000
1,17790394;0,00000000;0,00000000
1,17800794;0,00000000;0,00000000
1,17811194;0,00000000;0,00000000
1,17821594;0,04336860;0,00000000
1,17831994;0,04336860;0,00000000
1,17842394;0,00000000;0,00000000
1,17852794;0,00000000;-0,01734744
1,17863194;0,00000000;0,00000000
1,17873594;0,00000000;0,00000000
1,17883994;0,00000000;0,00000000
1,17894394;0,00000000;0,00000000
1,17904794;0,00000000;0,00000000
1,17915194;0,04336860;0,00000000
1,17925594;0,00000000;0,00000000
1,17935994;0,00000000;0,00000000
1,17946394;0,00000000;0,00000000
1,17956794;0,00000000;0,00000000
1,17967194;0,00000000;0,00000000
1,17977594;0,00000000;0,00000000
1,17987994;0,00000000;0,00000000
1,17998394;0,00000000;0,00000000
1,18008794;0,04336860;0,00000000
1,18019194;0,00000000;0,00000000
1,18029594;0,04336860;0,00000000
1,18039994;0,04336860;0,00000000
1,18050394;0,04336860;0,00000000
1,18060794;0,00000000;0,00000000
1,18071194;0,00000000;0,00000000
1,18081594;0,04336860;0,00000000
1,18091994;0,00000000;0,00000000
1,18102394;0,04336860;0,00000000
1,18112794;0,00000000;0,00000000
1,18123194;0,00000000;0,00000000
1,18133594;0,00000000;0,00000000
1,18143994;0,04336860;0,00000000
1,18154394;0,00000000;0,00000000
1,18164794;0,04336860;0,00000000
1,18175194;0,04336860;0,00000000
1,18185594;0,00000000;0,00000000
1,18195994;0,00000000;0,00000000
1,18206394;0,00000000;0,00000000
1,18216794;0,00000000;0,00000000
1,18227194;0,04336860;0,00000000
1,18237594;0,00000000;0,00000000
1,18247994;0,00000000;0,00000000
1,18258394;0,04336860;0,00000000
1,18268794;0,04336860;0,00000000
1,18279194;0,00000000;0,00000000
1,18289594;0,04336860;0,00000000
1,18299994;0,04336860;0,00000000
1,18310394;0,00000000;0,00000000
1,18320794;0,00000000;0,00000000
1,18331194;0,00000000;0,00000000
1,18341594;0,04336860;0,00000000
1,18351994;0,04336860;0,00000000
1,18362394;0,00000000;0,00000000
1,18372794;0,00000000;0,00000000
1,18383194;0,00000000;0,00000000
1,18393594;0,04336860;0,00000000
1,18403994;0,00000000;0,00000000
1,18414394;0,00000000;0,00000000
1,18424794;0,00000000;0,00000000
1,18435194;0,00000000;0,00000000
1,18445594;0,00000000;0,00000000
1,18455994;0,00000000;0,00000000
1,18466394;0,00000000;0,00000000
1,18476794;0,00000000;0,00000000
1,18487194;0,00000000;0,00000000
1,18497594;0,04336860;0,00000000
1,18507994;0,00000000;0,00000000
1,18518394;-0,04336860;0,00000000
1,18528794;0,00000000;0,00000000
1,18539194;0,00000000;0,00000000
1,18549594;0,00000000;0,00000000
1,18559994;0,00000000;0,00000000
1,18570394;0,00000000;0,00000000
1,18580794;0,00000000;0,00000000
1,18591194;0,00000000;0,00000000
1,18601594;0,00000000;0,00000000
1,18611994;0,04336860;0,00000000
1,18622394;0,00000000;0,00000000
1,18632794;0,00000000;0,00000000
1,18643194;0,04336860;0,00000000
1,18653594;0,00000000;0,00000000
1,18663994;0,00000000;0,00000000
1,18674394;0,00000000;0,00000000
1,18684794;0,00000000;0,00000000
1,18695194;0,00000000;0,00000000
1,18705594;0,00000000;0,00000000
1,18715994;0,00000000;0,00000000
1,18726394;0,00000000;0,00000000
1,18736794;0,00000000;0,00000000
1,18747194;0,00000000;0,00000000
1,18757594;0,00000000;0,00000000
1,18767994;0,00000000;0,00000000
1,18778394;0,00000000;0,00000000
1,18788794;0,04336860;0,00000000
1,18799194;0,00000000;0,00000000
1,18809594;0,00000000;0,00000000
1,18819994;0,00000000;0,00000000
1,18830394;0,00000000;0,00000000
1,18840794;0,00000000;0,00000000
1,18851194;0,00000000;0,00000000
1,18861594;0,00000000;0,00000000
1,18871994;0,00000000;0,00000000
1,18882394;0,00000000;0,00000000
1,18892794;0,04336860;0,00000000
1,18903194;0,00000000;0,00000000
1,18913594;0,00000000;0,00000000
1,18923994;0,00000000;0,00000000
1,18934394;0,04336860;0,00000000
1,18944794;0,00000000;0,00000000
1,18955194;0,00000000;0,00000000
1,18965594;0,00000000;0,00000000
1,18975994;0,00000000;0,00000000
1,18986394;0,00000000;0,00000000
1,18996794;0,00000000;0,00000000
1,19007194;0,00000000;0,00000000
1,19017594;0,00000000;0,00000000
1,19027994;0,00000000;0,00000000
1,19038394;0,00000000;0,00000000
1,19048794;0,00000000;0,00000000
1,19059194;0,04336860;0,00000000
1,19069594;0,00000000;0,00000000
1,19079994;0,04336860;0,00000000
1,19090394;0,00000000;0,00000000
1,19100794;0,04336860;0,00000000
1,19111194;0,00000000;0,00000000
1,19121594;0,04336860;0,00000000
1,19131994;0,00000000;0,00000000
1,19142394;0,00000000;0,00000000
1,19152794;0,04336860;0,00000000
1,19163194;0,00000000;0,00000000
1,19173594;0,00000000;0,00000000
1,19183994;0,04336860;0,00000000
1,19194394;0,00000000;0,00000000
1,19204794;0,00000000;0,00000000
1,19215194;0,00000000;0,00000000
1,19225594;0,00000000;0,00000000
1,19235994;0,00000000;0,00000000
1,19246394;0,00000000;0,00000000
1,19256794;0,00000000;0,00000000
1,19267194;0,00000000;0,00000000
1,19277594;0,00000000;0,00000000
1,19287994;0,00000000;0,00000000
1,19298394;0,00000000;0,00000000
1,19308794;0,04336860;0,00000000
1,19319194;0,00000000;0,00000000
1,19329594;0,04336860;0,00000000
1,19339994;0,00000000;0,00000000
1,19350394;0,00000000;0,00000000
1,19360794;0,00000000;0,00000000
1,19371194;0,00000000;0,00000000
1,19381594;0,00000000;0,00000000
1,19391994;0,00000000;0,00000000
1,19402394;0,00000000;0,00000000
1,19412794;0,04336860;0,00000000
1,19423194;0,04336860;0,00000000
1,19433594;0,04336860;0,00000000
1,19443994;0,00000000;0,00000000
1,19454394;0,04336860;0,00000000
1,19464794;0,04336860;0,00000000
1,19475194;0,00000000;0,00000000
1,19485594;0,00000000;0,00000000
1,19495994;0,00000000;0,00000000
1,19506394;0,00000000;0,00000000
1,19516794;0,00000000;0,00000000
1,19527194;0,00000000;0,00000000
1,19537594;0,00000000;0,00000000
1,19547994;0,00000000;0,00000000
1,19558394;0,00000000;0,00000000
1,19568794;0,00000000;0,00000000
1,19579194;0,00000000;0,00000000
1,19589594;0,00000000;0,00000000
1,19599994;0,00000000;0,00000000
1,19610394;0,00000000;0,00000000
1,19620794;0,00000000;0,00000000
1,19631194;0,00000000;0,00000000
1,19641594;0,00000000;0,00000000
1,19651994;0,00000000;0,00000000
1,19662394;0,04336860;0,00000000
1,19672794;0,00000000;0,00000000
1,19683194;0,00000000;0,00000000
1,19693594;0,00000000;0,00000000
1,19703994;0,00000000;0,00000000
1,19714394;0,00000000;0,00000000
1,19724794;0,00000000;0,00000000
1,19735194;0,04336860;0,00000000
1,19745594;0,04336860;0,00000000
1,19755994;0,00000000;0,00000000
1,19766394;0,04336860;0,00000000
1,19776794;0,00000000;0,00000000
1,19787194;0,00000000;0,00000000
1,19797594;0,04336860;0,00000000
1,19807994;0,00000000;0,00000000
1,19818394;0,00000000;0,00000000
1,19828794;0,04336860;0,00000000
1,19839194;0,00000000;0,00000000
1,19849594;0,00000000;0,00000000
1,19859994;0,00000000;0,00000000
1,19870394;0,00000000;0,00000000
1,19880794;0,00000000;0,00000000
1,19891194;0,00000000;0,00000000
1,19901594;0,00000000;0,00000000
1,19911994;0,00000000;0,00000000
1,19922394;0,00000000;0,00000000
1,19932794;0,04336860;0,00000000
1,19943194;0,00000000;0,00000000
1,19953594;0,00000000;0,00000000
1,19963994;0,00000000;0,00000000
1,19974394;0,00000000;0,00000000
1,19984794;0,00000000;0,00000000
1,19995194;0,00000000;0,00000000
1,20005594;0,00000000;0,00000000
1,20015994;0,04336860;0,00000000
1,20026394;0,00000000;0,00000000
1,20036794;0,04336860;0,00000000
1,20047194;0,00000000;0,00000000
1,20057594;0,00000000;0,00000000
1,20067994;0,00000000;0,00000000
1,20078394;0,00000000;0,00000000
1,20088794;0,00000000;0,00000000
1,20099194;0,00000000;0,00000000
1,20109594;0,00000000;0,00000000
1,20119994;0,00000000;0,00000000
1,20130394;0,04336860;0,00000000
1,20140794;0,04336860;0,00000000
1,20151194;0,04336860;0,00000000
1,20161594;0,00000000;0,00000000
1,20171994;0,00000000;0,00000000
1,20182394;0,00000000;0,00000000
1,20192794;0,00000000;0,00000000
1,20203194;0,00000000;0,00000000
1,20213594;0,04336860;0,00000000
1,20223994;0,00000000;0,00000000
1,20234394;0,00000000;0,00000000
1,20244794;0,00000000;0,00000000
1,20255194;0,04336860;0,00000000
1,20265594;0,00000000;0,00000000
1,20275994;0,04336860;0,00000000
1,20286394;0,04336860;0,00000000
1,20296794;0,04336860;0,00000000
1,20307194;0,00000000;0,00000000
1,20317594;0,00000000;0,00000000
1,20327994;0,00000000;0,00000000
1,20338394;0,00000000;0,00000000
1,20348794;0,04336860;0,00000000
1,20359194;0,00000000;-0,01734744
1,20369594;0,00000000;0,00000000
1,20379994;0,00000000;0,00000000
1,20390394;0,04336860;0,00000000
1,20400794;0,00000000;0,00000000
1,20411194;0,00000000;0,00000000
1,20421594;0,00000000;0,00000000
1,20431994;0,00000000;0,00000000
1,20442394;0,00000000;0,00000000
1,20452794;0,00000000;0,00000000
1,20463194;0,00000000;0,00000000
1,20473594;0,04336860;0,00000000
1,20483994;0,00000000;-0,01734744
1,20494394;0,00000000;-0,01734744
1,20504794;0,00000000;0,00000000
1,20515194;0,00000000;0,00000000
1,20525594;0,00000000;0,00000000
1,20535994;0,00000000;0,00000000
1,20546394;0,00000000;0,00000000
1,20556794;0,00000000;0,00000000
1,20567194;0,00000000;0,00000000
1,20577594;0,04336860;0,00000000
1,20587994;0,00000000;0,00000000
1,20598393;0,00000000;0,00000000
1,20608793;0,00000000;0,00000000
1,20619193;0,00000000;0,00000000
1,20629593;0,04336860;0,00000000
1,20639993;0,00000000;0,00000000
1,20650393;0,00000000;0,00000000
1,20660793;0,00000000;0,00000000
1,20671193;0,00000000;-0,01734744
1,20681593;0,04336860;0,00000000
1,20691993;0,04336860;0,00000000
1,20702393;0,04336860;0,00000000
1,20712793;0,00000000;0,00000000
1,20723193;0,00000000;0,00000000
1,20733593;0,04336860;0,00000000
1,20743993;0,00000000;0,00000000
1,20754393;0,00000000;0,00000000
1,20764793;0,04336860;0,00000000
1,20775193;0,04336860;0,00000000
1,20785593;0,00000000;0,00000000
1,20795993;0,00000000;0,00000000
1,20806393;0,00000000;0,00000000
1,20816793;0,00000000;0,00000000
1,20827193;0,00000000;0,00000000
1,20837593;0,00000000;0,00000000
1,20847993;0,04336860;0,00000000
1,20858393;0,00000000;0,00000000
1,20868793;0,04336860;0,00000000
1,20879193;0,00000000;0,00000000
1,20889593;0,00000000;0,00000000
1,20899993;0,04336860;0,00000000
1,20910393;0,00000000;0,00000000
1,20920793;0,04336860;0,00000000
1,20931193;0,00000000;0,00000000
1,20941593;0,00000000;0,00000000
1,20951993;0,00000000;0,00000000
1,20962393;0,00000000;0,00000000
1,20972793;0,00000000;0,00000000
1,20983193;0,00000000;0,00000000
1,20993593;0,04336860;0,00000000
1,21003993;0,00000000;0,00000000
1,21014393;0,00000000;0,00000000
1,21024793;0,00000000;0,00000000
1,21035193;0,00000000;0,00000000
1,21045593;0,00000000;0,00000000
1,21055993;0,00000000;0,00000000
1,21066393;0,00000000;0,00000000
1,21076793;0,00000000;0,00000000
1,21087193;0,00000000;0,00000000
1,21097593;0,00000000;0,00000000
1,21107993;0,00000000;0,00000000
1,21118393;0,00000000;0,00000000
1,21128793;0,00000000;0,00000000
1,21139193;0,04336860;0,00000000
1,21149593;0,00000000;0,00000000
1,21159993;0,00000000;0,00000000
1,21170393;0,00000000;0,00000000
1,21180793;0,04336860;0,00000000
1,21191193;0,00000000;0,00000000
1,21201593;0,00000000;0,00000000
1,21211993;0,00000000;0,00000000
1,21222393;0,00000000;0,00000000
1,21232793;0,00000000;0,00000000
1,21243193;0,00000000;0,00000000
1,21253593;0,00000000;0,00000000
1,21263993;0,00000000;0,00000000
1,21274393;0,04336860;0,00000000
1,21284793;0,00000000;0,00000000
1,21295193;0,00000000;0,00000000
1,21305593;0,04336860;0,00000000
1,21315993;0,00000000;0,00000000
1,21326393;0,00000000;0,00000000
1,21336793;0,04336860;0,00000000
1,21347193;0,04336860;0,00000000
1,21357593;0,00000000;0,00000000
1,21367993;0,04336860;0,00000000
1,21378393;0,00000000;0,00000000
1,21388793;0,04336860;0,00000000
1,21399193;0,00000000;0,00000000
1,21409593;0,04336860;0,00000000
1,21419993;0,00000000;0,00000000
1,21430393;0,00000000;0,00000000
1,21440793;0,00000000;0,00000000
1,21451193;0,00000000;0,00000000
1,21461593;0,00000000;0,00000000
1,21471993;0,00000000;0,00000000
1,21482393;0,04336860;0,00000000
1,21492793;0,00000000;0,00000000
1,21503193;0,00000000;0,00000000
1,21513593;0,00000000;0,00000000
1,21523993;0,00000000;0,00000000
1,21534393;0,00000000;0,00000000
1,21544793;0,00000000;0,00000000
1,21555193;0,04336860;0,00000000
1,21565593;0,00000000;0,00000000
1,21575993;0,00000000;0,00000000
1,21586393;0,00000000;0,00000000
1,21596793;0,04336860;0,00000000
1,21607193;0,00000000;0,00000000
1,21617593;0,00000000;0,00000000
1,21627993;0,00000000;0,00000000
1,21638393;0,00000000;-0,01734744
1,21648793;0,00000000;-0,01734744
1,21659193;0,00000000;0,00000000
1,21669593;0,00000000;0,00000000
1,21679993;0,00000000;0,00000000
1,21690393;0,00000000;0,00000000
1,21700793;0,04336860;0,00000000
1,21711193;0,00000000;0,00000000
1,21721593;0,00000000;0,00000000
1,21731993;0,00000000;0,00000000
1,21742393;0,00000000;0,00000000
1,21752793;0,00000000;0,00000000
1,21763193;0,00000000;0,00000000
1,21773593;0,00000000;0,00000000
1,21783993;0,04336860;0,00000000
1,21794393;0,04336860;0,00000000
1,21804793;0,00000000;0,00000000
1,21815193;0,04336860;0,00000000
1,21825593;0,00000000;0,00000000
1,21835993;0,00000000;0,00000000
1,21846393;0,00000000;0,00000000
1,21856793;0,04336860;0,00000000
1,21867193;0,00000000;0,00000000
1,21877593;0,00000000;0,00000000
1,21887993;0,00000000;0,00000000
1,21898393;0,04336860;0,00000000
1,21908793;0,00000000;0,00000000
1,21919193;0,00000000;0,00000000
1,21929593;0,00000000;0,00000000
1,21939993;0,00000000;0,00000000
1,21950393;0,00000000;0,00000000
1,21960793;0,04336860;0,00000000
1,21971193;0,00000000;0,00000000
1,21981593;0,04336860;0,00000000
1,21991993;0,00000000;0,00000000
1,22002393;0,04336860;0,00000000
1,22012793;0,00000000;0,00000000
1,22023193;0,00000000;0,00000000
1,22033593;0,00000000;0,00000000
1,22043993;0,00000000;0,00000000
1,22054393;0,00000000;0,00000000
1,22064793;0,00000000;0,00000000
1,22075193;0,00000000;0,00000000
1,22085593;0,00000000;0,00000000
1,22095993;0,00000000;0,00000000
1,22106393;0,04336860;0,00000000
1,22116793;0,04336860;0,00000000
1,22127193;0,00000000;0,00000000
1,22137593;0,00000000;0,00000000
1,22147993;0,00000000;0,00000000
1,22158393;0,00000000;0,00000000
1,22168793;0,00000000;0,00000000
1,22179193;0,00000000;0,00000000
1,22189593;0,00000000;0,00000000
1,22199993;0,00000000;0,00000000
1,22210393;0,00000000;0,00000000
1,22220793;0,00000000;0,00000000
1,22231193;0,00000000;0,00000000
1,22241593;0,00000000;0,00000000
1,22251993;0,00000000;0,00000000
1,22262393;0,00000000;0,00000000
1,22272793;0,04336860;0,00000000
1,22283193;0,00000000;0,00000000
1,22293593;0,00000000;0,00000000
1,22303993;0,00000000;0,00000000
1,22314393;0,00000000;0,00000000
1,22324793;0,00000000;0,00000000
1,22335193;0,00000000;0,00000000
1,22345593;0,00000000;0,00000000
1,22355993;0,00000000;0,00000000
1,22366393;0,00000000;0,00000000
1,22376793;0,00000000;0,00000000
1,22387193;0,00000000;0,00000000
1,22397593;0,00000000;0,00000000
1,22407993;0,04336860;0,00000000
1,22418393;0,00000000;0,00000000
1,22428793;0,00000000;0,00000000
1,22439193;0,00000000;0,00000000
1,22449593;0,00000000;0,00000000
1,22459993;0,00000000;0,00000000
1,22470393;0,00000000;0,00000000
1,22480793;0,00000000;0,00000000
1,22491193;0,00000000;0,00000000
1,22501593;0,00000000;0,00000000
1,22511993;0,00000000;0,00000000
1,22522393;0,00000000;0,00000000
1,22532793;0,00000000;0,00000000
1,22543193;0,00000000;0,00000000
1,22553593;0,00000000;0,00000000
1,22563993;0,00000000;0,00000000
1,22574393;0,00000000;0,00000000
1,22584793;0,00000000;0,00000000
1,22595193;0,00000000;0,00000000
1,22605593;0,00000000;0,00000000
1,22615993;0,00000000;0,00000000
1,22626393;0,00000000;0,00000000
1,22636793;0,00000000;0,00000000
1,22647193;0,00000000;0,00000000
1,22657593;0,00000000;0,00000000
1,22667993;0,00000000;0,00000000
1,22678393;0,00000000;0,00000000
1,22688793;0,00000000;-0,01734744
1,22699193;0,00000000;0,00000000
1,22709593;0,00000000;0,00000000
1,22719993;0,04336860;0,00000000
1,22730393;0,00000000;0,00000000
1,22740793;0,00000000;0,00000000
1,22751193;0,00000000;0,00000000
1,22761593;0,00000000;0,00000000
1,22771993;0,00000000;0,00000000
1,22782393;0,00000000;0,00000000
1,22792793;0,00000000;0,00000000
1,22803193;0,04336860;0,00000000
1,22813593;0,00000000;0,00000000
1,22823993;0,00000000;0,00000000
1,22834393;0,00000000;0,00000000
1,22844793;0,00000000;0,00000000
1,22855193;0,00000000;0,00000000
1,22865593;0,00000000;0,00000000
1,22875993;0,04336860;0,00000000
1,22886393;0,00000000;0,00000000
1,22896793;0,00000000;0,00000000
1,22907193;0,00000000;0,00000000
1,22917593;0,00000000;0,00000000
1,22927993;0,00000000;0,00000000
1,22938393;0,00000000;0,00000000
1,22948793;0,00000000;0,00000000
1,22959193;0,04336860;0,00000000
1,22969593;0,00000000;0,00000000
1,22979993;0,00000000;0,00000000
1,22990393;0,00000000;0,00000000
1,23000793;0,00000000;0,00000000
1,23011193;0,00000000;0,00000000
1,23021593;0,00000000;0,00000000
1,23031993;0,00000000;0,00000000
1,23042393;0,00000000;0,00000000
1,23052793;0,00000000;0,00000000
1,23063193;0,00000000;0,00000000
1,23073593;0,00000000;0,00000000
1,23083993;0,00000000;0,00000000
1,23094393;0,04336860;0,00000000
1,23104793;0,04336860;0,00000000
1,23115193;0,00000000;0,00000000
1,23125593;0,00000000;0,00000000
1,23135993;0,00000000;0,00000000
1,23146393;0,04336860;0,00000000
1,23156793;0,00000000;0,00000000
1,23167193;0,00000000;0,00000000
1,23177593;0,00000000;0,00000000
1,23187993;0,00000000;0,00000000
1,23198393;0,00000000;0,00000000
1,23208793;0,00000000;0,00000000
1,23219193;0,04336860;0,00000000
1,23229593;0,00000000;0,00000000
1,23239993;0,00000000;0,00000000
1,23250393;0,00000000;0,00000000
1,23260793;0,00000000;0,00000000
1,23271193;0,04336860;0,00000000
1,23281593;0,00000000;0,00000000
1,23291993;0,00000000;0,00000000
1,23302393;0,04336860;0,00000000
1,23312793;0,00000000;0,00000000
1,23323193;0,00000000;0,00000000
1,23333593;0,00000000;0,00000000
1,23343993;0,04336860;0,00000000
1,23354393;0,00000000;0,00000000
1,23364793;0,00000000;0,00000000
1,23375193;0,04336860;0,00000000
1,23385593;0,00000000;0,00000000
1,23395993;0,04336860;0,00000000
1,23406393;0,00000000;0,00000000
1,23416793;0,00000000;0,00000000
1,23427193;0,00000000;0,00000000
1,23437593;0,00000000;0,00000000
1,23447993;0,00000000;0,00000000
1,23458393;0,00000000;0,00000000
1,23468793;0,00000000;0,00000000
1,23479193;0,00000000;0,00000000
1,23489593;0,04336860;0,00000000
1,23499993;0,00000000;0,00000000
1,23510393;0,04336860;0,00000000
1,23520793;0,04336860;0,00000000
1,23531193;0,00000000;0,00000000
1,23541593;0,00000000;0,00000000
1,23551993;0,04336860;0,00000000
1,23562393;0,00000000;0,00000000
1,23572793;0,04336860;0,00000000
1,23583193;0,00000000;0,00000000
1,23593593;0,00000000;0,00000000
1,23603993;0,00000000;0,00000000
1,23614393;0,00000000;0,00000000
1,23624793;0,00000000;0,00000000
1,23635193;0,00000000;0,00000000
1,23645593;0,00000000;0,00000000
1,23655993;0,04336860;0,00000000
1,23666393;0,00000000;0,00000000
1,23676793;0,00000000;0,00000000
1,23687193;0,00000000;0,00000000
1,23697593;0,00000000;0,00000000
1,23707993;0,00000000;0,00000000
1,23718393;0,04336860;0,00000000
1,23728793;0,04336860;0,00000000
1,23739193;0,00000000;0,00000000
1,23749593;0,00000000;0,00000000
1,23759993;0,00000000;0,00000000
1,23770393;0,00000000;0,00000000
1,23780793;0,00000000;0,00000000
1,23791193;0,00000000;0,00000000
1,23801593;0,00000000;0,00000000
1,23811993;0,04336860;0,00000000
1,23822393;0,04336860;0,00000000
1,23832793;0,00000000;0,00000000
1,23843193;0,00000000;0,00000000
1,23853593;0,00000000;-0,01734744
1,23863993;0,00000000;0,00000000
1,23874393;0,00000000;0,00000000
1,23884793;0,04336860;0,00000000
1,23895193;0,04336860;-0,01734744
1,23905593;0,04336860;0,00000000
1,23915993;0,04336860;0,00000000
1,23926393;0,00000000;0,00000000
1,23936793;0,00000000;0,00000000
1,23947193;0,04336860;0,00000000
1,23957593;0,00000000;0,00000000
1,23967993;0,00000000;0,00000000
1,23978393;0,00000000;0,00000000
1,23988793;0,00000000;0,00000000
1,23999193;0,00000000;0,00000000
1,24009593;0,04336860;0,00000000
1,24019993;0,00000000;0,00000000
1,24030393;0,00000000;0,00000000
1,24040793;0,00000000;0,00000000
1,24051193;0,04336860;0,00000000
1,24061593;0,04336860;0,00000000
1,24071993;0,00000000;0,00000000
1,24082393;0,00000000;0,00000000
1,24092793;0,00000000;0,00000000
1,24103193;0,00000000;0,00000000
1,24113593;0,04336860;0,00000000
1,24123993;0,00000000;0,00000000
1,24134393;0,00000000;0,00000000
1,24144793;0,00000000;0,00000000
1,24155193;0,00000000;0,00000000
1,24165593;0,00000000;0,00000000
1,24175993;0,04336860;0,00000000
1,24186393;0,00000000;-0,01734744
1,24196793;0,00000000;0,00000000
1,24207193;0,00000000;0,00000000
1,24217593;0,00000000;0,00000000
1,24227993;0,00000000;0,00000000
1,24238393;0,00000000;0,00000000
1,24248793;0,04336860;-0,01734744
1,24259193;0,04336860;0,00000000
1,24269593;0,00000000;-0,01734744
1,24279993;0,00000000;0,00000000
1,24290393;0,00000000;0,00000000
1,24300793;0,00000000;0,00000000
1,24311193;0,00000000;0,00000000
1,24321593;0,00000000;0,00000000
1,24331993;0,00000000;0,00000000
1,24342393;0,04336860;0,00000000
1,24352793;0,04336860;0,00000000
1,24363193;0,00000000;0,00000000
1,24373593;0,04336860;0,00000000
1,24383993;0,00000000;0,00000000
1,24394393;0,00000000;0,00000000
1,24404793;0,00000000;0,00000000
1,24415193;0,00000000;0,00000000
1,24425593;0,00000000;0,00000000
1,24435993;0,00000000;0,00000000
1,24446393;0,04336860;0,00000000
1,24456793;0,04336860;0,00000000
1,24467193;0,00000000;0,00000000
1,24477593;0,04336860;0,00000000
1,24487993;0,00000000;-0,01734744
1,24498393;0,00000000;0,00000000
1,24508793;0,00000000;0,00000000
1,24519193;0,00000000;0,00000000
1,24529593;0,04336860;0,00000000
1,24539993;0,04336860;0,00000000
1,24550393;0,00000000;0,00000000
1,24560793;0,00000000;0,00000000
1,24571193;0,00000000;0,00000000
1,24581593;0,00000000;0,00000000
1,24591993;0,00000000;0,00000000
1,24602393;0,00000000;0,00000000
1,24612793;0,04336860;0,00000000
1,24623193;0,00000000;0,00000000
1,24633593;0,00000000;0,00000000
1,24643993;0,04336860;0,00000000
1,24654393;0,00000000;-0,01734744
1,24664793;0,00000000;0,00000000
1,24675193;0,04336860;0,00000000
1,24685593;0,00000000;0,00000000
1,24695993;0,00000000;0,00000000
1,24706393;0,00000000;0,00000000
1,24716793;0,00000000;0,00000000
1,24727193;0,04336860;0,00000000
1,24737593;0,00000000;0,00000000
1,24747993;0,00000000;0,00000000
1,24758393;0,00000000;0,00000000
1,24768793;0,00000000;0,00000000
1,24779193;0,00000000;0,00000000
1,24789593;0,00000000;0,00000000
1,24799993;0,00000000;0,00000000
1,24810393;0,00000000;0,00000000
1,24820793;0,00000000;0,00000000
1,24831193;0,00000000;0,00000000
1,24841593;0,00000000;0,00000000
1,24851993;0,00000000;0,00000000
1,24862393;0,04336860;0,00000000
1,24872793;0,00000000;0,00000000
1,24883193;0,04336860;-0,01734744
1,24893593;0,00000000;0,00000000
1,24903993;0,00000000;0,00000000
1,24914393;0,00000000;0,00000000
1,24924793;0,04336860;0,00000000
1,24935193;0,00000000;0,00000000
1,24945593;0,00000000;0,00000000
1,24955993;0,00000000;0,00000000
1,24966393;0,00000000;0,00000000
1,24976793;0,00000000;0,00000000
1,24987193;0,00000000;0,00000000
1,24997593;0,00000000;0,00000000
1,25007993;0,04336860;0,00000000
1,25018393;0,04336860;0,00000000
1,25028793;0,00000000;0,00000000
1,25039193;0,04336860;0,00000000
1,25049593;0,00000000;0,00000000
1,25059993;0,00000000;0,00000000
1,25070393;0,00000000;0,00000000
1,25080793;0,04336860;0,00000000
1,25091193;0,04336860;0,00000000
1,25101593;0,00000000;-0,01734744
1,25111993;0,00000000;0,00000000
1,25122393;0,00000000;0,00000000
1,25132793;0,00000000;-0,01734744
1,25143193;0,00000000;0,00000000
1,25153593;0,00000000;0,00000000
1,25163993;0,00000000;0,00000000
1,25174393;0,00000000;0,00000000
1,25184793;0,00000000;0,00000000
1,25195193;0,04336860;0,00000000
1,25205593;0,00000000;0,00000000
1,25215993;0,00000000;0,00000000
1,25226393;0,00000000;0,00000000
1,25236793;0,00000000;0,00000000
1,25247193;0,00000000;0,00000000
1,25257593;0,00000000;0,00000000
1,25267993;0,00000000;0,00000000
1,25278393;0,00000000;0,00000000
1,25288793;0,04336860;0,00000000
1,25299193;0,04336860;0,00000000
1,25309593;0,00000000;0,00000000
1,25319993;0,00000000;0,00000000
1,25330393;0,00000000;0,00000000
1,25340793;0,00000000;0,00000000
1,25351193;0,04336860;0,00000000
1,25361593;0,04336860;0,00000000
1,25371993;0,04336860;0,00000000
1,25382393;0,00000000;0,00000000
1,25392793;0,00000000;0,00000000
1,25403193;0,00000000;0,00000000
1,25413593;0,04336860;0,00000000
1,25423993;0,04336860;0,00000000
1,25434393;0,00000000;0,00000000
1,25444793;0,00000000;0,00000000
1,25455193;0,04336860;0,00000000
1,25465593;0,00000000;0,00000000
1,25475993;0,00000000;0,00000000
1,25486393;0,00000000;0,00000000
1,25496793;0,00000000;0,00000000
1,25507193;0,00000000;0,00000000
1,25517593;0,04336860;0,00000000
1,25527993;0,00000000;0,00000000
1,25538393;0,00000000;0,00000000
1,25548793;0,00000000;0,00000000
1,25559193;0,00000000;0,00000000
1,25569593;0,00000000;0,00000000
1,25579993;0,00000000;0,00000000
1,25590393;0,00000000;0,00000000
1,25600793;0,00000000;0,00000000
1,25611193;0,00000000;0,00000000
1,25621593;0,00000000;0,00000000
1,25631993;0,00000000;0,00000000
1,25642393;0,00000000;0,00000000
1,25652793;0,00000000;0,00000000
1,25663193;0,04336860;0,00000000
1,25673593;0,04336860;0,00000000
1,25683993;0,00000000;-0,01734744
1,25694393;0,00000000;0,00000000
1,25704793;0,00000000;0,00000000
1,25715193;0,04336860;0,00000000
1,25725593;0,00000000;0,00000000
1,25735993;0,04336860;0,00000000
1,25746393;0,04336860;0,00000000
1,25756793;0,04336860;0,00000000
1,25767193;0,04336860;0,00000000
1,25777593;0,00000000;0,00000000
1,25787993;0,00000000;0,00000000
1,25798393;0,04336860;0,00000000
1,25808793;0,00000000;0,00000000
1,25819193;0,04336860;0,00000000
1,25829593;0,00000000;0,00000000
1,25839993;0,00000000;0,00000000
1,25850393;0,00000000;0,00000000
1,25860793;0,04336860;0,00000000
1,25871193;0,00000000;0,00000000
1,25881593;0,00000000;0,00000000
1,25891993;0,00000000;0,00000000
1,25902393;0,00000000;0,00000000
1,25912793;0,00000000;0,00000000
1,25923193;0,04336860;0,00000000
1,25933593;0,00000000;0,00000000
1,25943993;0,00000000;0,00000000
1,25954393;0,00000000;0,00000000
1,25964793;0,04336860;0,00000000
1,25975193;0,00000000;0,00000000
1,25985593;0,00000000;0,00000000
1,25995993;0,00000000;0,00000000
1,26006393;0,00000000;0,00000000
1,26016793;0,00000000;0,00000000
1,26027193;0,04336860;0,00000000
1,26037593;0,00000000;0,00000000
1,26047993;0,00000000;0,00000000
1,26058393;0,00000000;0,00000000
1,26068793;0,04336860;0,00000000
1,26079193;0,00000000;0,00000000
1,26089593;0,00000000;0,00000000
1,26099993;0,00000000;0,00000000
1,26110393;0,00000000;0,00000000
1,26120793;0,00000000;0,00000000
1,26131193;0,04336860;0,00000000
1,26141593;0,00000000;-0,01734744
1,26151993;0,00000000;0,00000000
1,26162393;0,00000000;0,00000000
1,26172793;0,00000000;0,00000000
1,26183193;0,00000000;0,00000000
1,26193593;0,00000000;0,00000000
1,26203993;0,00000000;0,00000000
1,26214393;0,00000000;0,00000000
1,26224793;0,00000000;0,00000000
1,26235193;0,00000000;0,00000000
1,26245593;0,00000000;0,00000000
1,26255993;0,00000000;0,00000000
1,26266393;0,04336860;0,00000000
1,26276793;0,04336860;0,00000000
1,26287193;0,00000000;0,00000000
1,26297593;0,04336860;0,00000000
1,26307993;0,00000000;0,00000000
1,26318393;0,04336860;0,00000000
1,26328793;0,00000000;0,00000000
1,26339193;0,00000000;0,00000000
1,26349593;0,00000000;0,00000000
1,26359993;0,00000000;0,00000000
1,26370393;0,04336860;0,00000000
1,26380793;0,00000000;0,00000000
1,26391193;0,00000000;0,00000000
1,26401593;0,00000000;0,00000000
1,26411993;0,00000000;0,00000000
1,26422393;0,00000000;0,00000000
1,26432793;0,00000000;0,00000000
1,26443193;0,04336860;0,00000000
1,26453593;0,04336860;0,00000000
1,26463993;0,00000000;0,00000000
1,26474393;0,00000000;0,00000000
1,26484793;0,00000000;0,00000000
1,26495193;0,00000000;0,00000000
1,26505593;0,00000000;0,00000000
1,26515993;0,00000000;0,00000000
1,26526393;0,04336860;0,00000000
1,26536793;0,00000000;0,00000000
1,26547193;0,00000000;-0,01734744
1,26557593;0,00000000;0,00000000
1,26567993;0,00000000;0,00000000
1,26578393;0,00000000;-0,01734744
1,26588793;0,00000000;0,00000000
1,26599193;0,04336860;0,00000000
1,26609593;0,00000000;0,00000000
1,26619993;0,00000000;-0,01734744
1,26630393;0,00000000;0,00000000
1,26640793;0,00000000;0,00000000
1,26651193;0,00000000;0,00000000
1,26661593;0,00000000;0,00000000
1,26671993;0,00000000;0,00000000
1,26682393;0,00000000;0,00000000
1,26692793;0,00000000;0,00000000
1,26703193;0,04336860;0,00000000
1,26713593;0,00000000;0,00000000
1,26723993;0,04336860;0,00000000
1,26734393;0,04336860;0,00000000
1,26744793;0,00000000;0,00000000
1,26755193;0,00000000;0,00000000
1,26765593;0,00000000;0,00000000
1,26775993;0,00000000;0,00000000
1,26786393;0,00000000;0,00000000
1,26796793;0,00000000;0,00000000
1,26807193;0,00000000;0,00000000
1,26817593;0,00000000;0,00000000
1,26827993;0,00000000;0,00000000
1,26838393;0,00000000;0,00000000
1,26848793;0,04336860;0,00000000
1,26859193;0,00000000;0,00000000
1,26869593;0,00000000;0,00000000
1,26879993;0,00000000;0,00000000
1,26890393;0,04336860;0,00000000
1,26900793;0,00000000;0,00000000
1,26911193;0,00000000;0,00000000
1,26921593;0,00000000;0,00000000
1,26931993;0,04336860;0,00000000
1,26942393;0,00000000;0,00000000
1,26952793;0,00000000;0,00000000
1,26963193;0,04336860;0,00000000
1,26973593;0,04336860;0,00000000
1,26983993;0,00000000;0,00000000
1,26994393;0,00000000;0,00000000
1,27004793;0,00000000;0,00000000
1,27015193;0,00000000;0,00000000
1,27025593;0,00000000;0,00000000
1,27035993;0,00000000;0,00000000
1,27046393;0,04336860;0,00000000
1,27056793;0,04336860;0,00000000
1,27067193;0,04336860;0,00000000
1,27077593;0,04336860;0,00000000
1,27087993;0,00000000;0,00000000
1,27098393;0,00000000;0,00000000
1,27108793;0,04336860;0,00000000
1,27119193;0,04336860;0,00000000
1,27129593;0,00000000;0,00000000
1,27139993;0,00000000;0,00000000
1,27150393;0,04336860;0,00000000
1,27160793;0,00000000;0,00000000
1,27171193;0,04336860;0,00000000
1,27181593;0,00000000;0,00000000
1,27191993;0,00000000;0,00000000
1,27202393;0,00000000;0,00000000
1,27212793;0,00000000;0,00000000
1,27223193;0,00000000;0,00000000
1,27233593;0,00000000;0,00000000
1,27243993;0,00000000;0,00000000
1,27254393;0,04336860;0,00000000
1,27264793;0,04336860;0,00000000
1,27275193;0,04336860;0,00000000
1,27285593;0,04336860;0,00000000
1,27295993;0,00000000;0,00000000
1,27306393;0,00000000;0,00000000
1,27316793;0,00000000;0,00000000
1,27327193;0,00000000;0,00000000
1,27337593;0,00000000;0,00000000
1,27347993;0,00000000;0,00000000
1,27358393;0,04336860;0,00000000
1,27368793;0,00000000;0,00000000
1,27379193;0,00000000;0,00000000
1,27389593;0,00000000;0,00000000
1,27399993;0,00000000;0,00000000
1,27410393;0,00000000;-0,01734744
1,27420793;0,04336860;0,00000000
1,27431193;0,00000000;0,00000000
1,27441593;0,04336860;0,00000000
1,27451993;0,00000000;0,00000000
1,27462393;0,00000000;0,00000000
1,27472793;0,00000000;0,00000000
1,27483193;0,00000000;0,00000000
1,27493593;0,04336860;0,00000000
1,27503993;0,00000000;0,00000000
1,27514393;0,00000000;0,00000000
1,27524793;0,00000000;0,00000000
1,27535193;0,00000000;0,00000000
1,27545593;0,00000000;0,00000000
1,27555993;0,00000000;0,00000000
1,27566393;0,00000000;0,00000000
1,27576793;0,00000000;0,00000000
1,27587193;0,00000000;0,00000000
1,27597593;0,00000000;0,00000000
1,27607993;0,00000000;0,00000000
1,27618393;0,00000000;0,00000000
1,27628793;0,00000000;0,00000000
1,27639193;0,00000000;0,00000000
1,27649593;0,04336860;0,00000000
1,27659993;0,00000000;0,00000000
1,27670393;0,00000000;0,00000000
1,27680793;0,00000000;0,00000000
1,27691193;0,00000000;0,00000000
1,27701593;0,00000000;0,00000000
1,27711993;0,00000000;-0,01734744
1,27722393;0,00000000;0,00000000
1,27732793;0,00000000;0,00000000
1,27743193;0,00000000;0,00000000
1,27753593;0,00000000;0,00000000
1,27763993;0,04336860;0,00000000
1,27774393;0,04336860;0,00000000
1,27784793;0,00000000;0,00000000
1,27795193;0,00000000;0,00000000
1,27805593;0,00000000;0,00000000
1,27815993;0,00000000;0,00000000
1,27826393;0,00000000;0,00000000
1,27836793;0,00000000;0,00000000
1,27847193;0,04336860;0,00000000
1,27857593;0,00000000;0,00000000
1,27867993;0,00000000;0,00000000
1,27878393;0,00000000;0,00000000
1,27888793;0,00000000;0,00000000
1,27899193;0,00000000;0,00000000
1,27909593;0,04336860;0,00000000
1,27919993;0,00000000;0,00000000
1,27930393;0,00000000;0,00000000
1,27940793;0,00000000;0,00000000
1,27951193;0,04336860;0,00000000
1,27961593;0,00000000;0,00000000
1,27971993;0,00000000;0,00000000
1,27982393;0,00000000;0,00000000
1,27992793;0,00000000;0,00000000
1,28003193;0,00000000;0,00000000
1,28013593;0,00000000;0,00000000
1,28023993;0,00000000;0,00000000
1,28034393;0,00000000;0,00000000
1,28044793;0,00000000;0,00000000
1,28055193;0,04336860;0,00000000
1,28065593;0,00000000;0,00000000
1,28075993;0,00000000;0,00000000
1,28086393;0,04336860;0,00000000
1,28096793;0,00000000;0,00000000
1,28107193;0,00000000;0,00000000
1,28117593;0,04336860;0,00000000
1,28127993;0,00000000;0,00000000
1,28138393;0,00000000;0,00000000
1,28148793;0,00000000;0,00000000
1,28159193;0,00000000;0,00000000
1,28169593;0,00000000;0,00000000
1,28179993;0,00000000;0,00000000
1,28190393;0,00000000;0,00000000
1,28200793;0,00000000;0,00000000
1,28211193;0,00000000;0,00000000
1,28221593;0,00000000;0,00000000
1,28231993;0,00000000;0,00000000
1,28242393;0,00000000;0,00000000
1,28252793;0,00000000;0,00000000
1,28263193;0,00000000;0,00000000
1,28273593;0,00000000;0,00000000
1,28283993;0,00000000;0,00000000
1,28294393;0,00000000;0,00000000
1,28304793;0,00000000;0,00000000
1,28315193;0,00000000;0,00000000
1,28325593;0,04336860;0,00000000
1,28335993;0,00000000;0,00000000
1,28346393;0,04336860;0,00000000
1,28356793;0,00000000;0,00000000
1,28367193;0,00000000;0,00000000
1,28377593;0,04336860;0,00000000
1,28387993;0,00000000;0,00000000
1,28398393;0,04336860;0,00000000
1,28408793;0,00000000;0,00000000
1,28419193;0,00000000;0,00000000
1,28429593;0,00000000;0,00000000
1,28439993;0,00000000;0,00000000
1,28450393;0,04336860;0,00000000
1,28460793;0,00000000;0,00000000
1,28471193;0,00000000;0,00000000
1,28481593;0,04336860;0,00000000
1,28491993;0,00000000;0,00000000
1,28502393;0,00000000;0,00000000
1,28512793;0,04336860;0,00000000
1,28523193;0,00000000;0,00000000
1,28533593;0,00000000;0,00000000
1,28543993;0,04336860;0,00000000
1,28554393;0,00000000;0,00000000
1,28564793;0,00000000;0,00000000
1,28575193;0,00000000;0,00000000
1,28585593;0,00000000;0,00000000
1,28595993;0,00000000;0,00000000
1,28606393;0,00000000;0,00000000
1,28616793;0,04336860;0,00000000
1,28627193;0,00000000;0,00000000
1,28637593;0,00000000;0,00000000
1,28647993;0,00000000;0,00000000
1,28658393;0,04336860;0,00000000
1,28668793;0,00000000;0,00000000
1,28679193;0,00000000;0,00000000
1,28689593;0,00000000;0,00000000
1,28699993;0,00000000;0,00000000
1,28710393;0,00000000;0,00000000
1,28720793;0,00000000;0,00000000
1,28731193;0,00000000;0,00000000
1,28741593;0,00000000;0,00000000
1,28751993;0,00000000;0,00000000
1,28762393;0,00000000;0,00000000
1,28772793;0,00000000;0,00000000
1,28783193;0,00000000;0,00000000
1,28793593;0,00000000;0,00000000
1,28803993;0,00000000;0,00000000
1,28814393;0,00000000;0,00000000
1,28824793;0,00000000;0,00000000
1,28835193;0,00000000;0,00000000
1,28845593;0,00000000;0,00000000
1,28855993;0,00000000;0,00000000
1,28866393;0,00000000;0,00000000
1,28876793;0,00000000;0,00000000
1,28887193;0,00000000;0,00000000
1,28897593;0,00000000;0,00000000
1,28907993;0,04336860;0,00000000
1,28918393;0,00000000;0,00000000
1,28928793;0,00000000;0,00000000
1,28939193;0,00000000;0,00000000
1,28949593;0,00000000;0,00000000
1,28959993;0,00000000;0,00000000
1,28970393;0,00000000;0,00000000
1,28980793;0,00000000;0,00000000
1,28991193;0,00000000;0,00000000
1,29001593;0,04336860;0,00000000
1,29011993;0,00000000;0,00000000
1,29022393;0,00000000;0,00000000
1,29032793;0,00000000;0,00000000
1,29043193;0,00000000;0,00000000
1,29053593;0,00000000;0,00000000
1,29063993;0,00000000;0,00000000
1,29074393;0,00000000;0,00000000
1,29084793;0,00000000;0,00000000
1,29095193;0,00000000;0,00000000
1,29105593;0,00000000;0,00000000
1,29115993;0,04336860;-0,01734744
1,29126393;0,00000000;0,00000000
1,29136793;0,00000000;0,00000000
1,29147193;0,00000000;0,00000000
1,29157593;0,00000000;0,00000000
1,29167993;0,00000000;0,00000000
1,29178393;0,00000000;0,00000000
1,29188793;0,00000000;0,00000000
1,29199193;0,00000000;0,00000000
1,29209593;0,00000000;0,00000000
1,29219993;0,00000000;0,00000000
1,29230393;0,00000000;0,00000000
1,29240793;0,00000000;0,00000000
1,29251193;0,00000000;0,00000000
1,29261593;0,04336860;0,00000000
1,29271993;0,00000000;0,00000000
1,29282393;0,00000000;0,00000000
1,29292793;0,04336860;0,00000000
1,29303193;0,00000000;0,00000000
1,29313593;0,04336860;0,00000000
1,29323993;0,00000000;0,00000000
1,29334393;0,04336860;0,00000000
1,29344793;0,00000000;0,00000000
1,29355193;0,00000000;0,00000000
1,29365593;0,00000000;0,00000000
1,29375993;0,04336860;0,00000000
1,29386393;0,00000000;0,00000000
1,29396793;0,00000000;0,00000000
1,29407193;0,00000000;0,00000000
1,29417593;0,04336860;0,00000000
1,29427993;0,00000000;0,00000000
1,29438393;0,00000000;0,00000000
1,29448793;0,00000000;0,00000000
1,29459193;0,00000000;0,00000000
1,29469593;0,00000000;0,00000000
1,29479993;0,00000000;0,00000000
1,29490393;0,00000000;0,00000000
1,29500793;0,04336860;0,00000000
1,29511193;0,04336860;0,00000000
1,29521593;0,00000000;0,00000000
1,29531993;0,00000000;0,00000000
1,29542393;0,00000000;0,00000000
1,29552793;0,04336860;0,00000000
1,29563193;0,00000000;0,00000000
1,29573593;0,04336860;0,00000000
1,29583993;0,00000000;0,00000000
1,29594393;0,00000000;0,00000000
1,29604793;0,00000000;0,00000000
1,29615193;0,00000000;0,00000000
1,29625593;0,00000000;0,00000000
1,29635993;0,00000000;0,00000000
1,29646393;0,04336860;0,00000000
1,29656793;0,04336860;0,00000000
1,29667193;0,00000000;0,00000000
1,29677593;0,04336860;0,00000000
1,29687993;0,00000000;0,00000000
1,29698393;0,00000000;0,00000000
1,29708793;0,04336860;0,00000000
1,29719193;0,00000000;0,00000000
1,29729593;0,04336860;0,00000000
1,29739993;0,00000000;0,00000000
1,29750393;0,04336860;0,00000000
1,29760793;0,00000000;0,00000000
1,29771193;0,00000000;0,00000000
1,29781593;0,04336860;0,00000000
1,29791993;0,00000000;0,00000000
1,29802393;0,00000000;0,00000000
1,29812793;0,00000000;0,00000000
1,29823193;0,00000000;0,00000000
1,29833593;0,00000000;0,00000000
1,29843993;0,00000000;0,00000000
1,29854393;0,00000000;0,00000000
1,29864793;0,00000000;0,00000000
1,29875193;0,04336860;0,00000000
1,29885593;0,00000000;0,00000000
1,29895993;0,00000000;0,00000000
1,29906393;0,00000000;0,00000000
1,29916793;0,00000000;0,00000000
1,29927193;0,00000000;0,00000000
1,29937593;0,00000000;0,00000000
1,29947993;0,00000000;0,00000000
1,29958393;0,00000000;0,00000000
1,29968793;0,00000000;0,00000000
1,29979193;0,00000000;0,00000000
1,29989593;0,00000000;0,00000000
1,29999993;0,00000000;0,00000000
1,30010393;0,00000000;0,00000000
1,30020793;0,00000000;0,00000000
1,30031193;0,00000000;0,00000000
1,30041593;0,00000000;0,00000000
1,30051993;0,00000000;0,00000000
1,30062393;0,04336860;0,00000000
1,30072793;0,00000000;0,00000000
1,30083193;0,00000000;0,00000000
1,30093593;0,00000000;0,00000000
1,30103993;0,04336860;0,00000000
1,30114393;0,04336860;0,00000000
1,30124793;0,00000000;0,00000000
1,30135193;0,00000000;0,00000000
1,30145593;0,00000000;0,00000000
1,30155993;0,00000000;0,00000000
1,30166393;0,00000000;0,00000000
1,30176793;0,00000000;0,00000000
1,30187193;0,00000000;0,00000000
1,30197593;0,00000000;0,00000000
1,30207993;0,00000000;0,00000000
1,30218393;0,00000000;0,00000000
1,30228793;0,00000000;0,00000000
1,30239193;0,00000000;0,00000000
1,30249593;0,00000000;0,00000000
1,30259993;0,04336860;0,00000000
1,30270393;0,04336860;0,00000000
1,30280793;0,04336860;0,00000000
1,30291193;0,00000000;0,00000000
1,30301593;0,00000000;0,00000000
1,30311993;0,04336860;0,00000000
1,30322393;0,00000000;0,00000000
1,30332793;0,00000000;0,00000000
1,30343193;0,04336860;0,00000000
1,30353593;0,04336860;0,00000000
1,30363993;0,00000000;0,00000000
1,30374393;0,04336860;0,00000000
1,30384793;0,00000000;0,00000000
1,30395193;0,00000000;0,00000000
1,30405593;0,00000000;0,00000000
1,30415993;0,00000000;0,00000000
1,30426393;0,00000000;0,00000000
1,30436793;0,00000000;0,00000000
1,30447193;0,00000000;0,00000000
1,30457593;0,00000000;0,00000000
1,30467993;0,00000000;0,00000000
1,30478393;0,00000000;0,00000000
1,30488793;0,00000000;0,00000000
1,30499193;0,00000000;0,00000000
1,30509593;0,00000000;0,00000000
1,30519993;0,00000000;0,00000000
1,30530393;0,00000000;0,00000000
1,30540793;0,00000000;0,00000000
1,30551193;0,00000000;0,00000000
1,30561593;0,00000000;0,00000000
1,30571993;0,00000000;0,00000000
1,30582393;0,00000000;0,00000000
1,30592793;0,00000000;0,00000000
1,30603193;0,00000000;0,00000000
1,30613593;0,00000000;0,00000000
1,30623993;0,00000000;0,00000000
1,30634393;0,00000000;0,00000000
1,30644793;0,04336860;0,00000000
1,30655193;0,00000000;0,00000000
1,30665593;0,00000000;0,00000000
1,30675993;0,00000000;0,00000000
1,30686393;0,04336860;0,00000000
1,30696793;0,00000000;0,00000000
1,30707193;0,00000000;0,00000000
1,30717593;0,00000000;0,00000000
1,30727993;0,00000000;0,00000000
1,30738393;0,04336860;0,00000000
1,30748793;0,04336860;0,00000000
1,30759193;0,00000000;0,00000000
1,30769593;0,00000000;0,00000000
1,30779993;0,00000000;0,00000000
1,30790393;0,04336860;0,00000000
1,30800793;0,00000000;0,00000000
1,30811193;0,00000000;0,00000000
1,30821593;0,00000000;0,00000000
1,30831993;0,04336860;-0,01734744
1,30842393;0,00000000;0,00000000
1,30852793;0,00000000;0,00000000
1,30863193;0,04336860;0,00000000
1,30873593;0,00000000;0,00000000
1,30883993;0,00000000;0,00000000
1,30894393;0,00000000;0,00000000
1,30904793;0,04336860;0,00000000
1,30915193;0,04336860;0,00000000
1,30925593;0,00000000;0,00000000
1,30935993;0,04336860;0,00000000
1,30946393;0,00000000;0,00000000
1,30956793;0,00000000;0,00000000
1,30967193;0,00000000;0,00000000
1,30977593;0,04336860;0,00000000
1,30987993;0,00000000;0,00000000
1,30998393;0,00000000;0,00000000
1,31008793;0,00000000;0,00000000
1,31019193;0,00000000;0,00000000
1,31029593;0,00000000;0,00000000
1,31039993;0,00000000;0,00000000
1,31050393;0,00000000;0,00000000
1,31060793;0,04336860;0,00000000
1,31071193;0,00000000;0,00000000
1,31081593;0,04336860;0,00000000
1,31091993;0,04336860;0,00000000
1,31102393;0,04336860;0,00000000
1,31112793;0,00000000;0,00000000
1,31123193;0,04336860;0,00000000
1,31133593;0,00000000;0,00000000
1,31143993;0,04336860;0,00000000
1,31154393;0,00000000;0,00000000
1,31164793;0,00000000;0,00000000
1,31175193;0,00000000;0,00000000
1,31185593;0,00000000;0,00000000
1,31195993;0,00000000;0,00000000
1,31206393;0,00000000;0,00000000
1,31216793;0,00000000;0,00000000
1,31227193;0,00000000;0,00000000
1,31237593;0,00000000;0,00000000
1,31247993;0,04336860;0,00000000
1,31258393;0,00000000;0,00000000
1,31268793;0,00000000;0,00000000
1,31279193;0,04336860;0,00000000
1,31289593;0,00000000;0,00000000
1,31299993;0,04336860;0,00000000
1,31310393;0,00000000;0,00000000
1,31320793;0,04336860;0,00000000
1,31331193;0,04336860;0,00000000
1,31341593;0,04336860;0,00000000
1,31351993;0,04336860;-0,01734744
1,31362393;0,04336860;0,00000000
1,31372793;0,04336860;0,00000000
1,31383193;0,00000000;0,00000000
1,31393593;0,00000000;0,00000000
1,31403993;0,00000000;0,00000000
1,31414393;0,04336860;0,00000000
1,31424793;0,00000000;0,00000000
1,31435193;0,00000000;0,00000000
1,31445593;0,04336860;0,00000000
1,31455993;0,04336860;0,00000000
1,31466393;0,00000000;0,00000000
1,31476793;0,00000000;0,00000000
1,31487193;0,04336860;0,00000000
1,31497593;0,04336860;0,00000000
1,31507993;0,00000000;0,00000000
1,31518393;0,00000000;0,00000000
1,31528793;0,00000000;0,00000000
1,31539193;0,00000000;0,00000000
1,31549593;0,04336860;0,00000000
1,31559993;0,00000000;0,00000000
1,31570393;0,00000000;0,00000000
1,31580793;0,00000000;0,00000000
1,31591193;0,00000000;0,00000000
1,31601593;0,00000000;0,00000000
1,31611993;0,00000000;0,00000000
1,31622393;0,00000000;-0,01734744
1,31632793;0,00000000;0,00000000
1,31643193;0,00000000;0,00000000
1,31653593;0,00000000;0,00000000
1,31663993;0,00000000;0,00000000
1,31674393;0,00000000;0,00000000
1,31684793;0,00000000;0,00000000
1,31695193;0,00000000;0,00000000
1,31705593;0,00000000;0,00000000
1,31715993;0,04336860;0,00000000
1,31726393;0,00000000;0,00000000
1,31736793;0,00000000;0,00000000
1,31747193;0,00000000;0,00000000
1,31757593;0,00000000;0,00000000
1,31767993;0,04336860;0,00000000
1,31778393;0,04336860;0,00000000
1,31788793;0,00000000;0,00000000
1,31799193;0,00000000;0,00000000
1,31809593;0,04336860;0,00000000
1,31819993;0,00000000;0,00000000
1,31830393;0,00000000;0,00000000
1,31840793;0,00000000;0,00000000
1,31851193;0,00000000;0,00000000
1,31861593;0,04336860;0,00000000
1,31871993;0,00000000;0,00000000
1,31882393;0,04336860;0,00000000
1,31892793;0,00000000;0,00000000
1,31903193;0,00000000;0,00000000
1,31913593;0,00000000;0,00000000
1,31923993;0,00000000;0,00000000
1,31934393;0,00000000;0,00000000
1,31944793;0,04336860;0,00000000
1,31955193;0,00000000;0,00000000
1,31965593;0,04336860;0,00000000
1,31975993;0,00000000;0,00000000
1,31986393;0,00000000;0,00000000
1,31996793;0,00000000;0,00000000
1,32007193;0,04336860;0,00000000
1,32017593;0,00000000;0,00000000
1,32027993;0,00000000;0,00000000
1,32038393;0,00000000;0,00000000
1,32048793;0,00000000;0,00000000
1,32059193;0,04336860;0,00000000
1,32069593;0,00000000;-0,01734744
1,32079993;0,04336860;0,00000000
1,32090393;0,00000000;0,00000000
1,32100793;0,00000000;0,00000000
1,32111193;0,00000000;0,00000000
1,32121593;0,00000000;0,00000000
1,32131993;0,00000000;0,00000000
1,32142393;0,00000000;0,00000000
1,32152793;0,04336860;0,00000000
1,32163193;0,00000000;0,00000000
1,32173593;0,00000000;0,00000000
1,32183993;0,00000000;0,00000000
1,32194393;0,00000000;0,00000000
1,32204793;0,00000000;0,00000000
1,32215193;0,00000000;0,00000000
1,32225593;0,00000000;0,00000000
1,32235993;0,00000000;0,00000000
1,32246393;0,00000000;0,00000000
1,32256793;0,00000000;0,00000000
1,32267193;0,04336860;0,00000000
1,32277593;0,00000000;0,00000000
1,32287993;0,00000000;0,00000000
1,32298393;0,00000000;0,00000000
1,32308793;0,00000000;0,00000000
1,32319193;0,00000000;0,00000000
1,32329593;0,00000000;0,00000000
1,32339993;0,00000000;0,00000000
1,32350393;0,00000000;0,00000000
1,32360793;0,04336860;0,00000000
1,32371193;0,04336860;0,00000000
1,32381593;0,00000000;0,00000000
1,32391993;0,00000000;0,00000000
1,32402393;0,00000000;0,00000000
1,32412793;0,00000000;0,00000000
1,32423193;0,00000000;0,00000000
1,32433593;0,00000000;0,00000000
1,32443993;0,00000000;0,00000000
1,32454393;0,00000000;0,00000000
1,32464793;0,00000000;0,00000000
1,32475193;0,00000000;0,00000000
1,32485593;0,00000000;0,00000000
1,32495993;0,04336860;0,00000000
1,32506393;0,00000000;0,00000000
1,32516793;0,04336860;0,00000000
1,32527193;0,00000000;0,00000000
1,32537593;0,00000000;0,00000000
1,32547993;0,00000000;0,00000000
1,32558393;0,04336860;0,00000000
1,32568793;0,00000000;0,00000000
1,32579193;0,04336860;0,00000000
1,32589593;0,00000000;0,00000000
1,32599993;0,00000000;0,00000000
1,32610393;0,00000000;0,00000000
1,32620793;0,04336860;0,00000000
1,32631193;0,00000000;0,00000000
1,32641593;0,00000000;0,00000000
1,32651993;0,00000000;0,00000000
1,32662393;0,00000000;0,00000000
1,32672793;0,00000000;0,00000000
1,32683193;0,00000000;0,00000000
1,32693593;0,00000000;0,00000000
1,32703993;0,00000000;0,00000000
1,32714393;0,00000000;0,00000000
1,32724793;0,00000000;0,00000000
1,32735193;0,00000000;0,00000000
1,32745593;0,00000000;0,00000000
1,32755993;0,04336860;0,00000000
1,32766393;0,00000000;0,00000000
1,32776793;0,00000000;0,00000000
1,32787193;0,00000000;0,00000000
1,32797593;0,00000000;0,00000000
1,32807993;0,00000000;0,00000000
1,32818393;0,00000000;0,00000000
1,32828793;0,00000000;0,00000000
1,32839193;0,04336860;0,00000000
1,32849593;0,00000000;0,00000000
1,32859993;0,00000000;0,00000000
1,32870393;0,00000000;0,00000000
1,32880793;0,00000000;0,00000000
1,32891193;0,00000000;0,00000000
1,32901593;0,00000000;0,00000000
1,32911993;0,04336860;0,00000000
1,32922393;0,04336860;0,00000000
1,32932793;0,04336860;0,00000000
1,32943193;0,00000000;0,00000000
1,32953593;0,00000000;0,00000000
1,32963993;0,04336860;0,00000000
1,32974393;0,00000000;0,00000000
1,32984793;0,00000000;0,00000000
1,32995193;0,00000000;0,00000000
1,33005593;0,00000000;0,00000000
1,33015993;0,04336860;0,00000000
1,33026393;0,04336860;0,00000000
1,33036793;0,00000000;0,00000000
1,33047193;0,00000000;0,00000000
1,33057593;0,00000000;0,00000000
1,33067993;0,00000000;0,00000000
1,33078393;0,00000000;0,00000000
1,33088793;0,00000000;0,00000000
1,33099193;0,04336860;0,00000000
1,33109593;0,00000000;0,00000000
1,33119993;0,04336860;0,00000000
1,33130393;0,00000000;0,00000000
1,33140793;0,04336860;0,00000000
1,33151193;0,00000000;0,00000000
1,33161593;0,00000000;0,00000000
1,33171993;0,04336860;0,00000000
1,33182393;0,00000000;0,00000000
1,33192793;0,00000000;0,00000000
1,33203193;0,04336860;0,00000000
1,33213593;0,00000000;0,00000000
1,33223993;0,00000000;0,00000000
1,33234393;0,04336860;0,00000000
1,33244793;0,00000000;0,00000000
1,33255193;0,00000000;0,00000000
1,33265593;0,04336860;0,00000000
1,33275993;0,00000000;0,00000000
1,33286393;0,04336860;0,00000000
1,33296793;0,00000000;0,00000000
1,33307193;0,00000000;0,00000000
1,33317593;0,00000000;0,00000000
1,33327993;0,00000000;0,00000000
1,33338393;0,00000000;0,00000000
1,33348793;0,00000000;0,00000000
1,33359193;0,00000000;0,00000000
1,33369593;0,00000000;0,00000000
1,33379993;0,00000000;0,00000000
1,33390393;0,00000000;0,00000000
1,33400793;0,00000000;0,00000000
1,33411193;0,04336860;0,00000000
1,33421593;0,00000000;0,00000000
1,33431993;0,04336860;0,00000000
1,33442393;0,00000000;0,00000000
1,33452793;0,00000000;0,00000000
1,33463193;0,00000000;0,00000000
1,33473593;0,00000000;0,00000000
1,33483993;0,00000000;0,00000000
1,33494393;0,04336860;0,00000000
1,33504793;0,00000000;0,00000000
1,33515193;0,00000000;0,00000000
1,33525593;0,00000000;0,00000000
1,33535993;0,00000000;0,00000000
1,33546393;0,00000000;0,00000000
1,33556793;0,00000000;0,00000000
1,33567193;0,00000000;0,00000000
1,33577593;0,00000000;0,00000000
1,33587993;0,00000000;0,00000000
1,33598393;0,00000000;0,00000000
1,33608793;0,00000000;0,00000000
1,33619193;0,00000000;0,00000000
1,33629593;0,00000000;0,00000000
1,33639993;0,00000000;0,00000000
1,33650393;0,00000000;0,00000000
1,33660793;0,04336860;0,00000000
1,33671193;0,00000000;0,00000000
1,33681593;0,04336860;-0,01734744
1,33691993;0,00000000;0,00000000
1,33702393;0,00000000;0,00000000
1,33712793;0,00000000;0,00000000
1,33723193;0,00000000;0,00000000
1,33733593;0,00000000;0,00000000
1,33743993;0,00000000;0,00000000
1,33754393;0,00000000;0,00000000
1,33764793;0,04336860;0,00000000
1,33775193;0,00000000;0,00000000
1,33785593;0,00000000;0,00000000
1,33795993;0,00000000;0,00000000
1,33806393;0,04336860;0,00000000
1,33816793;0,00000000;0,00000000
1,33827193;0,04336860;0,00000000
1,33837593;0,00000000;0,00000000
1,33847993;0,00000000;0,00000000
1,33858393;0,00000000;0,00000000
1,33868793;0,04336860;0,00000000
1,33879193;0,00000000;0,00000000
1,33889593;0,00000000;0,00000000
1,33899993;0,00000000;0,00000000
1,33910393;0,00000000;0,00000000
1,33920793;0,00000000;0,00000000
1,33931193;0,00000000;0,00000000
1,33941593;0,04336860;0,00000000
1,33951993;0,00000000;0,00000000
1,33962393;0,00000000;0,00000000
1,33972793;0,00000000;0,00000000
1,33983193;0,00000000;0,00000000
1,33993593;0,04336860;0,00000000
1,34003993;0,04336860;0,00000000
1,34014393;0,00000000;0,00000000
1,34024793;0,00000000;0,00000000
1,34035193;0,00000000;0,00000000
1,34045593;0,00000000;0,00000000
1,34055993;0,00000000;0,00000000
1,34066393;0,00000000;0,00000000
1,34076793;0,00000000;0,00000000
1,34087193;0,00000000;0,00000000
1,34097593;0,04336860;0,00000000
1,34107993;0,00000000;0,00000000
1,34118393;0,04336860;0,00000000
1,34128793;0,00000000;0,00000000
1,34139193;0,04336860;0,00000000
1,34149593;0,00000000;0,00000000
1,34159993;0,00000000;0,00000000
1,34170393;0,00000000;0,00000000
1,34180793;0,04336860;0,00000000
1,34191193;0,00000000;0,00000000
1,34201593;0,00000000;0,00000000
1,34211993;0,00000000;0,00000000
1,34222393;0,00000000;0,00000000
1,34232793;0,00000000;0,00000000
1,34243193;0,00000000;0,00000000
1,34253593;0,00000000;0,00000000
1,34263993;0,00000000;0,00000000
1,34274393;0,04336860;0,00000000
1,34284793;0,00000000;0,00000000
1,34295193;0,00000000;0,00000000
1,34305593;0,00000000;0,00000000
1,34315993;0,00000000;0,00000000
1,34326393;0,00000000;0,00000000
1,34336793;0,00000000;0,00000000
1,34347193;0,00000000;0,00000000
1,34357593;0,00000000;0,00000000
1,34367993;0,04336860;0,00000000
1,34378393;0,04336860;0,00000000
1,34388793;0,00000000;0,00000000
1,34399193;0,00000000;0,00000000
1,34409593;0,00000000;0,00000000
1,34419993;0,00000000;0,00000000
1,34430393;0,04336860;0,00000000
1,34440793;0,00000000;0,00000000
1,34451193;0,00000000;0,00000000
1,34461593;0,00000000;0,00000000
1,34471993;0,00000000;0,00000000
1,34482393;0,00000000;0,00000000
1,34492793;0,00000000;0,00000000
1,34503193;0,00000000;-0,01734744
1,34513593;0,04336860;0,00000000
1,34523993;0,00000000;0,00000000
1,34534393;0,04336860;0,00000000
1,34544793;0,00000000;0,00000000
1,34555193;0,00000000;0,00000000
1,34565593;0,04336860;0,00000000
1,34575993;0,04336860;0,00000000
1,34586393;0,00000000;0,00000000
1,34596793;0,00000000;0,00000000
1,34607193;0,00000000;0,00000000
1,34617593;0,00000000;0,00000000
1,34627993;0,00000000;0,00000000
1,34638393;0,00000000;0,00000000
1,34648793;0,04336860;0,00000000
1,34659193;0,00000000;0,00000000
1,34669593;0,00000000;0,00000000
1,34679993;0,00000000;0,00000000
1,34690393;0,04336860;0,00000000
1,34700793;0,00000000;0,00000000
1,34711193;0,00000000;0,00000000
1,34721593;0,00000000;0,00000000
1,34731993;0,00000000;0,00000000
1,34742393;0,00000000;0,00000000
1,34752793;0,00000000;0,00000000
1,34763193;0,00000000;0,00000000
1,34773593;0,00000000;0,00000000
1,34783993;0,00000000;0,00000000
1,34794393;0,00000000;0,00000000
1,34804793;0,00000000;0,00000000
1,34815193;0,04336860;0,00000000
1,34825593;0,00000000;0,00000000
1,34835993;0,00000000;0,00000000
1,34846393;0,00000000;0,00000000
1,34856793;0,00000000;0,00000000
1,34867193;0,00000000;0,00000000
1,34877593;0,00000000;0,00000000
1,34887993;0,04336860;0,00000000
1,34898393;0,00000000;0,00000000
1,34908793;0,00000000;0,00000000
1,34919193;0,00000000;0,00000000
1,34929593;0,00000000;0,00000000
1,34939993;0,00000000;0,00000000
1,34950393;0,00000000;0,00000000
1,34960793;0,04336860;0,00000000
1,34971193;0,00000000;0,00000000
1,34981593;0,00000000;0,00000000
1,34991993;0,00000000;0,00000000
1,35002393;0,00000000;0,00000000
1,35012793;0,00000000;0,00000000
1,35023193;0,00000000;0,00000000
1,35033593;0,00000000;0,00000000
1,35043993;0,00000000;0,00000000
1,35054393;0,00000000;0,00000000
1,35064793;0,00000000;0,00000000
1,35075193;0,00000000;0,00000000
1,35085593;0,00000000;0,00000000
1,35095993;0,04336860;0,00000000
1,35106393;0,04336860;0,00000000
1,35116793;0,00000000;0,00000000
1,35127193;0,00000000;0,00000000
1,35137593;0,04336860;0,00000000
1,35147993;0,00000000;0,00000000
1,35158393;0,00000000;0,00000000
1,35168793;0,04336860;0,00000000
1,35179193;0,00000000;0,00000000
1,35189593;0,00000000;0,00000000
1,35199993;0,00000000;0,00000000
1,35210393;0,00000000;0,00000000
1,35220793;0,00000000;0,00000000
1,35231193;0,00000000;0,00000000
1,35241593;0,00000000;0,00000000
1,35251993;0,00000000;0,00000000
1,35262393;0,04336860;0,00000000
1,35272793;0,00000000;0,00000000
1,35283193;0,00000000;0,00000000
1,35293593;0,00000000;0,00000000
1,35303993;0,00000000;0,00000000
1,35314393;0,00000000;0,00000000
1,35324793;0,00000000;0,00000000
1,35335193;0,00000000;0,00000000
1,35345593;0,04336860;0,00000000
1,35355993;0,00000000;0,00000000
1,35366393;0,00000000;0,00000000
1,35376793;0,04336860;0,00000000
1,35387193;0,00000000;0,00000000
1,35397593;0,04336860;0,00000000
1,35407993;0,00000000;0,00000000
1,35418393;0,00000000;0,00000000
1,35428793;0,00000000;0,00000000
1,35439193;0,00000000;0,00000000
1,35449593;0,00000000;0,00000000
1,35459993;0,00000000;0,00000000
1,35470393;0,00000000;0,00000000
1,35480793;0,04336860;0,00000000
1,35491193;0,00000000;0,00000000
1,35501593;0,04336860;0,00000000
1,35511993;0,00000000;0,00000000
1,35522393;0,00000000;0,00000000
1,35532793;0,00000000;0,00000000
1,35543193;0,00000000;0,00000000
1,35553593;0,00000000;0,00000000
1,35563993;0,04336860;0,00000000
1,35574393;0,00000000;0,00000000
1,35584793;0,00000000;-0,01734744
1,35595193;0,00000000;0,00000000
1,35605593;0,00000000;0,00000000
1,35615993;0,00000000;0,00000000
1,35626393;0,04336860;0,00000000
1,35636793;0,00000000;0,00000000
1,35647193;0,00000000;0,00000000
1,35657593;0,00000000;0,00000000
1,35667993;0,04336860;0,00000000
1,35678393;0,04336860;0,00000000
1,35688793;0,00000000;0,00000000
1,35699193;0,04336860;0,00000000
1,35709593;0,04336860;0,00000000
1,35719993;0,00000000;0,00000000
1,35730393;0,04336860;0,00000000
1,35740793;0,04336860;0,00000000
1,35751193;0,00000000;0,00000000
1,35761593;0,04336860;0,00000000
1,35771993;0,00000000;0,00000000
1,35782393;0,00000000;0,00000000
1,35792793;0,00000000;0,00000000
1,35803193;0,00000000;0,00000000
1,35813593;0,00000000;0,00000000
1,35823993;0,00000000;0,00000000
1,35834393;0,00000000;0,00000000
1,35844793;0,04336860;0,00000000
1,35855193;0,00000000;0,00000000
1,35865593;0,00000000;0,00000000
1,35875993;0,00000000;0,00000000
1,35886393;0,04336860;0,00000000
1,35896793;0,00000000;0,00000000
1,35907193;0,04336860;0,00000000
1,35917593;0,04336860;0,00000000
1,35927993;0,04336860;0,00000000
1,35938393;0,04336860;0,00000000
1,35948793;0,00000000;0,00000000
1,35959193;0,00000000;0,00000000
1,35969593;0,00000000;-0,01734744
1,35979993;0,00000000;0,00000000
1,35990393;0,04336860;0,00000000
1,36000793;0,00000000;0,00000000
1,36011193;0,00000000;0,00000000
1,36021593;0,04336860;0,00000000
1,36031993;0,04336860;-0,01734744
1,36042393;0,00000000;0,00000000
1,36052793;0,04336860;0,00000000
1,36063193;0,00000000;0,00000000
1,36073593;0,00000000;0,00000000
1,36083993;0,04336860;0,00000000
1,36094393;0,00000000;0,00000000
1,36104793;0,00000000;0,00000000
1,36115193;0,04336860;0,00000000
1,36125593;0,00000000;0,00000000
1,36135993;0,04336860;0,00000000
1,36146393;0,00000000;0,00000000
1,36156793;0,00000000;-0,01734744
1,36167193;0,04336860;0,00000000
1,36177593;0,00000000;0,00000000
1,36187993;0,04336860;0,00000000
1,36198393;0,00000000;0,00000000
1,36208793;0,00000000;0,00000000
1,36219193;0,00000000;0,00000000
1,36229593;0,00000000;0,00000000
1,36239993;0,00000000;0,00000000
1,36250393;0,00000000;0,00000000
1,36260793;0,04336860;0,00000000
1,36271193;0,04336860;0,00000000
1,36281593;0,00000000;0,00000000
1,36291993;0,04336860;0,00000000
1,36302393;0,00000000;0,00000000
1,36312793;0,00000000;0,00000000
1,36323193;0,00000000;0,00000000
1,36333593;0,00000000;0,00000000
1,36343993;0,00000000;0,00000000
1,36354393;0,04336860;0,00000000
1,36364793;0,00000000;0,00000000
1,36375193;0,04336860;-0,01734744
1,36385593;0,00000000;0,00000000
1,36395993;0,00000000;0,00000000
1,36406393;0,04336860;0,00000000
1,36416793;0,00000000;0,00000000
1,36427193;0,00000000;0,00000000
1,36437593;0,04336860;0,00000000
1,36447993;0,00000000;0,00000000
1,36458393;0,00000000;0,00000000
1,36468793;0,00000000;0,00000000
1,36479193;0,00000000;0,00000000
1,36489593;0,00000000;0,00000000
1,36499993;0,00000000;0,00000000
1,36510393;0,04336860;0,00000000
1,36520793;0,00000000;0,00000000
1,36531193;0,04336860;0,00000000
1,36541593;0,00000000;0,00000000
1,36551993;0,00000000;0,00000000
1,36562393;0,00000000;-0,01734744
1,36572793;0,04336860;0,00000000
1,36583193;0,00000000;0,00000000
1,36593593;0,00000000;0,00000000
1,36603993;0,00000000;0,00000000
1,36614393;0,04336860;0,00000000
1,36624793;0,00000000;0,00000000
1,36635193;0,00000000;0,00000000
1,36645593;0,04336860;0,00000000
1,36655993;0,00000000;0,00000000
1,36666393;0,04336860;0,00000000
1,36676793;0,00000000;0,00000000
1,36687193;0,00000000;0,00000000
1,36697593;0,04336860;0,00000000
1,36707993;0,00000000;0,00000000
1,36718393;0,00000000;0,00000000
1,36728793;0,04336860;0,00000000
1,36739193;0,04336860;0,00000000
1,36749593;0,00000000;0,00000000
1,36759993;0,04336860;0,00000000
1,36770393;0,00000000;0,00000000
1,36780793;0,04336860;0,00000000
1,36791193;0,00000000;0,00000000
1,36801593;0,04336860;0,00000000
1,36811993;0,00000000;0,00000000
1,36822393;0,00000000;0,00000000
1,36832793;0,00000000;0,00000000
1,36843193;0,00000000;0,00000000
1,36853593;0,00000000;0,00000000
1,36863993;0,00000000;0,00000000
1,36874393;0,00000000;0,00000000
1,36884793;0,04336860;0,00000000
1,36895193;0,00000000;0,00000000
1,36905593;0,00000000;0,00000000
1,36915993;0,00000000;0,00000000
1,36926393;0,00000000;0,00000000
1,36936793;0,00000000;0,00000000
1,36947193;0,00000000;0,00000000
1,36957593;0,00000000;0,00000000
1,36967993;0,00000000;0,00000000
1,36978393;0,04336860;0,00000000
1,36988793;0,04336860;0,00000000
1,36999193;0,00000000;0,00000000
1,37009593;0,04336860;0,00000000
1,37019993;0,04336860;0,00000000
1,37030393;0,00000000;0,00000000
1,37040793;0,00000000;0,00000000
1,37051193;0,04336860;0,00000000
1,37061593;0,00000000;0,00000000
1,37071993;0,00000000;0,00000000
1,37082393;0,00000000;0,00000000
1,37092793;0,04336860;0,00000000
1,37103193;0,00000000;0,00000000
1,37113593;0,04336860;0,00000000
1,37123993;0,00000000;0,00000000
1,37134393;0,00000000;0,00000000
1,37144793;0,00000000;0,00000000
1,37155193;0,04336860;0,00000000
1,37165593;0,00000000;-0,01734744
1,37175993;0,04336860;0,00000000
1,37186393;0,00000000;0,00000000
1,37196793;0,00000000;0,00000000
1,37207193;0,00000000;0,00000000
1,37217593;0,00000000;0,00000000
1,37227993;0,00000000;0,00000000
1,37238393;0,00000000;0,00000000
1,37248793;0,00000000;0,00000000
1,37259193;0,00000000;0,00000000
1,37269593;0,00000000;0,00000000
1,37279993;0,00000000;0,00000000
1,37290393;0,00000000;0,00000000
1,37300793;0,00000000;0,00000000
1,37311193;0,00000000;0,00000000
1,37321593;0,00000000;0,00000000
1,37331993;0,00000000;0,00000000
1,37342393;0,00000000;0,00000000
1,37352793;0,00000000;0,00000000
1,37363193;0,04336860;0,00000000
1,37373593;0,04336860;0,00000000
1,37383993;0,04336860;0,00000000
1,37394393;0,00000000;0,00000000
1,37404793;0,04336860;0,00000000
1,37415193;0,00000000;0,00000000
1,37425593;0,00000000;0,00000000
1,37435993;0,00000000;0,00000000
1,37446393;0,00000000;0,00000000
1,37456793;0,00000000;0,00000000
1,37467193;0,00000000;0,00000000
1,37477593;0,00000000;0,00000000
1,37487993;0,00000000;0,00000000
1,37498393;0,00000000;0,00000000
1,37508793;0,00000000;0,00000000
1,37519193;0,00000000;0,00000000
1,37529593;0,00000000;0,00000000
1,37539993;0,00000000;0,00000000
1,37550393;0,00000000;0,00000000
1,37560793;0,04336860;0,00000000
1,37571193;0,04336860;0,00000000
1,37581593;0,00000000;0,00000000
1,37591993;0,00000000;0,00000000
1,37602393;0,00000000;0,00000000
1,37612793;0,04336860;0,00000000
1,37623193;0,00000000;0,00000000
1,37633593;0,00000000;0,00000000
1,37643993;0,04336860;0,00000000
1,37654393;0,00000000;0,00000000
1,37664793;0,00000000;0,00000000
1,37675193;0,00000000;0,00000000
1,37685593;0,00000000;0,00000000
1,37695993;0,04336860;0,00000000
1,37706393;0,00000000;0,00000000
1,37716793;0,00000000;0,00000000
1,37727193;0,04336860;0,00000000
1,37737593;0,00000000;0,00000000
1,37747993;0,00000000;0,00000000
1,37758393;0,04336860;0,00000000
1,37768793;0,04336860;0,00000000
1,37779193;0,00000000;0,00000000
1,37789593;0,00000000;0,00000000
1,37799993;0,04336860;0,00000000
1,37810393;0,04336860;0,00000000
1,37820793;0,00000000;0,00000000
1,37831193;0,04336860;0,00000000
1,37841593;0,00000000;0,00000000
1,37851993;0,00000000;0,00000000
1,37862393;0,00000000;0,00000000
1,37872793;0,00000000;0,00000000
1,37883193;0,00000000;0,00000000
1,37893593;0,04336860;0,00000000
1,37903993;0,00000000;0,00000000
1,37914393;0,00000000;0,00000000
1,37924793;0,00000000;0,00000000
1,37935193;0,00000000;0,00000000
1,37945593;0,00000000;0,00000000
1,37955993;0,00000000;0,00000000
1,37966393;0,04336860;0,00000000
1,37976793;0,04336860;0,00000000
1,37987193;0,00000000;0,00000000
1,37997593;0,00000000;0,00000000
1,38007993;0,00000000;0,00000000
1,38018393;0,00000000;0,00000000
1,38028793;0,04336860;0,00000000
1,38039193;0,00000000;0,00000000
1,38049593;0,04336860;0,00000000
1,38059993;0,00000000;0,00000000
1,38070393;0,00000000;0,00000000
1,38080793;0,04336860;0,00000000
1,38091193;0,00000000;0,00000000
1,38101593;0,04336860;0,00000000
1,38111993;0,04336860;0,00000000
1,38122393;0,00000000;0,00000000
1,38132793;0,00000000;0,00000000
1,38143193;0,00000000;0,00000000
1,38153593;0,00000000;0,00000000
1,38163993;0,00000000;0,00000000
1,38174393;0,04336860;0,00000000
1,38184793;0,04336860;0,00000000
1,38195193;0,00000000;0,00000000
1,38205593;0,00000000;0,00000000
1,38215993;0,04336860;0,00000000
1,38226393;0,04336860;0,00000000
1,38236793;0,00000000;0,00000000
1,38247193;0,00000000;0,00000000
1,38257593;0,00000000;0,00000000
1,38267993;0,00000000;0,00000000
1,38278393;0,04336860;0,00000000
1,38288793;0,00000000;0,00000000
1,38299193;0,00000000;0,00000000
1,38309593;0,00000000;0,00000000
1,38319993;0,00000000;0,00000000
1,38330393;0,00000000;0,00000000
1,38340793;0,00000000;0,00000000
1,38351193;0,00000000;0,00000000
1,38361593;0,04336860;0,00000000
1,38371993;0,00000000;0,00000000
1,38382393;0,04336860;0,00000000
1,38392793;0,00000000;0,00000000
1,38403193;0,00000000;0,00000000
1,38413593;0,00000000;0,00000000
1,38423993;0,00000000;0,00000000
1,38434393;0,00000000;0,00000000
1,38444793;0,00000000;0,00000000
1,38455193;0,00000000;0,00000000
1,38465593;0,00000000;0,00000000
1,38475993;0,00000000;0,00000000
1,38486393;0,00000000;0,00000000
1,38496793;0,04336860;0,00000000
1,38507193;0,00000000;0,00000000
1,38517593;0,00000000;0,00000000
1,38527993;0,00000000;0,00000000
1,38538393;0,00000000;0,00000000
1,38548793;0,00000000;0,00000000
1,38559193;0,00000000;0,00000000
1,38569593;0,00000000;0,00000000
1,38579993;0,00000000;0,00000000
1,38590393;0,00000000;0,00000000
1,38600793;0,00000000;0,00000000
1,38611193;0,04336860;0,00000000
1,38621593;0,00000000;0,00000000
1,38631993;0,00000000;0,00000000
1,38642393;0,04336860;0,00000000
1,38652793;0,04336860;0,00000000
1,38663193;0,00000000;0,00000000
1,38673593;0,00000000;0,00000000
1,38683993;0,00000000;0,00000000
1,38694393;0,00000000;0,00000000
1,38704793;0,04336860;0,00000000
1,38715193;0,04336860;0,00000000
1,38725593;0,00000000;0,00000000
1,38735993;0,00000000;0,00000000
1,38746393;0,04336860;0,00000000
1,38756793;0,04336860;0,00000000
1,38767193;0,00000000;0,00000000
1,38777593;0,00000000;0,00000000
1,38787993;0,00000000;0,00000000
1,38798393;0,00000000;0,00000000
1,38808793;0,04336860;0,00000000
1,38819193;0,00000000;0,00000000
1,38829593;0,00000000;0,00000000
1,38839993;0,00000000;0,00000000
1,38850393;0,00000000;0,00000000
1,38860793;0,00000000;0,00000000
1,38871193;0,00000000;0,00000000
1,38881593;0,00000000;0,00000000
1,38891993;0,00000000;0,00000000
1,38902393;0,00000000;0,00000000
1,38912793;0,04336860;0,00000000
1,38923193;0,00000000;0,00000000
1,38933593;0,00000000;0,00000000
1,38943993;0,04336860;0,00000000
1,38954393;0,04336860;0,00000000
1,38964793;0,00000000;0,00000000
1,38975193;0,00000000;0,00000000
1,38985593;0,00000000;0,00000000
1,38995993;0,00000000;0,00000000
1,39006393;0,04336860;0,00000000
1,39016793;0,00000000;0,00000000
1,39027193;0,00000000;0,00000000
1,39037593;0,00000000;0,00000000
1,39047993;0,00000000;0,00000000
1,39058393;0,04336860;0,00000000
1,39068793;0,00000000;0,00000000
1,39079193;0,00000000;0,00000000
1,39089593;0,00000000;0,00000000
1,39099993;0,04336860;0,00000000
1,39110393;0,00000000;0,00000000
1,39120793;0,04336860;0,00000000
1,39131193;0,00000000;0,00000000
1,39141592;0,00000000;0,00000000
1,39151992;0,04336860;0,00000000
1,39162392;0,00000000;0,00000000
1,39172792;0,04336860;0,00000000
1,39183192;0,00000000;0,00000000
1,39193592;0,00000000;0,00000000
1,39203992;0,00000000;0,00000000
1,39214392;0,00000000;0,00000000
1,39224792;0,00000000;0,00000000
1,39235192;0,00000000;0,00000000
1,39245592;0,00000000;0,00000000
1,39255992;0,00000000;0,00000000
1,39266392;0,00000000;0,00000000
1,39276792;0,00000000;0,00000000
1,39287192;0,00000000;0,00000000
1,39297592;0,00000000;0,00000000
1,39307992;0,00000000;0,00000000
1,39318392;0,04336860;0,00000000
1,39328792;0,00000000;0,00000000
1,39339192;0,00000000;0,00000000
1,39349592;0,04336860;0,00000000
1,39359992;0,00000000;0,00000000
1,39370392;0,00000000;0,00000000
1,39380792;0,04336860;0,00000000
1,39391192;0,04336860;0,00000000
1,39401592;0,00000000;0,00000000
1,39411992;0,00000000;0,00000000
1,39422392;0,00000000;0,00000000
1,39432792;0,00000000;0,00000000
1,39443192;0,00000000;0,00000000
1,39453592;0,00000000;0,00000000
1,39463992;0,00000000;-0,01734744
1,39474392;0,00000000;0,00000000
1,39484792;0,00000000;0,00000000
1,39495192;0,00000000;0,00000000
1,39505592;0,00000000;0,00000000
1,39515992;0,00000000;0,00000000
1,39526392;0,00000000;0,00000000
1,39536792;0,04336860;0,00000000
1,39547192;0,00000000;0,00000000
1,39557592;0,04336860;0,00000000
1,39567992;0,04336860;0,00000000
1,39578392;0,04336860;0,00000000
1,39588792;0,04336860;0,00000000
1,39599192;0,04336860;0,00000000
1,39609592;0,00000000;0,00000000
1,39619992;0,00000000;0,00000000
1,39630392;0,00000000;0,00000000
1,39640792;0,00000000;0,00000000
1,39651192;0,04336860;0,00000000
1,39661592;0,00000000;0,00000000
1,39671992;0,04336860;0,00000000
1,39682392;0,00000000;0,00000000
1,39692792;0,04336860;0,00000000
1,39703192;0,00000000;-0,01734744
1,39713592;0,04336860;0,00000000
1,39723992;0,04336860;0,00000000
1,39734392;0,00000000;0,00000000
1,39744792;0,00000000;0,00000000
1,39755192;0,00000000;0,00000000
1,39765592;0,00000000;0,00000000
1,39775992;0,00000000;0,00000000
1,39786392;0,00000000;0,00000000
1,39796792;0,00000000;0,00000000
1,39807192;0,00000000;0,00000000
1,39817592;0,00000000;0,00000000
1,39827992;0,00000000;0,00000000
1,39838392;0,00000000;0,00000000
1,39848792;0,04336860;0,00000000
1,39859192;0,00000000;0,00000000
1,39869592;0,00000000;0,00000000
1,39879992;0,00000000;0,00000000
1,39890392;0,00000000;0,00000000
1,39900792;0,00000000;0,00000000
1,39911192;0,00000000;0,00000000
1,39921592;0,00000000;0,00000000
1,39931992;0,00000000;0,00000000
1,39942392;0,00000000;0,00000000
1,39952792;0,00000000;0,00000000
1,39963192;0,00000000;0,00000000
1,39973592;0,00000000;0,00000000
1,39983992;0,00000000;0,00000000
1,39994392;0,00000000;0,00000000
1,40004792;0,00000000;0,00000000
1,40015192;0,00000000;0,00000000
1,40025592;0,00000000;0,00000000
1,40035992;0,00000000;0,00000000
1,40046392;0,00000000;0,00000000
1,40056792;0,00000000;0,00000000
1,40067192;0,00000000;0,00000000
1,40077592;0,04336860;0,00000000
1,40087992;0,00000000;0,00000000
1,40098392;0,04336860;0,00000000
1,40108792;0,04336860;0,00000000
1,40119192;0,00000000;0,00000000
1,40129592;0,00000000;0,00000000
1,40139992;0,00000000;0,00000000
1,40150392;0,00000000;0,00000000
1,40160792;0,04336860;0,00000000
1,40171192;0,00000000;0,00000000
1,40181592;0,00000000;0,00000000
1,40191992;0,04336860;0,00000000
1,40202392;0,00000000;0,00000000
1,40212792;0,00000000;0,00000000
1,40223192;0,00000000;0,00000000
1,40233592;0,00000000;0,00000000
1,40243992;0,00000000;0,00000000
1,40254392;0,00000000;0,00000000
1,40264792;0,00000000;0,00000000
1,40275192;0,00000000;0,00000000
1,40285592;0,00000000;0,00000000
1,40295992;0,00000000;0,00000000
1,40306392;0,00000000;0,00000000
1,40316792;0,00000000;0,00000000
1,40327192;0,00000000;0,00000000
1,40337592;0,04336860;0,00000000
1,40347992;0,00000000;0,00000000
1,40358392;0,00000000;0,00000000
1,40368792;0,00000000;0,00000000
1,40379192;0,00000000;0,00000000
1,40389592;0,04336860;0,00000000
1,40399992;0,00000000;0,00000000
1,40410392;0,04336860;0,00000000
1,40420792;0,00000000;0,00000000
1,40431192;0,04336860;0,00000000
1,40441592;0,04336860;0,00000000
1,40451992;0,00000000;0,00000000
1,40462392;0,00000000;0,00000000
1,40472792;0,00000000;0,00000000
1,40483192;0,00000000;0,00000000
1,40493592;0,00000000;0,00000000
1,40503992;0,00000000;0,00000000
1,40514392;0,00000000;0,00000000
1,40524792;0,00000000;0,00000000
1,40535192;0,00000000;-0,01734744
1,40545592;0,00000000;0,00000000
1,40555992;0,00000000;0,00000000
1,40566392;0,00000000;0,00000000
1,40576792;0,00000000;0,00000000
1,40587192;0,04336860;0,00000000
1,40597592;0,00000000;0,00000000
1,40607992;0,00000000;0,00000000
1,40618392;0,00000000;0,00000000
1,40628792;0,04336860;0,00000000
1,40639192;0,00000000;0,00000000
1,40649592;0,00000000;0,00000000
1,40659992;0,00000000;0,00000000
1,40670392;0,04336860;0,00000000
1,40680792;0,00000000;0,00000000
1,40691192;0,00000000;0,00000000
1,40701592;0,00000000;0,00000000
1,40711992;0,00000000;-0,01734744
1,40722392;0,00000000;0,00000000
1,40732792;0,00000000;0,00000000
1,40743192;0,04336860;0,00000000
1,40753592;0,00000000;0,00000000
1,40763992;0,04336860;0,00000000
1,40774392;0,00000000;0,00000000
1,40784792;0,00000000;-0,01734744
1,40795192;0,04336860;0,00000000
1,40805592;0,04336860;0,00000000
1,40815992;0,00000000;0,00000000
1,40826392;0,00000000;0,00000000
1,40836792;0,00000000;0,00000000
1,40847192;0,04336860;0,00000000
1,40857592;0,00000000;0,00000000
1,40867992;0,00000000;0,00000000
1,40878392;0,00000000;0,00000000
1,40888792;0,00000000;0,00000000
1,40899192;0,00000000;0,00000000
1,40909592;0,00000000;-0,01734744
1,40919992;0,00000000;0,00000000
1,40930392;0,00000000;0,00000000
1,40940792;0,00000000;0,00000000
1,40951192;0,00000000;0,00000000
1,40961592;0,00000000;0,00000000
1,40971992;0,04336860;0,00000000
1,40982392;0,00000000;0,00000000
1,40992792;0,00000000;0,00000000
1,41003192;0,00000000;0,00000000
1,41013592;0,00000000;0,00000000
1,41023992;0,00000000;0,00000000
1,41034392;0,00000000;-0,01734744
1,41044792;0,00000000;0,00000000
1,41055192;0,00000000;0,00000000
1,41065592;0,00000000;0,00000000
1,41075992;0,00000000;0,00000000
1,41086392;0,04336860;0,00000000
1,41096792;0,04336860;0,00000000
1,41107192;0,00000000;0,00000000
1,41117592;0,00000000;0,00000000
1,41127992;0,00000000;0,00000000
1,41138392;0,00000000;0,00000000
1,41148792;0,00000000;0,00000000
1,41159192;0,00000000;0,00000000
1,41169592;0,00000000;0,00000000
1,41179992;0,00000000;0,00000000
1,41190392;0,00000000;0,00000000
1,41200792;0,04336860;0,00000000
1,41211192;0,04336860;0,00000000
1,41221592;0,00000000;0,00000000
1,41231992;0,00000000;0,00000000
1,41242392;0,00000000;0,00000000
1,41252792;0,00000000;0,00000000
1,41263192;0,04336860;0,00000000
1,41273592;0,00000000;0,00000000
1,41283992;0,00000000;-0,01734744
1,41294392;0,04336860;0,00000000
1,41304792;0,00000000;-0,01734744
1,41315192;0,00000000;0,00000000
1,41325592;0,00000000;0,00000000
1,41335992;0,04336860;-0,01734744
1,41346392;0,04336860;0,00000000
1,41356792;0,04336860;0,00000000
1,41367192;0,00000000;0,00000000
1,41377592;0,04336860;0,00000000
1,41387992;0,00000000;0,00000000
1,41398392;0,04336860;0,00000000
1,41408792;0,04336860;0,00000000
1,41419192;0,00000000;0,00000000
1,41429592;0,04336860;0,00000000
1,41439992;0,00000000;0,00000000
1,41450392;0,04336860;-0,01734744
1,41460792;0,00000000;0,00000000
1,41471192;0,00000000;0,00000000
1,41481592;0,04336860;0,00000000
1,41491992;0,00000000;0,00000000
1,41502392;0,00000000;0,00000000
1,41512792;0,00000000;0,00000000
1,41523192;0,00000000;0,00000000
1,41533592;0,04336860;0,00000000
1,41543992;0,00000000;0,00000000
1,41554392;0,00000000;0,00000000
1,41564792;0,04336860;0,00000000
1,41575192;0,00000000;0,00000000
1,41585592;0,04336860;0,00000000
1,41595992;0,00000000;0,00000000
1,41606392;0,00000000;0,00000000
1,41616792;0,00000000;0,00000000
1,41627192;0,04336860;0,00000000
1,41637592;0,00000000;0,00000000
1,41647992;0,04336860;0,00000000
1,41658392;0,00000000;0,00000000
1,41668792;0,00000000;0,00000000
1,41679192;0,00000000;0,00000000
1,41689592;0,00000000;0,00000000
1,41699992;0,00000000;0,00000000
1,41710392;0,04336860;0,00000000
1,41720792;0,00000000;0,00000000
1,41731192;0,00000000;0,00000000
1,41741592;0,00000000;0,00000000
1,41751992;0,00000000;0,00000000
1,41762392;0,04336860;0,00000000
1,41772792;0,00000000;0,00000000
1,41783192;0,04336860;0,00000000
1,41793592;0,00000000;0,00000000
1,41803992;0,04336860;0,00000000
1,41814392;0,04336860;0,00000000
1,41824792;0,00000000;0,00000000
1,41835192;0,04336860;0,00000000
1,41845592;0,00000000;0,00000000
1,41855992;0,00000000;0,00000000
1,41866392;0,00000000;0,00000000
1,41876792;0,04336860;0,00000000
1,41887192;0,00000000;0,00000000
1,41897592;0,00000000;0,00000000
1,41907992;0,00000000;0,00000000
1,41918392;0,04336860;0,00000000
1,41928792;0,00000000;0,00000000
1,41939192;0,00000000;0,00000000
1,41949592;0,00000000;0,00000000
1,41959992;0,00000000;0,00000000
1,41970392;0,04336860;0,00000000
1,41980792;0,04336860;0,00000000
1,41991192;0,00000000;0,00000000
1,42001592;0,00000000;0,00000000
1,42011992;0,00000000;0,00000000
1,42022392;0,00000000;0,00000000
1,42032792;0,00000000;0,00000000
1,42043192;0,00000000;0,00000000
1,42053592;0,04336860;0,00000000
1,42063992;0,00000000;0,00000000
1,42074392;0,00000000;0,00000000
1,42084792;0,00000000;0,00000000
1,42095192;0,00000000;0,00000000
1,42105592;0,00000000;0,00000000
1,42115992;0,00000000;0,00000000
1,42126392;0,00000000;0,00000000
1,42136792;0,04336860;0,00000000
1,42147192;0,04336860;0,00000000
1,42157592;0,00000000;0,00000000
1,42167992;0,00000000;0,00000000
1,42178392;0,00000000;0,00000000
1,42188792;0,00000000;0,00000000
1,42199192;0,04336860;0,00000000
1,42209592;0,00000000;0,00000000
1,42219992;0,00000000;0,00000000
1,42230392;0,00000000;0,00000000
1,42240792;0,00000000;0,00000000
1,42251192;0,04336860;0,00000000
1,42261592;0,00000000;0,00000000
1,42271992;0,00000000;0,00000000
1,42282392;0,00000000;0,00000000
1,42292792;0,00000000;0,00000000
1,42303192;0,04336860;0,00000000
1,42313592;0,00000000;0,00000000
1,42323992;0,00000000;0,00000000
1,42334392;0,04336860;0,00000000
1,42344792;0,00000000;0,00000000
1,42355192;0,00000000;0,00000000
1,42365592;0,00000000;0,00000000
1,42375992;0,00000000;0,00000000
1,42386392;0,00000000;0,00000000
1,42396792;0,00000000;0,00000000
1,42407192;0,00000000;0,00000000
1,42417592;0,00000000;0,00000000
1,42427992;0,00000000;0,00000000
1,42438392;0,00000000;0,00000000
1,42448792;0,04336860;0,00000000
1,42459192;0,00000000;0,00000000
1,42469592;0,04336860;0,00000000
1,42479992;0,00000000;0,00000000
1,42490392;0,00000000;0,00000000
1,42500792;0,00000000;0,00000000
1,42511192;0,00000000;0,00000000
1,42521592;0,04336860;0,00000000
1,42531992;0,00000000;0,00000000
1,42542392;0,00000000;0,00000000
1,42552792;0,00000000;0,00000000
1,42563192;0,00000000;0,00000000
1,42573592;0,00000000;0,00000000
1,42583992;0,04336860;0,00000000
1,42594392;0,00000000;0,00000000
1,42604792;0,00000000;0,00000000
1,42615192;0,00000000;0,00000000
1,42625592;0,00000000;0,00000000
1,42635992;0,00000000;0,00000000
1,42646392;0,00000000;0,00000000
1,42656792;0,04336860;0,00000000
1,42667192;0,00000000;0,00000000
1,42677592;0,00000000;0,00000000
1,42687992;0,04336860;0,00000000
1,42698392;0,00000000;0,00000000
1,42708792;0,00000000;0,00000000
1,42719192;0,00000000;0,00000000
1,42729592;0,00000000;0,00000000
1,42739992;0,00000000;0,00000000
1,42750392;0,04336860;0,00000000
1,42760792;0,00000000;-0,01734744
1,42771192;0,00000000;0,00000000
1,42781592;0,04336860;0,00000000
1,42791992;0,00000000;0,00000000
1,42802392;0,00000000;0,00000000
1,42812792;0,00000000;0,00000000
1,42823192;0,04336860;0,00000000
1,42833592;0,04336860;0,00000000
1,42843992;0,00000000;0,00000000
1,42854392;0,04336860;0,00000000
1,42864792;0,00000000;0,00000000
1,42875192;0,04336860;0,00000000
1,42885592;0,00000000;0,00000000
1,42895992;0,04336860;0,00000000
1,42906392;0,04336860;0,00000000
1,42916792;0,04336860;0,00000000
1,42927192;0,00000000;0,00000000
1,42937592;0,00000000;0,00000000
1,42947992;0,04336860;0,00000000
1,42958392;0,00000000;0,00000000
1,42968792;0,00000000;0,00000000
1,42979192;0,04336860;0,00000000
1,42989592;0,00000000;0,00000000
1,42999992;0,00000000;0,00000000
1,43010392;0,00000000;0,00000000
1,43020792;0,04336860;0,00000000
1,43031192;0,00000000;0,00000000
1,43041592;0,00000000;0,00000000
1,43051992;0,00000000;0,00000000
1,43062392;0,00000000;0,00000000
1,43072792;0,00000000;0,00000000
1,43083192;0,00000000;0,00000000
1,43093592;0,00000000;0,00000000
1,43103992;0,00000000;0,00000000
1,43114392;0,00000000;0,00000000
1,43124792;0,00000000;0,00000000
1,43135192;0,00000000;0,00000000
1,43145592;0,00000000;0,00000000
1,43155992;0,04336860;0,00000000
1,43166392;0,00000000;0,00000000
1,43176792;0,04336860;0,00000000
1,43187192;0,00000000;0,00000000
1,43197592;0,00000000;0,00000000
1,43207992;0,00000000;0,00000000
1,43218392;0,00000000;0,00000000
1,43228792;0,00000000;0,00000000
1,43239192;0,00000000;0,00000000
1,43249592;0,00000000;0,00000000
1,43259992;0,00000000;0,00000000
1,43270392;0,00000000;0,00000000
1,43280792;0,00000000;-0,01734744
1,43291192;0,04336860;0,00000000
1,43301592;0,00000000;0,00000000
1,43311992;0,00000000;0,00000000
1,43322392;0,04336860;0,00000000
1,43332792;0,00000000;0,00000000
1,43343192;0,04336860;0,00000000
1,43353592;0,00000000;0,00000000
1,43363992;0,00000000;0,00000000
1,43374392;0,00000000;0,00000000
1,43384792;0,00000000;0,00000000
1,43395192;0,00000000;0,00000000
1,43405592;0,00000000;0,00000000
1,43415992;0,00000000;0,00000000
1,43426392;0,00000000;0,00000000
1,43436792;0,04336860;0,00000000
1,43447192;0,00000000;0,00000000
1,43457592;0,04336860;0,00000000
1,43467992;0,00000000;0,00000000
1,43478392;0,04336860;0,00000000
1,43488792;0,00000000;0,00000000
1,43499192;0,04336860;0,00000000
1,43509592;0,04336860;0,00000000
1,43519992;0,00000000;0,00000000
1,43530392;0,04336860;0,00000000
1,43540792;0,00000000;0,00000000
1,43551192;0,04336860;0,00000000
1,43561592;0,00000000;0,00000000
1,43571992;0,04336860;0,00000000
1,43582392;0,04336860;0,00000000
1,43592792;0,00000000;0,00000000
1,43603192;0,04336860;0,00000000
1,43613592;0,00000000;-0,01734744
1,43623992;0,00000000;0,00000000
1,43634392;0,00000000;0,00000000
1,43644792;0,04336860;0,00000000
1,43655192;0,00000000;0,00000000
1,43665592;0,04336860;0,00000000
1,43675992;0,00000000;0,00000000
1,43686392;0,00000000;0,00000000
1,43696792;0,00000000;0,00000000
1,43707192;0,00000000;0,00000000
1,43717592;0,00000000;0,00000000
1,43727992;0,00000000;0,00000000
1,43738392;0,00000000;0,00000000
1,43748792;0,00000000;0,00000000
1,43759192;0,00000000;0,00000000
1,43769592;0,04336860;0,00000000
1,43779992;0,04336860;0,00000000
1,43790392;0,00000000;0,00000000
1,43800792;0,00000000;-0,01734744
1,43811192;0,00000000;0,00000000
1,43821592;0,00000000;0,00000000
1,43831992;0,00000000;0,00000000
1,43842392;0,00000000;0,00000000
1,43852792;0,00000000;0,00000000
1,43863192;0,00000000;0,00000000
1,43873592;0,04336860;0,00000000
1,43883992;0,00000000;0,00000000
1,43894392;0,00000000;0,00000000
1,43904792;0,04336860;0,00000000
1,43915192;0,04336860;0,00000000
1,43925592;0,04336860;0,00000000
1,43935992;0,00000000;0,00000000
1,43946392;0,00000000;0,00000000
1,43956792;0,00000000;0,00000000
1,43967192;0,04336860;0,00000000
1,43977592;0,00000000;0,00000000
1,43987992;0,00000000;0,00000000
1,43998392;0,00000000;0,00000000
1,44008792;0,00000000;0,00000000
1,44019192;0,04336860;0,00000000
1,44029592;0,00000000;0,00000000
1,44039992;0,00000000;0,00000000
1,44050392;0,04336860;0,00000000
1,44060792;0,04336860;0,00000000
1,44071192;0,00000000;0,00000000
1,44081592;0,00000000;0,00000000
1,44091992;0,04336860;0,00000000
1,44102392;0,00000000;0,00000000
1,44112792;0,04336860;0,00000000
1,44123192;0,00000000;0,00000000
1,44133592;0,00000000;0,00000000
1,44143992;0,00000000;0,00000000
1,44154392;0,00000000;0,00000000
1,44164792;0,00000000;0,00000000
1,44175192;0,00000000;0,00000000
1,44185592;0,00000000;0,00000000
1,44195992;0,04336860;0,00000000
1,44206392;0,00000000;0,00000000
1,44216792;0,04336860;0,00000000
1,44227192;0,04336860;0,00000000
1,44237592;0,00000000;0,00000000
1,44247992;0,00000000;0,00000000
1,44258392;0,00000000;0,00000000
1,44268792;0,04336860;0,00000000
1,44279192;0,00000000;0,00000000
1,44289592;0,00000000;0,00000000
1,44299992;0,00000000;0,00000000
1,44310392;0,00000000;0,00000000
1,44320792;0,04336860;0,00000000
1,44331192;0,00000000;0,00000000
1,44341592;0,00000000;0,00000000
1,44351992;0,00000000;0,00000000
1,44362392;0,00000000;0,00000000
1,44372792;0,00000000;0,00000000
1,44383192;0,00000000;0,00000000
1,44393592;0,00000000;0,00000000
1,44403992;0,00000000;0,00000000
1,44414392;0,00000000;0,00000000
1,44424792;0,04336860;0,00000000
1,44435192;0,00000000;0,00000000
1,44445592;0,00000000;0,00000000
1,44455992;0,00000000;0,00000000
1,44466392;0,04336860;0,00000000
1,44476792;0,00000000;0,00000000
1,44487192;0,00000000;0,00000000
1,44497592;0,00000000;0,00000000
1,44507992;0,00000000;0,00000000
1,44518392;0,04336860;0,00000000
1,44528792;0,00000000;0,00000000
1,44539192;0,04336860;0,00000000
1,44549592;0,04336860;0,00000000
1,44559992;0,00000000;0,00000000
1,44570392;0,00000000;0,00000000
1,44580792;0,00000000;0,00000000
1,44591192;0,00000000;0,00000000
1,44601592;0,00000000;0,00000000
1,44611992;0,00000000;0,00000000
1,44622392;0,00000000;0,00000000
1,44632792;0,00000000;0,00000000
1,44643192;0,00000000;0,00000000
1,44653592;0,00000000;0,00000000
1,44663992;0,00000000;0,00000000
1,44674392;0,00000000;0,00000000
1,44684792;0,00000000;0,00000000
1,44695192;0,04336860;0,00000000
1,44705592;0,00000000;0,00000000
1,44715992;0,00000000;0,00000000
1,44726392;0,00000000;0,00000000
1,44736792;0,00000000;0,00000000
1,44747192;0,00000000;0,00000000
1,44757592;0,00000000;0,00000000
1,44767992;0,04336860;0,00000000
1,44778392;0,00000000;0,00000000
1,44788792;0,04336860;0,00000000
1,44799192;0,00000000;0,00000000
1,44809592;0,00000000;0,00000000
1,44819992;0,00000000;0,00000000
1,44830392;0,00000000;0,00000000
1,44840792;0,00000000;0,00000000
1,44851192;0,04336860;0,00000000
1,44861592;0,00000000;0,00000000
1,44871992;0,00000000;0,00000000
1,44882392;0,00000000;0,00000000
1,44892792;0,00000000;0,00000000
1,44903192;0,00000000;0,00000000
1,44913592;0,04336860;0,00000000
1,44923992;0,04336860;0,00000000
1,44934392;0,00000000;0,00000000
1,44944792;0,00000000;0,00000000
1,44955192;0,00000000;0,00000000
1,44965592;0,00000000;0,00000000
1,44975992;0,04336860;0,00000000
1,44986392;0,04336860;0,00000000
1,44996792;0,04336860;0,00000000
1,45007192;0,00000000;0,00000000
1,45017592;0,04336860;0,00000000
1,45027992;0,00000000;0,00000000
1,45038392;0,04336860;0,00000000
1,45048792;0,04336860;0,00000000
1,45059192;0,00000000;0,00000000
1,45069592;0,00000000;0,00000000
1,45079992;0,00000000;0,00000000
1,45090392;0,04336860;0,00000000
1,45100792;0,00000000;0,00000000
1,45111192;0,04336860;0,00000000
1,45121592;0,04336860;0,00000000
1,45131992;0,00000000;0,00000000
1,45142392;0,00000000;0,00000000
1,45152792;0,04336860;0,00000000
1,45163192;0,00000000;0,00000000
1,45173592;0,04336860;0,00000000
1,45183992;0,00000000;0,00000000
1,45194392;0,00000000;0,00000000
1,45204792;0,00000000;0,00000000
1,45215192;0,04336860;0,00000000
1,45225592;0,00000000;0,00000000
1,45235992;0,00000000;0,00000000
1,45246392;0,00000000;0,00000000
1,45256792;0,04336860;0,00000000
1,45267192;0,00000000;0,00000000
1,45277592;0,00000000;0,00000000
1,45287992;0,04336860;0,00000000
1,45298392;0,00000000;0,00000000
1,45308792;0,00000000;0,00000000
1,45319192;0,04336860;0,00000000
1,45329592;0,04336860;0,00000000
1,45339992;0,00000000;0,00000000
1,45350392;0,00000000;0,00000000
1,45360792;0,04336860;0,00000000
1,45371192;0,00000000;0,00000000
1,45381592;0,00000000;0,00000000
1,45391992;0,00000000;0,00000000
1,45402392;0,04336860;0,00000000
1,45412792;0,00000000;0,00000000
1,45423192;0,00000000;0,00000000
1,45433592;0,00000000;0,00000000
1,45443992;0,00000000;0,00000000
1,45454392;0,04336860;0,00000000
1,45464792;0,04336860;0,00000000
1,45475192;0,00000000;0,00000000
1,45485592;0,00000000;0,00000000
1,45495992;0,00000000;0,00000000
1,45506392;0,04336860;0,00000000
1,45516792;0,00000000;0,00000000
1,45527192;0,04336860;0,00000000
1,45537592;0,00000000;0,00000000
1,45547992;0,00000000;0,00000000
1,45558392;0,00000000;0,00000000
1,45568792;0,00000000;0,00000000
1,45579192;0,00000000;0,00000000
1,45589592;0,00000000;0,00000000
1,45599992;0,04336860;0,00000000
1,45610392;0,04336860;0,00000000
1,45620792;0,00000000;0,00000000
1,45631192;0,00000000;0,00000000
1,45641592;0,00000000;0,00000000
1,45651992;0,00000000;0,00000000
1,45662392;0,00000000;0,00000000
1,45672792;0,00000000;0,00000000
1,45683192;0,04336860;0,00000000
1,45693592;0,00000000;0,00000000
1,45703992;0,04336860;0,00000000
1,45714392;0,00000000;0,00000000
1,45724792;0,04336860;0,00000000
1,45735192;0,04336860;0,00000000
1,45745592;0,00000000;0,00000000
1,45755992;0,00000000;0,00000000
1,45766392;0,00000000;0,00000000
1,45776792;0,00000000;0,00000000
1,45787192;0,04336860;0,00000000
1,45797592;0,00000000;0,00000000
1,45807992;0,00000000;0,00000000
1,45818392;0,00000000;0,00000000
1,45828792;0,00000000;0,00000000
1,45839192;0,00000000;0,00000000
1,45849592;0,00000000;0,00000000
1,45859992;0,00000000;0,00000000
1,45870392;0,04336860;0,00000000
1,45880792;0,00000000;0,00000000
1,45891192;0,00000000;0,00000000
1,45901592;0,00000000;0,00000000
1,45911992;0,04336860;0,00000000
1,45922392;0,00000000;0,00000000
1,45932792;0,00000000;0,00000000
1,45943192;0,04336860;0,00000000
1,45953592;0,00000000;-0,01734744
1,45963992;0,00000000;0,00000000
1,45974392;0,04336860;0,00000000
1,45984792;0,00000000;0,00000000
1,45995192;0,00000000;0,00000000
1,46005592;0,00000000;0,00000000
1,46015992;0,00000000;0,00000000
1,46026392;0,00000000;0,00000000
1,46036792;0,00000000;0,00000000
1,46047192;0,00000000;0,00000000
1,46057592;0,04336860;0,00000000
1,46067992;0,04336860;0,00000000
1,46078392;0,04336860;0,00000000
1,46088792;0,00000000;0,00000000
1,46099192;0,00000000;0,00000000
1,46109592;0,04336860;0,00000000
1,46119992;0,04336860;0,00000000
1,46130392;0,00000000;0,00000000
1,46140792;0,04336860;0,00000000
1,46151192;0,00000000;0,00000000
1,46161592;0,04336860;0,00000000
1,46171992;0,00000000;0,00000000
1,46182392;0,00000000;0,00000000
1,46192792;0,00000000;0,00000000
1,46203192;0,00000000;0,00000000
1,46213592;0,00000000;0,00000000
1,46223992;0,00000000;0,00000000
1,46234392;0,00000000;0,00000000
1,46244792;0,00000000;0,00000000
1,46255192;0,00000000;0,00000000
1,46265592;0,04336860;0,00000000
1,46275992;0,04336860;0,00000000
1,46286392;0,04336860;0,00000000
1,46296792;0,00000000;0,00000000
1,46307192;0,00000000;0,00000000
1,46317592;0,00000000;0,00000000
1,46327992;0,00000000;0,00000000
1,46338392;0,00000000;0,00000000
1,46348792;0,00000000;0,00000000
1,46359192;0,00000000;0,00000000
1,46369592;0,04336860;0,00000000
1,46379992;0,00000000;0,00000000
1,46390392;0,00000000;0,00000000
1,46400792;0,04336860;0,00000000
1,46411192;0,00000000;0,00000000
1,46421592;0,00000000;0,00000000
1,46431992;0,04336860;0,00000000
1,46442392;0,00000000;0,00000000
1,46452792;0,00000000;0,00000000
1,46463192;0,00000000;0,00000000
1,46473592;0,00000000;0,00000000
1,46483992;0,00000000;0,00000000
1,46494392;0,04336860;0,00000000
1,46504792;0,00000000;0,00000000
1,46515192;0,00000000;0,00000000
1,46525592;0,00000000;0,00000000
1,46535992;0,04336860;0,00000000
1,46546392;0,00000000;0,00000000
1,46556792;0,00000000;0,00000000
1,46567192;0,00000000;0,00000000
1,46577592;0,00000000;0,00000000
1,46587992;0,04336860;0,00000000
1,46598392;0,00000000;0,00000000
1,46608792;0,00000000;0,00000000
1,46619192;0,00000000;0,00000000
1,46629592;0,00000000;0,00000000
1,46639992;0,00000000;0,00000000
1,46650392;0,00000000;0,00000000
1,46660792;0,00000000;0,00000000
1,46671192;0,00000000;0,00000000
1,46681592;0,04336860;0,00000000
1,46691992;0,04336860;0,00000000
1,46702392;0,04336860;0,00000000
1,46712792;0,00000000;0,00000000
1,46723192;0,00000000;0,00000000
1,46733592;0,00000000;0,00000000
1,46743992;0,04336860;0,00000000
1,46754392;0,00000000;0,00000000
1,46764792;0,00000000;0,00000000
1,46775192;0,04336860;0,00000000
1,46785592;0,00000000;0,00000000
1,46795992;0,00000000;0,00000000
1,46806392;0,00000000;0,00000000
1,46816792;0,00000000;0,00000000
1,46827192;0,00000000;0,00000000
1,46837592;0,04336860;0,00000000
1,46847992;0,00000000;0,00000000
1,46858392;0,04336860;0,00000000
1,46868792;0,00000000;0,00000000
1,46879192;0,00000000;0,00000000
1,46889592;0,00000000;0,00000000
1,46899992;0,04336860;0,00000000
1,46910392;0,00000000;0,00000000
1,46920792;0,00000000;0,00000000
1,46931192;0,04336860;0,00000000
1,46941592;0,00000000;0,00000000
1,46951992;0,04336860;0,00000000
1,46962392;0,00000000;0,00000000
1,46972792;0,04336860;0,00000000
1,46983192;0,00000000;0,00000000
1,46993592;0,00000000;0,00000000
1,47003992;0,04336860;0,00000000
1,47014392;0,04336860;0,00000000
1,47024792;0,00000000;0,00000000
1,47035192;0,00000000;0,00000000
1,47045592;0,04336860;0,00000000
1,47055992;0,04336860;0,00000000
1,47066392;0,04336860;0,00000000
1,47076792;0,00000000;0,00000000
1,47087192;0,00000000;0,00000000
1,47097592;0,04336860;0,00000000
1,47107992;0,00000000;0,00000000
1,47118392;0,04336860;0,00000000
1,47128792;0,00000000;0,00000000
1,47139192;0,00000000;0,00000000
1,47149592;0,00000000;0,00000000
1,47159992;0,00000000;0,00000000
1,47170392;0,00000000;0,00000000
1,47180792;0,00000000;0,00000000
1,47191192;0,04336860;0,00000000
1,47201592;0,04336860;0,00000000
1,47211992;0,04336860;0,00000000
1,47222392;0,00000000;-0,01734744
1,47232792;0,04336860;0,00000000
1,47243192;0,00000000;0,00000000
1,47253592;0,04336860;0,00000000
1,47263992;0,00000000;0,00000000
1,47274392;0,04336860;0,00000000
1,47284792;0,00000000;0,00000000
1,47295192;0,00000000;0,00000000
1,47305592;0,00000000;0,00000000
1,47315992;0,00000000;0,00000000
1,47326392;0,00000000;0,00000000
1,47336792;0,00000000;0,00000000
1,47347192;0,00000000;0,00000000
1,47357592;0,04336860;0,00000000
1,47367992;0,00000000;0,00000000
1,47378392;0,00000000;0,00000000
1,47388792;0,00000000;0,00000000
1,47399192;0,00000000;-0,01734744
1,47409592;0,00000000;0,00000000
1,47419992;0,04336860;0,00000000
1,47430392;0,00000000;0,00000000
1,47440792;0,00000000;0,00000000
1,47451192;0,00000000;-0,01734744
1,47461592;0,00000000;0,00000000
1,47471992;0,00000000;0,00000000
1,47482392;0,00000000;0,00000000
1,47492792;0,00000000;0,00000000
1,47503192;0,04336860;0,00000000
1,47513592;0,00000000;0,00000000
1,47523992;0,00000000;0,00000000
1,47534392;0,00000000;0,00000000
1,47544792;0,04336860;0,00000000
1,47555192;0,04336860;0,00000000
1,47565592;0,00000000;0,00000000
1,47575992;0,00000000;0,00000000
1,47586392;0,04336860;0,00000000
1,47596792;0,04336860;0,00000000
1,47607192;0,00000000;0,00000000
1,47617592;0,00000000;0,00000000
1,47627992;0,04336860;0,00000000
1,47638392;0,00000000;0,00000000
1,47648792;0,00000000;0,00000000
1,47659192;0,04336860;0,00000000
1,47669592;0,00000000;0,00000000
1,47679992;0,00000000;0,00000000
1,47690392;0,00000000;0,00000000
1,47700792;0,00000000;0,00000000
1,47711192;0,00000000;0,00000000
1,47721592;0,00000000;0,00000000
1,47731992;0,00000000;0,00000000
1,47742392;0,00000000;0,00000000
1,47752792;0,00000000;0,00000000
1,47763192;0,00000000;0,00000000
1,47773592;0,00000000;0,00000000
1,47783992;0,00000000;0,00000000
1,47794392;0,00000000;0,00000000
1,47804792;0,00000000;0,00000000
1,47815192;0,00000000;0,00000000
1,47825592;0,00000000;0,00000000
1,47835992;0,04336860;0,00000000
1,47846392;0,00000000;0,00000000
1,47856792;0,04336860;0,00000000
1,47867192;0,04336860;0,00000000
1,47877592;0,04336860;0,00000000
1,47887992;0,00000000;0,00000000
1,47898392;0,00000000;0,00000000
1,47908792;0,04336860;0,00000000
1,47919192;0,00000000;0,00000000
1,47929592;0,00000000;0,00000000
1,47939992;0,00000000;0,00000000
1,47950392;0,00000000;0,00000000
1,47960792;0,04336860;0,00000000
1,47971192;0,00000000;0,00000000
1,47981592;0,00000000;0,00000000
1,47991992;0,04336860;0,00000000
1,48002392;0,00000000;0,00000000
1,48012792;0,04336860;0,00000000
1,48023192;0,00000000;0,00000000
1,48033592;0,04336860;0,00000000
1,48043992;0,00000000;0,00000000
1,48054392;0,00000000;0,00000000
1,48064792;0,04336860;0,00000000
1,48075192;0,00000000;0,00000000
1,48085592;0,00000000;0,00000000
1,48095992;0,00000000;0,00000000
1,48106392;0,04336860;0,00000000
1,48116792;0,04336860;0,00000000
1,48127192;0,00000000;0,00000000
1,48137592;0,00000000;0,00000000
1,48147992;0,00000000;0,00000000
1,48158392;0,00000000;0,00000000
1,48168792;0,00000000;0,00000000
1,48179192;0,00000000;0,00000000
1,48189592;0,00000000;0,00000000
1,48199992;0,00000000;0,00000000
1,48210392;0,00000000;0,00000000
1,48220792;0,00000000;0,00000000
1,48231192;0,00000000;0,00000000
1,48241592;0,00000000;0,00000000
1,48251992;0,00000000;0,00000000
1,48262392;0,00000000;0,00000000
1,48272792;0,00000000;0,00000000
1,48283192;0,00000000;0,00000000
1,48293592;0,04336860;0,00000000
1,48303992;0,00000000;0,00000000
1,48314392;0,00000000;0,00000000
1,48324792;0,04336860;0,00000000
1,48335192;0,04336860;0,00000000
1,48345592;0,00000000;0,00000000
1,48355992;0,04336860;0,00000000
1,48366392;0,00000000;0,00000000
1,48376792;0,00000000;0,00000000
1,48387192;0,04336860;0,00000000
1,48397592;0,04336860;0,00000000
1,48407992;0,00000000;0,00000000
1,48418392;0,04336860;0,00000000
1,48428792;0,00000000;0,00000000
1,48439192;0,00000000;0,00000000
1,48449592;0,00000000;0,00000000
1,48459992;0,00000000;0,00000000
1,48470392;0,00000000;0,00000000
1,48480792;0,00000000;0,00000000
1,48491192;0,00000000;0,00000000
1,48501592;0,04336860;0,00000000
1,48511992;0,00000000;0,00000000
1,48522392;0,00000000;0,00000000
1,48532792;0,00000000;0,00000000
1,48543192;0,00000000;0,00000000
1,48553592;0,04336860;0,00000000
1,48563992;0,04336860;0,00000000
1,48574392;0,04336860;0,00000000
1,48584792;0,00000000;0,00000000
1,48595192;0,00000000;0,00000000
1,48605592;0,00000000;0,00000000
1,48615992;0,00000000;0,00000000
1,48626392;0,04336860;0,00000000
1,48636792;0,00000000;0,00000000
1,48647192;0,00000000;0,00000000
1,48657592;0,00000000;0,00000000
1,48667992;0,04336860;0,00000000
1,48678392;0,04336860;0,00000000
1,48688792;0,04336860;0,00000000
1,48699192;0,00000000;0,00000000
1,48709592;0,00000000;0,00000000
1,48719992;0,04336860;0,00000000
1,48730392;0,00000000;0,00000000
1,48740792;0,04336860;0,00000000
1,48751192;0,00000000;0,00000000
1,48761592;0,04336860;0,00000000
1,48771992;0,00000000;0,00000000
1,48782392;0,00000000;0,00000000
1,48792792;0,00000000;0,00000000
1,48803192;0,00000000;0,00000000
1,48813592;0,00000000;0,00000000
1,48823992;0,00000000;0,00000000
1,48834392;0,04336860;0,00000000
1,48844792;0,00000000;0,00000000
1,48855192;0,00000000;0,00000000
1,48865592;0,00000000;0,00000000
1,48875992;0,04336860;0,00000000
1,48886392;0,00000000;0,00000000
1,48896792;0,00000000;0,00000000
1,48907192;0,00000000;0,00000000
1,48917592;0,00000000;0,00000000
1,48927992;0,00000000;0,00000000
1,48938392;0,00000000;0,00000000
1,48948792;0,00000000;0,00000000
1,48959192;0,04336860;0,00000000
1,48969592;0,04336860;0,00000000
1,48979992;0,04336860;0,00000000
1,48990392;0,00000000;0,00000000
1,49000792;0,00000000;0,00000000
1,49011192;0,00000000;0,00000000
1,49021592;0,00000000;0,00000000
1,49031992;0,00000000;0,00000000
1,49042392;0,00000000;0,00000000
1,49052792;0,00000000;0,00000000
1,49063192;0,00000000;0,00000000
1,49073592;0,04336860;0,00000000
1,49083992;0,00000000;-0,01734744
1,49094392;0,04336860;0,00000000
1,49104792;0,00000000;0,00000000
1,49115192;0,00000000;0,00000000
1,49125592;0,00000000;-0,01734744
1,49135992;0,00000000;0,00000000
1,49146392;0,00000000;0,00000000
1,49156792;0,00000000;0,00000000
1,49167192;0,00000000;0,00000000
1,49177592;0,00000000;0,00000000
1,49187992;0,00000000;0,00000000
1,49198392;0,00000000;0,00000000
1,49208792;0,00000000;-0,01734744
1,49219192;0,00000000;0,00000000
1,49229592;0,04336860;0,00000000
1,49239992;0,00000000;-0,01734744
1,49250392;0,00000000;0,00000000
1,49260792;0,00000000;0,00000000
1,49271192;0,00000000;0,00000000
1,49281592;0,00000000;0,00000000
1,49291992;0,00000000;0,00000000
1,49302392;0,04336860;0,00000000
1,49312792;0,00000000;0,00000000
1,49323192;0,00000000;0,00000000
1,49333592;0,00000000;0,00000000
1,49343992;0,00000000;0,00000000
1,49354392;0,00000000;0,00000000
1,49364792;0,00000000;0,00000000
1,49375192;0,04336860;0,00000000
1,49385592;0,00000000;0,00000000
1,49395992;0,00000000;0,00000000
1,49406392;0,04336860;0,00000000
1,49416792;0,00000000;0,00000000
1,49427192;0,04336860;0,00000000
1,49437592;0,00000000;0,00000000
1,49447992;0,00000000;0,00000000
1,49458392;0,00000000;0,00000000
1,49468792;0,00000000;0,00000000
1,49479192;0,00000000;0,00000000
1,49489592;0,00000000;0,00000000
1,49499992;0,00000000;-0,01734744
1,49510392;0,04336860;0,00000000
1,49520792;0,00000000;0,00000000
1,49531192;0,04336860;0,00000000
1,49541592;0,00000000;0,00000000
1,49551992;0,00000000;0,00000000
1,49562392;0,00000000;0,00000000
1,49572792;0,00000000;0,00000000
1,49583192;0,00000000;0,00000000
1,49593592;0,00000000;0,00000000
1,49603992;0,04336860;0,00000000
1,49614392;0,00000000;0,00000000
1,49624792;0,00000000;0,00000000
1,49635192;0,00000000;0,00000000
1,49645592;0,00000000;0,00000000
1,49655992;0,00000000;0,00000000
1,49666392;0,00000000;0,00000000
1,49676792;0,00000000;0,00000000
1,49687192;0,00000000;0,00000000
1,49697592;0,00000000;0,00000000
1,49707992;0,04336860;0,00000000
1,49718392;0,00000000;0,00000000
1,49728792;0,00000000;0,00000000
1,49739192;0,04336860;0,00000000
1,49749592;0,00000000;0,00000000
1,49759992;0,00000000;0,00000000
1,49770392;0,00000000;0,00000000
1,49780792;0,04336860;0,00000000
1,49791192;0,00000000;0,00000000
1,49801592;0,00000000;0,00000000
1,49811992;0,00000000;0,00000000
1,49822392;0,00000000;0,00000000
1,49832792;0,00000000;0,00000000
1,49843192;0,00000000;0,00000000
1,49853592;0,00000000;0,00000000
1,49863992;0,00000000;0,00000000
1,49874392;0,00000000;0,00000000
1,49884792;0,00000000;0,00000000
1,49895192;0,00000000;0,00000000
1,49905592;0,00000000;0,00000000
1,49915992;0,00000000;0,00000000
1,49926392;0,00000000;0,00000000
1,49936792;0,00000000;0,00000000
1,49947192;0,00000000;0,00000000
1,49957592;0,04336860;0,00000000
1,49967992;0,00000000;0,00000000
1,49978392;0,00000000;0,00000000
1,49988792;0,00000000;0,00000000
1,49999192;0,00000000;0,00000000
1,50009592;0,00000000;0,00000000
1,50019992;0,00000000;0,00000000
1,50030392;0,00000000;0,00000000
1,50040792;0,00000000;0,00000000
1,50051192;0,04336860;0,00000000
1,50061592;0,00000000;0,00000000
1,50071992;0,00000000;0,00000000
1,50082392;0,00000000;0,00000000
1,50092792;0,00000000;0,00000000
1,50103192;0,00000000;0,00000000
1,50113592;0,04336860;0,00000000
1,50123992;0,00000000;0,00000000
1,50134392;0,04336860;0,00000000
1,50144792;0,00000000;0,00000000
1,50155192;-0,04336860;0,00000000
1,50165592;0,04336860;0,00000000
1,50175992;0,00000000;0,00000000
1,50186392;0,00000000;0,00000000
1,50196792;0,00000000;0,00000000
1,50207192;0,04336860;0,00000000
1,50217592;0,00000000;0,00000000
1,50227992;0,00000000;-0,01734744
1,50238392;0,00000000;-0,01734744
1,50248792;0,00000000;0,00000000
1,50259192;0,04336860;0,00000000
1,50269592;0,04336860;0,00000000
1,50279992;0,00000000;0,00000000
1,50290392;0,00000000;0,00000000
1,50300792;0,00000000;0,00000000
1,50311192;0,00000000;0,00000000
1,50321592;0,04336860;0,00000000
1,50331992;0,00000000;0,00000000
1,50342392;0,00000000;0,00000000
1,50352792;0,00000000;0,00000000
1,50363192;0,00000000;-0,01734744
1,50373592;0,00000000;0,00000000
1,50383992;0,00000000;0,00000000
1,50394392;0,04336860;0,00000000
1,50404792;0,00000000;-0,01734744
1,50415192;0,04336860;0,00000000
1,50425592;0,00000000;0,00000000
1,50435992;0,00000000;-0,01734744
1,50446392;0,00000000;0,00000000
1,50456792;0,00000000;0,00000000
1,50467192;0,00000000;0,00000000
1,50477592;0,00000000;0,00000000
1,50487992;0,00000000;0,00000000
1,50498392;0,04336860;0,00000000
1,50508792;0,04336860;0,00000000
1,50519192;0,00000000;0,00000000
1,50529592;0,00000000;0,00000000
1,50539992;0,00000000;-0,01734744
1,50550392;0,00000000;0,00000000
1,50560792;0,00000000;0,00000000
1,50571192;0,04336860;0,00000000
1,50581592;0,00000000;0,00000000
1,50591992;0,00000000;0,00000000
1,50602392;0,00000000;0,00000000
1,50612792;0,00000000;0,00000000
1,50623192;0,00000000;0,00000000
1,50633592;0,04336860;0,00000000
1,50643992;0,00000000;0,00000000
1,50654392;0,04336860;0,00000000
1,50664792;0,00000000;0,00000000
1,50675192;0,00000000;0,00000000
1,50685592;0,00000000;0,00000000
1,50695992;0,04336860;0,00000000
1,50706392;0,00000000;0,00000000
1,50716792;0,00000000;0,00000000
1,50727192;0,04336860;-0,01734744
1,50737592;0,04336860;0,00000000
1,50747992;0,00000000;0,00000000
1,50758392;0,00000000;0,00000000
1,50768792;0,00000000;0,00000000
1,50779192;0,04336860;0,00000000
1,50789592;0,00000000;0,00000000
1,50799992;0,04336860;0,00000000
1,50810392;0,00000000;0,00000000
1,50820792;0,00000000;0,00000000
1,50831192;0,00000000;0,00000000
1,50841592;0,00000000;0,00000000
1,50851992;0,04336860;0,00000000
1,50862392;0,00000000;0,00000000
1,50872792;0,00000000;0,00000000
1,50883192;0,00000000;0,00000000
1,50893592;0,00000000;0,00000000
1,50903992;0,00000000;0,00000000
1,50914392;0,00000000;0,00000000
1,50924792;0,04336860;0,00000000
1,50935192;0,00000000;0,00000000
1,50945592;0,00000000;0,00000000
1,50955992;0,00000000;0,00000000
1,50966392;0,00000000;0,00000000
1,50976792;0,00000000;0,00000000
1,50987192;0,04336860;0,00000000
1,50997592;0,04336860;0,00000000
1,51007992;0,00000000;0,00000000
1,51018392;0,00000000;0,00000000
1,51028792;0,00000000;0,00000000
1,51039192;0,00000000;0,00000000
1,51049592;0,04336860;0,00000000
1,51059992;0,04336860;0,00000000
1,51070392;0,00000000;0,00000000
1,51080792;0,00000000;0,00000000
1,51091192;0,04336860;0,00000000
1,51101592;0,04336860;0,00000000
1,51111992;0,04336860;0,00000000
1,51122392;0,04336860;0,00000000
1,51132792;0,00000000;0,00000000
1,51143192;0,00000000;0,00000000
1,51153592;0,00000000;0,00000000
1,51163992;0,00000000;0,00000000
1,51174392;0,00000000;-0,01734744
1,51184792;0,04336860;0,00000000
1,51195192;0,00000000;0,00000000
1,51205592;0,04336860;0,00000000
1,51215992;0,00000000;0,00000000
1,51226392;0,00000000;0,00000000
1,51236792;0,00000000;0,00000000
1,51247192;0,00000000;0,00000000
1,51257592;0,00000000;0,00000000
1,51267992;0,00000000;0,00000000
1,51278392;0,00000000;0,00000000
1,51288792;0,00000000;0,00000000
1,51299192;0,04336860;0,00000000
1,51309592;0,00000000;0,00000000
1,51319992;0,04336860;0,00000000
1,51330392;0,00000000;0,00000000
1,51340792;0,04336860;0,00000000
1,51351192;0,00000000;0,00000000
1,51361592;0,00000000;0,00000000
1,51371992;0,00000000;0,00000000
1,51382392;0,00000000;0,00000000
1,51392792;0,00000000;0,00000000
1,51403192;0,00000000;0,00000000
1,51413592;0,00000000;0,00000000
1,51423992;0,00000000;0,00000000
1,51434392;0,00000000;0,00000000
1,51444792;0,00000000;0,00000000
1,51455192;0,00000000;0,00000000
1,51465592;0,00000000;0,00000000
1,51475992;0,04336860;0,00000000
1,51486392;0,00000000;0,00000000
1,51496792;0,00000000;0,00000000
1,51507192;0,00000000;0,00000000
1,51517592;0,00000000;0,00000000
1,51527992;0,00000000;0,00000000
1,51538392;0,00000000;0,00000000
1,51548792;0,00000000;0,00000000
1,51559192;0,00000000;0,00000000
1,51569592;0,00000000;0,00000000
1,51579992;0,04336860;0,00000000
1,51590392;0,00000000;0,00000000
1,51600792;0,04336860;0,00000000
1,51611192;0,04336860;0,00000000
1,51621592;0,00000000;0,00000000
1,51631992;0,00000000;0,00000000
1,51642392;0,04336860;0,00000000
1,51652792;0,00000000;0,00000000
1,51663192;0,00000000;0,00000000
1,51673592;0,00000000;0,00000000
1,51683992;0,04336860;0,00000000
1,51694392;0,00000000;0,00000000
1,51704792;0,00000000;0,00000000
1,51715192;0,04336860;0,00000000
1,51725592;0,00000000;0,00000000
1,51735992;0,00000000;0,00000000
1,51746392;0,00000000;0,00000000
1,51756792;0,00000000;0,00000000
1,51767192;0,00000000;0,00000000
1,51777592;0,04336860;0,00000000
1,51787992;0,00000000;0,00000000
1,51798392;0,00000000;0,00000000
1,51808792;0,04336860;0,00000000
1,51819192;0,00000000;0,00000000
1,51829592;0,00000000;0,00000000
1,51839992;0,00000000;0,00000000
1,51850392;0,00000000;0,00000000
1,51860792;0,04336860;0,00000000
1,51871192;0,00000000;0,00000000
1,51881592;0,00000000;0,00000000
1,51891992;0,00000000;0,00000000
1,51902392;0,04336860;0,00000000
1,51912792;0,00000000;0,00000000
1,51923192;0,00000000;0,00000000
1,51933592;0,00000000;0,00000000
1,51943992;0,00000000;0,00000000
1,51954392;0,00000000;0,00000000
1,51964792;0,00000000;0,00000000
1,51975192;0,00000000;0,00000000
1,51985592;0,00000000;0,00000000
1,51995992;0,00000000;0,00000000
1,52006392;0,00000000;0,00000000
1,52016792;0,00000000;0,00000000
1,52027192;0,04336860;0,00000000
1,52037592;0,00000000;0,00000000
1,52047992;0,04336860;0,00000000
1,52058392;0,04336860;0,00000000
1,52068792;0,04336860;0,00000000
1,52079192;0,00000000;0,00000000
1,52089592;0,00000000;0,00000000
1,52099992;0,00000000;0,00000000
1,52110392;0,00000000;0,00000000
1,52120792;0,00000000;0,00000000
1,52131192;0,04336860;0,00000000
1,52141592;0,00000000;0,00000000
1,52151992;0,04336860;0,00000000
1,52162392;0,00000000;0,00000000
1,52172792;0,00000000;0,00000000
1,52183192;0,04336860;0,00000000
1,52193592;0,00000000;0,00000000
1,52203992;0,04336860;0,00000000
1,52214392;0,00000000;0,00000000
1,52224792;0,00000000;0,00000000
1,52235192;0,00000000;0,00000000
1,52245592;0,00000000;0,00000000
1,52255992;0,04336860;0,00000000
1,52266392;0,00000000;0,00000000
1,52276792;0,00000000;0,00000000
1,52287192;0,00000000;0,00000000
1,52297592;0,00000000;0,00000000
1,52307992;0,04336860;0,00000000
1,52318392;0,00000000;0,00000000
1,52328792;0,00000000;0,00000000
1,52339192;0,00000000;0,00000000
1,52349592;0,00000000;0,00000000
1,52359992;0,00000000;0,00000000
1,52370392;0,00000000;0,00000000
1,52380792;0,00000000;0,00000000
1,52391192;0,00000000;0,00000000
1,52401592;0,00000000;0,00000000
1,52411992;0,00000000;0,00000000
1,52422392;0,00000000;0,00000000
1,52432792;0,00000000;-0,01734744
1,52443192;0,00000000;0,00000000
1,52453592;0,00000000;0,00000000
1,52463992;0,04336860;0,00000000
1,52474392;0,00000000;0,00000000
1,52484792;0,00000000;0,00000000
1,52495192;0,00000000;0,00000000
1,52505592;0,04336860;0,00000000
1,52515992;0,04336860;0,00000000
1,52526392;0,00000000;0,00000000
1,52536792;0,00000000;0,00000000
1,52547192;0,04336860;0,00000000
1,52557592;0,04336860;0,00000000
1,52567992;0,00000000;0,00000000
1,52578392;0,00000000;0,00000000
1,52588792;0,00000000;0,00000000
1,52599192;0,04336860;0,00000000
1,52609592;0,00000000;0,00000000
1,52619992;0,00000000;0,00000000
1,52630392;0,00000000;0,00000000
1,52640792;0,00000000;0,00000000
1,52651192;0,00000000;0,00000000
1,52661592;0,04336860;0,00000000
1,52671992;0,04336860;0,00000000
1,52682392;0,00000000;0,00000000
1,52692792;0,04336860;0,00000000
1,52703192;0,00000000;0,00000000
1,52713592;0,04336860;0,00000000
1,52723992;0,04336860;0,00000000
1,52734392;0,00000000;0,00000000
1,52744792;0,00000000;0,00000000
1,52755192;0,00000000;0,00000000
1,52765592;0,00000000;0,00000000
1,52775992;0,00000000;0,00000000
1,52786392;0,00000000;0,00000000
1,52796792;0,00000000;0,00000000
1,52807192;0,00000000;0,00000000
1,52817592;0,00000000;0,00000000
1,52827992;0,00000000;-0,01734744
1,52838392;0,00000000;0,00000000
1,52848792;0,00000000;0,00000000
1,52859192;0,04336860;0,00000000
1,52869592;0,00000000;0,00000000
1,52879992;0,04336860;0,00000000
1,52890392;0,00000000;-0,01734744
1,52900792;0,04336860;0,00000000
1,52911192;0,00000000;0,00000000
1,52921592;0,00000000;0,00000000
1,52931992;0,00000000;0,00000000
1,52942392;0,00000000;0,00000000
1,52952792;0,00000000;0,00000000
1,52963192;0,04336860;0,00000000
1,52973592;0,00000000;0,00000000
1,52983992;0,00000000;0,00000000
1,52994392;0,04336860;0,00000000
1,53004792;0,00000000;0,00000000
1,53015192;0,04336860;0,00000000
1,53025592;0,00000000;0,00000000
1,53035992;0,00000000;0,00000000
1,53046392;0,00000000;0,00000000
1,53056792;0,00000000;0,00000000
1,53067192;0,00000000;0,00000000
1,53077592;0,00000000;0,00000000
1,53087992;0,00000000;0,00000000
1,53098392;0,00000000;0,00000000
1,53108792;0,04336860;0,00000000
1,53119192;0,04336860;0,00000000
1,53129592;0,00000000;0,00000000
1,53139992;0,00000000;0,00000000
1,53150392;0,00000000;0,00000000
1,53160792;0,00000000;0,00000000
1,53171192;0,00000000;0,00000000
1,53181592;0,04336860;0,00000000
1,53191992;0,04336860;0,00000000
1,53202392;0,00000000;0,00000000
1,53212792;0,00000000;0,00000000
1,53223192;0,00000000;0,00000000
1,53233592;0,00000000;0,00000000
1,53243992;0,00000000;-0,01734744
1,53254392;0,00000000;0,00000000
1,53264792;0,00000000;0,00000000
1,53275192;0,00000000;0,00000000
1,53285592;0,04336860;0,00000000
1,53295992;0,04336860;0,00000000
1,53306392;0,04336860;0,00000000
1,53316792;0,04336860;0,00000000
1,53327192;0,00000000;0,00000000
1,53337592;0,00000000;-0,01734744
1,53347992;0,00000000;0,00000000
1,53358392;0,00000000;0,00000000
1,53368792;0,00000000;0,00000000
1,53379192;0,00000000;0,00000000
1,53389592;0,00000000;0,00000000
1,53399992;0,00000000;0,00000000
1,53410392;0,04336860;0,00000000
1,53420792;0,00000000;0,00000000
1,53431192;0,00000000;0,00000000
1,53441592;0,00000000;0,00000000
1,53451992;0,00000000;0,00000000
1,53462392;0,04336860;0,00000000
1,53472792;0,04336860;0,00000000
1,53483192;0,00000000;0,00000000
1,53493592;0,00000000;0,00000000
1,53503992;0,00000000;0,00000000
1,53514392;0,00000000;0,00000000
1,53524792;0,00000000;0,00000000
1,53535192;0,00000000;0,00000000
1,53545592;0,00000000;0,00000000
1,53555992;0,00000000;0,00000000
1,53566392;0,00000000;0,00000000
1,53576792;0,00000000;0,00000000
1,53587192;0,00000000;0,00000000
1,53597592;0,00000000;-0,01734744
1,53607992;0,04336860;0,00000000
1,53618392;0,04336860;0,00000000
1,53628792;0,04336860;0,00000000
1,53639192;0,00000000;0,00000000
1,53649592;0,00000000;0,00000000
1,53659992;0,00000000;0,00000000
1,53670392;0,00000000;0,00000000
1,53680792;0,00000000;0,00000000
1,53691192;0,00000000;0,00000000
1,53701592;0,00000000;0,00000000
1,53711992;0,00000000;0,00000000
1,53722392;0,00000000;-0,01734744
1,53732792;0,04336860;0,00000000
1,53743192;0,04336860;0,00000000
1,53753592;0,00000000;0,00000000
1,53763992;0,00000000;0,00000000
1,53774392;0,00000000;0,00000000
1,53784792;0,04336860;0,00000000
1,53795192;0,00000000;0,00000000
1,53805592;0,00000000;0,00000000
1,53815992;0,00000000;0,00000000
1,53826392;0,00000000;0,00000000
1,53836792;0,00000000;0,00000000
1,53847192;0,04336860;0,00000000
1,53857592;0,00000000;0,00000000
1,53867992;0,00000000;0,00000000
1,53878392;0,00000000;0,00000000
1,53888792;0,04336860;0,00000000
1,53899192;0,04336860;0,00000000
1,53909592;0,00000000;0,00000000
1,53919992;0,00000000;0,00000000
1,53930392;0,04336860;0,00000000
1,53940792;0,04336860;0,00000000
1,53951192;0,00000000;0,00000000
1,53961592;0,00000000;0,00000000
1,53971992;0,00000000;0,00000000
1,53982392;0,00000000;0,00000000
1,53992792;0,00000000;0,00000000
1,54003192;0,00000000;0,00000000
1,54013592;0,00000000;0,00000000
1,54023992;0,00000000;0,00000000
1,54034392;0,00000000;0,00000000
1,54044792;0,00000000;0,00000000
1,54055192;0,00000000;0,00000000
1,54065592;0,00000000;0,00000000
1,54075992;0,00000000;0,00000000
1,54086392;0,00000000;0,00000000
1,54096792;0,00000000;0,00000000
1,54107192;0,00000000;0,00000000
1,54117592;0,00000000;0,00000000
1,54127992;0,00000000;0,00000000
1,54138392;0,04336860;-0,01734744
1,54148792;0,00000000;-0,01734744
1,54159192;0,00000000;0,00000000
1,54169592;0,00000000;0,00000000
1,54179992;0,04336860;0,00000000
1,54190392;0,00000000;0,00000000
1,54200792;0,00000000;0,00000000
1,54211192;0,00000000;0,00000000
1,54221592;0,00000000;0,00000000
1,54231992;0,00000000;0,00000000
1,54242392;0,00000000;0,00000000
1,54252792;0,00000000;0,00000000
1,54263192;0,00000000;0,00000000
1,54273592;0,00000000;0,00000000
1,54283992;0,04336860;0,00000000
1,54294392;0,00000000;0,00000000
1,54304792;0,04336860;0,00000000
1,54315192;0,00000000;0,00000000
1,54325592;0,00000000;0,00000000
1,54335992;0,00000000;0,00000000
1,54346392;0,00000000;0,00000000
1,54356792;0,00000000;0,00000000
1,54367192;0,04336860;0,00000000
1,54377592;0,00000000;0,00000000
1,54387992;0,00000000;0,00000000
1,54398392;0,04336860;0,00000000
1,54408792;0,04336860;0,00000000
1,54419192;0,00000000;0,00000000
1,54429592;0,00000000;0,00000000
1,54439992;0,00000000;0,00000000
1,54450392;0,00000000;-0,01734744
1,54460792;0,04336860;0,00000000
1,54471192;0,00000000;0,00000000
1,54481592;0,04336860;0,00000000
1,54491992;0,00000000;0,00000000
1,54502392;0,00000000;0,00000000
1,54512792;0,04336860;0,00000000
1,54523192;0,00000000;0,00000000
1,54533592;0,00000000;0,00000000
1,54543992;0,04336860;0,00000000
1,54554392;0,00000000;0,00000000
1,54564792;0,04336860;0,00000000
1,54575192;0,00000000;0,00000000
1,54585592;0,04336860;0,00000000
1,54595992;0,00000000;0,00000000
1,54606392;0,04336860;0,00000000
1,54616792;3,26233387;0,00000000
1,54627192;3,95823073;0,00000000
1,54637592;3,87133980;0,00000000
1,54647992;3,78429508;0,00000000
1,54658392;3,87133980;0,00000000
1,54668792;3,82781744;0,00000000
1,54679192;3,82781744;0,00000000
1,54689592;3,82781744;0,00000000
1,54699992;3,82781744;0,00000000
1,54710392;3,82781744;0,00000000
1,54720792;3,78429508;0,00000000
1,54731192;3,82781744;0,00000000
1,54741592;3,78429508;0,00000000
1,54751992;3,82781744;0,00000000
1,54762392;3,78429508;0,00000000
1,54772792;3,78429508;0,00000000
1,54783192;3,82781744;0,00000000
1,54793592;3,82781744;0,00000000
1,54803992;3,78429508;0,00000000
1,54814392;3,82781744;0,00000000
1,54824792;3,82781744;0,00000000
1,54835192;3,82781744;0,00000000
1,54845592;3,82781744;0,00000000
1,54855992;3,82781744;0,00000000
1,54866392;3,78429508;0,00000000
1,54876792;3,82781744;0,00000000
1,54887192;3,82781744;0,00000000
1,54897592;3,78429508;0,00000000
1,54907992;3,82781744;0,00000000
1,54918392;3,78429508;0,00000000
1,54928792;3,78429508;0,00000000
1,54939192;3,82781744;0,00000000
1,54949592;3,78429508;0,00000000
1,54959992;3,78429508;0,00000000
1,54970392;3,82781744;0,00000000
1,54980792;3,78429508;0,00000000
1,54991192;3,78429508;0,00000000
1,55001592;3,82781744;0,00000000
1,55011992;3,78429508;0,00000000
1,55022392;3,78429508;0,00000000
1,55032792;3,78429508;0,00000000
1,55043192;3,78429508;0,00000000
1,55053592;3,78429508;0,00000000
1,55063992;3,78429508;0,00000000
1,55074392;3,78429508;0,00000000
1,55084792;3,82781744;0,00000000
1,55095192;3,82781744;0,00000000
1,55105592;3,78429508;0,00000000
1,55115992;3,78429508;0,00000000
1,55126392;3,82781744;0,00000000
1,55136792;3,78429508;0,00000000
1,55147192;3,82781744;0,00000000
1,55157592;3,82781744;0,00000000
1,55167992;3,82781744;0,00000000
1,55178392;3,78429508;0,00000000
1,55188792;3,82781744;0,00000000
1,55199192;3,78429508;0,00000000
1,55209592;3,78429508;0,00000000
1,55219992;3,78429508;0,00000000
1,55230392;3,78429508;0,01734744
1,55240792;3,78429508;0,00000000
1,55251192;3,78429508;0,00000000
1,55261592;3,78429508;0,00000000
1,55271992;3,82781744;0,00000000
1,55282392;3,78429508;0,00000000
1,55292792;3,78429508;0,00000000
1,55303192;3,82781744;0,00000000
1,55313592;3,82781744;0,00000000
1,55323992;3,82781744;0,00000000
1,55334392;3,82781744;0,00000000
1,55344792;3,82781744;0,00000000
1,55355192;3,82781744;0,00000000
1,55365592;3,78429508;0,00000000
1,55375992;3,82781744;0,00000000
1,55386392;3,82781744;0,00000000
1,55396792;3,82781744;0,00000000
1,55407192;3,78429508;0,00000000
1,55417592;3,82781744;0,00000000
1,55427992;3,78429508;0,00000000
1,55438392;3,78429508;0,00000000
1,55448792;3,82781744;0,00000000
1,55459192;3,78429508;0,00000000
1,55469592;3,78429508;0,00000000
1,55479992;3,82781744;0,00000000
1,55490392;3,82781744;0,00000000
1,55500792;3,78429508;0,00000000
1,55511192;3,78429508;0,00000000
1,55521592;3,82781744;0,00000000
1,55531992;3,78429508;0,00000000
1,55542392;3,78429508;0,00000000
1,55552792;3,78429508;0,00000000
1,55563192;3,82781744;0,00000000
1,55573592;3,78429508;0,00000000
1,55583992;3,78429508;0,00000000
1,55594392;3,82781744;0,00000000
1,55604792;3,82781744;0,00000000
1,55615192;3,82781744;0,00000000
1,55625592;3,78429508;0,00000000
1,55635992;3,78429508;0,00000000
1,55646392;3,82781744;0,00000000
1,55656792;3,78429508;0,00000000
1,55667192;3,82781744;0,00000000
1,55677592;3,78429508;0,00000000
1,55687992;3,78429508;0,00000000
1,55698392;3,78429508;0,00000000
1,55708792;3,82781744;0,00000000
1,55719192;3,78429508;0,00000000
1,55729592;3,82781744;0,00000000
1,55739992;3,78429508;0,00000000
1,55750392;3,82781744;0,00000000
1,55760792;3,82781744;0,00000000
1,55771192;3,78429508;0,00000000
1,55781592;3,82781744;0,00000000
1,55791992;3,82781744;0,00000000
1,55802392;3,78429508;0,00000000
1,55812792;3,82781744;0,00000000
1,55823192;3,78429508;0,00000000
1,55833592;3,78429508;0,00000000
1,55843992;3,82781744;0,00000000
1,55854392;3,78429508;0,00000000
1,55864792;3,82781744;0,00000000
1,55875192;3,82781744;0,00000000
1,55885592;3,78429508;0,00000000
1,55895992;3,82781744;0,00000000
1,55906392;3,82781744;0,00000000
1,55916792;3,78429508;0,00000000
1,55927192;3,78429508;0,00000000
1,55937592;3,82781744;0,00000000
1,55947992;3,82781744;0,00000000
1,55958392;3,82781744;0,00000000
1,55968792;3,82781744;0,00000000
1,55979192;3,78429508;0,00000000
1,55989592;3,82781744;0,00000000
1,55999992;3,82781744;0,00000000
1,56010392;3,82781744;0,00000000
1,56020792;3,82781744;0,00000000
1,56031192;3,78429508;0,00000000
1,56041592;3,82781744;0,00000000
1,56051992;3,78429508;0,00000000
1,56062392;3,82781744;0,00000000
1,56072792;3,78429508;0,00000000
1,56083192;3,82781744;0,00000000
1,56093592;3,82781744;0,00000000
1,56103992;3,78429508;0,00000000
1,56114392;3,78429508;0,00000000
1,56124792;3,78429508;0,00000000
1,56135192;3,82781744;0,00000000
1,56145592;3,82781744;0,00000000
1,56155992;3,82781744;0,00000000
1,56166392;3,78429508;0,00000000
1,56176792;3,82781744;0,00000000
1,56187192;3,82781744;0,00000000
1,56197592;3,78429508;0,00000000
1,56207992;3,82781744;0,00000000
1,56218392;3,82781744;0,00000000
1,56228792;3,82781744;0,00000000
1,56239192;3,82781744;0,00000000
1,56249592;3,78429508;0,00000000
1,56259992;3,82781744;0,00000000
1,56270392;3,78429508;0,00000000
1,56280792;3,82781744;0,00000000
1,56291192;3,82781744;0,00000000
1,56301592;3,82781744;0,00000000
1,56311992;3,82781744;0,00000000
1,56322392;3,78429508;0,00000000
1,56332792;3,82781744;0,00000000
1,56343192;3,82781744;0,00000000
1,56353592;3,78429508;0,00000000
1,56363992;3,78429508;0,00000000
1,56374392;3,82781744;0,00000000
1,56384792;3,82781744;0,00000000
1,56395192;3,82781744;0,01734744
1,56405592;3,78429508;0,00000000
1,56415992;3,82781744;0,00000000
1,56426392;3,78429508;0,00000000
1,56436792;3,82781744;0,00000000
1,56447192;3,78429508;0,00000000
1,56457592;3,78429508;0,00000000
1,56467992;3,78429508;0,00000000
1,56478392;3,78429508;0,00000000
1,56488792;3,82781744;0,00000000
1,56499192;3,82781744;0,00000000
1,56509592;3,82781744;0,00000000
1,56519992;3,78429508;0,00000000
1,56530392;3,82781744;0,00000000
1,56540792;3,78429508;0,00000000
1,56551192;3,78429508;0,00000000
1,56561592;3,78429508;0,00000000
1,56571992;3,82781744;0,00000000
1,56582392;3,82781744;0,00000000
1,56592792;3,82781744;0,00000000
1,56603192;3,78429508;0,00000000
1,56613592;3,78429508;0,00000000
1,56623992;3,78429508;0,00000000
1,56634392;3,82781744;0,00000000
1,56644792;3,82781744;0,00000000
1,56655192;3,78429508;0,00000000
1,56665592;3,82781744;0,00000000
1,56675992;3,82781744;0,01734744
1,56686392;3,82781744;0,00000000
1,56696792;3,82781744;0,00000000
1,56707192;3,82781744;0,00000000
1,56717592;3,78429508;0,00000000
1,56727992;3,82781744;0,00000000
1,56738392;3,78429508;0,00000000
1,56748792;3,78429508;0,00000000
1,56759192;3,78429508;0,00000000
1,56769592;3,78429508;0,00000000
1,56779992;3,78429508;0,00000000
1,56790392;3,82781744;0,00000000
1,56800792;3,82781744;0,00000000
1,56811192;3,78429508;0,00000000
1,56821592;3,78429508;0,00000000
1,56831992;3,82781744;0,00000000
1,56842392;3,78429508;0,00000000
1,56852792;3,82781744;0,00000000
1,56863192;3,78429508;0,00000000
1,56873592;3,82781744;0,00000000
1,56883992;3,82781744;0,00000000
1,56894392;3,78429508;0,00000000
1,56904792;3,82781744;0,00000000
1,56915192;3,78429508;0,00000000
1,56925592;3,82781744;0,00000000
1,56935992;3,82781744;0,00000000
1,56946392;3,78429508;0,00000000
1,56956792;3,78429508;0,00000000
1,56967192;3,78429508;0,00000000
1,56977592;3,78429508;0,00000000
1,56987992;3,78429508;0,00000000
1,56998392;3,78429508;0,00000000
1,57008792;3,82781744;0,00000000
1,57019192;3,78429508;0,00000000
1,57029592;3,82781744;0,00000000
1,57039992;3,82781744;0,00000000
1,57050392;3,78429508;0,00000000
1,57060792;3,82781744;0,00000000
1,57071192;3,78429508;0,00000000
1,57081592;3,78429508;0,00000000
1,57091992;3,78429508;0,00000000
1,57102392;3,82781744;0,00000000
1,57112792;3,82781744;0,00000000
1,57123192;3,78429508;0,00000000
1,57133592;3,78429508;0,00000000
1,57143992;3,78429508;0,00000000
1,57154392;3,82781744;0,00000000
1,57164792;3,78429508;0,00000000
1,57175192;3,82781744;0,00000000
1,57185592;3,78429508;0,00000000
1,57195992;3,82781744;0,00000000
1,57206392;3,78429508;0,00000000
1,57216792;3,82781744;0,00000000
1,57227192;3,82781744;0,00000000
1,57237592;3,82781744;0,00000000
1,57247992;3,82781744;0,00000000
1,57258392;3,82781744;0,00000000
1,57268792;3,82781744;0,00000000
1,57279192;3,82781744;0,00000000
1,57289592;3,82781744;0,00000000
1,57299992;3,82781744;0,00000000
1,57310392;3,82781744;0,00000000
1,57320792;3,78429508;0,00000000
1,57331192;3,82781744;0,00000000
1,57341592;3,78429508;0,00000000
1,57351992;3,78429508;0,00000000
1,57362392;3,82781744;0,00000000
1,57372792;3,82781744;0,00000000
1,57383192;3,78429508;0,00000000
1,57393592;3,82781744;0,00000000
1,57403992;3,82781744;0,00000000
1,57414392;3,82781744;0,00000000
1,57424792;3,82781744;0,00000000
1,57435192;3,82781744;0,00000000
1,57445592;3,82781744;0,00000000
1,57455992;3,82781744;0,00000000
1,57466392;3,82781744;0,00000000
1,57476792;3,82781744;0,00000000
1,57487192;3,78429508;0,00000000
1,57497592;3,82781744;0,00000000
1,57507992;3,78429508;0,00000000
1,57518392;3,82781744;0,00000000
1,57528792;3,78429508;0,00000000
1,57539192;3,78429508;0,00000000
1,57549592;3,82781744;0,00000000
1,57559992;3,82781744;0,00000000
1,57570392;3,82781744;0,00000000
1,57580792;3,82781744;0,00000000
1,57591192;3,82781744;0,00000000
1,57601592;3,82781744;0,00000000
1,57611992;3,78429508;0,00000000
1,57622392;3,82781744;0,00000000
1,57632792;3,82781744;0,00000000
1,57643192;3,82781744;0,00000000
1,57653592;3,78429508;0,00000000
1,57663992;3,82781744;0,00000000
1,57674392;3,82781744;0,00000000
1,57684792;3,82781744;0,00000000
1,57695191;3,82781744;0,00000000
1,57705591;3,82781744;0,00000000
1,57715991;3,82781744;0,00000000
1,57726391;3,82781744;0,00000000
1,57736791;3,82781744;0,00000000
1,57747191;3,78429508;0,00000000
1,57757591;3,82781744;0,00000000
1,57767991;3,82781744;0,00000000
1,57778391;3,82781744;0,00000000
1,57788791;3,82781744;0,00000000
1,57799191;3,82781744;0,00000000
1,57809591;3,82781744;0,00000000
1,57819991;3,78429508;0,00000000
1,57830391;3,78429508;0,00000000
1,57840791;3,82781744;0,00000000
1,57851191;3,82781744;0,00000000
1,57861591;3,78429508;0,00000000
1,57871991;3,78429508;0,00000000
1,57882391;3,78429508;0,00000000
1,57892791;3,78429508;0,00000000
1,57903191;3,78429508;0,00000000
1,57913591;3,82781744;0,00000000
1,57923991;3,78429508;0,00000000
1,57934391;3,82781744;0,00000000
1,57944791;3,78429508;0,00000000
1,57955191;3,82781744;0,00000000
1,57965591;3,78429508;0,00000000
1,57975991;3,82781744;0,00000000
1,57986391;3,82781744;0,00000000
1,57996791;3,82781744;0,00000000
1,58007191;3,82781744;0,00000000
1,58017591;3,82781744;0,00000000
1,58027991;3,78429508;0,00000000
1,58038391;3,78429508;0,00000000
1,58048791;3,82781744;0,00000000
1,58059191;3,82781744;0,00000000
1,58069591;3,82781744;0,00000000
1,58079991;3,82781744;0,00000000
1,58090391;3,78429508;0,00000000
1,58100791;3,82781744;0,00000000
1,58111191;3,78429508;0,00000000
1,58121591;3,82781744;0,00000000
1,58131991;3,78429508;0,00000000
1,58142391;3,82781744;0,00000000
1,58152791;3,82781744;0,00000000
1,58163191;3,82781744;0,00000000
1,58173591;3,82781744;0,00000000
1,58183991;3,82781744;0,00000000
1,58194391;3,82781744;0,00000000
1,58204791;3,78429508;0,00000000
1,58215191;3,82781744;0,00000000
1,58225591;3,82781744;0,00000000
1,58235991;3,82781744;0,00000000
1,58246391;3,82781744;0,00000000
1,58256791;3,82781744;0,00000000
1,58267191;3,82781744;0,00000000
1,58277591;3,82781744;0,00000000
1,58287991;3,82781744;0,00000000
1,58298391;3,82781744;0,00000000
1,58308791;3,78429508;0,00000000
1,58319191;3,78429508;0,00000000
1,58329591;3,82781744;0,00000000
1,58339991;3,82781744;0,00000000
1,58350391;3,82781744;0,00000000
1,58360791;3,82781744;0,00000000
1,58371191;3,82781744;0,00000000
1,58381591;3,78429508;0,00000000
1,58391991;3,82781744;0,00000000
1,58402391;3,78429508;0,00000000
1,58412791;3,82781744;0,00000000
1,58423191;3,82781744;0,00000000
1,58433591;3,82781744;0,00000000
1,58443991;3,82781744;0,00000000
1,58454391;3,82781744;0,00000000
1,58464791;3,82781744;0,00000000
1,58475191;3,82781744;0,00000000
1,58485591;3,78429508;0,00000000
1,58495991;3,82781744;0,00000000
1,58506391;3,82781744;0,00000000
1,58516791;3,78429508;0,00000000
1,58527191;3,78429508;0,00000000
1,58537591;3,78429508;0,00000000
1,58547991;3,78429508;0,00000000
1,58558391;3,78429508;0,00000000
1,58568791;3,82781744;0,00000000
1,58579191;3,78429508;0,00000000
1,58589591;3,82781744;0,00000000
1,58599991;3,78429508;0,00000000
1,58610391;3,78429508;0,00000000
1,58620791;3,78429508;0,00000000
1,58631191;3,82781744;0,00000000
1,58641591;3,82781744;0,00000000
1,58651991;3,78429508;0,00000000
1,58662391;3,78429508;0,00000000
1,58672791;3,82781744;0,00000000
1,58683191;3,82781744;0,01734744
1,58693591;3,78429508;0,00000000
1,58703991;3,82781744;0,00000000
1,58714391;3,78429508;0,00000000
1,58724791;3,82781744;0,00000000
1,58735191;3,82781744;0,00000000
1,58745591;3,82781744;0,00000000
1,58755991;3,82781744;0,00000000
1,58766391;3,82781744;0,00000000
1,58776791;3,82781744;0,00000000
1,58787191;3,78429508;0,00000000
1,58797591;3,82781744;0,00000000
1,58807991;3,82781744;0,00000000
1,58818391;3,82781744;0,00000000
1,58828791;3,78429508;0,00000000
1,58839191;3,78429508;0,00000000
1,58849591;3,82781744;0,00000000
1,58859991;3,78429508;0,00000000
1,58870391;3,78429508;0,00000000
1,58880791;3,82781744;0,00000000
1,58891191;3,82781744;0,00000000
1,58901591;3,82781744;0,00000000
1,58911991;3,78429508;0,00000000
1,58922391;3,78429508;0,00000000
1,58932791;3,82781744;0,00000000
1,58943191;3,78429508;0,00000000
1,58953591;3,82781744;0,00000000
1,58963991;3,78429508;0,00000000
1,58974391;3,82781744;0,00000000
1,58984791;3,78429508;0,00000000
1,58995191;3,78429508;0,00000000
1,59005591;3,82781744;0,00000000
1,59015991;3,82781744;0,00000000
1,59026391;3,82781744;0,00000000
1,59036791;3,82781744;0,00000000
1,59047191;3,82781744;0,00000000
1,59057591;3,78429508;0,00000000
1,59067991;3,82781744;0,00000000
1,59078391;3,82781744;0,00000000
1,59088791;3,78429508;0,00000000
1,59099191;3,78429508;0,00000000
1,59109591;3,82781744;0,00000000
1,59119991;3,82781744;0,00000000
1,59130391;3,82781744;0,00000000
1,59140791;3,82781744;0,00000000
1,59151191;3,78429508;0,00000000
1,59161591;3,78429508;0,00000000
1,59171991;3,82781744;0,00000000
1,59182391;3,82781744;0,00000000
1,59192791;3,78429508;0,00000000
1,59203191;3,82781744;0,00000000
1,59213591;3,82781744;0,00000000
1,59223991;3,78429508;0,00000000
1,59234391;3,82781744;0,00000000
1,59244791;3,82781744;0,00000000
1,59255191;3,82781744;0,00000000
1,59265591;3,82781744;0,00000000
1,59275991;3,78429508;0,00000000
1,59286391;3,82781744;0,00000000
1,59296791;3,78429508;0,00000000
1,59307191;3,78429508;0,00000000
1,59317591;3,82781744;0,00000000
1,59327991;3,78429508;0,00000000
1,59338391;3,82781744;0,00000000
1,59348791;3,82781744;0,00000000
1,59359191;3,78429508;0,00000000
1,59369591;3,78429508;0,00000000
1,59379991;3,78429508;0,00000000
1,59390391;3,78429508;0,00000000
1,59400791;3,78429508;0,00000000
1,59411191;3,82781744;0,00000000
1,59421591;3,82781744;0,00000000
1,59431991;3,78429508;0,00000000
1,59442391;3,78429508;0,00000000
1,59452791;3,82781744;0,00000000
1,59463191;3,82781744;0,00000000
1,59473591;3,78429508;0,00000000
1,59483991;3,78429508;0,00000000
1,59494391;3,78429508;0,00000000
1,59504791;3,78429508;0,00000000
1,59515191;3,78429508;0,00000000
1,59525591;3,82781744;0,00000000
1,59535991;3,82781744;0,00000000
1,59546391;3,78429508;0,00000000
1,59556791;3,78429508;0,00000000
1,59567191;3,82781744;0,00000000
1,59577591;3,78429508;0,00000000
1,59587991;3,78429508;0,00000000
1,59598391;3,78429508;0,00000000
1,59608791;3,82781744;0,00000000
1,59619191;3,82781744;0,00000000
1,59629591;3,78429508;0,00000000
1,59639991;3,78429508;0,00000000
1,59650391;3,82781744;0,00000000
1,59660791;3,82781744;0,00000000
1,59671191;3,78429508;0,00000000
1,59681591;3,82781744;0,00000000
1,59691991;3,82781744;0,00000000
1,59702391;3,78429508;0,00000000
1,59712791;3,82781744;0,00000000
1,59723191;3,78429508;0,00000000
1,59733591;3,82781744;0,00000000
1,59743991;3,78429508;0,00000000
1,59754391;3,82781744;0,00000000
1,59764791;3,82781744;0,00000000
1,59775191;3,82781744;0,00000000
1,59785591;3,78429508;0,01734744
1,59795991;3,82781744;0,00000000
1,59806391;3,82781744;0,00000000
1,59816791;3,82781744;0,00000000
1,59827191;3,78429508;0,00000000
1,59837591;3,82781744;0,00000000
1,59847991;3,82781744;0,00000000
1,59858391;3,78429508;0,00000000
1,59868791;3,78429508;0,00000000
1,59879191;3,78429508;0,00000000
1,59889591;3,82781744;0,00000000
1,59899991;3,82781744;0,00000000
1,59910391;3,82781744;0,00000000
1,59920791;3,78429508;0,00000000
1,59931191;3,82781744;0,00000000
1,59941591;3,78429508;0,00000000
1,59951991;3,82781744;0,00000000
1,59962391;3,78429508;0,00000000
1,59972791;3,78429508;0,00000000
1,59983191;3,82781744;0,00000000
1,59993591;3,78429508;0,00000000
1,60003991;3,78429508;0,00000000
1,60014391;3,78429508;0,00000000
1,60024791;3,78429508;0,00000000
1,60035191;3,82781744;0,00000000
1,60045591;3,78429508;0,00000000
1,60055991;3,82781744;0,00000000
1,60066391;3,78429508;0,00000000
1,60076791;3,78429508;0,00000000
1,60087191;3,82781744;0,00000000
1,60097591;3,78429508;0,00000000
1,60107991;3,82781744;0,00000000
1,60118391;3,78429508;0,00000000
1,60128791;3,82781744;0,00000000
1,60139191;3,82781744;0,00000000
1,60149591;3,78429508;0,00000000
1,60159991;3,82781744;0,00000000
1,60170391;3,82781744;0,00000000
1,60180791;3,82781744;0,00000000
1,60191191;3,78429508;0,00000000
1,60201591;3,78429508;0,00000000
1,60211991;3,82781744;0,00000000
1,60222391;3,82781744;0,00000000
1,60232791;3,82781744;0,00000000
1,60243191;3,82781744;0,00000000
1,60253591;3,78429508;0,00000000
1,60263991;3,82781744;0,00000000
1,60274391;3,82781744;0,00000000
1,60284791;3,82781744;0,00000000
1,60295191;3,82781744;0,00000000
1,60305591;3,78429508;0,00000000
1,60315991;3,82781744;0,00000000
1,60326391;3,82781744;0,00000000
1,60336791;3,82781744;0,00000000
1,60347191;3,82781744;0,00000000
1,60357591;3,82781744;0,00000000
1,60367991;3,78429508;0,00000000
1,60378391;3,78429508;0,00000000
1,60388791;3,82781744;0,00000000
1,60399191;3,82781744;0,00000000
1,60409591;3,82781744;0,00000000
1,60419991;3,82781744;0,00000000
1,60430391;3,78429508;0,00000000
1,60440791;3,78429508;0,00000000
1,60451191;3,82781744;0,00000000
1,60461591;3,82781744;0,00000000
1,60471991;3,78429508;0,00000000
1,60482391;3,78429508;0,00000000
1,60492791;3,82781744;0,00000000
1,60503191;3,82781744;0,00000000
1,60513591;3,82781744;0,01734744
1,60523991;3,78429508;0,00000000
1,60534391;3,82781744;0,00000000
1,60544791;3,82781744;0,00000000
1,60555191;3,82781744;0,00000000
1,60565591;3,82781744;0,00000000
1,60575991;3,82781744;0,00000000
1,60586391;3,82781744;0,00000000
1,60596791;3,82781744;0,00000000
1,60607191;3,82781744;0,00000000
1,60617591;3,82781744;0,00000000
1,60627991;3,78429508;0,00000000
1,60638391;3,82781744;0,00000000
1,60648791;3,82781744;0,00000000
1,60659191;3,82781744;0,00000000
1,60669591;3,82781744;0,00000000
1,60679991;3,82781744;0,00000000
1,60690391;3,82781744;0,00000000
1,60700791;3,82781744;0,00000000
1,60711191;3,78429508;0,00000000
1,60721591;3,78429508;0,00000000
1,60731991;3,78429508;0,00000000
1,60742391;3,82781744;0,00000000
1,60752791;3,82781744;0,00000000
1,60763191;3,82781744;0,00000000
1,60773591;3,82781744;0,00000000
1,60783991;3,82781744;0,00000000
1,60794391;3,78429508;0,00000000
1,60804791;3,82781744;0,00000000
1,60815191;3,78429508;0,00000000
1,60825591;3,82781744;0,00000000
1,60835991;3,82781744;0,00000000
1,60846391;3,82781744;0,00000000
1,60856791;3,82781744;0,00000000
1,60867191;3,82781744;0,00000000
1,60877591;3,82781744;0,00000000
1,60887991;3,82781744;0,00000000
1,60898391;3,78429508;0,00000000
1,60908791;3,82781744;0,00000000
1,60919191;3,78429508;0,00000000
1,60929591;3,82781744;0,00000000
1,60939991;3,82781744;0,00000000
1,60950391;3,82781744;0,00000000
1,60960791;3,78429508;0,00000000
1,60971191;3,78429508;0,00000000
1,60981591;3,82781744;0,00000000
1,60991991;3,82781744;0,00000000
1,61002391;3,82781744;0,00000000
1,61012791;3,82781744;0,00000000
1,61023191;3,78429508;0,00000000
1,61033591;3,78429508;0,00000000
1,61043991;3,78429508;0,00000000
1,61054391;3,82781744;0,00000000
1,61064791;3,82781744;0,00000000
1,61075191;3,82781744;0,00000000
1,61085591;3,78429508;0,00000000
1,61095991;3,82781744;0,00000000
1,61106391;3,78429508;0,00000000
1,61116791;3,82781744;0,00000000
1,61127191;3,78429508;0,00000000
1,61137591;3,82781744;0,00000000
1,61147991;3,82781744;0,00000000
1,61158391;3,82781744;0,00000000
1,61168791;3,82781744;0,00000000
1,61179191;3,82781744;0,00000000
1,61189591;3,82781744;0,00000000
1,61199991;3,82781744;0,00000000
1,61210391;3,82781744;0,00000000
1,61220791;3,82781744;0,00000000
1,61231191;3,82781744;0,00000000
1,61241591;3,82781744;0,00000000
1,61251991;3,82781744;0,00000000
1,61262391;3,78429508;0,00000000
1,61272791;3,78429508;0,00000000
1,61283191;3,78429508;0,00000000
1,61293591;3,82781744;0,00000000
1,61303991;3,82781744;0,00000000
1,61314391;3,78429508;0,00000000
1,61324791;3,78429508;0,00000000
1,61335191;3,82781744;0,00000000
1,61345591;3,82781744;0,00000000
1,61355991;3,82781744;0,00000000
1,61366391;3,82781744;0,00000000
1,61376791;3,82781744;0,00000000
1,61387191;3,82781744;0,01734744
1,61397591;3,82781744;0,00000000
1,61407991;3,82781744;0,00000000
1,61418391;3,82781744;0,00000000
1,61428791;3,82781744;0,00000000
1,61439191;3,78429508;0,00000000
1,61449591;3,82781744;0,00000000
1,61459991;3,78429508;0,00000000
1,61470391;3,78429508;0,00000000
1,61480791;3,82781744;0,00000000
1,61491191;3,78429508;0,00000000
1,61501591;3,78429508;0,00000000
1,61511991;3,78429508;0,00000000
1,61522391;3,78429508;0,00000000
1,61532791;3,82781744;0,00000000
1,61543191;3,78429508;0,00000000
1,61553591;3,78429508;0,00000000
1,61563991;3,82781744;0,00000000
1,61574391;3,78429508;0,00000000
1,61584791;3,82781744;0,00000000
1,61595191;3,82781744;0,00000000
1,61605591;3,82781744;0,00000000
1,61615991;3,78429508;0,00000000
1,61626391;3,78429508;0,00000000
1,61636791;3,78429508;0,00000000
1,61647191;3,82781744;0,00000000
1,61657591;3,82781744;0,00000000
1,61667991;3,78429508;0,00000000
1,61678391;3,78429508;0,00000000
1,61688791;3,82781744;0,00000000
1,61699191;3,82781744;0,00000000
1,61709591;3,82781744;0,00000000
1,61719991;3,78429508;0,00000000
1,61730391;3,78429508;0,00000000
1,61740791;3,82781744;0,00000000
1,61751191;3,78429508;0,00000000
1,61761591;3,82781744;0,00000000
1,61771991;3,78429508;0,00000000
1,61782391;3,82781744;0,00000000
1,61792791;3,82781744;0,00000000
1,61803191;3,78429508;0,00000000
1,61813591;3,82781744;0,00000000
1,61823991;3,82781744;0,00000000
1,61834391;3,78429508;0,00000000
1,61844791;3,78429508;0,00000000
1,61855191;3,82781744;0,00000000
1,61865591;3,82781744;0,00000000
1,61875991;3,78429508;0,00000000
1,61886391;3,82781744;0,00000000
1,61896791;3,82781744;0,00000000
1,61907191;3,82781744;0,00000000
1,61917591;3,82781744;0,00000000
1,61927991;3,82781744;0,00000000
1,61938391;3,82781744;0,00000000
1,61948791;3,82781744;0,00000000
1,61959191;3,82781744;0,00000000
1,61969591;3,82781744;0,00000000
1,61979991;3,82781744;0,00000000
1,61990391;3,82781744;0,00000000
1,62000791;3,82781744;0,00000000
1,62011191;3,82781744;0,00000000
1,62021591;3,78429508;0,00000000
1,62031991;3,78429508;0,00000000
1,62042391;3,82781744;0,00000000
1,62052791;3,82781744;0,00000000
1,62063191;3,82781744;0,00000000
1,62073591;3,78429508;0,00000000
1,62083991;3,78429508;0,00000000
1,62094391;3,82781744;0,00000000
1,62104791;3,78429508;0,00000000
1,62115191;3,82781744;0,00000000
1,62125591;3,82781744;0,00000000
1,62135991;3,82781744;0,00000000
1,62146391;3,78429508;0,00000000
1,62156791;3,82781744;0,00000000
1,62167191;3,82781744;0,00000000
1,62177591;3,78429508;0,00000000
1,62187991;3,82781744;0,00000000
1,62198391;3,78429508;0,00000000
1,62208791;3,82781744;0,00000000
1,62219191;3,78429508;0,00000000
1,62229591;3,78429508;0,00000000
1,62239991;3,82781744;0,00000000
1,62250391;3,82781744;0,00000000
1,62260791;3,78429508;0,00000000
1,62271191;3,82781744;0,00000000
1,62281591;3,78429508;0,00000000
1,62291991;3,82781744;0,00000000
1,62302391;3,78429508;0,00000000
1,62312791;3,82781744;0,00000000
1,62323191;3,78429508;0,00000000
1,62333591;3,82781744;0,00000000
1,62343991;3,82781744;0,00000000
1,62354391;3,82781744;0,00000000
1,62364791;3,78429508;0,00000000
1,62375191;3,78429508;0,00000000
1,62385591;3,82781744;0,00000000
1,62395991;3,78429508;0,00000000
1,62406391;3,82781744;0,00000000
1,62416791;3,78429508;0,00000000
1,62427191;3,82781744;0,00000000
1,62437591;3,78429508;0,00000000
1,62447991;3,82781744;0,00000000
1,62458391;3,78429508;0,00000000
1,62468791;3,82781744;0,00000000
1,62479191;3,78429508;0,00000000
1,62489591;3,82781744;0,00000000
1,62499991;3,82781744;0,00000000
1,62510391;3,82781744;0,00000000
1,62520791;3,78429508;0,00000000
1,62531191;3,82781744;0,00000000
1,62541591;3,82781744;0,00000000
1,62551991;3,82781744;0,00000000
1,62562391;3,78429508;0,00000000
1,62572791;3,78429508;0,00000000
1,62583191;3,82781744;0,00000000
1,62593591;3,78429508;0,00000000
1,62603991;3,82781744;0,00000000
1,62614391;3,78429508;0,00000000
1,62624791;3,78429508;0,00000000
1,62635191;3,82781744;0,00000000
1,62645591;3,78429508;0,00000000
1,62655991;3,82781744;0,00000000
1,62666391;3,78429508;0,00000000
1,62676791;3,82781744;0,00000000
1,62687191;3,78429508;0,00000000
1,62697591;3,87133980;0,00000000
1,62707991;3,78429508;0,00000000
1,62718391;3,82781744;0,00000000
1,62728791;3,82781744;0,00000000
1,62739191;3,82781744;0,00000000
1,62749591;3,78429508;0,00000000
1,62759991;3,82781744;0,00000000
1,62770391;3,82781744;0,00000000
1,62780791;3,82781744;0,00000000
1,62791191;3,82781744;0,00000000
1,62801591;3,82781744;0,00000000
1,62811991;3,82781744;0,00000000
1,62822391;3,82781744;0,00000000
1,62832791;3,82781744;0,00000000
1,62843191;3,78429508;0,00000000
1,62853591;3,82781744;0,00000000
1,62863991;3,82781744;0,00000000
1,62874391;3,78429508;0,00000000
1,62884791;3,78429508;0,00000000
1,62895191;3,82781744;0,00000000
1,62905591;3,78429508;0,00000000
1,62915991;3,82781744;0,00000000
1,62926391;3,82781744;0,00000000
1,62936791;3,78429508;0,00000000
1,62947191;3,82781744;0,00000000
1,62957591;3,78429508;0,00000000
1,62967991;3,78429508;0,00000000
1,62978391;3,78429508;0,00000000
1,62988791;3,78429508;0,00000000
1,62999191;3,82781744;0,00000000
1,63009591;3,82781744;0,00000000
1,63019991;3,82781744;0,00000000
1,63030391;3,82781744;0,00000000
1,63040791;3,82781744;0,00000000
1,63051191;3,82781744;0,00000000
1,63061591;3,78429508;0,00000000
1,63071991;3,82781744;0,01734744
1,63082391;3,78429508;0,00000000
1,63092791;3,82781744;0,00000000
1,63103191;3,82781744;0,00000000
1,63113591;3,82781744;0,00000000
1,63123991;3,78429508;0,00000000
1,63134391;3,78429508;0,00000000
1,63144791;3,82781744;0,00000000
1,63155191;3,82781744;0,00000000
1,63165591;3,78429508;0,00000000
1,63175991;3,82781744;0,00000000
1,63186391;3,82781744;0,00000000
1,63196791;3,82781744;0,00000000
1,63207191;3,82781744;0,00000000
1,63217591;3,78429508;0,00000000
1,63227991;3,78429508;0,00000000
1,63238391;3,82781744;0,00000000
1,63248791;3,78429508;0,00000000
1,63259191;3,82781744;0,00000000
1,63269591;3,82781744;0,00000000
1,63279991;3,82781744;0,00000000
1,63290391;3,82781744;0,00000000
1,63300791;3,78429508;0,00000000
1,63311191;3,82781744;0,00000000
1,63321591;3,82781744;0,00000000
1,63331991;3,82781744;0,00000000
1,63342391;3,78429508;0,00000000
1,63352791;3,78429508;0,00000000
1,63363191;3,82781744;0,00000000
1,63373591;3,78429508;0,00000000
1,63383991;3,78429508;0,00000000
1,63394391;3,82781744;0,00000000
1,63404791;3,82781744;0,00000000
1,63415191;3,82781744;0,00000000
1,63425591;3,78429508;0,00000000
1,63435991;3,78429508;0,00000000
1,63446391;3,82781744;0,00000000
1,63456791;3,82781744;0,00000000
1,63467191;3,82781744;0,00000000
1,63477591;3,82781744;0,00000000
1,63487991;3,78429508;0,00000000
1,63498391;3,82781744;0,00000000
1,63508791;3,78429508;0,00000000
1,63519191;3,82781744;0,00000000
1,63529591;3,78429508;0,00000000
1,63539991;3,78429508;0,00000000
1,63550391;3,78429508;0,00000000
1,63560791;3,82781744;0,00000000
1,63571191;3,82781744;0,00000000
1,63581591;3,82781744;0,00000000
1,63591991;3,82781744;0,00000000
1,63602391;3,82781744;0,00000000
1,63612791;3,82781744;0,00000000
1,63623191;3,82781744;0,00000000
1,63633591;3,82781744;0,00000000
1,63643991;3,78429508;0,00000000
1,63654391;3,78429508;0,00000000
1,63664791;3,82781744;0,00000000
1,63675191;3,78429508;0,00000000
1,63685591;3,82781744;0,00000000
1,63695991;3,78429508;0,00000000
1,63706391;3,78429508;0,00000000
1,63716791;3,82781744;0,00000000
1,63727191;3,78429508;0,00000000
1,63737591;3,78429508;0,00000000
1,63747991;3,78429508;0,00000000
1,63758391;3,78429508;0,00000000
1,63768791;3,82781744;0,00000000
1,63779191;3,78429508;0,00000000
1,63789591;3,78429508;0,00000000
1,63799991;3,82781744;0,00000000
1,63810391;3,82781744;0,00000000
1,63820791;3,82781744;0,00000000
1,63831191;3,82781744;0,00000000
1,63841591;3,82781744;0,00000000
1,63851991;3,82781744;0,00000000
1,63862391;3,78429508;0,00000000
1,63872791;3,78429508;0,00000000
1,63883191;3,82781744;0,00000000
1,63893591;3,82781744;0,00000000
1,63903991;3,82781744;0,00000000
1,63914391;3,82781744;0,00000000
1,63924791;3,78429508;0,00000000
1,63935191;3,78429508;0,00000000
1,63945591;3,82781744;0,00000000
1,63955991;3,78429508;0,00000000
1,63966391;3,82781744;0,00000000
1,63976791;3,82781744;0,00000000
1,63987191;3,82781744;0,00000000
1,63997591;3,78429508;0,00000000
1,64007991;3,78429508;0,00000000
1,64018391;3,82781744;0,00000000
1,64028791;3,78429508;0,00000000
1,64039191;3,82781744;0,00000000
1,64049591;3,82781744;0,00000000
1,64059991;3,78429508;0,00000000
1,64070391;3,78429508;0,00000000
1,64080791;3,78429508;0,00000000
1,64091191;3,82781744;0,00000000
1,64101591;3,82781744;0,00000000
1,64111991;3,82781744;0,00000000
1,64122391;3,82781744;0,00000000
1,64132791;3,82781744;0,00000000
1,64143191;3,82781744;0,00000000
1,64153591;3,82781744;0,00000000
1,64163991;3,78429508;0,00000000
1,64174391;3,82781744;0,00000000
1,64184791;3,78429508;0,00000000
1,64195191;3,78429508;0,00000000
1,64205591;3,82781744;0,00000000
1,64215991;3,78429508;0,00000000
1,64226391;3,78429508;0,00000000
1,64236791;3,78429508;0,00000000
1,64247191;3,82781744;0,00000000
1,64257591;3,82781744;0,00000000
1,64267991;3,78429508;0,00000000
1,64278391;3,82781744;0,00000000
1,64288791;3,82781744;0,00000000
1,64299191;3,78429508;0,00000000
1,64309591;3,82781744;0,00000000
1,64319991;3,78429508;0,00000000
1,64330391;3,78429508;0,00000000
1,64340791;3,82781744;0,00000000
1,64351191;3,78429508;0,00000000
1,64361591;3,78429508;0,00000000
1,64371991;3,78429508;0,01734744
1,64382391;3,82781744;0,00000000
1,64392791;3,82781744;0,00000000
1,64403191;3,82781744;0,00000000
1,64413591;3,78429508;0,00000000
1,64423991;3,82781744;0,00000000
1,64434391;3,82781744;0,00000000
1,64444791;3,82781744;0,00000000
1,64455191;3,82781744;0,00000000
1,64465591;3,82781744;0,00000000
1,64475991;3,82781744;0,00000000
1,64486391;3,78429508;0,00000000
1,64496791;3,82781744;0,00000000
1,64507191;3,82781744;0,00000000
1,64517591;3,82781744;0,00000000
1,64527991;3,82781744;0,00000000
1,64538391;3,82781744;0,00000000
1,64548791;3,82781744;0,00000000
1,64559191;3,82781744;0,00000000
1,64569591;3,78429508;0,00000000
1,64579991;3,82781744;0,00000000
1,64590391;3,78429508;0,00000000
1,64600791;3,78429508;0,00000000
1,64611191;3,82781744;0,00000000
1,64621591;3,78429508;0,00000000
1,64631991;3,82781744;0,00000000
1,64642391;3,82781744;0,00000000
1,64652791;3,82781744;0,00000000
1,64663191;3,82781744;0,00000000
1,64673591;3,82781744;0,00000000
1,64683991;3,82781744;0,00000000
1,64694391;3,78429508;0,00000000
1,64704791;3,82781744;0,00000000
1,64715191;3,82781744;0,00000000
1,64725591;3,82781744;0,00000000
1,64735991;3,78429508;0,00000000
1,64746391;3,82781744;0,00000000
1,64756791;3,82781744;0,00000000
1,64767191;3,82781744;0,00000000
1,64777591;3,78429508;0,00000000
1,64787991;3,78429508;0,00000000
1,64798391;3,82781744;0,00000000
1,64808791;3,78429508;0,00000000
1,64819191;3,78429508;0,00000000
1,64829591;3,82781744;0,00000000
1,64839991;3,82781744;0,00000000
1,64850391;3,78429508;0,00000000
1,64860791;3,82781744;0,00000000
1,64871191;3,78429508;0,00000000
1,64881591;3,78429508;0,00000000
1,64891991;3,82781744;0,00000000
1,64902391;3,82781744;0,00000000
1,64912791;3,82781744;0,00000000
1,64923191;3,78429508;0,00000000
1,64933591;3,82781744;0,00000000
1,64943991;3,82781744;0,00000000
1,64954391;3,78429508;0,00000000
1,64964791;3,82781744;0,00000000
1,64975191;3,78429508;0,00000000
1,64985591;3,78429508;0,00000000
1,64995991;3,78429508;0,00000000
1,65006391;3,82781744;0,00000000
1,65016791;3,78429508;0,00000000
1,65027191;3,82781744;0,00000000
1,65037591;3,82781744;0,00000000
1,65047991;3,78429508;0,00000000
1,65058391;3,82781744;0,00000000
1,65068791;3,82781744;0,00000000
1,65079191;3,78429508;0,00000000
1,65089591;3,78429508;0,00000000
1,65099991;3,82781744;0,00000000
1,65110391;3,82781744;0,00000000
1,65120791;3,82781744;0,00000000
1,65131191;3,82781744;0,00000000
1,65141591;3,78429508;0,00000000
1,65151991;3,82781744;0,00000000
1,65162391;3,82781744;0,00000000
1,65172791;3,82781744;0,00000000
1,65183191;3,82781744;0,00000000
1,65193591;3,82781744;0,01734744
1,65203991;3,82781744;0,00000000
1,65214391;3,78429508;0,00000000
1,65224791;3,82781744;0,00000000
1,65235191;3,82781744;0,00000000
1,65245591;3,78429508;0,00000000
1,65255991;3,82781744;0,00000000
1,65266391;3,82781744;0,00000000
1,65276791;3,78429508;0,00000000
1,65287191;3,82781744;0,00000000
1,65297591;3,82781744;0,00000000
1,65307991;3,82781744;0,00000000
1,65318391;3,82781744;0,00000000
1,65328791;3,82781744;0,00000000
1,65339191;3,78429508;0,00000000
1,65349591;3,78429508;0,00000000
1,65359991;3,78429508;0,00000000
1,65370391;3,82781744;0,00000000
1,65380791;3,78429508;0,00000000
1,65391191;3,78429508;0,00000000
1,65401591;3,82781744;0,00000000
1,65411991;3,82781744;0,00000000
1,65422391;3,82781744;0,00000000
1,65432791;3,82781744;0,00000000
1,65443191;3,82781744;0,00000000
1,65453591;3,82781744;0,00000000
1,65463991;3,78429508;0,00000000
1,65474391;3,82781744;0,00000000
1,65484791;3,82781744;0,00000000
1,65495191;3,82781744;0,00000000
1,65505591;3,82781744;0,00000000
1,65515991;3,82781744;0,00000000
1,65526391;3,82781744;0,00000000
1,65536791;3,82781744;0,00000000
1,65547191;3,82781744;0,00000000
1,65557591;3,82781744;0,00000000
1,65567991;3,78429508;0,00000000
1,65578391;3,82781744;0,00000000
1,65588791;3,82781744;0,00000000
1,65599191;3,82781744;0,00000000
1,65609591;3,82781744;0,00000000
1,65619991;3,82781744;0,00000000
1,65630391;3,82781744;0,00000000
1,65640791;3,82781744;0,00000000
1,65651191;3,82781744;0,00000000
1,65661591;3,82781744;0,00000000
1,65671991;3,78429508;0,00000000
1,65682391;3,82781744;0,00000000
1,65692791;3,82781744;0,00000000
1,65703191;3,82781744;0,00000000
1,65713591;3,78429508;0,00000000
1,65723991;3,82781744;0,00000000
1,65734391;3,82781744;0,00000000
1,65744791;3,82781744;0,00000000
1,65755191;3,82781744;0,00000000
1,65765591;3,78429508;0,00000000
1,65775991;3,78429508;0,00000000
1,65786391;3,78429508;0,00000000
1,65796791;3,82781744;0,00000000
1,65807191;3,78429508;0,00000000
1,65817591;3,82781744;0,00000000
1,65827991;3,78429508;0,00000000
1,65838391;3,78429508;0,00000000
1,65848791;3,82781744;0,00000000
1,65859191;3,82781744;0,00000000
1,65869591;3,78429508;0,00000000
1,65879991;3,82781744;0,00000000
1,65890391;3,82781744;0,00000000
1,65900791;3,82781744;0,00000000
1,65911191;3,82781744;0,00000000
1,65921591;3,82781744;0,00000000
1,65931991;3,82781744;0,00000000
1,65942391;3,82781744;0,00000000
1,65952791;3,82781744;0,00000000
1,65963191;3,82781744;0,00000000
1,65973591;3,82781744;0,00000000
1,65983991;3,82781744;0,00000000
1,65994391;3,82781744;0,00000000
1,66004791;3,78429508;0,00000000
1,66015191;3,78429508;0,00000000
1,66025591;3,82781744;0,00000000
1,66035991;3,82781744;0,00000000
1,66046391;3,82781744;0,00000000
1,66056791;3,78429508;0,00000000
1,66067191;3,78429508;0,00000000
1,66077591;3,82781744;0,00000000
1,66087991;3,82781744;0,00000000
1,66098391;3,78429508;0,00000000
1,66108791;3,78429508;0,00000000
1,66119191;3,82781744;0,00000000
1,66129591;3,82781744;0,00000000
1,66139991;3,78429508;0,00000000
1,66150391;3,82781744;0,00000000
1,66160791;3,82781744;0,00000000
1,66171191;3,82781744;0,00000000
1,66181591;3,82781744;0,00000000
1,66191991;3,82781744;0,00000000
1,66202391;3,78429508;0,00000000
1,66212791;3,78429508;0,00000000
1,66223191;3,82781744;0,00000000
1,66233591;3,82781744;0,01734744
1,66243991;3,82781744;0,00000000
1,66254391;3,78429508;0,00000000
1,66264791;3,78429508;0,00000000
1,66275191;3,82781744;0,00000000
1,66285591;3,82781744;0,00000000
1,66295991;3,78429508;0,00000000
1,66306391;3,82781744;0,00000000
1,66316791;3,82781744;0,00000000
1,66327191;3,78429508;0,00000000
1,66337591;3,78429508;0,00000000
1,66347991;3,82781744;0,00000000
1,66358391;3,78429508;0,00000000
1,66368791;3,82781744;0,00000000
1,66379191;3,82781744;0,00000000
1,66389591;3,82781744;0,00000000
1,66399991;3,82781744;0,00000000
1,66410391;3,78429508;0,00000000
1,66420791;3,78429508;0,00000000
1,66431191;3,82781744;0,00000000
1,66441591;3,78429508;0,00000000
1,66451991;3,78429508;0,00000000
1,66462391;3,78429508;0,00000000
1,66472791;3,78429508;0,00000000
1,66483191;3,82781744;0,00000000
1,66493591;3,82781744;0,00000000
1,66503991;3,78429508;0,00000000
1,66514391;3,78429508;0,00000000
1,66524791;3,78429508;0,00000000
1,66535191;3,82781744;0,00000000
1,66545591;3,78429508;0,00000000
1,66555991;3,78429508;0,00000000
1,66566391;3,78429508;0,00000000
1,66576791;3,82781744;0,00000000
1,66587191;3,78429508;0,00000000
1,66597591;3,82781744;0,00000000
1,66607991;3,82781744;0,00000000
1,66618391;3,82781744;0,00000000
1,66628791;3,78429508;0,01734744
1,66639191;3,82781744;0,00000000
1,66649591;3,82781744;0,00000000
1,66659991;3,78429508;0,00000000
1,66670391;3,82781744;0,00000000
1,66680791;3,82781744;0,00000000
1,66691191;3,78429508;0,00000000
1,66701591;3,82781744;0,00000000
1,66711991;3,78429508;0,00000000
1,66722391;3,82781744;0,00000000
1,66732791;3,78429508;0,00000000
1,66743191;3,78429508;0,00000000
1,66753591;3,78429508;0,00000000
1,66763991;3,82781744;0,00000000
1,66774391;3,78429508;0,00000000
1,66784791;3,78429508;0,00000000
1,66795191;3,82781744;0,00000000
1,66805591;3,82781744;0,00000000
1,66815991;3,78429508;0,00000000
1,66826391;3,82781744;0,00000000
1,66836791;3,82781744;0,00000000
1,66847191;3,82781744;0,00000000
1,66857591;3,82781744;0,00000000
1,66867991;3,82781744;0,00000000
1,66878391;3,78429508;0,00000000
1,66888791;3,78429508;0,00000000
1,66899191;3,82781744;0,00000000
1,66909591;3,82781744;0,00000000
1,66919991;3,82781744;0,00000000
1,66930391;3,78429508;0,00000000
1,66940791;3,78429508;0,00000000
1,66951191;3,82781744;0,00000000
1,66961591;3,78429508;0,00000000
1,66971991;3,78429508;0,00000000
1,66982391;3,82781744;0,00000000
1,66992791;3,82781744;0,00000000
1,67003191;3,82781744;0,00000000
1,67013591;3,78429508;0,00000000
1,67023991;3,82781744;0,00000000
1,67034391;3,82781744;0,00000000
1,67044791;3,82781744;0,00000000
1,67055191;3,82781744;0,00000000
1,67065591;3,82781744;0,00000000
1,67075991;3,82781744;0,00000000
1,67086391;3,82781744;0,00000000
1,67096791;3,82781744;0,00000000
1,67107191;3,82781744;0,00000000
1,67117591;3,82781744;0,00000000
1,67127991;3,82781744;0,00000000
1,67138391;3,82781744;0,00000000
1,67148791;3,78429508;0,00000000
1,67159191;3,78429508;0,00000000
1,67169591;3,82781744;0,00000000
1,67179991;3,78429508;0,00000000
1,67190391;3,82781744;0,00000000
1,67200791;3,78429508;0,00000000
1,67211191;3,82781744;0,00000000
1,67221591;3,82781744;0,00000000
1,67231991;3,78429508;0,00000000
1,67242391;3,82781744;0,00000000
1,67252791;3,82781744;0,00000000
1,67263191;3,82781744;0,00000000
1,67273591;3,82781744;0,00000000
1,67283991;3,82781744;0,00000000
1,67294391;3,82781744;0,00000000
1,67304791;3,78429508;0,00000000
1,67315191;3,82781744;0,00000000
1,67325591;3,82781744;0,00000000
1,67335991;3,78429508;0,00000000
1,67346391;3,82781744;0,00000000
1,67356791;3,78429508;0,00000000
1,67367191;3,82781744;0,00000000
1,67377591;3,82781744;0,00000000
1,67387991;3,78429508;0,00000000
1,67398391;3,82781744;0,00000000
1,67408791;3,82781744;0,00000000
1,67419191;3,82781744;0,00000000
1,67429591;3,82781744;0,00000000
1,67439991;3,82781744;0,00000000
1,67450391;3,82781744;0,00000000
1,67460791;3,82781744;0,00000000
1,67471191;3,78429508;0,00000000
1,67481591;3,82781744;0,00000000
1,67491991;3,78429508;0,00000000
1,67502391;3,78429508;0,00000000
1,67512791;3,78429508;0,00000000
1,67523191;3,78429508;0,00000000
1,67533591;3,82781744;0,00000000
1,67543991;3,78429508;0,00000000
1,67554391;3,78429508;0,00000000
1,67564791;3,82781744;0,00000000
1,67575191;3,82781744;0,00000000
1,67585591;3,82781744;0,00000000
1,67595991;3,82781744;0,00000000
1,67606391;3,82781744;0,00000000
1,67616791;3,82781744;0,00000000
1,67627191;3,82781744;0,00000000
1,67637591;3,78429508;0,00000000
1,67647991;3,82781744;0,00000000
1,67658391;3,82781744;0,00000000
1,67668791;3,82781744;0,00000000
1,67679191;3,78429508;0,00000000
1,67689591;3,78429508;0,00000000
1,67699991;3,82781744;0,00000000
1,67710391;3,82781744;0,00000000
1,67720791;3,78429508;0,00000000
1,67731191;3,78429508;0,00000000
1,67741591;3,78429508;0,00000000
1,67751991;3,78429508;0,00000000
1,67762391;3,82781744;0,00000000
1,67772791;3,82781744;0,00000000
1,67783191;3,82781744;0,00000000
1,67793591;3,82781744;0,00000000
1,67803991;3,82781744;0,00000000
1,67814391;3,82781744;0,00000000
1,67824791;3,82781744;0,00000000
1,67835191;3,82781744;0,00000000
1,67845591;3,78429508;0,00000000
1,67855991;3,82781744;0,00000000
1,67866391;3,78429508;0,00000000
1,67876791;3,82781744;0,00000000
1,67887191;3,82781744;0,00000000
1,67897591;3,82781744;0,00000000
1,67907991;3,82781744;0,00000000
1,67918391;3,82781744;0,00000000
1,67928791;3,82781744;0,00000000
1,67939191;3,82781744;0,00000000
1,67949591;3,82781744;0,00000000
1,67959991;3,82781744;0,00000000
1,67970391;3,82781744;0,00000000
1,67980791;3,82781744;0,00000000
1,67991191;3,78429508;0,00000000
1,68001591;3,82781744;0,00000000
1,68011991;3,82781744;0,00000000
1,68022391;3,82781744;0,00000000
1,68032791;3,82781744;0,00000000
1,68043191;3,82781744;0,00000000
1,68053591;3,82781744;0,00000000
1,68063991;3,82781744;0,00000000
1,68074391;3,82781744;0,00000000
1,68084791;3,82781744;0,00000000
1,68095191;3,78429508;0,00000000
1,68105591;3,78429508;0,00000000
1,68115991;3,82781744;0,00000000
1,68126391;3,82781744;0,00000000
1,68136791;3,82781744;0,00000000
1,68147191;3,78429508;0,00000000
1,68157591;3,78429508;0,00000000
1,68167991;3,82781744;0,00000000
1,68178391;3,82781744;0,00000000
1,68188791;3,82781744;0,00000000
1,68199191;3,82781744;0,00000000
1,68209591;3,82781744;0,00000000
1,68219991;3,82781744;0,00000000
1,68230391;3,82781744;0,00000000
1,68240791;3,78429508;0,00000000
1,68251191;3,82781744;0,00000000
1,68261591;3,78429508;0,00000000
1,68271991;3,82781744;0,00000000
1,68282391;3,82781744;0,00000000
1,68292791;3,78429508;0,00000000
1,68303191;3,78429508;0,00000000
1,68313591;3,82781744;0,00000000
1,68323991;3,78429508;0,00000000
1,68334391;3,78429508;0,00000000
1,68344791;3,82781744;0,00000000
1,68355191;3,78429508;0,00000000
1,68365591;3,78429508;0,00000000
1,68375991;3,82781744;0,00000000
1,68386391;3,82781744;0,00000000
1,68396791;3,82781744;0,00000000
1,68407191;3,78429508;0,00000000
1,68417591;3,82781744;0,00000000
1,68427991;3,82781744;0,00000000
1,68438391;3,82781744;0,00000000
1,68448791;3,78429508;0,00000000
1,68459191;3,82781744;0,00000000
1,68469591;3,78429508;0,00000000
1,68479991;3,82781744;0,00000000
1,68490391;3,82781744;0,00000000
1,68500791;3,82781744;0,00000000
1,68511191;3,78429508;0,00000000
1,68521591;3,78429508;0,00000000
1,68531991;3,82781744;0,00000000
1,68542391;3,82781744;0,00000000
1,68552791;3,82781744;0,00000000
1,68563191;3,78429508;0,00000000
1,68573591;3,78429508;0,00000000
1,68583991;3,82781744;0,00000000
1,68594391;3,78429508;0,00000000
1,68604791;3,82781744;0,00000000
1,68615191;3,82781744;0,00000000
1,68625591;3,82781744;0,00000000
1,68635991;3,82781744;0,00000000
1,68646391;3,82781744;0,00000000
1,68656791;3,82781744;0,00000000
1,68667191;3,82781744;0,00000000
1,68677591;3,82781744;0,00000000
1,68687991;3,78429508;0,00000000
1,68698391;3,82781744;0,00000000
1,68708791;3,82781744;0,00000000
1,68719191;3,78429508;0,00000000
1,68729591;3,78429508;0,00000000
1,68739991;3,82781744;0,00000000
1,68750391;3,82781744;0,00000000
1,68760791;3,78429508;0,00000000
1,68771191;3,78429508;0,00000000
1,68781591;3,82781744;0,00000000
1,68791991;3,82781744;0,00000000
1,68802391;3,82781744;0,00000000
1,68812791;3,82781744;0,00000000
1,68823191;3,82781744;0,00000000
1,68833591;3,78429508;0,00000000
1,68843991;3,82781744;0,00000000
1,68854391;3,78429508;0,00000000
1,68864791;3,78429508;0,00000000
1,68875191;3,82781744;0,00000000
1,68885591;3,78429508;0,00000000
1,68895991;3,82781744;0,00000000
1,68906391;3,82781744;0,00000000
1,68916791;3,82781744;0,00000000
1,68927191;3,82781744;0,00000000
1,68937591;3,82781744;0,00000000
1,68947991;3,78429508;0,00000000
1,68958391;3,82781744;0,00000000
1,68968791;3,82781744;0,00000000
1,68979191;3,78429508;0,00000000
1,68989591;3,78429508;0,00000000
1,68999991;3,82781744;0,00000000
1,69010391;3,82781744;0,00000000
1,69020791;3,82781744;0,00000000
1,69031191;3,82781744;0,00000000
1,69041591;3,82781744;0,00000000
1,69051991;3,82781744;0,00000000
1,69062391;3,82781744;0,00000000
1,69072791;3,82781744;0,00000000
1,69083191;3,78429508;0,00000000
1,69093591;3,82781744;0,00000000
1,69103991;3,82781744;0,00000000
1,69114391;3,78429508;0,00000000
1,69124791;3,82781744;0,00000000
1,69135191;3,78429508;0,00000000
1,69145591;3,82781744;0,00000000
1,69155991;3,82781744;0,00000000
1,69166391;3,82781744;0,00000000
1,69176791;3,78429508;0,00000000
1,69187191;3,82781744;0,00000000
1,69197591;3,78429508;0,00000000
1,69207991;3,82781744;0,00000000
1,69218391;3,82781744;0,00000000
1,69228791;3,82781744;0,01734744
1,69239191;3,78429508;0,00000000
1,69249591;3,82781744;0,00000000
1,69259991;3,82781744;0,00000000
1,69270391;3,82781744;0,00000000
1,69280791;3,82781744;0,00000000
1,69291191;3,82781744;0,00000000
1,69301591;3,82781744;0,00000000
1,69311991;3,82781744;0,00000000
1,69322391;3,78429508;0,00000000
1,69332791;3,78429508;0,00000000
1,69343191;3,82781744;0,00000000
1,69353591;3,78429508;0,00000000
1,69363991;3,82781744;0,00000000
1,69374391;3,78429508;0,00000000
1,69384791;3,78429508;0,00000000
1,69395191;3,78429508;0,00000000
1,69405591;3,82781744;0,00000000
1,69415991;3,82781744;0,00000000
1,69426391;3,82781744;0,00000000
1,69436791;3,82781744;0,00000000
1,69447191;3,82781744;0,00000000
1,69457591;3,78429508;0,00000000
1,69467991;3,82781744;0,00000000
1,69478391;3,78429508;0,00000000
1,69488791;3,78429508;0,00000000
1,69499191;3,82781744;0,00000000
1,69509591;3,82781744;0,00000000
1,69519991;3,82781744;0,00000000
1,69530391;3,82781744;0,00000000
1,69540791;3,78429508;0,00000000
1,69551191;3,82781744;0,00000000
1,69561591;3,78429508;0,00000000
1,69571991;3,82781744;0,00000000
1,69582391;3,82781744;0,00000000
1,69592791;3,82781744;0,00000000
1,69603191;3,82781744;0,00000000
1,69613591;3,82781744;0,00000000
1,69623991;3,78429508;0,00000000
1,69634391;3,82781744;0,00000000
1,69644791;3,78429508;0,00000000
1,69655191;3,82781744;0,00000000
1,69665591;3,82781744;0,00000000
1,69675991;3,82781744;0,00000000
1,69686391;3,82781744;0,00000000
1,69696791;3,82781744;0,00000000
1,69707191;3,78429508;0,00000000
1,69717591;3,78429508;0,00000000
1,69727991;3,82781744;0,00000000
1,69738391;3,82781744;0,00000000
1,69748791;3,78429508;0,00000000
1,69759191;3,78429508;0,00000000
1,69769591;3,78429508;0,00000000
1,69779991;3,82781744;0,00000000
1,69790391;3,82781744;0,00000000
1,69800791;3,82781744;0,00000000
1,69811191;3,82781744;0,00000000
1,69821591;3,78429508;0,00000000
1,69831991;3,82781744;0,00000000
1,69842391;3,78429508;0,00000000
1,69852791;3,82781744;0,00000000
1,69863191;3,82781744;0,00000000
1,69873591;3,78429508;0,00000000
1,69883991;3,82781744;0,00000000
1,69894391;3,78429508;0,00000000
1,69904791;3,82781744;0,00000000
1,69915191;3,78429508;0,00000000
1,69925591;3,78429508;0,00000000
1,69935991;3,82781744;0,00000000
1,69946391;3,82781744;0,00000000
1,69956791;3,82781744;0,00000000
1,69967191;3,82781744;0,00000000
1,69977591;3,78429508;0,00000000
1,69987991;3,82781744;0,00000000
1,69998391;3,82781744;0,00000000
1,70008791;3,82781744;0,00000000
1,70019191;3,82781744;0,00000000
1,70029591;3,82781744;0,00000000
1,70039991;3,78429508;0,00000000
1,70050391;3,82781744;0,00000000
1,70060791;3,82781744;0,00000000
1,70071191;3,82781744;0,00000000
1,70081591;3,82781744;0,00000000
1,70091991;3,78429508;0,00000000
1,70102391;3,82781744;0,00000000
1,70112791;3,78429508;0,00000000
1,70123191;3,82781744;0,00000000
1,70133591;3,82781744;0,00000000
1,70143991;3,82781744;0,00000000
1,70154391;3,78429508;0,00000000
1,70164791;3,87133980;0,00000000
1,70175191;3,82781744;0,00000000
1,70185591;3,82781744;0,00000000
1,70195991;3,78429508;0,00000000
1,70206391;3,82781744;0,00000000
1,70216791;3,82781744;0,00000000
1,70227191;3,78429508;0,00000000
1,70237591;3,78429508;0,00000000
1,70247991;3,82781744;0,00000000
1,70258391;3,82781744;0,00000000
1,70268791;3,82781744;0,00000000
1,70279191;3,82781744;0,00000000
1,70289591;3,82781744;0,00000000
1,70299991;3,82781744;0,00000000
1,70310391;3,78429508;0,00000000
1,70320791;3,82781744;0,00000000
1,70331191;3,82781744;0,00000000
1,70341591;3,78429508;0,00000000
1,70351991;3,82781744;0,00000000
1,70362391;3,82781744;0,00000000
1,70372791;3,82781744;0,00000000
1,70383191;3,82781744;0,00000000
1,70393591;3,82781744;0,00000000
1,70403991;3,82781744;0,00000000
1,70414391;3,82781744;0,00000000
1,70424791;3,82781744;0,00000000
1,70435191;3,82781744;0,00000000
1,70445591;3,78429508;0,00000000
1,70455991;3,82781744;0,00000000
1,70466391;3,78429508;0,00000000
1,70476791;3,82781744;0,00000000
1,70487191;3,82781744;0,00000000
1,70497591;3,82781744;0,00000000
1,70507991;3,78429508;0,00000000
1,70518391;3,82781744;0,00000000
1,70528791;3,82781744;0,00000000
1,70539191;3,82781744;0,00000000
1,70549591;3,82781744;0,00000000
1,70559991;3,78429508;0,00000000
1,70570391;3,78429508;0,00000000
1,70580791;3,78429508;0,00000000
1,70591191;3,78429508;0,00000000
1,70601591;3,82781744;0,00000000
1,70611991;3,78429508;0,00000000
1,70622391;3,82781744;0,00000000
1,70632791;3,82781744;0,00000000
1,70643191;3,82781744;0,00000000
1,70653591;3,82781744;0,00000000
1,70663991;3,82781744;0,00000000
1,70674391;3,78429508;0,00000000
1,70684791;3,82781744;0,00000000
1,70695191;3,78429508;0,00000000
1,70705591;3,82781744;0,00000000
1,70715991;3,78429508;0,00000000
1,70726391;3,82781744;0,00000000
1,70736791;3,78429508;0,00000000
1,70747191;3,82781744;0,00000000
1,70757591;3,82781744;0,00000000
1,70767991;3,82781744;0,00000000
1,70778391;3,82781744;0,00000000
1,70788791;3,82781744;0,00000000
1,70799191;3,82781744;0,00000000
1,70809591;3,82781744;0,00000000
1,70819991;3,78429508;0,00000000
1,70830391;3,82781744;0,00000000
1,70840791;3,82781744;0,00000000
1,70851191;3,78429508;0,00000000
1,70861591;3,82781744;0,00000000
1,70871991;3,78429508;0,00000000
1,70882391;3,78429508;0,00000000
1,70892791;3,82781744;0,00000000
1,70903191;3,82781744;0,00000000
1,70913591;3,82781744;0,00000000
1,70923991;3,82781744;0,00000000
1,70934391;3,82781744;0,00000000
1,70944791;3,82781744;0,00000000
1,70955191;3,78429508;0,00000000
1,70965591;3,82781744;0,00000000
1,70975991;3,78429508;0,00000000
1,70986391;3,82781744;0,00000000
1,70996791;3,82781744;0,00000000
1,71007191;3,78429508;0,00000000
1,71017591;3,78429508;0,00000000
1,71027991;3,82781744;0,00000000
1,71038391;3,82781744;0,00000000
1,71048791;3,82781744;0,00000000
1,71059191;3,82781744;0,00000000
1,71069591;3,78429508;0,00000000
1,71079991;3,82781744;0,00000000
1,71090391;3,82781744;0,00000000
1,71100791;3,82781744;0,00000000
1,71111191;3,82781744;0,00000000
1,71121591;3,78429508;0,00000000
1,71131991;3,78429508;0,00000000
1,71142391;3,82781744;0,00000000
1,71152791;3,78429508;0,00000000
1,71163191;3,82781744;0,00000000
1,71173591;3,82781744;0,00000000
1,71183991;3,78429508;0,00000000
1,71194391;3,82781744;0,00000000
1,71204791;3,78429508;0,00000000
1,71215191;3,82781744;0,00000000
1,71225591;3,82781744;0,00000000
1,71235991;3,78429508;0,00000000
1,71246391;3,82781744;0,00000000
1,71256791;3,82781744;0,00000000
1,71267191;3,82781744;0,00000000
1,71277591;3,78429508;0,00000000
1,71287991;3,78429508;0,00000000
1,71298391;3,82781744;0,00000000
1,71308791;3,82781744;0,00000000
1,71319191;3,82781744;0,00000000
1,71329591;3,82781744;0,00000000
1,71339991;3,78429508;0,00000000
1,71350391;3,78429508;0,00000000
1,71360791;3,82781744;0,00000000
1,71371191;3,82781744;0,00000000
1,71381591;3,82781744;0,00000000
1,71391991;3,82781744;0,00000000
1,71402391;3,82781744;0,00000000
1,71412791;3,82781744;0,00000000
1,71423191;3,82781744;0,00000000
1,71433591;3,82781744;0,00000000
1,71443991;3,82781744;0,00000000
1,71454391;3,82781744;0,00000000
1,71464791;3,78429508;0,00000000
1,71475191;3,82781744;0,00000000
1,71485591;3,82781744;0,00000000
1,71495991;3,82781744;0,00000000
1,71506391;3,82781744;0,00000000
1,71516791;3,82781744;0,00000000
1,71527191;3,82781744;0,00000000
1,71537591;3,82781744;0,00000000
1,71547991;3,82781744;0,00000000
1,71558391;3,82781744;0,00000000
1,71568791;3,82781744;0,00000000
1,71579191;3,78429508;0,00000000
1,71589591;3,82781744;0,00000000
1,71599991;3,82781744;0,00000000
1,71610391;3,82781744;0,00000000
1,71620791;3,82781744;0,00000000
1,71631191;3,82781744;0,00000000
1,71641591;3,82781744;0,00000000
1,71651991;3,82781744;0,00000000
1,71662391;3,82781744;0,00000000
1,71672791;3,82781744;0,00000000
1,71683191;3,82781744;0,00000000
1,71693591;3,82781744;0,00000000
1,71703991;3,82781744;0,00000000
1,71714391;3,82781744;0,00000000
1,71724791;3,82781744;0,00000000
1,71735191;3,82781744;0,00000000
1,71745591;3,78429508;0,00000000
1,71755991;3,78429508;0,00000000
1,71766391;3,78429508;0,00000000
1,71776791;3,82781744;0,00000000
1,71787191;3,82781744;0,00000000
1,71797591;3,78429508;0,00000000
1,71807991;3,82781744;0,00000000
1,71818391;3,78429508;0,00000000
1,71828791;3,78429508;0,00000000
1,71839191;3,78429508;0,00000000
1,71849591;3,82781744;0,00000000
1,71859991;3,78429508;0,00000000
1,71870391;3,82781744;0,00000000
1,71880791;3,78429508;0,00000000
1,71891191;3,82781744;0,00000000
1,71901591;3,82781744;0,00000000
1,71911991;3,82781744;0,00000000
1,71922391;3,82781744;0,00000000
1,71932791;3,82781744;0,01734744
1,71943191;3,82781744;0,00000000
1,71953591;3,78429508;0,00000000
1,71963991;3,82781744;0,00000000
1,71974391;3,82781744;0,00000000
1,71984791;3,78429508;0,00000000
1,71995191;3,82781744;0,00000000
1,72005591;3,82781744;0,00000000
1,72015991;3,82781744;0,00000000
1,72026391;3,78429508;0,00000000
1,72036791;3,82781744;0,01734744
1,72047191;3,82781744;0,00000000
1,72057591;3,82781744;0,00000000
1,72067991;3,82781744;0,00000000
1,72078391;3,82781744;0,00000000
1,72088791;3,78429508;0,00000000
1,72099191;3,82781744;0,00000000
1,72109591;3,82781744;0,00000000
1,72119991;3,78429508;0,00000000
1,72130391;3,82781744;0,00000000
1,72140791;3,82781744;0,00000000
1,72151191;3,82781744;0,00000000
1,72161591;3,82781744;0,00000000
1,72171991;3,82781744;0,00000000
1,72182391;3,82781744;0,00000000
1,72192791;3,78429508;0,00000000
1,72203191;3,82781744;0,00000000
1,72213591;3,82781744;0,00000000
1,72223991;3,82781744;0,00000000
1,72234391;3,78429508;0,00000000
1,72244791;3,82781744;0,00000000
1,72255191;3,82781744;0,00000000
1,72265591;3,82781744;0,00000000
1,72275991;3,82781744;0,00000000
1,72286391;3,82781744;0,00000000
1,72296791;3,82781744;0,00000000
1,72307191;3,78429508;0,00000000
1,72317591;3,82781744;0,00000000
1,72327991;3,82781744;0,00000000
1,72338391;3,78429508;0,00000000
1,72348791;3,82781744;0,00000000
1,72359191;3,82781744;0,00000000
1,72369591;3,82781744;0,00000000
1,72379991;3,78429508;0,00000000
1,72390391;3,82781744;0,00000000
1,72400791;3,78429508;0,00000000
1,72411191;3,82781744;0,00000000
1,72421591;3,82781744;0,00000000
1,72431991;3,78429508;0,00000000
1,72442391;3,82781744;0,00000000
1,72452791;3,82781744;0,00000000
1,72463191;3,82781744;0,00000000
1,72473591;3,82781744;0,00000000
1,72483991;3,82781744;0,00000000
1,72494391;3,82781744;0,00000000
1,72504791;3,82781744;0,00000000
1,72515191;3,82781744;0,00000000
1,72525591;3,82781744;0,00000000
1,72535991;3,78429508;0,00000000
1,72546391;3,82781744;0,00000000
1,72556791;3,82781744;0,00000000
1,72567191;3,82781744;0,00000000
1,72577591;3,82781744;0,00000000
1,72587991;3,82781744;0,00000000
1,72598391;3,82781744;0,00000000
1,72608791;3,78429508;0,00000000
1,72619191;3,82781744;0,00000000
1,72629591;3,82781744;0,00000000
1,72639991;3,82781744;0,00000000
1,72650391;3,82781744;0,00000000
1,72660791;3,78429508;0,00000000
1,72671191;3,82781744;0,00000000
1,72681591;3,82781744;0,00000000
1,72691991;3,82781744;0,00000000
1,72702391;3,82781744;0,00000000
1,72712791;3,82781744;0,00000000
1,72723191;3,78429508;0,00000000
1,72733591;3,82781744;0,00000000
1,72743991;3,82781744;0,00000000
1,72754391;3,78429508;0,00000000
1,72764791;3,82781744;0,00000000
1,72775191;3,78429508;0,00000000
1,72785591;3,78429508;0,00000000
1,72795991;3,78429508;0,00000000
1,72806391;3,78429508;0,00000000
1,72816791;3,82781744;0,00000000
1,72827191;3,82781744;0,00000000
1,72837591;3,82781744;0,00000000
1,72847991;3,82781744;0,00000000
1,72858391;3,78429508;0,00000000
1,72868791;3,78429508;0,00000000
1,72879191;3,82781744;0,00000000
1,72889591;3,82781744;0,00000000
1,72899991;3,82781744;0,00000000
1,72910391;3,82781744;0,00000000
1,72920791;3,82781744;0,00000000
1,72931191;3,82781744;0,00000000
1,72941591;3,82781744;0,00000000
1,72951991;3,82781744;0,00000000
1,72962391;3,82781744;0,00000000
1,72972791;3,82781744;0,00000000
1,72983191;3,78429508;0,00000000
1,72993591;3,78429508;0,00000000
1,73003991;3,82781744;0,00000000
1,73014391;3,78429508;0,00000000
1,73024791;3,82781744;0,00000000
1,73035191;3,78429508;0,00000000
1,73045591;3,82781744;0,00000000
1,73055991;3,82781744;0,00000000
1,73066391;3,82781744;0,00000000
1,73076791;3,78429508;0,00000000
1,73087191;3,82781744;0,00000000
1,73097591;3,82781744;0,00000000
1,73107991;3,82781744;0,00000000
1,73118391;3,82781744;0,00000000
1,73128791;3,82781744;0,00000000
1,73139191;3,82781744;0,00000000
1,73149591;3,82781744;0,00000000
1,73159991;3,82781744;0,00000000
1,73170391;3,78429508;0,00000000
1,73180791;3,78429508;0,00000000
1,73191191;3,82781744;0,00000000
1,73201591;3,82781744;0,00000000
1,73211991;3,82781744;0,00000000
1,73222391;3,82781744;0,00000000
1,73232791;3,82781744;0,00000000
1,73243191;3,82781744;0,00000000
1,73253591;3,82781744;0,00000000
1,73263991;3,78429508;0,00000000
1,73274391;3,82781744;0,00000000
1,73284791;3,82781744;0,00000000
1,73295191;3,82781744;0,00000000
1,73305591;3,82781744;0,00000000
1,73315991;3,82781744;0,00000000
1,73326391;3,82781744;0,00000000
1,73336791;3,82781744;0,00000000
1,73347191;3,82781744;0,00000000
1,73357591;3,82781744;0,00000000
1,73367991;3,82781744;0,00000000
1,73378391;3,78429508;0,00000000
1,73388791;3,82781744;0,00000000
1,73399191;3,82781744;0,00000000
1,73409591;3,82781744;0,00000000
1,73419991;3,82781744;0,00000000
1,73430391;3,82781744;0,00000000
1,73440791;3,82781744;0,00000000
1,73451191;3,82781744;0,00000000
1,73461591;3,82781744;0,00000000
1,73471991;3,82781744;0,00000000
1,73482391;3,78429508;0,00000000
1,73492791;3,78429508;0,00000000
1,73503191;3,82781744;0,00000000
1,73513591;3,82781744;0,00000000
1,73523991;3,82781744;0,00000000
1,73534391;3,82781744;0,00000000
1,73544791;3,82781744;0,00000000
1,73555191;3,82781744;0,00000000
1,73565591;3,78429508;0,00000000
1,73575991;3,82781744;0,00000000
1,73586391;3,82781744;0,00000000
1,73596791;3,82781744;0,00000000
1,73607191;3,82781744;0,00000000
1,73617591;3,78429508;0,00000000
1,73627991;3,82781744;0,00000000
1,73638391;3,82781744;0,00000000
1,73648791;3,82781744;0,00000000
1,73659191;3,78429508;0,00000000
1,73669591;3,82781744;0,00000000
1,73679991;3,82781744;0,00000000
1,73690391;3,82781744;0,00000000
1,73700791;3,78429508;0,00000000
1,73711191;3,82781744;0,00000000
1,73721591;3,82781744;0,00000000
1,73731991;3,82781744;0,00000000
1,73742391;3,78429508;0,00000000
1,73752791;3,82781744;0,00000000
1,73763191;3,78429508;0,00000000
1,73773591;3,78429508;0,00000000
1,73783991;3,82781744;0,00000000
1,73794391;3,82781744;0,00000000
1,73804791;3,82781744;0,00000000
1,73815191;3,82781744;0,00000000
1,73825591;3,82781744;0,00000000
1,73835991;3,82781744;0,00000000
1,73846391;3,82781744;0,00000000
1,73856791;3,82781744;0,00000000
1,73867191;3,82781744;0,00000000
1,73877591;3,82781744;0,00000000
1,73887991;3,82781744;0,00000000
1,73898391;3,78429508;0,00000000
1,73908791;3,82781744;0,00000000
1,73919191;3,78429508;0,00000000
1,73929591;3,78429508;0,00000000
1,73939991;3,78429508;0,00000000
1,73950391;3,78429508;0,00000000
1,73960791;3,82781744;0,00000000
1,73971191;3,82781744;0,00000000
1,73981591;3,78429508;0,00000000
1,73991991;3,82781744;0,00000000
1,74002391;3,82781744;0,00000000
1,74012791;3,82781744;0,00000000
1,74023191;3,82781744;0,00000000
1,74033591;3,82781744;0,00000000
1,74043991;3,82781744;0,00000000
1,74054391;3,82781744;0,00000000
1,74064791;3,82781744;0,00000000
1,74075191;3,82781744;0,00000000
1,74085591;3,82781744;0,00000000
1,74095991;3,82781744;0,00000000
1,74106391;3,78429508;0,00000000
1,74116791;3,82781744;0,00000000
1,74127191;3,82781744;0,00000000
1,74137591;3,82781744;0,00000000
1,74147991;3,82781744;0,00000000
1,74158391;3,82781744;0,00000000
1,74168791;3,82781744;0,00000000
1,74179191;3,82781744;0,00000000
1,74189591;3,82781744;0,00000000
1,74199991;3,82781744;0,00000000
1,74210391;3,82781744;0,00000000
1,74220791;3,82781744;0,00000000
1,74231191;3,82781744;0,00000000
1,74241591;3,82781744;0,00000000
1,74251991;3,82781744;0,00000000
1,74262391;3,78429508;0,00000000
1,74272791;3,78429508;0,00000000
1,74283191;3,82781744;0,00000000
1,74293591;3,82781744;0,00000000
1,74303991;3,82781744;0,00000000
1,74314391;3,82781744;0,00000000
1,74324791;3,82781744;0,00000000
1,74335191;3,78429508;0,00000000
1,74345591;3,78429508;0,00000000
1,74355991;3,82781744;0,00000000
1,74366391;3,82781744;0,00000000
1,74376791;3,82781744;0,00000000
1,74387191;3,82781744;0,00000000
1,74397591;3,82781744;0,00000000
1,74407991;3,82781744;0,00000000
1,74418391;3,82781744;0,00000000
1,74428791;3,82781744;0,00000000
1,74439191;3,82781744;0,00000000
1,74449591;3,82781744;0,00000000
1,74459991;3,82781744;0,00000000
1,74470391;3,82781744;0,00000000
1,74480791;3,82781744;0,00000000
1,74491191;3,82781744;0,00000000
1,74501591;3,78429508;0,00000000
1,74511991;3,82781744;0,00000000
1,74522391;3,78429508;0,00000000
1,74532791;3,82781744;0,00000000
1,74543191;3,78429508;0,00000000
1,74553591;3,82781744;0,00000000
1,74563991;3,78429508;0,00000000
1,74574391;3,82781744;0,00000000
1,74584791;3,82781744;0,00000000
1,74595191;3,82781744;0,00000000
1,74605591;3,78429508;0,00000000
1,74615991;3,82781744;0,00000000
1,74626391;3,82781744;0,00000000
1,74636791;3,82781744;0,00000000
1,74647191;3,78429508;0,00000000
1,74657591;3,82781744;0,00000000
1,74667991;3,78429508;0,00000000
1,74678391;3,82781744;0,00000000
1,74688791;3,78429508;0,00000000
1,74699191;3,78429508;0,00000000
1,74709591;3,82781744;0,00000000
1,74719991;3,82781744;0,00000000
1,74730391;3,82781744;0,00000000
1,74740791;3,78429508;0,00000000
1,74751191;3,82781744;0,00000000
1,74761591;3,82781744;0,00000000
1,74771991;3,78429508;0,00000000
1,74782391;3,82781744;0,00000000
1,74792791;3,82781744;0,00000000
1,74803191;3,82781744;0,00000000
1,74813591;3,82781744;0,00000000
1,74823991;3,78429508;0,00000000
1,74834391;3,82781744;0,00000000
1,74844791;3,78429508;0,00000000
1,74855191;3,78429508;0,00000000
1,74865591;3,82781744;0,00000000
1,74875991;3,82781744;0,00000000
1,74886391;3,82781744;0,00000000
1,74896791;3,78429508;0,00000000
1,74907191;3,82781744;0,00000000
1,74917591;3,82781744;0,00000000
1,74927991;3,82781744;0,00000000
1,74938391;3,82781744;0,00000000
1,74948791;3,82781744;0,00000000
1,74959191;3,82781744;0,00000000
1,74969591;3,82781744;0,00000000
1,74979991;3,82781744;0,00000000
1,74990391;3,82781744;0,00000000
1,75000791;3,78429508;0,00000000
1,75011191;3,82781744;0,00000000
1,75021591;3,78429508;0,00000000
1,75031991;3,78429508;0,00000000
1,75042391;3,78429508;0,00000000
1,75052791;3,82781744;0,00000000
1,75063191;3,78429508;0,00000000
1,75073591;3,82781744;0,00000000
1,75083991;3,78429508;0,00000000
1,75094391;3,82781744;0,00000000
1,75104791;3,82781744;0,00000000
1,75115191;3,82781744;0,00000000
1,75125591;3,82781744;0,00000000
1,75135991;3,82781744;0,00000000
1,75146391;3,82781744;0,00000000
1,75156791;3,82781744;0,00000000
1,75167191;3,78429508;0,00000000
1,75177591;3,78429508;0,00000000
1,75187991;3,82781744;0,00000000
1,75198391;3,82781744;0,00000000
1,75208791;3,82781744;0,00000000
1,75219191;3,78429508;0,00000000
1,75229591;3,78429508;0,00000000
1,75239991;3,82781744;0,00000000
1,75250391;3,82781744;0,00000000
1,75260791;3,78429508;0,00000000
1,75271191;3,82781744;0,00000000
1,75281591;3,82781744;0,00000000
1,75291991;3,82781744;0,00000000
1,75302391;3,82781744;0,00000000
1,75312791;3,78429508;0,00000000
1,75323191;3,82781744;0,00000000
1,75333591;3,82781744;0,00000000
1,75343991;3,82781744;0,00000000
1,75354391;3,78429508;0,00000000
1,75364791;3,82781744;0,01734744
1,75375191;3,82781744;0,00000000
1,75385591;3,82781744;0,00000000
1,75395991;3,78429508;0,00000000
1,75406391;3,78429508;0,00000000
1,75416791;3,82781744;0,00000000
1,75427191;3,82781744;0,00000000
1,75437591;3,78429508;0,00000000
1,75447991;3,78429508;0,00000000
1,75458391;3,78429508;0,00000000
1,75468791;3,78429508;0,00000000
1,75479191;3,82781744;0,00000000
1,75489591;3,82781744;0,00000000
1,75499991;3,82781744;0,00000000
1,75510391;3,82781744;0,00000000
1,75520791;3,78429508;0,00000000
1,75531191;3,82781744;0,00000000
1,75541591;3,82781744;0,00000000
1,75551991;3,82781744;0,00000000
1,75562391;3,78429508;0,00000000
1,75572791;3,78429508;0,00000000
1,75583191;3,82781744;0,00000000
1,75593591;3,78429508;0,00000000
1,75603991;3,82781744;0,00000000
1,75614391;3,78429508;0,00000000
1,75624791;3,78429508;0,00000000
1,75635191;3,82781744;0,00000000
1,75645591;3,82781744;0,00000000
1,75655991;3,82781744;0,00000000
1,75666391;3,82781744;0,00000000
1,75676791;3,78429508;0,00000000
1,75687191;3,82781744;0,00000000
1,75697591;3,78429508;0,00000000
1,75707991;3,82781744;0,00000000
1,75718391;3,78429508;0,00000000
1,75728791;3,82781744;0,00000000
1,75739191;3,82781744;0,00000000
1,75749591;3,82781744;0,00000000
1,75759991;3,82781744;0,00000000
1,75770391;3,78429508;0,00000000
1,75780791;3,82781744;0,00000000
1,75791191;3,78429508;0,00000000
1,75801591;3,82781744;0,00000000
1,75811991;3,82781744;0,00000000
1,75822391;3,82781744;0,00000000
1,75832791;3,78429508;0,00000000
1,75843191;3,78429508;0,00000000
1,75853591;3,82781744;0,00000000
1,75863991;3,78429508;0,00000000
1,75874391;3,82781744;0,00000000
1,75884791;3,82781744;0,00000000
1,75895191;3,82781744;0,00000000
1,75905591;3,82781744;0,00000000
1,75915991;3,78429508;0,00000000
1,75926391;3,78429508;0,00000000
1,75936791;3,82781744;0,00000000
1,75947191;3,78429508;0,00000000
1,75957591;3,82781744;0,00000000
1,75967991;3,78429508;0,00000000
1,75978391;3,82781744;0,00000000
1,75988791;3,78429508;0,00000000
1,75999191;3,82781744;0,00000000
1,76009591;3,78429508;0,00000000
1,76019991;3,78429508;0,00000000
1,76030391;3,82781744;0,00000000
1,76040791;3,78429508;0,00000000
1,76051191;3,82781744;0,00000000
1,76061591;3,82781744;0,00000000
1,76071991;3,82781744;0,00000000
1,76082391;3,82781744;0,00000000
1,76092791;3,78429508;0,00000000
1,76103191;3,82781744;0,00000000
1,76113591;3,78429508;0,00000000
1,76123991;3,82781744;0,00000000
1,76134391;3,82781744;0,00000000
1,76144791;3,82781744;0,00000000
1,76155191;3,82781744;0,00000000
1,76165591;3,82781744;0,00000000
1,76175991;3,82781744;0,00000000
1,76186391;3,82781744;0,00000000
1,76196791;3,78429508;0,00000000
1,76207191;3,78429508;0,00000000
1,76217591;3,82781744;0,00000000
1,76227991;3,78429508;0,00000000
1,76238391;3,82781744;0,00000000
1,76248790;3,82781744;0,00000000
1,76259190;3,78429508;0,00000000
1,76269590;3,82781744;0,00000000
1,76279990;3,82781744;0,01734744
1,76290390;3,82781744;0,00000000
1,76300790;3,82781744;0,00000000
1,76311190;3,82781744;0,00000000
1,76321590;3,82781744;0,00000000
1,76331990;3,78429508;0,00000000
1,76342390;3,82781744;0,00000000
1,76352790;3,82781744;0,00000000
1,76363190;3,82781744;0,00000000
1,76373590;3,82781744;0,00000000
1,76383990;3,82781744;0,00000000
1,76394390;3,82781744;0,00000000
1,76404790;3,82781744;0,00000000
1,76415190;3,78429508;0,00000000
1,76425590;3,78429508;0,00000000
1,76435990;3,82781744;0,00000000
1,76446390;3,78429508;0,00000000
1,76456790;3,82781744;0,00000000
1,76467190;3,78429508;0,00000000
1,76477590;3,82781744;0,00000000
1,76487990;3,82781744;0,00000000
1,76498390;3,82781744;0,00000000
1,76508790;3,78429508;0,00000000
1,76519190;3,82781744;0,00000000
1,76529590;3,82781744;0,00000000
1,76539990;3,82781744;0,00000000
1,76550390;3,82781744;0,00000000
1,76560790;3,78429508;0,00000000
1,76571190;3,82781744;0,00000000
1,76581590;3,78429508;0,00000000
1,76591990;3,82781744;0,00000000
1,76602390;3,82781744;0,00000000
1,76612790;3,82781744;0,00000000
1,76623190;3,82781744;0,00000000
1,76633590;3,82781744;0,00000000
1,76643990;3,78429508;0,00000000
1,76654390;3,82781744;0,00000000
1,76664790;3,82781744;0,00000000
1,76675190;3,82781744;0,00000000
1,76685590;3,82781744;0,00000000
1,76695990;3,78429508;0,00000000
1,76706390;3,82781744;0,00000000
1,76716790;3,82781744;0,00000000
1,76727190;3,82781744;0,00000000
1,76737590;3,82781744;0,00000000
1,76747990;3,82781744;0,00000000
1,76758390;3,82781744;0,00000000
1,76768790;3,82781744;0,00000000
1,76779190;3,82781744;0,00000000
1,76789590;3,78429508;0,00000000
1,76799990;3,78429508;0,00000000
1,76810390;3,78429508;0,00000000
1,76820790;3,82781744;0,00000000
1,76831190;3,82781744;0,00000000
1,76841590;3,78429508;0,00000000
1,76851990;3,82781744;0,00000000
1,76862390;3,82781744;0,00000000
1,76872790;3,82781744;0,00000000
1,76883190;3,82781744;0,00000000
1,76893590;3,78429508;0,00000000
1,76903990;3,82781744;0,00000000
1,76914390;3,82781744;0,00000000
1,76924790;3,78429508;0,00000000
1,76935190;3,82781744;0,00000000
1,76945590;3,82781744;0,00000000
1,76955990;3,82781744;0,00000000
1,76966390;3,82781744;0,00000000
1,76976790;3,82781744;0,00000000
1,76987190;3,82781744;0,00000000
1,76997590;3,82781744;0,00000000
1,77007990;3,82781744;0,00000000
1,77018390;3,82781744;0,00000000
1,77028790;3,78429508;0,00000000
1,77039190;3,82781744;0,00000000
1,77049590;3,82781744;0,00000000
1,77059990;3,82781744;0,00000000
1,77070390;3,82781744;0,00000000
1,77080790;3,78429508;0,00000000
1,77091190;3,78429508;0,00000000
1,77101590;3,82781744;0,00000000
1,77111990;3,78429508;0,00000000
1,77122390;3,78429508;0,00000000
1,77132790;3,78429508;0,00000000
1,77143190;3,82781744;0,00000000
1,77153590;3,78429508;0,00000000
1,77163990;3,82781744;0,00000000
1,77174390;3,82781744;0,00000000
1,77184790;3,82781744;0,00000000
1,77195190;3,82781744;0,00000000
1,77205590;3,82781744;0,00000000
1,77215990;3,82781744;0,00000000
1,77226390;3,82781744;0,00000000
1,77236790;3,78429508;0,00000000
1,77247190;3,82781744;0,00000000
1,77257590;3,82781744;0,00000000
1,77267990;3,78429508;0,00000000
1,77278390;3,82781744;0,00000000
1,77288790;3,82781744;0,00000000
1,77299190;3,82781744;0,00000000
1,77309590;3,82781744;0,00000000
1,77319990;3,78429508;0,00000000
1,77330390;3,78429508;0,00000000
1,77340790;3,82781744;0,00000000
1,77351190;3,82781744;0,00000000
1,77361590;3,78429508;0,00000000
1,77371990;3,82781744;0,00000000
1,77382390;3,82781744;0,00000000
1,77392790;3,78429508;0,00000000
1,77403190;3,82781744;0,00000000
1,77413590;3,82781744;0,00000000
1,77423990;3,82781744;0,00000000
1,77434390;3,82781744;0,00000000
1,77444790;3,78429508;0,00000000
1,77455190;3,82781744;0,00000000
1,77465590;3,82781744;0,00000000
1,77475990;3,82781744;0,00000000
1,77486390;3,82781744;0,00000000
1,77496790;3,82781744;0,00000000
1,77507190;3,82781744;0,00000000
1,77517590;3,82781744;0,00000000
1,77527990;3,82781744;0,00000000
1,77538390;3,82781744;0,00000000
1,77548790;3,82781744;0,00000000
1,77559190;3,82781744;0,00000000
1,77569590;3,78429508;0,00000000
1,77579990;3,82781744;0,00000000
1,77590390;3,82781744;0,00000000
1,77600790;3,82781744;0,00000000
1,77611190;3,82781744;0,00000000
1,77621590;3,82781744;0,00000000
1,77631990;3,82781744;0,00000000
1,77642390;3,82781744;0,00000000
1,77652790;3,82781744;0,00000000
1,77663190;3,82781744;0,00000000
1,77673590;3,82781744;0,00000000
1,77683990;3,82781744;0,00000000
1,77694390;3,78429508;0,00000000
1,77704790;3,82781744;0,00000000
1,77715190;3,82781744;0,00000000
1,77725590;3,82781744;0,00000000
1,77735990;3,78429508;0,00000000
1,77746390;3,82781744;0,00000000
1,77756790;3,82781744;0,00000000
1,77767190;3,78429508;0,00000000
1,77777590;3,82781744;0,00000000
1,77787990;3,78429508;0,00000000
1,77798390;3,82781744;0,00000000
1,77808790;3,78429508;0,00000000
1,77819190;3,78429508;0,00000000
1,77829590;3,78429508;0,00000000
1,77839990;3,78429508;0,00000000
1,77850390;3,82781744;0,00000000
1,77860790;3,82781744;0,00000000
1,77871190;3,78429508;0,00000000
1,77881590;3,82781744;0,00000000
1,77891990;3,78429508;0,00000000
1,77902390;3,78429508;0,00000000
1,77912790;3,82781744;0,00000000
1,77923190;3,82781744;0,00000000
1,77933590;3,82781744;0,00000000
1,77943990;3,78429508;0,00000000
1,77954390;3,82781744;0,00000000
1,77964790;3,78429508;0,00000000
1,77975190;3,82781744;0,00000000
1,77985590;3,82781744;0,00000000
1,77995990;3,78429508;0,00000000
1,78006390;3,82781744;0,01734744
1,78016790;3,82781744;0,00000000
1,78027190;3,82781744;0,00000000
1,78037590;3,82781744;0,00000000
1,78047990;3,82781744;0,00000000
1,78058390;3,82781744;0,00000000
1,78068790;3,82781744;0,00000000
1,78079190;3,78429508;0,00000000
1,78089590;3,82781744;0,00000000
1,78099990;3,78429508;0,00000000
1,78110390;3,82781744;0,00000000
1,78120790;3,82781744;0,00000000
1,78131190;3,82781744;0,00000000
1,78141590;3,82781744;0,00000000
1,78151990;3,82781744;0,00000000
1,78162390;3,82781744;0,00000000
1,78172790;3,78429508;0,00000000
1,78183190;3,82781744;0,00000000
1,78193590;3,82781744;0,00000000
1,78203990;3,82781744;0,00000000
1,78214390;3,82781744;0,00000000
1,78224790;3,78429508;0,00000000
1,78235190;3,82781744;0,00000000
1,78245590;3,78429508;0,00000000
1,78255990;3,82781744;0,00000000
1,78266390;3,82781744;0,00000000
1,78276790;3,78429508;0,00000000
1,78287190;3,78429508;0,00000000
1,78297590;3,78429508;0,00000000
1,78307990;3,82781744;0,00000000
1,78318390;3,82781744;0,00000000
1,78328790;3,82781744;0,00000000
1,78339190;3,78429508;0,00000000
1,78349590;3,82781744;0,00000000
1,78359990;3,82781744;0,00000000
1,78370390;3,82781744;0,00000000
1,78380790;3,82781744;0,00000000
1,78391190;3,82781744;0,00000000
1,78401590;3,82781744;0,00000000
1,78411990;3,82781744;0,00000000
1,78422390;3,82781744;0,00000000
1,78432790;3,78429508;0,00000000
1,78443190;3,82781744;0,00000000
1,78453590;3,82781744;0,00000000
1,78463990;3,82781744;0,00000000
1,78474390;3,82781744;0,00000000
1,78484790;3,78429508;0,00000000
1,78495190;3,82781744;0,00000000
1,78505590;3,82781744;0,00000000
1,78515990;3,82781744;0,00000000
1,78526390;3,82781744;0,00000000
1,78536790;3,78429508;0,00000000
1,78547190;3,82781744;0,00000000
1,78557590;3,82781744;0,00000000
1,78567990;3,78429508;0,00000000
1,78578390;3,82781744;0,00000000
1,78588790;3,82781744;0,00000000
1,78599190;3,78429508;0,00000000
1,78609590;3,78429508;0,00000000
1,78619990;3,82781744;0,00000000
1,78630390;3,82781744;0,00000000
1,78640790;3,82781744;0,00000000
1,78651190;3,82781744;0,00000000
1,78661590;3,82781744;0,00000000
1,78671990;3,82781744;0,00000000
1,78682390;3,82781744;0,00000000
1,78692790;3,82781744;0,00000000
1,78703190;3,82781744;0,00000000
1,78713590;3,78429508;0,00000000
1,78723990;3,82781744;0,00000000
1,78734390;3,82781744;0,00000000
1,78744790;3,82781744;0,00000000
1,78755190;3,82781744;0,00000000
1,78765590;3,78429508;0,00000000
1,78775990;3,78429508;0,00000000
1,78786390;3,82781744;0,00000000
1,78796790;3,82781744;0,00000000
1,78807190;3,82781744;0,00000000
1,78817590;3,82781744;0,00000000
1,78827990;3,82781744;0,00000000
1,78838390;3,82781744;0,00000000
1,78848790;3,82781744;0,00000000
1,78859190;3,82781744;0,00000000
1,78869590;3,78429508;0,00000000
1,78879990;3,78429508;0,00000000
1,78890390;3,82781744;0,00000000
1,78900790;3,78429508;0,00000000
1,78911190;3,78429508;0,00000000
1,78921590;3,82781744;0,00000000
1,78931990;3,82781744;0,00000000
1,78942390;3,78429508;0,00000000
1,78952790;3,78429508;0,00000000
1,78963190;3,78429508;0,00000000
1,78973590;3,78429508;0,00000000
1,78983990;3,82781744;0,00000000
1,78994390;3,78429508;0,00000000
1,79004790;3,78429508;0,00000000
1,79015190;3,82781744;0,00000000
1,79025590;3,82781744;0,00000000
1,79035990;3,78429508;0,00000000
1,79046390;3,82781744;0,00000000
1,79056790;3,82781744;0,00000000
1,79067190;3,78429508;0,00000000
1,79077590;3,82781744;0,00000000
1,79087990;3,82781744;0,00000000
1,79098390;3,82781744;0,00000000
1,79108790;3,82781744;0,00000000
1,79119190;3,82781744;0,00000000
1,79129590;3,82781744;0,00000000
1,79139990;3,78429508;0,00000000
1,79150390;3,82781744;0,00000000
1,79160790;3,82781744;0,00000000
1,79171190;3,82781744;0,00000000
1,79181590;3,82781744;0,00000000
1,79191990;3,82781744;0,00000000
1,79202390;3,78429508;0,00000000
1,79212790;3,82781744;0,00000000
1,79223190;3,78429508;0,00000000
1,79233590;3,78429508;0,00000000
1,79243990;3,78429508;0,00000000
1,79254390;3,82781744;0,00000000
1,79264790;3,78429508;0,00000000
1,79275190;3,82781744;0,00000000
1,79285590;3,82781744;0,00000000
1,79295990;3,82781744;0,00000000
1,79306390;3,82781744;0,00000000
1,79316790;3,78429508;0,00000000
1,79327190;3,78429508;0,00000000
1,79337590;3,82781744;0,00000000
1,79347990;3,82781744;0,00000000
1,79358390;3,82781744;0,00000000
1,79368790;3,82781744;0,00000000
1,79379190;3,82781744;0,00000000
1,79389590;3,82781744;0,00000000
1,79399990;3,82781744;0,00000000
1,79410390;3,78429508;0,00000000
1,79420790;3,82781744;0,00000000
1,79431190;3,82781744;0,00000000
1,79441590;3,82781744;0,00000000
1,79451990;3,82781744;0,00000000
1,79462390;3,82781744;0,00000000
1,79472790;3,82781744;0,00000000
1,79483190;3,82781744;0,00000000
1,79493590;3,78429508;0,00000000
1,79503990;3,82781744;0,00000000
1,79514390;3,78429508;0,00000000
1,79524790;3,82781744;0,00000000
1,79535190;3,82781744;0,00000000
1,79545590;3,82781744;0,00000000
1,79555990;3,82781744;0,00000000
1,79566390;3,82781744;0,00000000
1,79576790;3,82781744;0,00000000
1,79587190;3,78429508;0,00000000
1,79597590;3,82781744;0,00000000
1,79607990;3,78429508;0,00000000
1,79618390;3,82781744;0,00000000
1,79628790;3,82781744;0,00000000
1,79639190;3,82781744;0,00000000
1,79649590;3,78429508;0,00000000
1,79659990;3,82781744;0,00000000
1,79670390;3,82781744;0,00000000
1,79680790;3,82781744;0,00000000
1,79691190;3,82781744;0,00000000
1,79701590;3,78429508;0,00000000
1,79711990;3,78429508;0,00000000
1,79722390;3,78429508;0,00000000
1,79732790;3,82781744;0,00000000
1,79743190;3,82781744;0,00000000
1,79753590;3,82781744;0,00000000
1,79763990;3,82781744;0,00000000
1,79774390;3,82781744;0,00000000
1,79784790;3,78429508;0,00000000
1,79795190;3,78429508;0,00000000
1,79805590;3,78429508;0,00000000
1,79815990;3,82781744;0,00000000
1,79826390;3,78429508;0,00000000
1,79836790;3,78429508;0,00000000
1,79847190;3,78429508;0,00000000
1,79857590;3,82781744;0,00000000
1,79867990;3,82781744;0,00000000
1,79878390;3,82781744;0,00000000
1,79888790;3,82781744;0,00000000
1,79899190;3,82781744;0,00000000
1,79909590;3,82781744;0,00000000
1,79919990;3,78429508;0,00000000
1,79930390;3,87133980;0,00000000
1,79940790;3,82781744;0,00000000
1,79951190;3,82781744;0,00000000
1,79961590;3,82781744;0,00000000
1,79971990;3,78429508;0,00000000
1,79982390;3,78429508;0,00000000
1,79992790;3,78429508;0,00000000
1,80003190;3,82781744;0,00000000
1,80013590;3,82781744;0,00000000
1,80023990;3,78429508;0,00000000
1,80034390;3,82781744;0,00000000
1,80044790;3,82781744;0,00000000
1,80055190;3,82781744;0,00000000
1,80065590;3,82781744;0,00000000
1,80075990;3,82781744;0,00000000
1,80086390;3,82781744;0,00000000
1,80096790;3,82781744;0,00000000
1,80107190;3,78429508;0,00000000
1,80117590;3,82781744;0,00000000
1,80127990;3,78429508;0,00000000
1,80138390;3,82781744;0,00000000
1,80148790;3,82781744;0,00000000
1,80159190;3,78429508;0,00000000
1,80169590;3,82781744;0,00000000
1,80179990;3,82781744;0,00000000
1,80190390;3,82781744;0,00000000
1,80200790;3,82781744;0,00000000
1,80211190;3,82781744;0,00000000
1,80221590;3,82781744;0,00000000
1,80231990;3,82781744;0,00000000
1,80242390;3,82781744;0,00000000
1,80252790;3,82781744;0,00000000
1,80263190;3,82781744;0,00000000
1,80273590;3,82781744;0,01734744
1,80283990;3,82781744;0,00000000
1,80294390;3,78429508;0,00000000
1,80304790;3,78429508;0,00000000
1,80315190;3,82781744;0,00000000
1,80325590;3,82781744;0,00000000
1,80335990;3,82781744;0,00000000
1,80346390;3,82781744;0,00000000
1,80356790;3,78429508;0,00000000
1,80367190;3,82781744;0,00000000
1,80377590;3,82781744;0,00000000
1,80387990;3,82781744;0,00000000
1,80398390;3,82781744;0,00000000
1,80408790;3,82781744;0,00000000
1,80419190;3,82781744;0,00000000
1,80429590;3,82781744;0,00000000
1,80439990;3,78429508;0,00000000
1,80450390;3,78429508;0,00000000
1,80460790;3,82781744;0,00000000
1,80471190;3,82781744;0,00000000
1,80481590;3,82781744;0,00000000
1,80491990;3,82781744;0,00000000
1,80502390;3,82781744;0,00000000
1,80512790;3,78429508;0,00000000
1,80523190;3,82781744;0,00000000
1,80533590;3,82781744;0,00000000
1,80543990;3,78429508;0,00000000
1,80554390;3,82781744;0,00000000
1,80564790;3,82781744;0,00000000
1,80575190;3,78429508;0,00000000
1,80585590;3,82781744;0,00000000
1,80595990;3,82781744;0,00000000
1,80606390;3,82781744;0,00000000
1,80616790;3,82781744;0,00000000
1,80627190;3,82781744;0,00000000
1,80637590;3,82781744;0,00000000
1,80647990;3,82781744;0,00000000
1,80658390;3,78429508;0,00000000
1,80668790;3,82781744;0,00000000
1,80679190;3,82781744;0,00000000
1,80689590;3,82781744;0,00000000
1,80699990;3,78429508;0,00000000
1,80710390;3,82781744;0,00000000
1,80720790;3,78429508;0,00000000
1,80731190;3,82781744;0,00000000
1,80741590;3,82781744;0,00000000
1,80751990;3,82781744;0,00000000
1,80762390;3,78429508;0,00000000
1,80772790;3,82781744;0,00000000
1,80783190;3,82781744;0,00000000
1,80793590;3,82781744;0,00000000
1,80803990;3,78429508;0,00000000
1,80814390;3,82781744;0,00000000
1,80824790;3,82781744;0,00000000
1,80835190;3,78429508;0,00000000
1,80845590;3,82781744;0,00000000
1,80855990;3,82781744;0,00000000
1,80866390;3,82781744;0,00000000
1,80876790;3,82781744;0,00000000
1,80887190;3,82781744;0,00000000
1,80897590;3,82781744;0,00000000
1,80907990;3,82781744;0,00000000
1,80918390;3,82781744;0,00000000
1,80928790;3,78429508;0,00000000
1,80939190;3,82781744;0,00000000
1,80949590;3,82781744;0,00000000
1,80959990;3,82781744;0,00000000
1,80970390;3,82781744;0,00000000
1,80980790;3,82781744;0,00000000
1,80991190;3,82781744;0,00000000
1,81001590;3,78429508;0,00000000
1,81011990;3,82781744;0,00000000
1,81022390;3,82781744;0,00000000
1,81032790;3,82781744;0,00000000
1,81043190;3,78429508;0,00000000
1,81053590;3,78429508;0,00000000
1,81063990;3,82781744;0,00000000
1,81074390;3,82781744;0,00000000
1,81084790;3,82781744;0,00000000
1,81095190;3,82781744;0,00000000
1,81105590;3,87133980;0,00000000
1,81115990;3,82781744;0,00000000
1,81126390;3,82781744;0,00000000
1,81136790;3,78429508;0,00000000
1,81147190;3,82781744;0,00000000
1,81157590;3,82781744;0,00000000
1,81167990;3,82781744;0,00000000
1,81178390;3,82781744;0,00000000
1,81188790;3,82781744;0,00000000
1,81199190;3,78429508;0,00000000
1,81209590;3,78429508;0,00000000
1,81219990;3,82781744;0,00000000
1,81230390;3,78429508;0,00000000
1,81240790;3,82781744;0,00000000
1,81251190;3,82781744;0,00000000
1,81261590;3,82781744;0,00000000
1,81271990;3,82781744;0,00000000
1,81282390;3,78429508;0,00000000
1,81292790;3,82781744;0,00000000
1,81303190;3,82781744;0,00000000
1,81313590;3,82781744;0,00000000
1,81323990;3,82781744;0,00000000
1,81334390;3,82781744;0,00000000
1,81344790;3,82781744;0,00000000
1,81355190;3,82781744;0,00000000
1,81365590;3,82781744;0,00000000
1,81375990;3,78429508;0,00000000
1,81386390;3,82781744;0,00000000
1,81396790;3,82781744;0,00000000
1,81407190;3,78429508;0,00000000
1,81417590;3,78429508;0,00000000
1,81427990;3,82781744;0,00000000
1,81438390;3,82781744;0,00000000
1,81448790;3,82781744;0,00000000
1,81459190;3,82781744;0,00000000
1,81469590;3,78429508;0,00000000
1,81479990;3,82781744;0,00000000
1,81490390;3,82781744;0,00000000
1,81500790;3,82781744;0,00000000
1,81511190;3,82781744;0,00000000
1,81521590;3,82781744;0,00000000
1,81531990;3,82781744;0,00000000
1,81542390;3,82781744;0,00000000
1,81552790;3,78429508;0,00000000
1,81563190;3,82781744;0,00000000
1,81573590;3,78429508;0,00000000
1,81583990;3,82781744;0,00000000
1,81594390;3,78429508;0,00000000
1,81604790;3,78429508;0,00000000
1,81615190;3,82781744;0,00000000
1,81625590;3,82781744;0,00000000
1,81635990;3,78429508;0,00000000
1,81646390;3,82781744;0,00000000
1,81656790;3,82781744;0,00000000
1,81667190;3,82781744;0,00000000
1,81677590;3,82781744;0,00000000
1,81687990;3,82781744;0,00000000
1,81698390;3,78429508;0,00000000
1,81708790;3,82781744;0,00000000
1,81719190;3,78429508;0,00000000
1,81729590;3,82781744;0,00000000
1,81739990;3,82781744;0,00000000
1,81750390;3,82781744;0,00000000
1,81760790;3,82781744;0,00000000
1,81771190;3,82781744;0,00000000
1,81781590;3,82781744;0,00000000
1,81791990;3,82781744;0,00000000
1,81802390;3,82781744;0,00000000
1,81812790;3,82781744;0,00000000
1,81823190;3,78429508;0,00000000
1,81833590;3,82781744;0,00000000
1,81843990;3,82781744;0,00000000
1,81854390;3,82781744;0,00000000
1,81864790;3,82781744;0,00000000
1,81875190;3,82781744;0,00000000
1,81885590;3,82781744;0,00000000
1,81895990;3,82781744;0,00000000
1,81906390;3,78429508;0,00000000
1,81916790;3,78429508;0,00000000
1,81927190;3,78429508;0,00000000
1,81937590;3,82781744;0,00000000
1,81947990;3,78429508;0,00000000
1,81958390;3,82781744;0,00000000
1,81968790;3,82781744;0,00000000
1,81979190;3,78429508;0,00000000
1,81989590;3,78429508;0,00000000
1,81999990;3,78429508;0,00000000
1,82010390;3,82781744;0,00000000
1,82020790;3,82781744;0,00000000
1,82031190;3,82781744;0,00000000
1,82041590;3,82781744;0,00000000
1,82051990;3,78429508;0,00000000
1,82062390;3,82781744;0,00000000
1,82072790;3,82781744;0,00000000
1,82083190;3,78429508;0,00000000
1,82093590;3,78429508;0,00000000
1,82103990;3,78429508;0,00000000
1,82114390;3,82781744;0,00000000
1,82124790;3,78429508;0,00000000
1,82135190;3,82781744;0,00000000
1,82145590;3,78429508;0,00000000
1,82155990;3,78429508;0,00000000
1,82166390;3,82781744;0,00000000
1,82176790;3,82781744;0,00000000
1,82187190;3,82781744;0,00000000
1,82197590;3,78429508;0,00000000
1,82207990;3,78429508;0,00000000
1,82218390;3,82781744;0,00000000
1,82228790;3,78429508;0,00000000
1,82239190;3,82781744;0,00000000
1,82249590;3,78429508;0,00000000
1,82259990;3,78429508;0,00000000
1,82270390;3,82781744;0,00000000
1,82280790;3,78429508;0,00000000
1,82291190;3,82781744;0,00000000
1,82301590;3,82781744;0,00000000
1,82311990;3,82781744;0,00000000
1,82322390;3,82781744;0,00000000
1,82332790;3,82781744;0,00000000
1,82343190;3,82781744;0,00000000
1,82353590;3,87133980;0,00000000
1,82363990;3,82781744;0,00000000
1,82374390;3,82781744;0,00000000
1,82384790;3,82781744;0,00000000
1,82395190;3,82781744;0,00000000
1,82405590;3,82781744;0,00000000
1,82415990;3,82781744;0,00000000
1,82426390;3,82781744;0,00000000
1,82436790;3,82781744;0,00000000
1,82447190;3,82781744;0,00000000
1,82457590;3,82781744;0,00000000
1,82467990;3,82781744;0,00000000
1,82478390;3,82781744;0,00000000
1,82488790;3,82781744;0,00000000
1,82499190;3,78429508;0,00000000
1,82509590;3,82781744;0,00000000
1,82519990;3,82781744;0,00000000
1,82530390;3,82781744;0,00000000
1,82540790;3,78429508;0,00000000
1,82551190;3,82781744;0,00000000
1,82561590;3,82781744;0,00000000
1,82571990;3,78429508;0,00000000
1,82582390;3,82781744;0,00000000
1,82592790;3,82781744;0,00000000
1,82603190;3,78429508;0,00000000
1,82613590;3,82781744;0,00000000
1,82623990;3,82781744;0,01734744
1,82634390;3,78429508;0,00000000
1,82644790;3,78429508;0,00000000
1,82655190;3,82781744;0,00000000
1,82665590;3,82781744;0,00000000
1,82675990;3,82781744;0,00000000
1,82686390;3,82781744;0,00000000
1,82696790;3,78429508;0,00000000
1,82707190;3,82781744;0,00000000
1,82717590;3,78429508;0,00000000
1,82727990;3,82781744;0,00000000
1,82738390;3,78429508;0,00000000
1,82748790;3,78429508;0,00000000
1,82759190;3,82781744;0,00000000
1,82769590;3,82781744;0,00000000
1,82779990;3,82781744;0,00000000
1,82790390;3,82781744;0,00000000
1,82800790;3,82781744;0,00000000
1,82811190;3,78429508;0,00000000
1,82821590;3,78429508;0,00000000
1,82831990;3,78429508;0,00000000
1,82842390;3,82781744;0,00000000
1,82852790;3,82781744;0,00000000
1,82863190;3,78429508;0,00000000
1,82873590;3,82781744;0,00000000
1,82883990;3,78429508;0,00000000
1,82894390;3,82781744;0,00000000
1,82904790;3,78429508;0,00000000
1,82915190;3,78429508;0,00000000
1,82925590;3,78429508;0,00000000
1,82935990;3,82781744;0,00000000
1,82946390;3,82781744;0,00000000
1,82956790;3,78429508;0,00000000
1,82967190;3,82781744;0,00000000
1,82977590;3,82781744;0,00000000
1,82987990;3,82781744;0,00000000
1,82998390;3,78429508;0,00000000
1,83008790;3,78429508;0,00000000
1,83019190;3,78429508;0,00000000
1,83029590;3,82781744;0,00000000
1,83039990;3,82781744;0,00000000
1,83050390;3,78429508;0,00000000
1,83060790;3,78429508;0,00000000
1,83071190;3,78429508;0,00000000
1,83081590;3,78429508;0,00000000
1,83091990;3,78429508;0,00000000
1,83102390;3,78429508;0,00000000
1,83112790;3,78429508;0,00000000
1,83123190;3,82781744;0,00000000
1,83133590;3,82781744;0,00000000
1,83143990;3,82781744;0,00000000
1,83154390;3,82781744;0,00000000
1,83164790;3,82781744;0,00000000
1,83175190;3,78429508;0,00000000
1,83185590;3,78429508;0,00000000
1,83195990;3,82781744;0,00000000
1,83206390;3,82781744;0,00000000
1,83216790;3,78429508;0,00000000
1,83227190;3,82781744;0,00000000
1,83237590;3,78429508;0,00000000
1,83247990;3,78429508;0,00000000
1,83258390;3,82781744;0,00000000
1,83268790;3,78429508;0,00000000
1,83279190;3,78429508;0,00000000
1,83289590;3,82781744;0,00000000
1,83299990;3,82781744;0,00000000
1,83310390;3,82781744;0,00000000
1,83320790;3,82781744;0,00000000
1,83331190;3,78429508;0,00000000
1,83341590;3,78429508;0,00000000
1,83351990;3,78429508;0,00000000
1,83362390;3,82781744;0,00000000
1,83372790;3,82781744;0,00000000
1,83383190;3,82781744;0,00000000
1,83393590;3,82781744;0,00000000
1,83403990;3,78429508;0,00000000
1,83414390;3,82781744;0,00000000
1,83424790;3,78429508;0,00000000
1,83435190;3,82781744;0,00000000
1,83445590;3,82781744;0,00000000
1,83455990;3,82781744;0,00000000
1,83466390;3,78429508;0,00000000
1,83476790;3,82781744;0,00000000
1,83487190;3,78429508;0,00000000
1,83497590;3,82781744;0,00000000
1,83507990;3,82781744;0,00000000
1,83518390;3,82781744;0,00000000
1,83528790;3,82781744;0,00000000
1,83539190;3,82781744;0,00000000
1,83549590;3,78429508;0,00000000
1,83559990;3,78429508;0,00000000
1,83570390;3,78429508;0,00000000
1,83580790;3,82781744;0,00000000
1,83591190;3,82781744;0,00000000
1,83601590;3,82781744;0,00000000
1,83611990;3,82781744;0,00000000
1,83622390;3,82781744;0,00000000
1,83632790;3,82781744;0,00000000
1,83643190;3,78429508;0,00000000
1,83653590;3,82781744;0,00000000
1,83663990;3,82781744;0,00000000
1,83674390;3,78429508;0,00000000
1,83684790;3,82781744;0,00000000
1,83695190;3,78429508;0,00000000
1,83705590;3,78429508;0,00000000
1,83715990;3,82781744;0,00000000
1,83726390;3,78429508;0,00000000
1,83736790;3,78429508;0,00000000
1,83747190;3,78429508;0,00000000
1,83757590;3,82781744;0,00000000
1,83767990;3,82781744;0,00000000
1,83778390;3,82781744;0,00000000
1,83788790;3,82781744;0,00000000
1,83799190;3,82781744;0,00000000
1,83809590;3,82781744;0,00000000
1,83819990;3,82781744;0,00000000
1,83830390;3,82781744;0,00000000
1,83840790;3,82781744;0,00000000
1,83851190;3,82781744;0,00000000
1,83861590;3,82781744;0,00000000
1,83871990;3,82781744;0,00000000
1,83882390;3,82781744;0,00000000
1,83892790;3,78429508;0,00000000
1,83903190;3,82781744;0,00000000
1,83913590;3,82781744;0,00000000
1,83923990;3,78429508;0,00000000
1,83934390;3,82781744;0,00000000
1,83944790;3,82781744;0,00000000
1,83955190;3,82781744;0,00000000
1,83965590;3,82781744;0,00000000
1,83975990;3,78429508;0,00000000
1,83986390;3,82781744;0,00000000
1,83996790;3,78429508;0,00000000
1,84007190;3,82781744;0,00000000
1,84017590;3,78429508;0,00000000
1,84027990;3,78429508;0,00000000
1,84038390;3,82781744;0,00000000
1,84048790;3,78429508;0,00000000
1,84059190;3,78429508;0,00000000
1,84069590;3,82781744;0,00000000
1,84079990;3,78429508;0,00000000
1,84090390;3,78429508;0,00000000
1,84100790;3,82781744;0,00000000
1,84111190;3,82781744;0,00000000
1,84121590;3,78429508;0,00000000
1,84131990;3,78429508;0,00000000
1,84142390;3,82781744;0,00000000
1,84152790;3,82781744;0,00000000
1,84163190;3,82781744;0,00000000
1,84173590;3,78429508;0,00000000
1,84183990;3,82781744;0,00000000
1,84194390;3,78429508;0,00000000
1,84204790;3,82781744;0,00000000
1,84215190;3,82781744;0,00000000
1,84225590;3,82781744;0,00000000
1,84235990;3,82781744;0,00000000
1,84246390;3,82781744;0,00000000
1,84256790;3,78429508;0,00000000
1,84267190;3,82781744;0,00000000
1,84277590;3,82781744;0,00000000
1,84287990;3,82781744;0,00000000
1,84298390;3,82781744;0,00000000
1,84308790;3,82781744;0,00000000
1,84319190;3,78429508;0,00000000
1,84329590;3,78429508;0,00000000
1,84339990;3,82781744;0,00000000
1,84350390;3,82781744;0,00000000
1,84360790;3,82781744;0,00000000
1,84371190;3,82781744;0,00000000
1,84381590;3,78429508;0,00000000
1,84391990;3,78429508;0,00000000
1,84402390;3,78429508;0,00000000
1,84412790;3,82781744;0,00000000
1,84423190;3,82781744;0,00000000
1,84433590;3,78429508;0,00000000
1,84443990;3,82781744;0,00000000
1,84454390;3,82781744;0,00000000
1,84464790;3,78429508;0,00000000
1,84475190;3,78429508;0,00000000
1,84485590;3,78429508;0,00000000
1,84495990;3,82781744;0,00000000
1,84506390;3,82781744;0,00000000
1,84516790;3,82781744;0,00000000
1,84527190;3,82781744;0,00000000
1,84537590;3,78429508;0,00000000
1,84547990;3,82781744;0,00000000
1,84558390;3,78429508;0,00000000
1,84568790;3,78429508;0,00000000
1,84579190;3,78429508;0,00000000
1,84589590;3,82781744;0,00000000
1,84599990;3,82781744;0,00000000
1,84610390;3,82781744;0,00000000
1,84620790;3,82781744;0,00000000
1,84631190;3,78429508;0,00000000
1,84641590;3,78429508;0,00000000
1,84651990;3,82781744;0,00000000
1,84662390;3,78429508;0,00000000
1,84672790;3,82781744;0,00000000
1,84683190;3,82781744;0,00000000
1,84693590;3,82781744;0,00000000
1,84703990;3,82781744;0,00000000
1,84714390;3,82781744;0,00000000
1,84724790;3,78429508;0,00000000
1,84735190;3,82781744;0,00000000
1,84745590;3,78429508;0,00000000
1,84755990;3,82781744;0,00000000
1,84766390;3,82781744;0,00000000
1,84776790;3,82781744;0,00000000
1,84787190;3,82781744;0,00000000
1,84797590;3,78429508;0,00000000
1,84807990;3,82781744;0,00000000
1,84818390;3,82781744;0,00000000
1,84828790;3,82781744;0,00000000
1,84839190;3,78429508;0,00000000
1,84849590;3,82781744;0,00000000
1,84859990;3,82781744;0,00000000
1,84870390;3,82781744;0,00000000
1,84880790;3,82781744;0,00000000
1,84891190;3,82781744;0,00000000
1,84901590;3,78429508;0,00000000
1,84911990;3,82781744;0,00000000
1,84922390;3,82781744;0,00000000
1,84932790;3,78429508;0,00000000
1,84943190;3,82781744;0,00000000
1,84953590;3,82781744;0,00000000
1,84963990;3,78429508;0,00000000
1,84974390;3,82781744;0,00000000
1,84984790;3,82781744;0,00000000
1,84995190;3,78429508;0,00000000
1,85005590;3,82781744;0,00000000
1,85015990;3,82781744;0,00000000
1,85026390;3,82781744;0,00000000
1,85036790;3,82781744;0,00000000
1,85047190;3,78429508;0,00000000
1,85057590;3,82781744;0,00000000
1,85067990;3,78429508;0,00000000
1,85078390;3,82781744;0,00000000
1,85088790;3,82781744;0,00000000
1,85099190;3,78429508;0,00000000
1,85109590;3,78429508;0,00000000
1,85119990;3,82781744;0,00000000
1,85130390;3,82781744;0,00000000
1,85140790;3,82781744;0,00000000
1,85151190;3,78429508;0,00000000
1,85161590;3,82781744;0,00000000
1,85171990;3,82781744;0,00000000
1,85182390;3,82781744;0,00000000
1,85192790;3,82781744;0,00000000
1,85203190;3,82781744;0,00000000
1,85213590;3,78429508;0,00000000
1,85223990;3,78429508;0,00000000
1,85234390;3,82781744;0,00000000
1,85244790;3,82781744;0,00000000
1,85255190;3,78429508;0,00000000
1,85265590;3,82781744;0,00000000
1,85275990;3,82781744;0,00000000
1,85286390;3,82781744;0,00000000
1,85296790;3,82781744;0,00000000
1,85307190;3,78429508;0,00000000
1,85317590;3,78429508;0,00000000
1,85327990;3,82781744;0,00000000
1,85338390;3,82781744;0,00000000
1,85348790;3,82781744;0,00000000
1,85359190;3,82781744;0,00000000
1,85369590;3,78429508;0,00000000
1,85379990;3,82781744;0,00000000
1,85390390;3,78429508;0,00000000
1,85400790;3,82781744;0,00000000
1,85411190;3,82781744;0,00000000
1,85421590;3,82781744;0,00000000
1,85431990;3,82781744;0,00000000
1,85442390;3,78429508;0,00000000
1,85452790;3,82781744;0,00000000
1,85463190;3,82781744;0,00000000
1,85473590;3,78429508;0,00000000
1,85483990;3,82781744;0,00000000
1,85494390;3,78429508;0,00000000
1,85504790;3,82781744;0,00000000
1,85515190;3,78429508;0,00000000
1,85525590;3,82781744;0,00000000
1,85535990;3,82781744;0,00000000
1,85546390;3,82781744;0,00000000
1,85556790;3,82781744;0,00000000
1,85567190;3,82781744;0,00000000
1,85577590;3,82781744;0,00000000
1,85587990;3,82781744;0,00000000
1,85598390;3,82781744;0,00000000
1,85608790;3,78429508;0,00000000
1,85619190;3,78429508;0,00000000
1,85629590;3,82781744;0,00000000
1,85639990;3,82781744;0,00000000
1,85650390;3,82781744;0,00000000
1,85660790;3,82781744;0,00000000
1,85671190;3,82781744;0,00000000
1,85681590;3,82781744;0,00000000
1,85691990;3,78429508;0,00000000
1,85702390;3,82781744;0,00000000
1,85712790;3,82781744;0,00000000
1,85723190;3,82781744;0,00000000
1,85733590;3,78429508;0,00000000
1,85743990;3,82781744;0,00000000
1,85754390;3,82781744;0,00000000
1,85764790;3,78429508;0,00000000
1,85775190;3,82781744;0,00000000
1,85785590;3,82781744;0,00000000
1,85795990;3,82781744;0,00000000
1,85806390;3,78429508;0,00000000
1,85816790;3,82781744;0,00000000
1,85827190;3,82781744;0,00000000
1,85837590;3,82781744;0,00000000
1,85847990;3,82781744;0,00000000
1,85858390;3,82781744;0,00000000
1,85868790;3,78429508;0,00000000
1,85879190;3,82781744;0,00000000
1,85889590;3,82781744;0,00000000
1,85899990;3,82781744;0,00000000
1,85910390;3,78429508;0,00000000
1,85920790;3,82781744;0,00000000
1,85931190;3,82781744;0,00000000
1,85941590;3,78429508;0,00000000
1,85951990;3,82781744;0,00000000
1,85962390;3,82781744;0,00000000
1,85972790;3,78429508;0,00000000
1,85983190;3,82781744;0,00000000
1,85993590;3,82781744;0,00000000
1,86003990;3,82781744;0,00000000
1,86014390;3,82781744;0,00000000
1,86024790;3,82781744;0,00000000
1,86035190;3,78429508;0,00000000
1,86045590;3,82781744;0,00000000
1,86055990;3,82781744;0,00000000
1,86066390;3,82781744;0,00000000
1,86076790;3,82781744;0,00000000
1,86087190;3,82781744;0,00000000
1,86097590;3,82781744;0,00000000
1,86107990;3,82781744;0,00000000
1,86118390;3,82781744;0,00000000
1,86128790;3,78429508;0,00000000
1,86139190;3,82781744;0,00000000
1,86149590;3,82781744;0,00000000
1,86159990;3,82781744;0,00000000
1,86170390;3,82781744;0,00000000
1,86180790;3,82781744;0,00000000
1,86191190;3,78429508;0,00000000
1,86201590;3,82781744;0,00000000
1,86211990;3,82781744;0,00000000
1,86222390;3,82781744;0,00000000
1,86232790;3,78429508;0,00000000
1,86243190;3,82781744;0,00000000
1,86253590;3,78429508;0,00000000
1,86263990;3,82781744;0,00000000
1,86274390;3,82781744;0,00000000
1,86284790;3,82781744;0,00000000
1,86295190;3,82781744;0,00000000
1,86305590;3,82781744;0,00000000
1,86315990;3,82781744;0,00000000
1,86326390;3,82781744;0,00000000
1,86336790;3,82781744;0,00000000
1,86347190;3,82781744;0,00000000
1,86357590;3,82781744;0,00000000
1,86367990;3,82781744;0,00000000
1,86378390;3,78429508;0,00000000
1,86388790;3,82781744;0,00000000
1,86399190;3,82781744;0,00000000
1,86409590;3,78429508;0,00000000
1,86419990;3,78429508;0,00000000
1,86430390;3,82781744;0,00000000
1,86440790;3,78429508;0,00000000
1,86451190;3,82781744;0,00000000
1,86461590;3,82781744;0,00000000
1,86471990;3,78429508;0,00000000
1,86482390;3,78429508;0,00000000
1,86492790;3,82781744;0,00000000
1,86503190;3,78429508;0,00000000
1,86513590;3,82781744;0,00000000
1,86523990;3,78429508;0,00000000
1,86534390;3,82781744;0,00000000
1,86544790;3,82781744;0,00000000
1,86555190;3,82781744;0,00000000
1,86565590;3,82781744;0,00000000
1,86575990;3,82781744;0,00000000
1,86586390;3,78429508;0,00000000
1,86596790;3,82781744;0,00000000
1,86607190;3,82781744;0,00000000
1,86617590;3,82781744;0,00000000
1,86627990;3,82781744;0,00000000
1,86638390;3,82781744;0,00000000
1,86648790;3,82781744;0,00000000
1,86659190;3,82781744;0,00000000
1,86669590;3,82781744;0,00000000
1,86679990;3,78429508;0,00000000
1,86690390;3,82781744;0,00000000
1,86700790;3,82781744;0,00000000
1,86711190;3,82781744;0,00000000
1,86721590;3,82781744;0,00000000
1,86731990;3,82781744;0,00000000
1,86742390;3,78429508;0,00000000
1,86752790;3,82781744;0,00000000
1,86763190;3,82781744;0,00000000
1,86773590;3,82781744;0,00000000
1,86783990;3,82781744;0,00000000
1,86794390;3,78429508;0,00000000
1,86804790;3,82781744;0,00000000
1,86815190;3,82781744;0,00000000
1,86825590;3,82781744;0,00000000
1,86835990;3,82781744;0,00000000
1,86846390;3,78429508;0,00000000
1,86856790;3,78429508;0,00000000
1,86867190;3,82781744;0,00000000
1,86877590;3,78429508;0,00000000
1,86887990;3,82781744;0,00000000
1,86898390;3,78429508;0,00000000
1,86908790;3,82781744;0,00000000
1,86919190;3,78429508;0,00000000
1,86929590;3,82781744;0,00000000
1,86939990;3,82781744;0,00000000
1,86950390;3,82781744;0,00000000
1,86960790;3,82781744;0,00000000
1,86971190;3,78429508;0,00000000
1,86981590;3,82781744;0,00000000
1,86991990;3,82781744;0,00000000
1,87002390;3,78429508;0,00000000
1,87012790;3,82781744;0,00000000
1,87023190;3,82781744;0,00000000
1,87033590;3,78429508;0,00000000
1,87043990;3,78429508;0,00000000
1,87054390;3,78429508;0,00000000
1,87064790;3,82781744;0,00000000
1,87075190;3,78429508;0,00000000
1,87085590;3,82781744;0,00000000
1,87095990;3,82781744;0,00000000
1,87106390;3,78429508;0,00000000
1,87116790;3,82781744;0,00000000
1,87127190;3,78429508;0,00000000
1,87137590;3,78429508;0,00000000
1,87147990;3,82781744;0,00000000
1,87158390;3,82781744;0,00000000
1,87168790;3,82781744;0,00000000
1,87179190;3,78429508;0,00000000
1,87189590;3,82781744;0,00000000
1,87199990;3,82781744;0,00000000
1,87210390;3,82781744;0,00000000
1,87220790;3,82781744;0,00000000
1,87231190;3,82781744;0,00000000
1,87241590;3,82781744;0,00000000
1,87251990;3,82781744;0,00000000
1,87262390;3,82781744;0,00000000
1,87272790;3,82781744;0,00000000
1,87283190;3,82781744;0,00000000
1,87293590;3,82781744;0,00000000
1,87303990;3,82781744;0,00000000
1,87314390;3,78429508;0,00000000
1,87324790;3,82781744;0,00000000
1,87335190;3,82781744;0,00000000
1,87345590;3,82781744;0,00000000
1,87355990;3,82781744;0,00000000
1,87366390;3,82781744;0,00000000
1,87376790;3,82781744;0,00000000
1,87387190;3,82781744;0,00000000
1,87397590;3,78429508;0,00000000
1,87407990;3,82781744;0,00000000
1,87418390;3,82781744;0,00000000
1,87428790;3,82781744;0,00000000
1,87439190;3,78429508;0,00000000
1,87449590;3,82781744;0,00000000
1,87459990;3,82781744;0,00000000
1,87470390;3,82781744;0,00000000
1,87480790;3,82781744;0,00000000
1,87491190;3,78429508;0,00000000
1,87501590;3,82781744;0,00000000
1,87511990;3,82781744;0,00000000
1,87522390;3,78429508;0,00000000
1,87532790;3,78429508;0,00000000
1,87543190;3,82781744;0,00000000
1,87553590;3,82781744;0,00000000
1,87563990;3,82781744;0,00000000
1,87574390;3,82781744;0,00000000
1,87584790;3,82781744;0,00000000
1,87595190;3,78429508;0,00000000
1,87605590;3,82781744;0,00000000
1,87615990;3,82781744;0,00000000
1,87626390;3,82781744;0,00000000
1,87636790;3,82781744;0,00000000
1,87647190;3,78429508;0,00000000
1,87657590;3,78429508;0,00000000
1,87667990;3,82781744;0,00000000
1,87678390;3,78429508;0,00000000
1,87688790;3,78429508;0,00000000
1,87699190;3,82781744;0,00000000
1,87709590;3,82781744;0,00000000
1,87719990;3,78429508;0,00000000
1,87730390;3,82781744;0,00000000
1,87740790;3,82781744;0,00000000
1,87751190;3,82781744;0,00000000
1,87761590;3,82781744;0,00000000
1,87771990;3,78429508;0,00000000
1,87782390;3,78429508;0,00000000
1,87792790;3,82781744;0,00000000
1,87803190;3,82781744;0,00000000
1,87813590;3,78429508;0,00000000
1,87823990;3,82781744;0,00000000
1,87834390;3,82781744;0,00000000
1,87844790;3,82781744;0,00000000
1,87855190;3,82781744;0,00000000
1,87865590;3,82781744;0,00000000
1,87875990;3,82781744;0,00000000
1,87886390;3,82781744;0,00000000
1,87896790;3,82781744;0,00000000
1,87907190;3,82781744;0,00000000
1,87917590;3,78429508;0,00000000
1,87927990;3,82781744;0,00000000
1,87938390;3,82781744;0,00000000
1,87948790;3,82781744;0,00000000
1,87959190;3,82781744;0,00000000
1,87969590;3,82781744;0,00000000
1,87979990;3,78429508;0,00000000
1,87990390;3,82781744;0,00000000
1,88000790;3,82781744;0,00000000
1,88011190;3,82781744;0,00000000
1,88021590;3,82781744;0,00000000
1,88031990;3,82781744;0,00000000
1,88042390;3,78429508;0,00000000
1,88052790;3,82781744;0,00000000
1,88063190;3,78429508;0,00000000
1,88073590;3,82781744;0,00000000
1,88083990;3,82781744;0,00000000
1,88094390;3,82781744;0,00000000
1,88104790;3,82781744;0,00000000
1,88115190;3,82781744;0,00000000
1,88125590;3,82781744;0,00000000
1,88135990;3,82781744;0,00000000
1,88146390;3,82781744;0,00000000
1,88156790;3,78429508;0,00000000
1,88167190;3,82781744;0,00000000
1,88177590;3,78429508;0,00000000
1,88187990;3,78429508;0,00000000
1,88198390;3,82781744;0,00000000
1,88208790;3,78429508;0,00000000
1,88219190;3,82781744;0,00000000
1,88229590;3,78429508;0,00000000
1,88239990;3,78429508;0,00000000
1,88250390;3,78429508;0,00000000
1,88260790;3,82781744;0,00000000
1,88271190;3,78429508;0,00000000
1,88281590;3,82781744;0,00000000
1,88291990;3,78429508;0,00000000
1,88302390;3,82781744;0,00000000
1,88312790;3,82781744;0,00000000
1,88323190;3,82781744;0,00000000
1,88333590;3,82781744;0,00000000
1,88343990;3,78429508;0,00000000
1,88354390;3,82781744;0,00000000
1,88364790;3,82781744;0,00000000
1,88375190;3,82781744;0,00000000
1,88385590;3,82781744;0,00000000
1,88395990;3,82781744;0,00000000
1,88406390;3,82781744;0,00000000
1,88416790;3,82781744;0,00000000
1,88427190;3,82781744;0,00000000
1,88437590;3,82781744;0,00000000
1,88447990;3,82781744;0,00000000
1,88458390;3,82781744;0,00000000
1,88468790;3,82781744;0,00000000
1,88479190;3,82781744;0,00000000
1,88489590;3,82781744;0,00000000
1,88499990;3,82781744;0,00000000
1,88510390;3,82781744;0,00000000
1,88520790;3,82781744;0,00000000
1,88531190;3,78429508;0,00000000
1,88541590;3,78429508;0,00000000
1,88551990;3,78429508;0,00000000
1,88562390;3,78429508;0,00000000
1,88572790;3,78429508;0,00000000
1,88583190;3,78429508;0,00000000
1,88593590;3,78429508;0,00000000
1,88603990;3,82781744;0,00000000
1,88614390;3,82781744;0,00000000
1,88624790;3,78429508;0,00000000
1,88635190;3,82781744;0,00000000
1,88645590;3,82781744;0,00000000
1,88655990;3,78429508;0,00000000
1,88666390;3,82781744;0,00000000
1,88676790;3,78429508;0,00000000
1,88687190;3,78429508;0,00000000
1,88697590;3,82781744;0,00000000
1,88707990;3,82781744;0,00000000
1,88718390;3,82781744;0,00000000
1,88728790;3,82781744;0,00000000
1,88739190;3,82781744;0,00000000
1,88749590;3,78429508;0,00000000
1,88759990;3,82781744;0,00000000
1,88770390;3,82781744;0,00000000
1,88780790;3,82781744;0,00000000
1,88791190;3,82781744;0,00000000
1,88801590;3,82781744;0,00000000
1,88811990;3,78429508;0,00000000
1,88822390;3,78429508;0,00000000
1,88832790;3,82781744;0,00000000
1,88843190;3,82781744;0,00000000
1,88853590;3,82781744;0,00000000
1,88863990;3,82781744;0,00000000
1,88874390;3,82781744;0,00000000
1,88884790;3,82781744;0,00000000
1,88895190;3,82781744;0,00000000
1,88905590;3,78429508;0,00000000
1,88915990;3,82781744;0,00000000
1,88926390;3,82781744;0,00000000
1,88936790;3,82781744;0,00000000
1,88947190;3,82781744;0,00000000
1,88957590;3,82781744;0,00000000
1,88967990;3,78429508;0,00000000
1,88978390;3,82781744;0,00000000
1,88988790;3,82781744;0,00000000
1,88999190;3,82781744;0,00000000
1,89009590;3,78429508;0,00000000
1,89019990;3,82781744;0,00000000
1,89030390;3,82781744;0,00000000
1,89040790;3,82781744;0,00000000
1,89051190;3,82781744;0,00000000
1,89061590;3,82781744;0,00000000
1,89071990;3,82781744;0,00000000
1,89082390;3,78429508;0,00000000
1,89092790;3,82781744;0,00000000
1,89103190;3,82781744;0,00000000
1,89113590;3,82781744;0,00000000
1,89123990;3,82781744;0,00000000
1,89134390;3,82781744;0,00000000
1,89144790;3,82781744;0,00000000
1,89155190;3,82781744;0,00000000
1,89165590;3,82781744;0,00000000
1,89175990;3,82781744;0,00000000
1,89186390;3,78429508;0,00000000
1,89196790;3,82781744;0,00000000
1,89207190;3,82781744;0,00000000
1,89217590;3,82781744;0,00000000
1,89227990;3,82781744;0,00000000
1,89238390;3,78429508;0,00000000
1,89248790;3,78429508;0,00000000
1,89259190;3,82781744;0,00000000
1,89269590;3,82781744;0,00000000
1,89279990;3,82781744;0,00000000
1,89290390;3,82781744;0,00000000
1,89300790;3,82781744;0,00000000
1,89311190;3,82781744;0,00000000
1,89321590;3,78429508;0,00000000
1,89331990;3,78429508;0,00000000
1,89342390;3,82781744;0,00000000
1,89352790;3,82781744;0,00000000
1,89363190;3,82781744;0,00000000
1,89373590;3,78429508;0,00000000
1,89383990;3,82781744;0,00000000
1,89394390;3,82781744;0,00000000
1,89404790;3,82781744;0,00000000
1,89415190;3,82781744;0,00000000
1,89425590;3,78429508;0,00000000
1,89435990;3,82781744;0,00000000
1,89446390;3,82781744;0,00000000
1,89456790;3,78429508;0,00000000
1,89467190;3,82781744;0,00000000
1,89477590;3,82781744;0,00000000
1,89487990;3,82781744;0,00000000
1,89498390;3,78429508;0,00000000
1,89508790;3,82781744;0,00000000
1,89519190;3,82781744;0,00000000
1,89529590;3,82781744;0,00000000
1,89539990;3,82781744;0,00000000
1,89550390;3,82781744;0,00000000
1,89560790;3,82781744;0,00000000
1,89571190;3,82781744;0,00000000
1,89581590;3,82781744;0,00000000
1,89591990;3,82781744;0,00000000
1,89602390;3,82781744;0,00000000
1,89612790;3,82781744;0,00000000
1,89623190;3,82781744;0,00000000
1,89633590;3,82781744;0,00000000
1,89643990;3,78429508;0,00000000
1,89654390;3,82781744;0,00000000
1,89664790;3,78429508;0,00000000
1,89675190;3,82781744;0,00000000
1,89685590;3,82781744;0,00000000
1,89695990;3,82781744;0,00000000
1,89706390;3,78429508;0,00000000
1,89716790;3,78429508;0,00000000
1,89727190;3,82781744;0,00000000
1,89737590;3,82781744;0,00000000
1,89747990;3,82781744;0,00000000
1,89758390;3,82781744;0,00000000
1,89768790;3,82781744;0,00000000
1,89779190;3,82781744;0,00000000
1,89789590;3,78429508;0,00000000
1,89799990;3,82781744;0,00000000
1,89810390;3,82781744;0,00000000
1,89820790;3,82781744;0,00000000
1,89831190;3,78429508;0,00000000
1,89841590;3,82781744;0,00000000
1,89851990;3,78429508;0,00000000
1,89862390;3,82781744;0,00000000
1,89872790;3,82781744;0,00000000
1,89883190;3,78429508;0,00000000
1,89893590;3,82781744;0,00000000
1,89903990;3,82781744;0,00000000
1,89914390;3,82781744;0,00000000
1,89924790;3,78429508;0,00000000
1,89935190;3,82781744;0,00000000
1,89945590;3,82781744;0,00000000
1,89955990;3,82781744;0,00000000
1,89966390;3,82781744;0,00000000
1,89976790;3,78429508;0,00000000
1,89987190;3,82781744;0,00000000
1,89997590;3,82781744;0,00000000
1,90007990;3,82781744;0,00000000
1,90018390;3,82781744;0,00000000
1,90028790;3,78429508;0,00000000
1,90039190;3,82781744;0,00000000
1,90049590;3,82781744;0,00000000
1,90059990;3,82781744;0,00000000
1,90070390;3,78429508;0,00000000
1,90080790;3,82781744;0,00000000
1,90091190;3,82781744;0,00000000
1,90101590;3,78429508;0,00000000
1,90111990;3,82781744;0,00000000
1,90122390;3,82781744;0,00000000
1,90132790;3,78429508;0,00000000
1,90143190;3,82781744;0,00000000
1,90153590;3,82781744;0,00000000
1,90163990;3,82781744;0,00000000
1,90174390;3,82781744;0,00000000
1,90184790;3,82781744;0,00000000
1,90195190;3,82781744;0,00000000
1,90205590;3,82781744;0,00000000
1,90215990;3,82781744;0,00000000
1,90226390;3,82781744;0,00000000
1,90236790;3,82781744;0,00000000
1,90247190;3,82781744;0,00000000
1,90257590;3,82781744;0,00000000
1,90267990;3,82781744;0,00000000
1,90278390;3,78429508;0,00000000
1,90288790;3,78429508;0,00000000
1,90299190;3,82781744;0,00000000
1,90309590;3,82781744;0,00000000
1,90319990;3,82781744;0,00000000
1,90330390;3,78429508;0,00000000
1,90340790;3,82781744;0,00000000
1,90351190;3,82781744;0,00000000
1,90361590;3,82781744;0,00000000
1,90371990;3,82781744;0,00000000
1,90382390;3,87133980;0,00000000
1,90392790;3,78429508;0,00000000
1,90403190;3,82781744;0,00000000
1,90413590;3,78429508;0,00000000
1,90423990;3,78429508;0,00000000
1,90434390;3,78429508;0,00000000
1,90444790;3,82781744;0,00000000
1,90455190;3,82781744;0,00000000
1,90465590;3,82781744;0,00000000
1,90475990;3,82781744;0,00000000
1,90486390;3,78429508;0,00000000
1,90496790;3,82781744;0,00000000
1,90507190;3,78429508;0,00000000
1,90517590;3,78429508;0,00000000
1,90527990;3,82781744;0,00000000
1,90538390;3,82781744;0,00000000
1,90548790;3,82781744;0,00000000
1,90559190;3,78429508;0,00000000
1,90569590;3,78429508;0,00000000
1,90579990;3,82781744;0,00000000
1,90590390;3,82781744;0,00000000
1,90600790;3,82781744;0,00000000
1,90611190;3,82781744;0,00000000
1,90621590;3,82781744;0,00000000
1,90631990;3,82781744;0,00000000
1,90642390;3,82781744;0,00000000
1,90652790;3,78429508;0,00000000
1,90663190;3,78429508;0,00000000
1,90673590;3,82781744;0,00000000
1,90683990;3,78429508;0,00000000
1,90694390;3,82781744;0,00000000
1,90704790;3,78429508;0,00000000
1,90715190;3,82781744;0,00000000
1,90725590;3,82781744;0,00000000
1,90735990;3,78429508;0,00000000
1,90746390;3,78429508;0,00000000
1,90756790;3,82781744;0,00000000
1,90767190;3,82781744;0,00000000
1,90777590;3,82781744;0,00000000
1,90787990;3,78429508;0,00000000
1,90798390;3,82781744;0,00000000
1,90808790;3,78429508;0,00000000
1,90819190;3,78429508;0,00000000
1,90829590;3,78429508;0,00000000
1,90839990;3,78429508;0,00000000
1,90850390;3,78429508;0,00000000
1,90860790;3,82781744;0,00000000
1,90871190;3,82781744;0,00000000
1,90881590;3,82781744;0,00000000
1,90891990;3,82781744;0,00000000
1,90902390;3,78429508;0,00000000
1,90912790;3,82781744;0,00000000
1,90923190;3,78429508;0,00000000
1,90933590;3,82781744;0,00000000
1,90943990;3,78429508;0,00000000
1,90954390;3,78429508;0,00000000
1,90964790;3,82781744;0,00000000
1,90975190;3,78429508;0,00000000
1,90985590;3,78429508;0,00000000
1,90995990;3,78429508;0,00000000
1,91006390;3,82781744;0,00000000
1,91016790;3,78429508;0,00000000
1,91027190;3,82781744;0,00000000
1,91037590;3,82781744;0,00000000
1,91047990;3,78429508;0,00000000
1,91058390;3,82781744;0,00000000
1,91068790;3,82781744;0,00000000
1,91079190;3,82781744;0,00000000
1,91089590;3,82781744;0,00000000
1,91099990;3,82781744;0,00000000
1,91110390;3,78429508;0,00000000
1,91120790;3,82781744;0,00000000
1,91131190;3,82781744;0,00000000
1,91141590;3,82781744;0,00000000
1,91151990;3,82781744;0,00000000
1,91162390;3,82781744;0,00000000
1,91172790;3,82781744;0,00000000
1,91183190;3,78429508;0,00000000
1,91193590;3,78429508;0,00000000
1,91203990;3,82781744;0,00000000
1,91214390;3,78429508;0,00000000
1,91224790;3,82781744;0,00000000
1,91235190;3,82781744;0,00000000
1,91245590;3,78429508;0,00000000
1,91255990;3,78429508;0,00000000
1,91266390;3,78429508;0,00000000
1,91276790;3,78429508;0,00000000
1,91287190;3,82781744;0,00000000
1,91297590;3,78429508;0,00000000
1,91307990;3,82781744;0,00000000
1,91318390;3,82781744;0,00000000
1,91328790;3,78429508;0,00000000
1,91339190;3,82781744;0,00000000
1,91349590;3,82781744;0,00000000
1,91359990;3,78429508;0,00000000
1,91370390;3,82781744;0,00000000
1,91380790;3,78429508;0,00000000
1,91391190;3,82781744;0,00000000
1,91401590;3,82781744;0,00000000
1,91411990;3,78429508;0,00000000
1,91422390;3,78429508;0,00000000
1,91432790;3,78429508;0,00000000
1,91443190;3,78429508;0,00000000
1,91453590;3,78429508;0,00000000
1,91463990;3,78429508;0,00000000
1,91474390;3,82781744;0,00000000
1,91484790;3,78429508;0,00000000
1,91495190;3,82781744;0,00000000
1,91505590;3,78429508;0,00000000
1,91515990;3,82781744;0,00000000
1,91526390;3,82781744;0,00000000
1,91536790;3,82781744;0,00000000
1,91547190;3,82781744;0,00000000
1,91557590;3,78429508;0,00000000
1,91567990;3,82781744;0,00000000
1,91578390;3,78429508;0,00000000
1,91588790;3,82781744;0,00000000
1,91599190;3,78429508;0,00000000
1,91609590;3,82781744;0,00000000
1,91619990;3,78429508;0,00000000
1,91630390;3,82781744;0,00000000
1,91640790;3,82781744;0,00000000
1,91651190;3,82781744;0,00000000
1,91661590;3,78429508;0,00000000
1,91671990;3,78429508;0,00000000
1,91682390;3,82781744;0,00000000
1,91692790;3,82781744;0,00000000
1,91703190;3,78429508;0,00000000
1,91713590;3,82781744;0,00000000
1,91723990;3,82781744;0,00000000
1,91734390;3,82781744;0,00000000
1,91744790;3,82781744;0,00000000
1,91755190;3,82781744;0,00000000
1,91765590;3,78429508;0,00000000
1,91775990;3,78429508;0,00000000
1,91786390;3,82781744;0,00000000
1,91796790;3,82781744;0,00000000
1,91807190;3,78429508;0,00000000
1,91817590;3,78429508;0,00000000
1,91827990;3,82781744;0,00000000
1,91838390;3,82781744;0,00000000
1,91848790;3,82781744;0,00000000
1,91859190;3,82781744;0,00000000
1,91869590;3,82781744;0,00000000
1,91879990;3,82781744;0,00000000
1,91890390;3,82781744;0,00000000
1,91900790;3,78429508;0,00000000
1,91911190;3,78429508;0,00000000
1,91921590;3,82781744;0,00000000
1,91931990;3,82781744;0,00000000
1,91942390;3,78429508;0,00000000
1,91952790;3,82781744;0,00000000
1,91963190;3,78429508;0,00000000
1,91973590;3,82781744;0,00000000
1,91983990;3,82781744;0,00000000
1,91994390;3,82781744;0,00000000
1,92004790;3,78429508;0,00000000
1,92015190;3,78429508;0,00000000
1,92025590;3,82781744;0,00000000
1,92035990;3,82781744;0,00000000
1,92046390;3,82781744;0,00000000
1,92056790;3,78429508;0,00000000
1,92067190;3,82781744;0,00000000
1,92077590;3,78429508;0,00000000
1,92087990;3,82781744;0,00000000
1,92098390;3,82781744;0,00000000
1,92108790;3,82781744;0,00000000
1,92119190;3,82781744;0,00000000
1,92129590;3,78429508;0,00000000
1,92139990;3,78429508;0,00000000
1,92150390;3,78429508;0,00000000
1,92160790;3,82781744;0,00000000
1,92171190;3,82781744;0,00000000
1,92181590;3,82781744;0,00000000
1,92191990;3,82781744;0,00000000
1,92202390;3,82781744;0,00000000
1,92212790;3,82781744;0,00000000
1,92223190;3,82781744;0,00000000
1,92233590;3,82781744;0,00000000
1,92243990;3,82781744;0,00000000
1,92254390;3,82781744;0,00000000
1,92264790;3,82781744;0,00000000
1,92275190;3,82781744;0,00000000
1,92285590;3,82781744;0,00000000
1,92295990;3,78429508;0,00000000
1,92306390;3,78429508;0,00000000
1,92316790;3,78429508;0,01734744
1,92327190;3,82781744;0,00000000
1,92337590;3,82781744;0,00000000
1,92347990;3,78429508;0,00000000
1,92358390;3,78429508;0,00000000
1,92368790;3,78429508;0,00000000
1,92379190;3,82781744;0,00000000
1,92389590;3,82781744;0,00000000
1,92399990;3,82781744;0,00000000
1,92410390;3,82781744;0,00000000
1,92420790;3,78429508;0,00000000
1,92431190;3,82781744;0,00000000
1,92441590;3,78429508;0,00000000
1,92451990;3,78429508;0,00000000
1,92462390;3,78429508;0,00000000
1,92472790;3,82781744;0,00000000
1,92483190;3,82781744;0,00000000
1,92493590;3,82781744;0,00000000
1,92503990;3,82781744;0,00000000
1,92514390;3,78429508;0,00000000
1,92524790;3,78429508;0,00000000
1,92535190;3,82781744;0,00000000
1,92545590;3,82781744;0,00000000
1,92555990;3,82781744;0,00000000
1,92566390;3,82781744;0,00000000
1,92576790;3,82781744;0,00000000
1,92587190;3,82781744;0,00000000
1,92597590;3,82781744;0,00000000
1,92607990;3,82781744;0,00000000
1,92618390;3,78429508;0,00000000
1,92628790;3,82781744;0,00000000
1,92639190;3,82781744;0,00000000
1,92649590;3,82781744;0,00000000
1,92659990;3,78429508;0,00000000
1,92670390;3,78429508;0,00000000
1,92680790;3,82781744;0,00000000
1,92691190;3,82781744;0,00000000
1,92701590;3,82781744;0,00000000
1,92711990;3,78429508;0,00000000
1,92722390;3,82781744;0,00000000
1,92732790;3,82781744;0,00000000
1,92743190;3,78429508;0,00000000
1,92753590;3,82781744;0,00000000
1,92763990;3,82781744;0,00000000
1,92774390;3,82781744;0,00000000
1,92784790;3,82781744;0,00000000
1,92795190;3,82781744;0,00000000
1,92805590;3,82781744;0,00000000
1,92815990;3,82781744;0,00000000
1,92826390;3,82781744;0,00000000
1,92836790;3,82781744;0,00000000
1,92847190;3,82781744;0,00000000
1,92857590;3,78429508;0,00000000
1,92867990;3,78429508;0,00000000
1,92878390;3,78429508;0,00000000
1,92888790;3,78429508;0,00000000
1,92899190;3,78429508;0,00000000
1,92909590;3,78429508;0,00000000
1,92919990;3,82781744;0,00000000
1,92930390;3,78429508;0,00000000
1,92940790;3,82781744;0,00000000
1,92951190;3,82781744;0,00000000
1,92961590;3,82781744;0,00000000
1,92971990;3,78429508;0,00000000
1,92982390;3,82781744;0,00000000
1,92992790;3,82781744;0,00000000
1,93003190;3,82781744;0,00000000
1,93013590;3,78429508;0,00000000
1,93023990;3,82781744;0,00000000
1,93034390;3,78429508;0,00000000
1,93044790;3,82781744;0,00000000
1,93055190;3,82781744;0,00000000
1,93065590;3,82781744;0,00000000
1,93075990;3,82781744;0,00000000
1,93086390;3,78429508;0,00000000
1,93096790;3,78429508;0,00000000
1,93107190;3,82781744;0,00000000
1,93117590;3,78429508;0,00000000
1,93127990;3,78429508;0,00000000
1,93138390;3,82781744;0,00000000
1,93148790;3,82781744;0,00000000
1,93159190;3,78429508;0,00000000
1,93169590;3,78429508;0,00000000
1,93179990;3,82781744;0,00000000
1,93190390;3,78429508;0,00000000
1,93200790;3,82781744;0,00000000
1,93211190;3,78429508;0,00000000
1,93221590;3,82781744;0,00000000
1,93231990;3,82781744;0,00000000
1,93242390;3,78429508;0,00000000
1,93252790;3,78429508;0,00000000
1,93263190;3,82781744;0,00000000
1,93273590;3,82781744;0,00000000
1,93283990;3,78429508;0,00000000
1,93294390;3,82781744;0,00000000
1,93304790;3,82781744;0,00000000
1,93315190;3,82781744;0,00000000
1,93325590;3,78429508;0,00000000
1,93335990;3,82781744;0,00000000
1,93346390;3,82781744;0,00000000
1,93356790;3,82781744;0,00000000
1,93367190;3,78429508;0,00000000
1,93377590;3,78429508;0,00000000
1,93387990;3,82781744;0,00000000
1,93398390;3,82781744;0,00000000
1,93408790;3,78429508;0,00000000
1,93419190;3,82781744;0,00000000
1,93429590;3,78429508;0,00000000
1,93439990;3,78429508;0,00000000
1,93450390;3,78429508;0,00000000
1,93460790;3,78429508;0,00000000
1,93471190;3,82781744;0,00000000
1,93481590;3,78429508;0,00000000
1,93491990;3,78429508;0,00000000
1,93502390;3,82781744;0,00000000
1,93512790;3,82781744;0,00000000
1,93523190;3,82781744;0,00000000
1,93533590;3,78429508;0,00000000
1,93543990;3,78429508;0,00000000
1,93554390;3,78429508;0,00000000
1,93564790;3,78429508;0,00000000
1,93575190;3,78429508;0,00000000
1,93585590;3,82781744;0,00000000
1,93595990;3,82781744;0,00000000
1,93606390;3,78429508;0,00000000
1,93616790;3,78429508;0,00000000
1,93627190;3,82781744;0,00000000
1,93637590;3,82781744;0,01734744
1,93647990;3,82781744;0,00000000
1,93658390;3,82781744;0,00000000
1,93668790;3,78429508;0,00000000
1,93679190;3,78429508;0,00000000
1,93689590;3,82781744;0,00000000
1,93699990;3,78429508;0,00000000
1,93710390;3,82781744;0,00000000
1,93720790;3,82781744;0,00000000
1,93731190;3,82781744;0,00000000
1,93741590;3,82781744;0,00000000
1,93751990;3,82781744;0,00000000
1,93762390;3,82781744;0,00000000
1,93772790;3,82781744;0,00000000
1,93783190;3,82781744;0,00000000
1,93793590;3,82781744;0,00000000
1,93803990;3,82781744;0,00000000
1,93814390;3,78429508;0,00000000
1,93824790;3,82781744;0,00000000
1,93835190;3,78429508;0,00000000
1,93845590;3,82781744;0,00000000
1,93855990;3,82781744;0,00000000
1,93866390;3,82781744;0,00000000
1,93876790;3,78429508;0,01734744
1,93887190;3,82781744;0,00000000
1,93897590;3,82781744;0,00000000
1,93907990;3,82781744;0,00000000
1,93918390;3,78429508;0,00000000
1,93928790;3,78429508;0,00000000
1,93939190;3,78429508;0,00000000
1,93949590;3,82781744;0,00000000
1,93959990;3,82781744;0,01734744
1,93970390;3,82781744;0,00000000
1,93980790;3,78429508;0,00000000
1,93991190;3,82781744;0,00000000
1,94001590;3,78429508;0,00000000
1,94011990;3,78429508;0,00000000
1,94022390;3,82781744;0,00000000
1,94032790;3,78429508;0,00000000
1,94043190;3,78429508;0,00000000
1,94053590;3,82781744;0,00000000
1,94063990;3,82781744;0,00000000
1,94074390;3,82781744;0,00000000
1,94084790;3,78429508;0,00000000
1,94095190;3,82781744;0,00000000
1,94105590;3,82781744;0,00000000
1,94115990;3,82781744;0,00000000
1,94126390;3,82781744;0,00000000
1,94136790;3,78429508;0,00000000
1,94147190;3,82781744;0,00000000
1,94157590;3,82781744;0,00000000
1,94167990;3,78429508;0,00000000
1,94178390;3,82781744;0,00000000
1,94188790;3,78429508;0,00000000
1,94199190;3,82781744;0,00000000
1,94209590;3,82781744;0,00000000
1,94219990;3,82781744;0,00000000
1,94230390;3,82781744;0,00000000
1,94240790;3,82781744;0,00000000
1,94251190;3,82781744;0,00000000
1,94261590;3,82781744;0,00000000
1,94271990;3,82781744;0,00000000
1,94282390;3,82781744;0,00000000
1,94292790;3,82781744;0,00000000
1,94303190;3,78429508;0,00000000
1,94313590;3,78429508;0,00000000
1,94323990;3,82781744;0,00000000
1,94334390;3,78429508;0,00000000
1,94344790;3,82781744;0,00000000
1,94355190;3,82781744;0,00000000
1,94365590;3,82781744;0,00000000
1,94375990;3,82781744;0,00000000
1,94386390;3,82781744;0,00000000
1,94396790;3,82781744;0,00000000
1,94407190;3,82781744;0,00000000
1,94417590;3,82781744;0,00000000
1,94427990;3,82781744;0,00000000
1,94438390;3,78429508;0,00000000
1,94448790;3,82781744;0,00000000
1,94459190;3,78429508;0,00000000
1,94469590;3,82781744;0,00000000
1,94479990;3,82781744;0,00000000
1,94490390;3,78429508;0,00000000
1,94500790;3,78429508;0,00000000
1,94511190;3,78429508;0,00000000
1,94521590;3,78429508;0,00000000
1,94531990;3,82781744;0,01734744
1,94542390;3,82781744;0,00000000
1,94552790;3,82781744;0,00000000
1,94563190;3,82781744;0,00000000
1,94573590;3,78429508;0,00000000
1,94583990;3,82781744;0,00000000
1,94594390;3,78429508;0,00000000
1,94604790;3,78429508;0,00000000
1,94615190;3,82781744;0,00000000
1,94625590;3,82781744;0,00000000
1,94635990;3,78429508;0,00000000
1,94646390;3,82781744;0,00000000
1,94656790;3,82781744;0,00000000
1,94667190;3,82781744;0,00000000
1,94677590;3,78429508;0,00000000
1,94687990;3,78429508;0,00000000
1,94698390;3,78429508;0,00000000
1,94708790;3,78429508;0,00000000
1,94719190;3,78429508;0,00000000
1,94729590;3,78429508;0,00000000
1,94739990;3,82781744;0,00000000
1,94750390;3,82781744;0,00000000
1,94760790;3,82781744;0,00000000
1,94771190;3,78429508;0,00000000
1,94781590;3,82781744;0,00000000
1,94791990;3,82781744;0,00000000
1,94802389;3,82781744;0,00000000
1,94812789;3,82781744;0,00000000
1,94823189;3,82781744;0,00000000
1,94833589;3,82781744;0,00000000
1,94843989;3,78429508;0,00000000
1,94854389;3,82781744;0,00000000
1,94864789;3,82781744;0,00000000
1,94875189;3,82781744;0,00000000
1,94885589;3,78429508;0,00000000
1,94895989;3,78429508;0,00000000
1,94906389;3,78429508;0,00000000
1,94916789;3,82781744;0,00000000
1,94927189;3,78429508;0,00000000
1,94937589;3,82781744;0,00000000
1,94947989;3,82781744;0,00000000
1,94958389;3,78429508;0,00000000
1,94968789;3,78429508;0,00000000
1,94979189;3,82781744;0,00000000
1,94989589;3,82781744;0,00000000
1,94999989;3,82781744;0,00000000
1,95010389;3,82781744;0,00000000
1,95020789;3,82781744;0,00000000
1,95031189;3,78429508;0,00000000
1,95041589;3,78429508;0,00000000
1,95051989;3,82781744;0,00000000
1,95062389;3,78429508;0,00000000
1,95072789;3,82781744;0,00000000
1,95083189;3,82781744;0,00000000
1,95093589;3,78429508;0,00000000
1,95103989;3,78429508;0,00000000
1,95114389;3,82781744;0,00000000
1,95124789;3,78429508;0,00000000
1,95135189;3,82781744;0,00000000
1,95145589;3,78429508;0,00000000
1,95155989;3,82781744;0,01734744
1,95166389;3,82781744;0,00000000
1,95176789;3,82781744;0,00000000
1,95187189;3,82781744;0,00000000
1,95197589;3,78429508;0,00000000
1,95207989;3,82781744;0,00000000
1,95218389;3,82781744;0,00000000
1,95228789;3,82781744;0,00000000
1,95239189;3,82781744;0,00000000
1,95249589;3,82781744;0,01734744
1,95259989;3,82781744;0,00000000
1,95270389;3,82781744;0,00000000
1,95280789;3,82781744;0,00000000
1,95291189;3,82781744;0,00000000
1,95301589;3,82781744;0,00000000
1,95311989;3,78429508;0,00000000
1,95322389;3,82781744;0,00000000
1,95332789;3,82781744;0,00000000
1,95343189;3,82781744;0,00000000
1,95353589;3,82781744;0,00000000
1,95363989;3,82781744;0,00000000
1,95374389;3,82781744;0,00000000
1,95384789;3,82781744;0,00000000
1,95395189;3,82781744;0,00000000
1,95405589;3,82781744;0,00000000
1,95415989;3,82781744;0,00000000
1,95426389;3,78429508;0,00000000
1,95436789;3,78429508;0,00000000
1,95447189;3,78429508;0,00000000
1,95457589;3,78429508;0,00000000
1,95467989;3,78429508;0,00000000
1,95478389;3,78429508;0,00000000
1,95488789;3,82781744;0,00000000
1,95499189;3,82781744;0,00000000
1,95509589;3,78429508;0,00000000
1,95519989;3,82781744;0,00000000
1,95530389;3,82781744;0,00000000
1,95540789;3,82781744;0,00000000
1,95551189;3,82781744;0,00000000
1,95561589;3,78429508;0,00000000
1,95571989;3,82781744;0,00000000
1,95582389;3,78429508;0,00000000
1,95592789;3,78429508;0,00000000
1,95603189;3,78429508;0,00000000
1,95613589;3,82781744;0,00000000
1,95623989;3,82781744;0,00000000
1,95634389;3,82781744;0,00000000
1,95644789;3,82781744;0,00000000
1,95655189;3,82781744;0,00000000
1,95665589;3,82781744;0,00000000
1,95675989;3,78429508;0,00000000
1,95686389;3,82781744;0,00000000
1,95696789;3,82781744;0,00000000
1,95707189;3,82781744;0,00000000
1,95717589;3,82781744;0,00000000
1,95727989;3,82781744;0,00000000
1,95738389;3,78429508;0,00000000
1,95748789;3,82781744;0,00000000
1,95759189;3,82781744;0,00000000
1,95769589;3,78429508;0,00000000
1,95779989;3,82781744;0,00000000
1,95790389;3,82781744;0,00000000
1,95800789;3,78429508;0,00000000
1,95811189;3,78429508;0,00000000
1,95821589;3,78429508;0,00000000
1,95831989;3,82781744;0,00000000
1,95842389;3,78429508;0,00000000
1,95852789;3,78429508;0,00000000
1,95863189;3,78429508;0,00000000
1,95873589;3,82781744;0,00000000
1,95883989;3,82781744;0,00000000
1,95894389;3,82781744;0,00000000
1,95904789;3,82781744;0,00000000
1,95915189;3,82781744;0,00000000
1,95925589;3,82781744;0,00000000
1,95935989;3,82781744;0,00000000
1,95946389;3,82781744;0,00000000
1,95956789;3,82781744;0,00000000
1,95967189;3,82781744;0,00000000
1,95977589;3,78429508;0,00000000
1,95987989;3,82781744;0,00000000
1,95998389;3,82781744;0,00000000
1,96008789;3,78429508;0,00000000
1,96019189;3,78429508;0,00000000
1,96029589;3,82781744;0,00000000
1,96039989;3,82781744;0,00000000
1,96050389;3,78429508;0,00000000
1,96060789;3,78429508;0,00000000
1,96071189;3,82781744;0,00000000
1,96081589;3,82781744;0,00000000
1,96091989;3,82781744;0,00000000
1,96102389;3,82781744;0,00000000
1,96112789;3,82781744;0,00000000
1,96123189;3,82781744;0,00000000
1,96133589;3,78429508;0,00000000
1,96143989;3,78429508;0,00000000
1,96154389;3,82781744;0,00000000
1,96164789;3,78429508;0,00000000
1,96175189;3,78429508;0,00000000
1,96185589;3,82781744;0,00000000
1,96195989;3,78429508;0,00000000
1,96206389;3,82781744;0,00000000
1,96216789;3,82781744;0,00000000
1,96227189;3,82781744;0,00000000
1,96237589;3,82781744;0,00000000
1,96247989;3,82781744;0,00000000
1,96258389;3,82781744;0,00000000
1,96268789;3,82781744;0,00000000
1,96279189;3,82781744;0,00000000
1,96289589;3,82781744;0,00000000
1,96299989;3,78429508;0,00000000
1,96310389;3,82781744;0,00000000
1,96320789;3,78429508;0,00000000
1,96331189;3,78429508;0,00000000
1,96341589;3,78429508;0,00000000
1,96351989;3,82781744;0,00000000
1,96362389;3,82781744;0,00000000
1,96372789;3,82781744;0,00000000
1,96383189;3,78429508;0,00000000
1,96393589;3,82781744;0,00000000
1,96403989;3,82781744;0,00000000
1,96414389;3,82781744;0,00000000
1,96424789;3,82781744;0,00000000
1,96435189;3,78429508;0,00000000
1,96445589;3,82781744;0,00000000
1,96455989;3,82781744;0,00000000
1,96466389;3,82781744;0,00000000
1,96476789;3,78429508;0,00000000
1,96487189;3,82781744;0,00000000
1,96497589;3,78429508;0,00000000
1,96507989;3,82781744;0,00000000
1,96518389;3,78429508;0,00000000
1,96528789;3,82781744;0,00000000
1,96539189;3,78429508;0,00000000
1,96549589;3,87133980;0,00000000
1,96559989;3,82781744;0,00000000
1,96570389;3,82781744;0,00000000
1,96580789;3,82781744;0,00000000
1,96591189;3,82781744;0,00000000
1,96601589;3,82781744;0,00000000
1,96611989;3,78429508;0,00000000
1,96622389;3,82781744;0,00000000
1,96632789;3,82781744;0,00000000
1,96643189;3,78429508;0,00000000
1,96653589;3,78429508;0,00000000
1,96663989;3,82781744;0,00000000
1,96674389;3,82781744;0,00000000
1,96684789;3,78429508;0,00000000
1,96695189;3,82781744;0,00000000
1,96705589;3,82781744;0,00000000
1,96715989;3,82781744;0,00000000
1,96726389;3,82781744;0,00000000
1,96736789;3,82781744;0,00000000
1,96747189;3,82781744;0,00000000
1,96757589;3,82781744;0,00000000
1,96767989;3,78429508;0,00000000
1,96778389;3,82781744;0,00000000
1,96788789;3,82781744;0,00000000
1,96799189;3,78429508;0,00000000
1,96809589;3,82781744;0,00000000
1,96819989;3,82781744;0,00000000
1,96830389;3,82781744;0,00000000
1,96840789;3,82781744;0,00000000
1,96851189;3,82781744;0,00000000
1,96861589;3,82781744;0,00000000
1,96871989;3,82781744;0,00000000
1,96882389;3,82781744;0,00000000
1,96892789;3,82781744;0,00000000
1,96903189;3,82781744;0,00000000
1,96913589;3,78429508;0,00000000
1,96923989;3,82781744;0,00000000
1,96934389;3,78429508;0,00000000
1,96944789;3,82781744;0,00000000
1,96955189;3,82781744;0,00000000
1,96965589;3,82781744;0,00000000
1,96975989;3,82781744;0,00000000
1,96986389;3,82781744;0,00000000
1,96996789;3,82781744;0,00000000
1,97007189;3,82781744;0,00000000
1,97017589;3,82781744;0,00000000
1,97027989;3,82781744;0,00000000
1,97038389;3,82781744;0,00000000
1,97048789;3,78429508;0,00000000
1,97059189;3,82781744;0,00000000
1,97069589;3,82781744;0,00000000
1,97079989;3,82781744;0,00000000
1,97090389;3,78429508;0,00000000
1,97100789;3,82781744;0,00000000
1,97111189;3,78429508;0,00000000
1,97121589;3,78429508;0,00000000
1,97131989;3,82781744;0,00000000
1,97142389;3,82781744;0,00000000
1,97152789;3,78429508;0,00000000
1,97163189;3,82781744;0,00000000
1,97173589;3,82781744;0,00000000
1,97183989;3,78429508;0,00000000
1,97194389;3,78429508;0,00000000
1,97204789;3,82781744;0,00000000
1,97215189;3,78429508;0,00000000
1,97225589;3,78429508;0,00000000
1,97235989;3,82781744;0,00000000
1,97246389;3,82781744;0,00000000
1,97256789;3,82781744;0,00000000
1,97267189;3,82781744;0,00000000
1,97277589;3,82781744;0,00000000
1,97287989;3,78429508;0,00000000
1,97298389;3,78429508;0,00000000
1,97308789;3,82781744;0,00000000
1,97319189;3,82781744;0,00000000
1,97329589;3,82781744;0,00000000
1,97339989;3,82781744;0,00000000
1,97350389;3,78429508;0,00000000
1,97360789;3,78429508;0,00000000
1,97371189;3,82781744;0,00000000
1,97381589;3,82781744;0,00000000
1,97391989;3,78429508;0,00000000
1,97402389;3,82781744;0,00000000
1,97412789;3,82781744;0,00000000
1,97423189;3,78429508;0,00000000
1,97433589;3,82781744;0,00000000
1,97443989;3,82781744;0,00000000
1,97454389;3,82781744;0,00000000
1,97464789;3,78429508;0,00000000
1,97475189;3,78429508;0,00000000
1,97485589;3,82781744;0,00000000
1,97495989;3,82781744;0,00000000
1,97506389;3,82781744;0,00000000
1,97516789;3,78429508;0,00000000
1,97527189;3,78429508;0,00000000
1,97537589;3,82781744;0,00000000
1,97547989;3,78429508;0,00000000
1,97558389;3,82781744;0,00000000
1,97568789;3,78429508;0,00000000
1,97579189;3,82781744;0,00000000
1,97589589;3,82781744;0,00000000
1,97599989;3,78429508;0,00000000
1,97610389;3,82781744;0,00000000
1,97620789;3,78429508;0,00000000
1,97631189;3,82781744;0,00000000
1,97641589;3,82781744;0,00000000
1,97651989;3,87133980;0,00000000
1,97662389;3,82781744;0,00000000
1,97672789;3,78429508;0,00000000
1,97683189;3,82781744;0,00000000
1,97693589;3,78429508;0,00000000
1,97703989;3,82781744;0,00000000
1,97714389;3,82781744;0,00000000
1,97724789;3,82781744;0,00000000
1,97735189;3,82781744;0,00000000
1,97745589;3,82781744;0,00000000
1,97755989;3,82781744;0,00000000
1,97766389;3,82781744;0,00000000
1,97776789;3,82781744;0,00000000
1,97787189;3,82781744;0,00000000
1,97797589;3,78429508;0,00000000
1,97807989;3,78429508;0,00000000
1,97818389;3,82781744;0,00000000
1,97828789;3,78429508;0,00000000
1,97839189;3,78429508;0,00000000
1,97849589;3,78429508;0,00000000
1,97859989;3,78429508;0,00000000
1,97870389;3,82781744;0,00000000
1,97880789;3,82781744;0,00000000
1,97891189;3,78429508;0,00000000
1,97901589;3,82781744;0,00000000
1,97911989;3,82781744;0,00000000
1,97922389;3,82781744;0,00000000
1,97932789;3,78429508;0,00000000
1,97943189;3,82781744;0,00000000
1,97953589;3,82781744;0,00000000
1,97963989;3,82781744;0,00000000
1,97974389;3,82781744;0,00000000
1,97984789;3,82781744;0,00000000
1,97995189;3,82781744;0,00000000
1,98005589;3,82781744;0,00000000
1,98015989;3,82781744;0,00000000
1,98026389;3,82781744;0,00000000
1,98036789;3,82781744;0,00000000
1,98047189;3,82781744;0,00000000
1,98057589;3,78429508;0,00000000
1,98067989;3,78429508;0,00000000
1,98078389;3,82781744;0,00000000
1,98088789;3,78429508;0,00000000
1,98099189;3,82781744;0,00000000
1,98109589;3,82781744;0,00000000
1,98119989;3,82781744;0,00000000
1,98130389;3,82781744;0,00000000
1,98140789;3,82781744;0,00000000
1,98151189;3,82781744;0,00000000
1,98161589;3,82781744;0,01734744
1,98171989;3,82781744;0,00000000
1,98182389;3,78429508;0,00000000
1,98192789;3,78429508;0,00000000
1,98203189;3,82781744;0,00000000
1,98213589;3,82781744;0,00000000
1,98223989;3,82781744;0,00000000
1,98234389;3,82781744;0,00000000
1,98244789;3,82781744;0,00000000
1,98255189;3,82781744;0,00000000
1,98265589;3,78429508;0,00000000
1,98275989;3,82781744;0,00000000
1,98286389;3,82781744;0,00000000
1,98296789;3,82781744;0,00000000
1,98307189;3,78429508;0,00000000
1,98317589;3,82781744;0,00000000
1,98327989;3,82781744;0,00000000
1,98338389;3,82781744;0,00000000
1,98348789;3,82781744;0,00000000
1,98359189;3,78429508;0,00000000
1,98369589;3,82781744;0,00000000
1,98379989;3,82781744;0,00000000
1,98390389;3,82781744;0,00000000
1,98400789;3,78429508;0,00000000
1,98411189;3,82781744;0,00000000
1,98421589;3,82781744;0,00000000
1,98431989;3,78429508;0,00000000
1,98442389;3,82781744;0,00000000
1,98452789;3,82781744;0,00000000
1,98463189;3,78429508;0,00000000
1,98473589;3,78429508;0,00000000
1,98483989;3,82781744;0,00000000
1,98494389;3,82781744;0,00000000
1,98504789;3,82781744;0,00000000
1,98515189;3,82781744;0,00000000
1,98525589;3,82781744;0,00000000
1,98535989;3,82781744;0,00000000
1,98546389;3,78429508;0,00000000
1,98556789;3,82781744;0,00000000
1,98567189;3,82781744;0,00000000
1,98577589;3,78429508;0,00000000
1,98587989;3,82781744;0,00000000
1,98598389;3,82781744;0,00000000
1,98608789;3,78429508;0,00000000
1,98619189;3,78429508;0,00000000
1,98629589;3,82781744;0,00000000
1,98639989;3,82781744;0,00000000
1,98650389;3,82781744;0,00000000
1,98660789;3,82781744;0,00000000
1,98671189;3,78429508;0,00000000
1,98681589;3,82781744;0,00000000
1,98691989;3,82781744;0,00000000
1,98702389;3,82781744;0,00000000
1,98712789;3,82781744;0,00000000
1,98723189;3,82781744;0,00000000
1,98733589;3,78429508;0,00000000
1,98743989;3,82781744;0,00000000
1,98754389;3,78429508;0,00000000
1,98764789;3,78429508;0,00000000
1,98775189;3,82781744;0,00000000
1,98785589;3,82781744;0,01734744
1,98795989;3,78429508;0,00000000
1,98806389;3,82781744;0,00000000
1,98816789;3,78429508;0,00000000
1,98827189;3,82781744;0,00000000
1,98837589;3,78429508;0,00000000
1,98847989;3,82781744;0,00000000
1,98858389;3,82781744;0,00000000
1,98868789;3,82781744;0,00000000
1,98879189;3,82781744;0,00000000
1,98889589;3,87133980;0,00000000
1,98899989;3,78429508;0,00000000
1,98910389;3,82781744;0,00000000
1,98920789;3,82781744;0,00000000
1,98931189;3,78429508;0,00000000
1,98941589;3,82781744;0,00000000
1,98951989;3,82781744;0,00000000
1,98962389;3,78429508;0,00000000
1,98972789;3,82781744;0,00000000
1,98983189;3,78429508;0,00000000
1,98993589;3,82781744;0,00000000
1,99003989;3,82781744;0,00000000
1,99014389;3,78429508;0,00000000
1,99024789;3,78429508;0,00000000
1,99035189;3,78429508;0,00000000
1,99045589;3,78429508;0,00000000
1,99055989;3,82781744;0,00000000
1,99066389;3,82781744;0,00000000
1,99076789;3,78429508;0,00000000
1,99087189;3,78429508;0,00000000
1,99097589;3,78429508;0,00000000
1,99107989;3,78429508;0,00000000
1,99118389;3,82781744;0,00000000
1,99128789;3,82781744;0,00000000
1,99139189;3,82781744;0,00000000
1,99149589;3,82781744;0,00000000
1,99159989;3,82781744;0,01734744
1,99170389;3,82781744;0,00000000
1,99180789;3,82781744;0,00000000
1,99191189;3,78429508;0,00000000
1,99201589;3,82781744;0,00000000
1,99211989;3,78429508;0,00000000
1,99222389;3,82781744;0,00000000
1,99232789;3,78429508;0,00000000
1,99243189;3,82781744;0,00000000
1,99253589;3,82781744;0,00000000
1,99263989;3,82781744;0,00000000
1,99274389;3,78429508;0,00000000
1,99284789;3,78429508;0,00000000
1,99295189;3,78429508;0,00000000
1,99305589;3,78429508;0,00000000
1,99315989;3,82781744;0,00000000
1,99326389;3,82781744;0,00000000
1,99336789;3,82781744;0,00000000
1,99347189;3,82781744;0,00000000
1,99357589;3,82781744;0,00000000
1,99367989;3,78429508;0,00000000
1,99378389;3,78429508;0,00000000
1,99388789;3,82781744;0,00000000
1,99399189;3,82781744;0,00000000
1,99409589;3,78429508;0,00000000
1,99419989;3,82781744;0,00000000
1,99430389;3,82781744;0,00000000
1,99440789;3,78429508;0,00000000
1,99451189;3,78429508;0,00000000
1,99461589;3,82781744;0,00000000
1,99471989;3,82781744;0,00000000
1,99482389;3,82781744;0,00000000
1,99492789;3,82781744;0,00000000
1,99503189;3,78429508;0,00000000
1,99513589;3,78429508;0,00000000
1,99523989;3,78429508;0,00000000
1,99534389;3,78429508;0,00000000
1,99544789;3,82781744;0,00000000
1,99555189;3,82781744;0,00000000
1,99565589;3,82781744;0,00000000
1,99575989;3,82781744;0,00000000
1,99586389;3,82781744;0,00000000
1,99596789;3,82781744;0,00000000
1,99607189;3,82781744;0,00000000
1,99617589;3,82781744;0,00000000
1,99627989;3,82781744;0,00000000
1,99638389;3,82781744;0,00000000
1,99648789;3,82781744;0,00000000
1,99659189;3,78429508;0,00000000
1,99669589;3,82781744;0,00000000
1,99679989;3,78429508;0,00000000
1,99690389;3,78429508;0,00000000
1,99700789;3,82781744;0,00000000
1,99711189;3,78429508;0,00000000
1,99721589;3,82781744;0,00000000
1,99731989;3,82781744;0,00000000
1,99742389;3,82781744;0,00000000
1,99752789;3,82781744;0,00000000
1,99763189;3,82781744;0,00000000
1,99773589;3,78429508;0,00000000
1,99783989;3,78429508;0,00000000
1,99794389;3,78429508;0,00000000
1,99804789;3,78429508;0,00000000
1,99815189;3,82781744;0,00000000
1,99825589;3,82781744;0,00000000
1,99835989;3,78429508;0,00000000
1,99846389;3,82781744;0,00000000
1,99856789;3,82781744;0,00000000
1,99867189;3,82781744;0,00000000
1,99877589;3,78429508;0,00000000
1,99887989;3,82781744;0,00000000
1,99898389;3,78429508;0,00000000
1,99908789;3,78429508;0,00000000
1,99919189;3,82781744;0,00000000
1,99929589;3,82781744;0,00000000
1,99939989;3,78429508;0,00000000
1,99950389;3,78429508;0,00000000
1,99960789;3,78429508;0,00000000
1,99971189;3,82781744;0,00000000
1,99981589;3,82781744;0,00000000
1,99991989;3,82781744;0,00000000
2,00002389;3,78429508;0,00000000
2,00012789;3,78429508;0,00000000
2,00023189;3,82781744;0,00000000
2,00033589;3,82781744;0,00000000
2,00043989;3,82781744;0,00000000
2,00054389;3,82781744;0,00000000
2,00064789;3,82781744;0,00000000
2,00075189;3,82781744;0,00000000
2,00085589;3,78429508;0,00000000
2,00095989;3,82781744;0,00000000
2,00106389;3,78429508;0,00000000
2,00116789;3,82781744;0,00000000
2,00127189;3,82781744;0,00000000
2,00137589;3,82781744;0,00000000
2,00147989;3,82781744;0,00000000
2,00158389;3,82781744;0,00000000
2,00168789;3,82781744;0,00000000
2,00179189;3,82781744;0,00000000
2,00189589;3,82781744;0,00000000
2,00199989;3,78429508;0,00000000
2,00210389;3,82781744;0,00000000
2,00220789;3,82781744;0,00000000
2,00231189;3,82781744;0,00000000
2,00241589;3,82781744;0,00000000
2,00251989;3,78429508;0,00000000
2,00262389;3,82781744;0,00000000
2,00272789;3,78429508;0,00000000
2,00283189;3,82781744;0,00000000
2,00293589;3,82781744;0,00000000
2,00303989;3,82781744;0,00000000
2,00314389;3,78429508;0,00000000
2,00324789;3,82781744;0,00000000
2,00335189;3,82781744;0,00000000
2,00345589;3,78429508;0,00000000
2,00355989;3,82781744;0,00000000
2,00366389;3,82781744;0,00000000
2,00376789;3,82781744;0,00000000
2,00387189;3,82781744;0,00000000
2,00397589;3,78429508;0,00000000
2,00407989;3,82781744;0,00000000
2,00418389;3,82781744;0,00000000
2,00428789;3,82781744;0,00000000
2,00439189;3,82781744;0,00000000
2,00449589;3,82781744;0,00000000
2,00459989;3,82781744;0,00000000
2,00470389;3,78429508;0,00000000
2,00480789;3,82781744;0,00000000
2,00491189;3,82781744;0,00000000
2,00501589;3,82781744;0,00000000
2,00511989;3,82781744;0,00000000
2,00522389;3,82781744;0,00000000
2,00532789;3,78429508;0,00000000
2,00543189;3,78429508;0,00000000
2,00553589;3,82781744;0,00000000
2,00563989;3,82781744;0,00000000
2,00574389;3,82781744;0,00000000
2,00584789;3,78429508;0,00000000
2,00595189;3,82781744;0,00000000
2,00605589;3,82781744;0,00000000
2,00615989;3,78429508;0,00000000
2,00626389;3,82781744;0,00000000
2,00636789;3,82781744;0,00000000
2,00647189;3,82781744;0,00000000
2,00657589;3,78429508;0,00000000
2,00667989;3,82781744;0,00000000
2,00678389;3,78429508;0,00000000
2,00688789;3,82781744;0,00000000
2,00699189;3,82781744;0,00000000
2,00709589;3,78429508;0,00000000
2,00719989;3,82781744;0,00000000
2,00730389;3,82781744;0,00000000
2,00740789;3,82781744;0,00000000
2,00751189;3,82781744;0,00000000
2,00761589;3,82781744;0,00000000
2,00771989;3,82781744;0,00000000
2,00782389;3,82781744;0,00000000
2,00792789;3,82781744;0,00000000
2,00803189;3,82781744;0,00000000
2,00813589;3,82781744;0,00000000
2,00823989;3,82781744;0,00000000
2,00834389;3,82781744;0,00000000
2,00844789;3,82781744;0,00000000
2,00855189;3,82781744;0,00000000
2,00865589;3,82781744;0,00000000
2,00875989;3,78429508;0,00000000
2,00886389;3,78429508;0,00000000
2,00896789;3,78429508;0,00000000
2,00907189;3,82781744;0,00000000
2,00917589;3,82781744;0,00000000
2,00927989;3,82781744;0,00000000
2,00938389;3,82781744;0,00000000
2,00948789;3,82781744;0,00000000
2,00959189;3,82781744;0,00000000
2,00969589;3,82781744;0,00000000
2,00979989;3,78429508;0,00000000
2,00990389;3,82781744;0,00000000
2,01000789;3,82781744;0,00000000
2,01011189;3,82781744;0,00000000
2,01021589;3,82781744;0,00000000
2,01031989;3,82781744;0,00000000
2,01042389;3,82781744;0,00000000
2,01052789;3,82781744;0,00000000
2,01063189;3,78429508;0,00000000
2,01073589;3,82781744;0,00000000
2,01083989;3,82781744;0,00000000
2,01094389;3,82781744;0,00000000
2,01104789;3,82781744;0,00000000
2,01115189;3,82781744;0,00000000
2,01125589;3,82781744;0,00000000
2,01135989;3,82781744;0,00000000
2,01146389;3,82781744;0,00000000
2,01156789;3,82781744;0,00000000
2,01167189;3,82781744;0,00000000
2,01177589;3,82781744;0,00000000
2,01187989;3,82781744;0,00000000
2,01198389;3,78429508;0,00000000
2,01208789;3,82781744;0,00000000
2,01219189;3,82781744;0,00000000
2,01229589;3,82781744;0,00000000
2,01239989;3,82781744;0,00000000
2,01250389;3,82781744;0,00000000
2,01260789;3,82781744;0,00000000
2,01271189;3,82781744;0,00000000
2,01281589;3,82781744;0,00000000
2,01291989;3,82781744;0,00000000
2,01302389;3,82781744;0,00000000
2,01312789;3,82781744;0,00000000
2,01323189;3,82781744;0,00000000
2,01333589;3,82781744;0,00000000
2,01343989;3,82781744;0,00000000
2,01354389;3,82781744;0,00000000
2,01364789;3,82781744;0,00000000
2,01375189;3,78429508;0,00000000
2,01385589;3,82781744;0,00000000
2,01395989;3,82781744;0,00000000
2,01406389;3,78429508;0,00000000
2,01416789;3,82781744;0,00000000
2,01427189;3,82781744;0,00000000
2,01437589;3,82781744;0,00000000
2,01447989;3,82781744;0,00000000
2,01458389;3,82781744;0,00000000
2,01468789;3,78429508;0,00000000
2,01479189;3,78429508;0,00000000
2,01489589;3,78429508;0,00000000
2,01499989;3,82781744;0,00000000
2,01510389;3,78429508;0,00000000
2,01520789;3,78429508;0,00000000
2,01531189;3,78429508;0,00000000
2,01541589;3,82781744;0,00000000
2,01551989;3,82781744;0,00000000
2,01562389;3,82781744;0,00000000
2,01572789;3,82781744;0,00000000
2,01583189;3,78429508;0,00000000
2,01593589;3,78429508;0,00000000
2,01603989;3,78429508;0,00000000
2,01614389;3,82781744;0,00000000
2,01624789;3,82781744;0,00000000
2,01635189;3,82781744;0,00000000
2,01645589;3,82781744;0,00000000
2,01655989;3,78429508;0,00000000
2,01666389;3,82781744;0,00000000
2,01676789;3,82781744;0,00000000
2,01687189;3,82781744;0,00000000
2,01697589;3,82781744;0,00000000
2,01707989;3,78429508;0,00000000
2,01718389;3,82781744;0,00000000
2,01728789;3,82781744;0,00000000
2,01739189;3,82781744;0,00000000
2,01749589;3,82781744;0,00000000
2,01759989;3,82781744;0,00000000
2,01770389;3,82781744;0,00000000
2,01780789;3,82781744;0,00000000
2,01791189;3,82781744;0,00000000
2,01801589;3,82781744;0,00000000
2,01811989;3,78429508;0,00000000
2,01822389;3,82781744;0,00000000
2,01832789;3,78429508;0,00000000
2,01843189;3,82781744;0,00000000
2,01853589;3,78429508;0,00000000
2,01863989;3,82781744;0,00000000
2,01874389;3,82781744;0,00000000
2,01884789;3,78429508;0,00000000
2,01895189;3,82781744;0,00000000
2,01905589;3,78429508;0,00000000
2,01915989;3,82781744;0,00000000
2,01926389;3,82781744;0,00000000
2,01936789;3,82781744;0,00000000
2,01947189;3,82781744;0,00000000
2,01957589;3,82781744;0,00000000
2,01967989;3,82781744;0,00000000
2,01978389;3,78429508;0,00000000
2,01988789;3,78429508;0,00000000
2,01999189;3,82781744;0,00000000
2,02009589;3,82781744;0,00000000
2,02019989;3,82781744;0,00000000
2,02030389;3,78429508;0,00000000
2,02040789;3,78429508;0,00000000
2,02051189;3,82781744;0,00000000
2,02061589;3,82781744;0,00000000
2,02071989;3,82781744;0,00000000
2,02082389;3,82781744;0,00000000
2,02092789;3,82781744;0,00000000
2,02103189;3,78429508;0,00000000
2,02113589;3,82781744;0,00000000
2,02123989;3,82781744;0,00000000
2,02134389;3,82781744;0,00000000
2,02144789;3,78429508;0,00000000
2,02155189;3,82781744;0,00000000
2,02165589;3,78429508;0,00000000
2,02175989;3,82781744;0,00000000
2,02186389;3,78429508;0,00000000
2,02196789;3,78429508;0,00000000
2,02207189;3,82781744;0,00000000
2,02217589;3,82781744;0,00000000
2,02227989;3,82781744;0,00000000
2,02238389;3,82781744;0,00000000
2,02248789;3,78429508;0,00000000
2,02259189;3,82781744;0,00000000
2,02269589;3,78429508;0,00000000
2,02279989;3,82781744;0,00000000
2,02290389;3,82781744;0,00000000
2,02300789;3,82781744;0,00000000
2,02311189;3,82781744;0,00000000
2,02321589;3,82781744;0,00000000
2,02331989;3,82781744;0,00000000
2,02342389;3,78429508;0,00000000
2,02352789;3,82781744;0,00000000
2,02363189;3,82781744;0,00000000
2,02373589;3,78429508;0,00000000
2,02383989;3,78429508;0,00000000
2,02394389;3,82781744;0,00000000
2,02404789;3,82781744;0,00000000
2,02415189;3,78429508;0,00000000
2,02425589;3,82781744;0,00000000
2,02435989;3,82781744;0,00000000
2,02446389;3,82781744;0,00000000
2,02456789;3,82781744;0,00000000
2,02467189;3,82781744;0,00000000
2,02477589;3,82781744;0,00000000
2,02487989;3,82781744;0,00000000
2,02498389;3,82781744;0,00000000
2,02508789;3,82781744;0,00000000
2,02519189;3,78429508;0,00000000
2,02529589;3,82781744;0,00000000
2,02539989;3,82781744;0,00000000
2,02550389;3,82781744;0,00000000
2,02560789;3,82781744;0,00000000
2,02571189;3,78429508;0,00000000
2,02581589;3,78429508;0,00000000
2,02591989;3,82781744;0,00000000
2,02602389;3,82781744;0,00000000
2,02612789;3,82781744;0,00000000
2,02623189;3,82781744;0,00000000
2,02633589;3,82781744;0,00000000
2,02643989;3,78429508;0,00000000
2,02654389;3,82781744;0,00000000
2,02664789;3,82781744;0,00000000
2,02675189;3,82781744;0,00000000
2,02685589;3,82781744;0,00000000
2,02695989;3,82781744;0,00000000
2,02706389;3,82781744;0,00000000
2,02716789;3,82781744;0,00000000
2,02727189;3,82781744;0,00000000
2,02737589;3,82781744;0,00000000
2,02747989;3,78429508;0,00000000
2,02758389;3,82781744;0,00000000
2,02768789;3,78429508;0,00000000
2,02779189;3,82781744;0,00000000
2,02789589;3,82781744;0,00000000
2,02799989;3,78429508;0,00000000
2,02810389;3,78429508;0,00000000
2,02820789;3,82781744;0,00000000
2,02831189;3,82781744;0,00000000
2,02841589;3,82781744;0,00000000
2,02851989;3,78429508;0,00000000
2,02862389;3,82781744;0,00000000
2,02872789;3,78429508;0,00000000
2,02883189;3,78429508;0,00000000
2,02893589;3,87133980;0,00000000
2,02903989;3,82781744;0,00000000
2,02914389;3,78429508;0,00000000
2,02924789;3,78429508;0,00000000
2,02935189;3,78429508;0,00000000
2,02945589;3,82781744;0,00000000
2,02955989;3,82781744;0,00000000
2,02966389;3,82781744;0,00000000
2,02976789;3,82781744;0,00000000
2,02987189;3,82781744;0,00000000
2,02997589;3,82781744;0,00000000
2,03007989;3,78429508;0,00000000
2,03018389;3,82781744;0,00000000
2,03028789;3,82781744;0,00000000
2,03039189;3,78429508;0,00000000
2,03049589;3,78429508;0,00000000
2,03059989;3,78429508;0,00000000
2,03070389;3,82781744;0,00000000
2,03080789;3,82781744;0,00000000
2,03091189;3,82781744;0,00000000
2,03101589;3,82781744;0,00000000
2,03111989;3,78429508;0,00000000
2,03122389;3,82781744;0,00000000
2,03132789;3,82781744;0,00000000
2,03143189;3,82781744;0,00000000
2,03153589;3,82781744;0,00000000
2,03163989;3,78429508;0,00000000
2,03174389;3,82781744;0,00000000
2,03184789;3,82781744;0,00000000
2,03195189;3,82781744;0,00000000
2,03205589;3,82781744;0,00000000
2,03215989;3,82781744;0,00000000
2,03226389;3,78429508;0,00000000
2,03236789;3,82781744;0,00000000
2,03247189;3,78429508;0,00000000
2,03257589;3,78429508;0,00000000
2,03267989;3,82781744;0,00000000
2,03278389;3,82781744;0,00000000
2,03288789;3,82781744;0,00000000
2,03299189;3,82781744;0,00000000
2,03309589;3,82781744;0,00000000
2,03319989;3,82781744;0,00000000
2,03330389;3,82781744;0,00000000
2,03340789;3,82781744;0,00000000
2,03351189;3,82781744;0,00000000
2,03361589;3,78429508;0,00000000
2,03371989;3,82781744;0,00000000
2,03382389;3,78429508;0,00000000
2,03392789;3,82781744;0,00000000
2,03403189;3,82781744;0,00000000
2,03413589;3,82781744;0,00000000
2,03423989;3,87133980;0,00000000
2,03434389;3,78429508;0,00000000
2,03444789;3,82781744;0,00000000
2,03455189;3,82781744;0,00000000
2,03465589;3,78429508;0,00000000
2,03475989;3,78429508;0,00000000
2,03486389;3,82781744;0,00000000
2,03496789;3,82781744;0,00000000
2,03507189;3,82781744;0,00000000
2,03517589;3,82781744;0,00000000
2,03527989;3,82781744;0,00000000
2,03538389;3,82781744;0,00000000
2,03548789;3,82781744;0,00000000
2,03559189;3,82781744;0,00000000
2,03569589;3,82781744;0,00000000
2,03579989;3,82781744;0,00000000
2,03590389;3,82781744;0,00000000
2,03600789;3,82781744;0,00000000
2,03611189;3,82781744;0,00000000
2,03621589;3,78429508;0,00000000
2,03631989;3,82781744;0,00000000
2,03642389;3,82781744;0,00000000
2,03652789;3,82781744;0,00000000
2,03663189;3,82781744;0,00000000
2,03673589;3,82781744;0,00000000
2,03683989;3,82781744;0,00000000
2,03694389;3,82781744;0,00000000
2,03704789;3,82781744;0,00000000
2,03715189;3,82781744;0,00000000
2,03725589;3,82781744;0,00000000
2,03735989;3,82781744;0,00000000
2,03746389;3,78429508;0,00000000
2,03756789;3,78429508;0,00000000
2,03767189;3,82781744;0,00000000
2,03777589;3,82781744;0,00000000
2,03787989;3,78429508;0,00000000
2,03798389;3,82781744;0,00000000
2,03808789;3,78429508;0,00000000
2,03819189;3,82781744;0,00000000
2,03829589;3,82781744;0,00000000
2,03839989;3,78429508;0,00000000
2,03850389;3,82781744;0,00000000
2,03860789;3,78429508;0,00000000
2,03871189;3,78429508;0,00000000
2,03881589;3,82781744;0,00000000
2,03891989;3,82781744;0,00000000
2,03902389;3,82781744;0,00000000
2,03912789;3,78429508;0,00000000
2,03923189;3,82781744;0,00000000
2,03933589;3,82781744;0,00000000
2,03943989;3,82781744;0,00000000
2,03954389;3,78429508;0,00000000
2,03964789;3,82781744;0,00000000
2,03975189;3,78429508;0,00000000
2,03985589;3,82781744;0,00000000
2,03995989;3,82781744;0,00000000
2,04006389;3,82781744;0,00000000
2,04016789;3,82781744;0,00000000
2,04027189;3,78429508;0,00000000
2,04037589;3,82781744;0,00000000
2,04047989;3,82781744;0,00000000
2,04058389;3,82781744;0,00000000
2,04068789;3,82781744;0,00000000
2,04079189;3,78429508;0,00000000
2,04089589;3,82781744;0,00000000
2,04099989;3,82781744;0,00000000
2,04110389;3,82781744;0,00000000
2,04120789;3,82781744;0,00000000
2,04131189;3,78429508;0,00000000
2,04141589;3,78429508;0,00000000
2,04151989;3,78429508;0,00000000
2,04162389;3,82781744;0,00000000
2,04172789;3,82781744;0,00000000
2,04183189;3,78429508;0,00000000
2,04193589;3,82781744;0,00000000
2,04203989;3,82781744;0,00000000
2,04214389;3,78429508;0,00000000
2,04224789;3,78429508;0,00000000
2,04235189;3,82781744;0,00000000
2,04245589;3,82781744;0,00000000
2,04255989;3,82781744;0,00000000
2,04266389;3,78429508;0,00000000
2,04276789;3,82781744;0,00000000
2,04287189;3,78429508;0,00000000
2,04297589;3,78429508;0,00000000
2,04307989;3,82781744;0,00000000
2,04318389;3,82781744;0,00000000
2,04328789;3,82781744;0,00000000
2,04339189;3,78429508;0,00000000
2,04349589;3,82781744;0,00000000
2,04359989;3,82781744;0,00000000
2,04370389;3,78429508;0,00000000
2,04380789;3,82781744;0,00000000
2,04391189;3,82781744;0,00000000
2,04401589;3,82781744;0,00000000
2,04411989;3,78429508;0,00000000
2,04422389;3,78429508;0,00000000
2,04432789;3,82781744;0,00000000
2,04443189;3,82781744;0,00000000
2,04453589;3,82781744;0,00000000
2,04463989;3,82781744;0,00000000
2,04474389;3,78429508;0,00000000
2,04484789;3,82781744;0,00000000
2,04495189;3,82781744;0,00000000
2,04505589;3,82781744;0,00000000
2,04515989;3,78429508;0,00000000
2,04526389;3,82781744;0,00000000
2,04536789;3,82781744;0,00000000
2,04547189;3,82781744;0,00000000
2,04557589;3,82781744;0,00000000
2,04567989;3,82781744;0,00000000
2,04578389;3,78429508;0,00000000
2,04588789;3,78429508;0,00000000
2,04599189;3,78429508;0,00000000
2,04609589;3,78429508;0,00000000
2,04619989;0,04336860;0,00000000
2,04630389;-0,17393577;0,00000000
2,04640789;0,04336860;0,00000000
2,04651189;0,04336860;0,00000000
2,04661589;0,00000000;0,00000000
2,04671989;0,00000000;0,00000000
2,04682389;0,00000000;0,00000000
2,04692789;0,00000000;0,00000000
2,04703189;0,00000000;0,00000000
2,04713589;0,04336860;0,00000000
2,04723989;0,00000000;0,00000000
2,04734389;0,00000000;0,00000000
2,04744789;0,00000000;0,00000000
2,04755189;0,00000000;0,00000000
2,04765589;0,00000000;0,00000000
2,04775989;0,00000000;0,00000000
2,04786389;0,00000000;-0,01734744
2,04796789;0,00000000;0,00000000
2,04807189;0,00000000;0,00000000
2,04817589;0,00000000;0,00000000
2,04827989;0,04336860;0,00000000
2,04838389;0,04336860;0,00000000
2,04848789;0,04336860;0,00000000
2,04859189;0,00000000;0,00000000
2,04869589;0,00000000;0,00000000
2,04879989;0,00000000;0,00000000
2,04890389;0,00000000;0,00000000
2,04900789;0,00000000;0,00000000
2,04911189;0,04336860;0,00000000
2,04921589;0,04336860;0,00000000
2,04931989;0,04336860;0,00000000
2,04942389;0,00000000;0,00000000
2,04952789;0,00000000;0,00000000
2,04963189;0,00000000;0,00000000
2,04973589;0,04336860;0,00000000
2,04983989;0,04336860;0,00000000
2,04994389;0,00000000;0,00000000
2,05004789;0,00000000;0,00000000
2,05015189;0,04336860;0,00000000
2,05025589;0,00000000;0,00000000
2,05035989;0,04336860;0,00000000
2,05046389;0,04336860;0,00000000
2,05056789;0,00000000;0,00000000
2,05067189;0,00000000;0,00000000
2,05077589;0,04336860;0,00000000
2,05087989;0,04336860;0,00000000
2,05098389;0,00000000;0,00000000
2,05108789;0,00000000;0,00000000
2,05119189;0,04336860;0,00000000
2,05129589;0,04336860;0,00000000
2,05139989;0,04336860;-0,01734744
2,05150389;0,04336860;0,00000000
2,05160789;0,04336860;0,00000000
2,05171189;0,00000000;0,00000000
2,05181589;0,00000000;0,00000000
2,05191989;0,04336860;0,00000000
2,05202389;0,00000000;0,00000000
2,05212789;0,04336860;0,00000000
2,05223189;0,04336860;0,00000000
2,05233589;0,04336860;0,00000000
2,05243989;0,00000000;0,00000000
2,05254389;0,00000000;0,00000000
2,05264789;0,04336860;0,00000000
2,05275189;0,00000000;0,00000000
2,05285589;0,00000000;0,00000000
2,05295989;0,04336860;0,00000000
2,05306389;0,04336860;0,00000000
2,05316789;0,00000000;0,00000000
2,05327189;0,00000000;0,00000000
2,05337589;0,04336860;0,00000000
2,05347989;0,00000000;0,00000000
2,05358389;0,04336860;0,00000000
2,05368789;0,04336860;0,00000000
2,05379189;0,04336860;0,00000000
2,05389589;0,04336860;0,00000000
2,05399989;0,04336860;0,00000000
2,05410389;0,04336860;0,00000000
2,05420789;0,04336860;0,00000000
2,05431189;0,04336860;0,00000000
2,05441589;0,00000000;0,00000000
2,05451989;0,04336860;0,00000000
2,05462389;0,00000000;0,00000000
2,05472789;0,00000000;0,00000000
2,05483189;0,04336860;0,00000000
2,05493589;0,00000000;0,00000000
2,05503989;0,04336860;0,00000000
2,05514389;0,00000000;0,00000000
2,05524789;0,04336860;0,00000000
2,05535189;0,00000000;0,00000000
2,05545589;0,00000000;0,00000000
2,05555989;0,04336860;0,00000000
2,05566389;0,04336860;0,00000000
2,05576789;0,04336860;0,00000000
2,05587189;0,00000000;0,00000000
2,05597589;0,00000000;0,00000000
2,05607989;0,00000000;0,00000000
2,05618389;0,00000000;0,00000000
2,05628789;0,00000000;0,00000000
2,05639189;0,00000000;0,00000000
2,05649589;0,00000000;0,00000000
2,05659989;0,00000000;0,00000000
2,05670389;0,00000000;0,00000000
2,05680789;0,04336860;0,00000000
2,05691189;0,04336860;0,00000000
2,05701589;0,04336860;0,00000000
2,05711989;0,00000000;0,00000000
2,05722389;0,04336860;0,00000000
2,05732789;0,04336860;0,00000000
2,05743189;0,04336860;0,00000000
2,05753589;0,04336860;0,00000000
2,05763989;0,04336860;0,00000000
2,05774389;0,00000000;0,00000000
2,05784789;0,00000000;-0,01734744
2,05795189;0,04336860;0,00000000
2,05805589;0,00000000;0,00000000
2,05815989;0,04336860;0,00000000
2,05826389;0,00000000;0,00000000
2,05836789;0,00000000;0,00000000
2,05847189;0,04336860;0,00000000
2,05857589;0,04336860;0,00000000
2,05867989;0,04336860;0,00000000
2,05878389;0,00000000;0,00000000
2,05888789;0,04336860;0,00000000
2,05899189;0,04336860;0,00000000
2,05909589;0,00000000;0,00000000
2,05919989;0,00000000;0,00000000
2,05930389;0,00000000;0,00000000
2,05940789;0,00000000;0,00000000
2,05951189;0,00000000;0,00000000
2,05961589;0,04336860;0,00000000
2,05971989;0,00000000;0,00000000
2,05982389;0,04336860;0,00000000
2,05992789;0,04336860;0,00000000
2,06003189;0,04336860;0,00000000
2,06013589;0,00000000;0,00000000
2,06023989;0,00000000;0,00000000
2,06034389;0,00000000;0,00000000
2,06044789;0,00000000;0,00000000
2,06055189;0,04336860;0,00000000
2,06065589;0,00000000;0,00000000
2,06075989;0,00000000;0,00000000
2,06086389;0,04336860;0,00000000
2,06096789;0,04336860;0,00000000
2,06107189;0,04336860;0,00000000
2,06117589;0,00000000;0,00000000
2,06127989;0,00000000;0,00000000
2,06138389;0,04336860;0,00000000
2,06148789;0,00000000;0,00000000
2,06159189;0,04336860;0,00000000
2,06169589;0,00000000;0,00000000
2,06179989;0,04336860;0,00000000
2,06190389;0,00000000;0,00000000
2,06200789;0,00000000;0,00000000
2,06211189;0,04336860;0,00000000
2,06221589;0,04336860;0,00000000
2,06231989;0,00000000;0,00000000
2,06242389;0,04336860;0,00000000
2,06252789;0,04336860;0,00000000
2,06263189;0,04336860;0,00000000
2,06273589;0,00000000;0,00000000
2,06283989;0,00000000;0,00000000
2,06294389;0,04336860;0,00000000
2,06304789;0,00000000;0,00000000
2,06315189;0,00000000;0,00000000
2,06325589;0,04336860;0,00000000
2,06335989;0,00000000;0,00000000
2,06346389;0,04336860;0,00000000
2,06356789;0,00000000;0,00000000
2,06367189;0,00000000;0,00000000
2,06377589;0,04336860;0,00000000
2,06387989;0,00000000;0,00000000
2,06398389;0,04336860;0,00000000
2,06408789;0,00000000;0,00000000
2,06419189;0,00000000;0,00000000
2,06429589;0,00000000;0,00000000
2,06439989;0,04336860;0,00000000
2,06450389;0,00000000;0,00000000
2,06460789;0,00000000;0,00000000
2,06471189;0,00000000;0,00000000
2,06481589;0,00000000;0,00000000
2,06491989;0,00000000;-0,01734744
2,06502389;0,00000000;0,00000000
2,06512789;0,04336860;0,00000000
2,06523189;0,04336860;0,00000000
2,06533589;0,04336860;0,00000000
2,06543989;0,00000000;0,00000000
2,06554389;0,00000000;0,00000000
2,06564789;0,00000000;0,00000000
2,06575189;0,00000000;0,00000000
2,06585589;0,00000000;0,00000000
2,06595989;0,00000000;0,00000000
2,06606389;0,00000000;0,00000000
2,06616789;0,00000000;0,00000000
2,06627189;0,04336860;-0,01734744
2,06637589;0,04336860;0,00000000
2,06647989;0,00000000;0,00000000
2,06658389;0,00000000;0,00000000
2,06668789;0,04336860;0,00000000
2,06679189;0,00000000;0,00000000
2,06689589;0,00000000;0,00000000
2,06699989;0,00000000;0,00000000
2,06710389;0,00000000;0,00000000
2,06720789;0,00000000;-0,01734744
2,06731189;0,04336860;0,00000000
2,06741589;0,00000000;0,00000000
2,06751989;0,00000000;0,00000000
2,06762389;0,00000000;0,00000000
2,06772789;0,04336860;0,00000000
2,06783189;0,04336860;0,00000000
2,06793589;0,00000000;0,00000000
2,06803989;0,00000000;0,00000000
2,06814389;0,00000000;0,00000000
2,06824789;0,04336860;0,00000000
2,06835189;0,00000000;0,00000000
2,06845589;0,00000000;0,00000000
2,06855989;0,00000000;0,00000000
2,06866389;0,04336860;0,00000000
2,06876789;0,00000000;0,00000000
2,06887189;0,00000000;0,00000000
2,06897589;0,04336860;0,00000000
2,06907989;0,00000000;0,00000000
2,06918389;0,04336860;0,00000000
2,06928789;0,00000000;0,00000000
2,06939189;0,04336860;0,00000000
2,06949589;0,04336860;0,00000000
2,06959989;0,00000000;0,00000000
2,06970389;0,00000000;0,00000000
2,06980789;0,00000000;0,00000000
2,06991189;0,04336860;0,00000000
2,07001589;0,04336860;0,00000000
2,07011989;0,00000000;0,00000000
2,07022389;0,04336860;0,00000000
2,07032789;0,00000000;0,00000000
2,07043189;0,04336860;0,00000000
2,07053589;0,04336860;0,00000000
2,07063989;0,04336860;0,00000000
2,07074389;0,04336860;0,00000000
2,07084789;0,00000000;0,00000000
2,07095189;0,04336860;0,00000000
2,07105589;0,00000000;0,00000000
2,07115989;0,04336860;0,00000000
2,07126389;0,04336860;0,00000000
2,07136789;0,04336860;0,00000000
2,07147189;0,00000000;0,00000000
2,07157589;0,04336860;0,00000000
2,07167989;0,04336860;0,00000000
2,07178389;0,00000000;0,00000000
2,07188789;0,00000000;0,00000000
2,07199189;0,00000000;0,00000000
2,07209589;0,04336860;0,00000000
2,07219989;0,04336860;0,00000000
2,07230389;0,00000000;0,00000000
2,07240789;0,00000000;0,00000000
2,07251189;0,04336860;0,00000000
2,07261589;0,04336860;0,00000000
2,07271989;0,00000000;0,00000000
2,07282389;0,00000000;0,00000000
2,07292789;0,04336860;0,00000000
2,07303189;0,00000000;0,00000000
2,07313589;0,04336860;-0,01734744
2,07323989;0,00000000;0,00000000
2,07334389;0,00000000;0,00000000
2,07344789;0,00000000;0,00000000
2,07355189;0,00000000;0,00000000
2,07365589;0,00000000;0,00000000
2,07375989;0,04336860;0,00000000
2,07386389;0,00000000;0,00000000
2,07396789;0,00000000;0,00000000
2,07407189;0,04336860;0,00000000
2,07417589;0,00000000;0,00000000
2,07427989;0,04336860;0,00000000
2,07438389;0,04336860;0,00000000
2,07448789;0,00000000;0,00000000
2,07459189;0,00000000;0,00000000
2,07469589;0,00000000;0,00000000
2,07479989;0,00000000;0,00000000
2,07490389;0,00000000;0,00000000
2,07500789;0,00000000;0,00000000
2,07511189;0,04336860;0,00000000
2,07521589;0,00000000;0,00000000
2,07531989;0,00000000;0,00000000
2,07542389;0,00000000;0,00000000
2,07552789;0,00000000;0,00000000
2,07563189;0,00000000;0,00000000
2,07573589;0,04336860;0,00000000
2,07583989;0,00000000;0,00000000
2,07594389;0,00000000;0,00000000
2,07604789;0,04336860;0,00000000
2,07615189;0,04336860;0,00000000
2,07625589;0,04336860;0,00000000
2,07635989;0,00000000;0,00000000
2,07646389;0,04336860;0,00000000
2,07656789;0,00000000;0,00000000
2,07667189;0,00000000;0,00000000
2,07677589;0,00000000;0,00000000
2,07687989;0,04336860;0,00000000
2,07698389;0,00000000;0,00000000
2,07708789;0,00000000;0,00000000
2,07719189;0,00000000;0,00000000
2,07729589;0,00000000;0,00000000
2,07739989;0,00000000;0,00000000
2,07750389;0,00000000;0,00000000
2,07760789;0,00000000;0,00000000
2,07771189;0,04336860;0,00000000
2,07781589;0,00000000;0,00000000
2,07791989;0,00000000;0,00000000
2,07802389;0,04336860;0,00000000
2,07812789;0,00000000;0,00000000
2,07823189;0,04336860;0,00000000
2,07833589;0,00000000;0,00000000
2,07843989;0,00000000;0,00000000
2,07854389;0,00000000;0,00000000
2,07864789;0,00000000;0,00000000
2,07875189;0,00000000;0,00000000
2,07885589;0,04336860;0,00000000
2,07895989;0,00000000;0,00000000
2,07906389;0,00000000;0,00000000
2,07916789;0,00000000;0,00000000
2,07927189;0,00000000;0,00000000
2,07937589;0,04336860;0,00000000
2,07947989;0,00000000;0,00000000
2,07958389;0,04336860;0,00000000
2,07968789;0,04336860;0,00000000
2,07979189;0,00000000;0,00000000
2,07989589;0,00000000;0,00000000
2,07999989;0,00000000;0,00000000
2,08010389;0,00000000;0,00000000
2,08020789;0,04336860;0,00000000
2,08031189;0,00000000;0,00000000
2,08041589;0,04336860;-0,01734744
2,08051989;0,04336860;0,00000000
2,08062389;0,04336860;0,00000000
2,08072789;0,04336860;0,00000000
2,08083189;0,04336860;0,00000000
2,08093589;0,04336860;0,00000000
2,08103989;0,00000000;0,00000000
2,08114389;0,04336860;0,00000000
2,08124789;0,00000000;0,00000000
2,08135189;0,04336860;0,00000000
2,08145589;0,04336860;0,00000000
2,08155989;0,00000000;0,00000000
2,08166389;0,00000000;0,00000000
2,08176789;0,00000000;0,00000000
2,08187189;0,00000000;0,00000000
2,08197589;0,04336860;0,00000000
2,08207989;0,04336860;0,00000000
2,08218389;0,04336860;0,00000000
2,08228789;0,00000000;0,00000000
2,08239189;0,00000000;0,00000000
2,08249589;0,00000000;0,00000000
2,08259989;0,00000000;0,00000000
2,08270389;0,00000000;0,00000000
2,08280789;0,00000000;0,00000000
2,08291189;0,00000000;0,00000000
2,08301589;0,04336860;0,00000000
2,08311989;0,00000000;0,00000000
2,08322389;0,00000000;0,00000000
2,08332789;0,00000000;0,00000000
2,08343189;0,04336860;0,00000000
2,08353589;0,04336860;0,00000000
2,08363989;0,04336860;0,00000000
2,08374389;0,00000000;0,00000000
2,08384789;0,00000000;0,00000000
2,08395189;0,00000000;0,00000000
2,08405589;0,00000000;-0,01734744
2,08415989;0,04336860;0,00000000
2,08426389;0,00000000;0,00000000
2,08436789;0,00000000;0,00000000
2,08447189;0,00000000;0,00000000
2,08457589;0,00000000;0,00000000
2,08467989;0,00000000;0,00000000
2,08478389;0,00000000;0,00000000
2,08488789;0,00000000;0,00000000
2,08499189;0,00000000;0,00000000
2,08509589;0,00000000;0,00000000
2,08519989;0,00000000;0,00000000
2,08530389;0,00000000;0,00000000
2,08540789;0,00000000;0,00000000
2,08551189;0,00000000;0,00000000
2,08561589;0,00000000;0,00000000
2,08571989;0,00000000;0,00000000
2,08582389;0,04336860;0,00000000
2,08592789;0,04336860;0,00000000
2,08603189;0,00000000;0,00000000
2,08613589;0,00000000;0,00000000
2,08623989;0,00000000;0,00000000
2,08634389;0,00000000;0,00000000
2,08644789;0,00000000;0,00000000
2,08655189;0,00000000;0,00000000
2,08665589;0,04336860;0,00000000
2,08675989;0,00000000;0,00000000
2,08686389;0,04336860;0,00000000
2,08696789;0,00000000;0,00000000
2,08707189;0,00000000;0,00000000
2,08717589;0,00000000;0,00000000
2,08727989;0,04336860;0,00000000
2,08738389;0,00000000;-0,01734744
2,08748789;0,00000000;0,00000000
2,08759189;0,04336860;0,00000000
2,08769589;0,04336860;0,00000000
2,08779989;0,00000000;0,00000000
2,08790389;0,00000000;0,00000000
2,08800789;0,00000000;0,00000000
2,08811189;0,00000000;0,00000000
2,08821589;0,00000000;0,00000000
2,08831989;0,04336860;0,00000000
2,08842389;0,00000000;0,00000000
2,08852789;0,00000000;0,00000000
2,08863189;0,00000000;0,00000000
2,08873589;0,00000000;0,00000000
2,08883989;0,00000000;0,00000000
2,08894389;0,04336860;0,00000000
2,08904789;0,00000000;0,00000000
2,08915189;0,00000000;0,00000000
2,08925589;0,04336860;0,00000000
2,08935989;0,04336860;0,00000000
2,08946389;0,00000000;0,00000000
2,08956789;0,00000000;0,00000000
2,08967189;0,04336860;0,00000000
2,08977589;0,04336860;0,00000000
2,08987989;0,00000000;0,00000000
2,08998389;0,04336860;0,00000000
2,09008789;0,00000000;0,00000000
2,09019189;0,00000000;0,00000000
2,09029589;0,00000000;0,00000000
2,09039989;0,04336860;0,00000000
2,09050389;0,00000000;0,00000000
2,09060789;0,00000000;0,00000000
2,09071189;0,04336860;0,00000000
2,09081589;0,04336860;0,00000000
2,09091989;0,00000000;0,00000000
2,09102389;0,00000000;0,00000000
2,09112789;0,04336860;0,00000000
2,09123189;0,00000000;0,00000000
2,09133589;0,00000000;0,00000000
2,09143989;0,04336860;0,00000000
2,09154389;0,04336860;0,00000000
2,09164789;0,00000000;0,00000000
2,09175189;0,00000000;0,00000000
2,09185589;0,00000000;0,00000000
2,09195989;0,04336860;0,00000000
2,09206389;0,04336860;0,00000000
2,09216789;0,00000000;0,00000000
2,09227189;0,00000000;0,00000000
2,09237589;0,00000000;0,00000000
2,09247989;0,04336860;0,00000000
2,09258389;0,04336860;0,00000000
2,09268789;0,00000000;0,00000000
2,09279189;0,00000000;0,00000000
2,09289589;0,04336860;0,00000000
2,09299989;0,00000000;0,00000000
2,09310389;0,04336860;0,00000000
2,09320789;0,04336860;0,00000000
2,09331189;0,00000000;0,00000000
2,09341589;0,04336860;0,00000000
2,09351989;0,00000000;0,00000000
2,09362389;0,04336860;0,00000000
2,09372789;0,04336860;0,00000000
2,09383189;0,04336860;0,00000000
2,09393589;0,00000000;0,00000000
2,09403989;0,00000000;0,00000000
2,09414389;0,00000000;0,00000000
2,09424789;0,04336860;0,00000000
2,09435189;0,00000000;0,00000000
2,09445589;0,04336860;-0,01734744
2,09455989;0,00000000;0,00000000
2,09466389;0,04336860;0,00000000
2,09476789;0,04336860;0,00000000
2,09487189;0,04336860;-0,01734744
2,09497589;0,00000000;0,00000000
2,09507989;0,00000000;-0,01734744
2,09518389;0,00000000;0,00000000
2,09528789;0,04336860;0,00000000
2,09539189;0,00000000;0,00000000
2,09549589;0,00000000;0,00000000
2,09559989;0,00000000;0,00000000
2,09570389;0,04336860;0,00000000
2,09580789;0,00000000;0,00000000
2,09591189;0,00000000;0,00000000
2,09601589;0,00000000;0,00000000
2,09611989;0,00000000;-0,01734744
2,09622389;0,04336860;0,00000000
2,09632789;0,04336860;0,00000000
2,09643189;0,04336860;0,00000000
2,09653589;0,00000000;0,00000000
2,09663989;0,04336860;0,00000000
2,09674389;0,04336860;0,00000000
2,09684789;0,00000000;0,00000000
2,09695189;0,04336860;0,00000000
2,09705589;0,00000000;0,00000000
2,09715989;0,04336860;0,00000000
2,09726389;0,00000000;0,00000000
2,09736789;0,00000000;0,00000000
2,09747189;0,00000000;0,00000000
2,09757589;0,04336860;0,00000000
2,09767989;0,04336860;0,00000000
2,09778389;0,00000000;0,00000000
2,09788789;0,00000000;0,00000000
2,09799189;0,00000000;0,00000000
2,09809589;0,00000000;0,00000000
2,09819989;0,04336860;0,00000000
2,09830389;0,04336860;0,00000000
2,09840789;0,00000000;-0,01734744
2,09851189;0,04336860;-0,01734744
2,09861589;0,00000000;0,00000000
2,09871989;0,00000000;0,00000000
2,09882389;0,00000000;0,00000000
2,09892789;0,00000000;0,00000000
2,09903189;0,00000000;0,00000000
2,09913589;0,04336860;0,00000000
2,09923989;0,04336860;0,00000000
2,09934389;0,00000000;0,00000000
2,09944789;0,04336860;0,00000000
2,09955189;0,00000000;0,00000000
2,09965589;0,04336860;0,00000000
2,09975989;0,04336860;0,00000000
2,09986389;0,00000000;0,00000000
2,09996789;0,00000000;0,00000000
2,10007189;0,04336860;0,00000000
2,10017589;0,04336860;0,00000000
2,10027989;0,04336860;0,00000000
2,10038389;0,00000000;0,00000000
2,10048789;0,00000000;0,00000000
2,10059189;0,00000000;0,00000000
2,10069589;0,00000000;0,00000000
2,10079989;0,00000000;0,00000000
2,10090389;0,04336860;0,00000000
2,10100789;0,00000000;0,00000000
2,10111189;0,00000000;0,00000000
2,10121589;0,00000000;0,00000000
2,10131989;0,04336860;0,00000000
2,10142389;0,04336860;0,00000000
2,10152789;0,00000000;0,00000000
2,10163189;0,00000000;0,00000000
2,10173589;0,00000000;0,00000000
2,10183989;0,00000000;0,00000000
2,10194389;0,04336860;0,00000000
2,10204789;0,00000000;0,00000000
2,10215189;0,04336860;0,00000000
2,10225589;0,04336860;0,00000000
2,10235989;0,00000000;0,00000000
2,10246389;0,04336860;0,00000000
2,10256789;0,04336860;0,00000000
2,10267189;0,00000000;0,00000000
2,10277589;0,04336860;-0,01734744
2,10287989;0,00000000;0,00000000
2,10298389;0,00000000;0,00000000
2,10308789;0,04336860;0,00000000
2,10319189;0,00000000;0,00000000
2,10329589;0,00000000;0,00000000
2,10339989;0,00000000;0,00000000
2,10350389;0,00000000;0,00000000
2,10360789;0,00000000;0,00000000
2,10371189;0,00000000;0,00000000
2,10381589;0,00000000;0,00000000
2,10391989;0,04336860;0,00000000
2,10402389;0,00000000;-0,01734744
2,10412789;0,00000000;0,00000000
2,10423189;0,00000000;0,00000000
2,10433589;0,00000000;0,00000000
2,10443989;0,00000000;0,00000000
2,10454389;0,00000000;0,00000000
2,10464789;0,00000000;0,00000000
2,10475189;0,00000000;0,00000000
2,10485589;0,00000000;0,00000000
2,10495989;0,04336860;0,00000000
2,10506389;0,00000000;0,00000000
2,10516789;0,00000000;0,00000000
2,10527189;0,04336860;0,00000000
2,10537589;0,00000000;0,00000000
2,10547989;0,04336860;0,00000000
2,10558389;0,00000000;0,00000000
2,10568789;0,00000000;0,00000000
2,10579189;0,04336860;0,00000000
2,10589589;0,00000000;0,00000000
2,10599989;0,04336860;0,00000000
2,10610389;0,00000000;0,00000000
2,10620789;0,04336860;0,00000000
2,10631189;0,00000000;-0,01734744
2,10641589;0,04336860;0,00000000
2,10651989;0,00000000;0,00000000
2,10662389;0,00000000;0,00000000
2,10672789;0,00000000;-0,01734744
2,10683189;0,04336860;0,00000000
2,10693589;0,00000000;0,00000000
2,10703989;0,00000000;0,00000000
2,10714389;0,00000000;0,00000000
2,10724789;0,00000000;0,00000000
2,10735189;0,04336860;0,00000000
2,10745589;0,00000000;0,00000000
2,10755989;0,00000000;0,00000000
2,10766389;0,00000000;0,00000000
2,10776789;0,00000000;0,00000000
2,10787189;0,04336860;0,00000000
2,10797589;0,00000000;0,00000000
2,10807989;0,04336860;0,00000000
2,10818389;0,04336860;0,00000000
2,10828789;0,04336860;0,00000000
2,10839189;0,04336860;0,00000000
2,10849589;0,00000000;0,00000000
2,10859989;0,04336860;0,00000000
2,10870389;0,04336860;0,00000000
2,10880789;0,00000000;0,00000000
2,10891189;0,04336860;0,00000000
2,10901589;0,00000000;0,00000000
2,10911989;0,04336860;0,00000000
2,10922389;0,00000000;0,00000000
2,10932789;0,00000000;0,00000000
2,10943189;0,00000000;0,00000000
2,10953589;0,00000000;0,00000000
2,10963989;0,00000000;0,00000000
2,10974389;0,04336860;0,00000000
2,10984789;0,00000000;0,00000000
2,10995189;0,04336860;0,00000000
2,11005589;0,00000000;0,00000000
2,11015989;0,00000000;0,00000000
2,11026389;0,00000000;0,00000000
2,11036789;0,04336860;0,00000000
2,11047189;0,00000000;0,00000000
2,11057589;0,00000000;0,00000000
2,11067989;0,00000000;0,00000000
2,11078389;0,00000000;0,00000000
2,11088789;0,00000000;0,00000000
2,11099189;0,00000000;0,00000000
2,11109589;0,04336860;0,00000000
2,11119989;0,00000000;0,00000000
2,11130389;0,00000000;0,00000000
2,11140789;0,00000000;0,00000000
2,11151189;0,04336860;0,00000000
2,11161589;0,04336860;0,00000000
2,11171989;0,00000000;0,00000000
2,11182389;0,04336860;0,00000000
2,11192789;0,00000000;0,00000000
2,11203189;0,00000000;0,00000000
2,11213589;0,04336860;0,00000000
2,11223989;0,00000000;0,00000000
2,11234389;0,00000000;0,00000000
2,11244789;0,00000000;0,00000000
2,11255189;0,00000000;0,00000000
2,11265589;0,00000000;0,00000000
2,11275989;0,00000000;0,00000000
2,11286389;0,04336860;0,00000000
2,11296789;0,00000000;0,00000000
2,11307189;0,04336860;0,00000000
2,11317589;0,04336860;0,00000000
2,11327989;0,00000000;0,00000000
2,11338389;0,04336860;0,00000000
2,11348789;0,04336860;0,00000000
2,11359189;0,00000000;0,00000000
2,11369589;0,04336860;0,00000000
2,11379989;0,00000000;0,00000000
2,11390389;0,00000000;0,00000000
2,11400789;0,00000000;0,00000000
2,11411189;0,00000000;0,00000000
2,11421589;0,00000000;0,00000000
2,11431989;0,00000000;0,00000000
2,11442389;0,00000000;0,00000000
2,11452789;0,00000000;0,00000000
2,11463189;0,00000000;0,00000000
2,11473589;0,04336860;0,00000000
2,11483989;0,00000000;0,00000000
2,11494389;0,00000000;0,00000000
2,11504789;0,04336860;0,00000000
2,11515189;0,04336860;0,00000000
2,11525589;0,00000000;0,00000000
2,11535989;0,00000000;0,00000000
2,11546389;0,04336860;0,00000000
2,11556789;0,00000000;0,00000000
2,11567189;0,00000000;0,00000000
2,11577589;0,04336860;0,00000000
2,11587989;0,00000000;0,00000000
2,11598389;0,00000000;0,00000000
2,11608789;0,04336860;0,00000000
2,11619189;0,04336860;0,00000000
2,11629589;0,04336860;0,00000000
2,11639989;0,04336860;0,00000000
2,11650389;0,04336860;0,00000000
2,11660789;0,00000000;0,00000000
2,11671189;0,00000000;0,00000000
2,11681589;0,04336860;0,00000000
2,11691989;0,00000000;0,00000000
2,11702389;0,00000000;0,00000000
2,11712789;0,00000000;0,00000000
2,11723189;0,04336860;-0,01734744
2,11733589;0,00000000;0,00000000
2,11743989;0,00000000;0,00000000
2,11754389;0,00000000;0,00000000
2,11764789;0,00000000;0,00000000
2,11775189;0,00000000;0,00000000
2,11785589;0,00000000;0,00000000
2,11795989;0,00000000;0,00000000
2,11806389;0,00000000;0,00000000
2,11816789;0,00000000;0,00000000
2,11827189;0,00000000;0,00000000
2,11837589;0,04336860;0,00000000
2,11847989;0,04336860;0,00000000
2,11858389;0,00000000;0,00000000
2,11868789;0,00000000;0,00000000
2,11879189;0,04336860;0,00000000
2,11889589;0,00000000;0,00000000
2,11899989;0,00000000;0,00000000
2,11910389;0,00000000;0,00000000
2,11920789;0,00000000;0,00000000
2,11931189;0,00000000;0,00000000
2,11941589;0,00000000;0,00000000
2,11951989;0,00000000;0,00000000
2,11962389;0,00000000;-0,01734744
2,11972789;0,04336860;0,00000000
2,11983189;0,00000000;0,00000000
2,11993589;0,00000000;0,00000000
2,12003989;0,00000000;0,00000000
2,12014389;0,00000000;0,00000000
2,12024789;0,00000000;0,00000000
2,12035189;0,00000000;0,00000000
2,12045589;0,00000000;0,00000000
2,12055989;0,00000000;0,00000000
2,12066389;0,00000000;0,00000000
2,12076789;0,00000000;0,00000000
2,12087189;0,04336860;0,00000000
2,12097589;0,00000000;0,00000000
2,12107989;0,00000000;0,00000000
2,12118389;0,00000000;0,00000000
2,12128789;0,00000000;0,00000000
2,12139189;0,04336860;0,00000000
2,12149589;0,00000000;0,00000000
2,12159989;0,00000000;0,00000000
2,12170389;0,00000000;0,00000000
2,12180789;0,00000000;0,00000000
2,12191189;0,00000000;0,00000000
2,12201589;0,00000000;0,00000000
2,12211989;0,04336860;0,00000000
2,12222389;0,04336860;0,00000000
2,12232789;0,00000000;0,00000000
2,12243189;0,00000000;0,00000000
2,12253589;0,00000000;0,00000000
2,12263989;0,00000000;0,00000000
2,12274389;0,00000000;0,00000000
2,12284789;0,04336860;0,00000000
2,12295189;0,00000000;0,00000000
2,12305589;0,00000000;0,00000000
2,12315989;0,00000000;0,00000000
2,12326389;0,04336860;0,00000000
2,12336789;0,00000000;0,00000000
2,12347189;0,04336860;0,00000000
2,12357589;0,00000000;0,00000000
2,12367989;0,00000000;0,00000000
2,12378389;0,00000000;0,00000000
2,12388789;0,04336860;0,00000000
2,12399189;0,00000000;0,00000000
2,12409589;0,00000000;0,00000000
2,12419989;0,04336860;0,00000000
2,12430389;0,00000000;0,00000000
2,12440789;0,00000000;0,00000000
2,12451189;0,04336860;0,00000000
2,12461589;0,00000000;0,00000000
2,12471989;0,00000000;0,00000000
2,12482389;0,00000000;0,00000000
2,12492789;0,00000000;0,00000000
2,12503189;0,00000000;-0,01734744
2,12513589;0,00000000;0,00000000
2,12523989;0,00000000;0,00000000
2,12534389;0,00000000;0,00000000
2,12544789;0,00000000;0,00000000
2,12555189;0,00000000;0,00000000
2,12565589;0,04336860;0,00000000
2,12575989;0,00000000;0,00000000
2,12586389;0,00000000;0,00000000
2,12596789;0,00000000;0,00000000
2,12607189;0,04336860;0,00000000
2,12617589;0,00000000;0,00000000
2,12627989;0,00000000;0,00000000
2,12638389;0,00000000;0,00000000
2,12648789;0,04336860;0,00000000
2,12659189;0,00000000;0,00000000
2,12669589;0,00000000;0,00000000
2,12679989;0,00000000;0,00000000
2,12690389;0,00000000;0,00000000
2,12700789;0,00000000;0,00000000
2,12711189;0,00000000;0,00000000
2,12721589;0,00000000;0,00000000
2,12731989;0,00000000;0,00000000
2,12742389;0,00000000;0,00000000
2,12752789;0,04336860;0,00000000
2,12763189;0,00000000;0,00000000
2,12773589;0,00000000;0,00000000
2,12783989;0,00000000;0,00000000
2,12794389;0,00000000;0,00000000
2,12804789;0,00000000;0,00000000
2,12815189;0,00000000;0,00000000
2,12825589;0,00000000;0,00000000
2,12835989;0,00000000;0,00000000
2,12846389;0,04336860;0,00000000
2,12856789;0,00000000;0,00000000
2,12867189;0,00000000;0,00000000
2,12877589;0,00000000;0,00000000
2,12887989;0,00000000;0,00000000
2,12898389;0,04336860;0,00000000
2,12908789;0,00000000;0,00000000
2,12919189;0,04336860;0,00000000
2,12929589;0,04336860;0,00000000
2,12939989;0,00000000;0,00000000
2,12950389;0,00000000;0,00000000
2,12960789;0,00000000;0,00000000
2,12971189;0,04336860;0,00000000
2,12981589;0,04336860;0,00000000
2,12991989;0,00000000;0,00000000
2,13002389;0,04336860;0,00000000
2,13012789;0,00000000;0,00000000
2,13023189;0,00000000;0,00000000
2,13033589;0,04336860;0,00000000
2,13043989;0,00000000;0,00000000
2,13054389;0,00000000;0,00000000
2,13064789;0,04336860;0,00000000
2,13075189;0,00000000;0,00000000
2,13085589;0,00000000;0,00000000
2,13095989;0,00000000;0,00000000
2,13106389;0,00000000;0,00000000
2,13116789;0,04336860;0,00000000
2,13127189;0,00000000;0,00000000
2,13137589;0,00000000;0,00000000
2,13147989;0,04336860;0,00000000
2,13158389;0,04336860;0,00000000
2,13168789;0,00000000;0,00000000
2,13179189;0,00000000;0,00000000
2,13189589;0,00000000;0,00000000
2,13199989;0,04336860;0,00000000
2,13210389;0,00000000;0,00000000
2,13220789;0,00000000;0,00000000
2,13231189;0,00000000;0,00000000
2,13241589;0,04336860;0,00000000
2,13251989;0,00000000;0,00000000
2,13262389;0,00000000;0,00000000
2,13272789;0,04336860;0,00000000
2,13283189;0,00000000;0,00000000
2,13293589;0,04336860;0,00000000
2,13303989;0,04336860;0,00000000
2,13314389;0,04336860;0,00000000
2,13324789;0,04336860;0,00000000
2,13335189;0,00000000;0,00000000
2,13345589;0,00000000;0,00000000
2,13355988;0,04336860;0,00000000
2,13366388;0,00000000;0,00000000
2,13376788;0,04336860;0,00000000
2,13387188;0,00000000;0,00000000
2,13397588;0,00000000;0,00000000
2,13407988;0,00000000;0,00000000
2,13418388;0,00000000;0,00000000
2,13428788;0,04336860;-0,01734744
2,13439188;0,00000000;0,00000000
2,13449588;0,04336860;0,00000000
2,13459988;0,00000000;0,00000000
2,13470388;0,00000000;-0,01734744
2,13480788;0,00000000;-0,01734744
2,13491188;0,04336860;0,00000000
2,13501588;0,00000000;0,00000000
2,13511988;0,00000000;0,00000000
2,13522388;0,00000000;0,00000000
2,13532788;0,00000000;0,00000000
2,13543188;0,00000000;0,00000000
2,13553588;0,04336860;0,00000000
2,13563988;0,04336860;0,00000000
2,13574388;0,00000000;0,00000000
2,13584788;0,00000000;0,00000000
2,13595188;0,00000000;0,00000000
2,13605588;0,00000000;0,00000000
2,13615988;0,04336860;0,00000000
2,13626388;0,04336860;0,00000000
2,13636788;0,00000000;0,00000000
2,13647188;0,04336860;0,00000000
2,13657588;0,00000000;0,00000000
2,13667988;0,04336860;0,00000000
2,13678388;0,04336860;0,00000000
2,13688788;0,00000000;0,00000000
2,13699188;0,04336860;0,00000000
2,13709588;0,00000000;0,00000000
2,13719988;0,00000000;0,00000000
2,13730388;0,00000000;0,00000000
2,13740788;0,00000000;0,00000000
2,13751188;0,00000000;0,00000000
2,13761588;0,00000000;0,00000000
2,13771988;0,00000000;0,00000000
2,13782388;0,00000000;0,00000000
2,13792788;0,00000000;0,00000000
2,13803188;0,00000000;0,00000000
2,13813588;0,00000000;0,00000000
2,13823988;0,04336860;0,00000000
2,13834388;0,00000000;0,00000000
2,13844788;0,04336860;0,00000000
2,13855188;0,04336860;0,00000000
2,13865588;0,00000000;0,00000000
2,13875988;0,00000000;0,00000000
2,13886388;0,00000000;0,00000000
2,13896788;0,00000000;0,00000000
2,13907188;0,00000000;0,00000000
2,13917588;0,00000000;0,00000000
2,13927988;0,00000000;0,00000000
2,13938388;0,00000000;0,00000000
2,13948788;0,00000000;0,00000000
2,13959188;0,00000000;0,00000000
2,13969588;0,00000000;0,00000000
2,13979988;0,00000000;0,00000000
2,13990388;0,00000000;0,00000000
2,14000788;0,04336860;0,00000000
2,14011188;0,00000000;0,00000000
2,14021588;0,00000000;-0,01734744
2,14031988;0,00000000;0,00000000
2,14042388;0,00000000;0,00000000
2,14052788;0,04336860;0,00000000
2,14063188;0,00000000;0,00000000
2,14073588;0,00000000;0,00000000
2,14083988;0,00000000;0,00000000
2,14094388;0,00000000;0,00000000
2,14104788;0,00000000;0,00000000
2,14115188;0,00000000;0,00000000
2,14125588;0,04336860;0,00000000
2,14135988;0,04336860;0,00000000
2,14146388;0,00000000;0,00000000
2,14156788;0,04336860;0,00000000
2,14167188;0,00000000;0,00000000
2,14177588;0,00000000;0,00000000
2,14187988;0,00000000;0,00000000
2,14198388;0,00000000;0,00000000
2,14208788;0,00000000;0,00000000
2,14219188;0,00000000;0,00000000
2,14229588;0,00000000;0,00000000
2,14239988;0,04336860;0,00000000
2,14250388;0,00000000;0,00000000
2,14260788;0,04336860;0,00000000
2,14271188;0,00000000;0,00000000
2,14281588;0,00000000;0,00000000
2,14291988;0,04336860;0,00000000
2,14302388;0,00000000;0,00000000
2,14312788;0,00000000;0,00000000
2,14323188;0,00000000;0,00000000
2,14333588;0,00000000;0,00000000
2,14343988;0,04336860;0,00000000
2,14354388;0,00000000;0,00000000
2,14364788;0,04336860;0,00000000
2,14375188;0,00000000;0,00000000
2,14385588;0,00000000;0,00000000
2,14395988;0,00000000;0,00000000
2,14406388;0,04336860;0,00000000
2,14416788;0,00000000;0,00000000
2,14427188;0,04336860;0,00000000
2,14437588;0,04336860;-0,01734744
2,14447988;0,00000000;0,00000000
2,14458388;0,04336860;0,00000000
2,14468788;0,00000000;0,00000000
2,14479188;0,04336860;0,00000000
2,14489588;0,00000000;0,00000000
2,14499988;0,04336860;0,00000000
2,14510388;0,00000000;0,00000000
2,14520788;0,00000000;0,00000000
2,14531188;0,00000000;0,00000000
2,14541588;0,00000000;0,00000000
2,14551988;0,00000000;0,00000000
2,14562388;0,00000000;0,00000000
2,14572788;0,00000000;0,00000000
2,14583188;0,00000000;0,00000000
2,14593588;0,00000000;0,00000000
2,14603988;0,00000000;0,00000000
2,14614388;0,00000000;0,00000000
2,14624788;0,00000000;0,00000000
2,14635188;0,00000000;0,00000000
2,14645588;0,00000000;0,00000000
2,14655988;0,04336860;0,00000000
2,14666388;0,00000000;0,00000000
2,14676788;0,00000000;0,00000000
2,14687188;0,04336860;0,00000000
2,14697588;0,04336860;0,00000000
2,14707988;0,04336860;0,00000000
2,14718388;0,00000000;0,00000000
2,14728788;0,00000000;0,00000000
2,14739188;0,04336860;0,00000000
2,14749588;0,00000000;0,00000000
2,14759988;0,00000000;0,00000000
2,14770388;0,00000000;0,00000000
2,14780788;0,00000000;0,00000000
2,14791188;0,00000000;0,00000000
2,14801588;0,04336860;0,00000000
2,14811988;0,00000000;0,00000000
2,14822388;0,00000000;0,00000000
2,14832788;0,00000000;0,00000000
2,14843188;0,04336860;0,00000000
2,14853588;0,00000000;0,00000000
2,14863988;0,00000000;0,00000000
2,14874388;0,00000000;0,00000000
2,14884788;0,00000000;0,00000000
2,14895188;0,00000000;0,00000000
2,14905588;0,04336860;0,00000000
2,14915988;0,00000000;0,00000000
2,14926388;0,00000000;0,00000000
2,14936788;0,00000000;0,00000000
2,14947188;0,00000000;0,00000000
2,14957588;0,00000000;0,00000000
2,14967988;0,00000000;0,00000000
2,14978388;0,00000000;0,00000000
2,14988788;0,00000000;-0,01734744
2,14999188;0,00000000;0,00000000
2,15009588;0,04336860;0,00000000
2,15019988;0,00000000;0,00000000
2,15030388;0,00000000;0,00000000
2,15040788;0,00000000;0,00000000
2,15051188;0,04336860;0,00000000
2,15061588;0,00000000;0,00000000
2,15071988;0,00000000;0,00000000
2,15082388;0,00000000;0,00000000
2,15092788;0,00000000;0,00000000
2,15103188;0,00000000;0,00000000
2,15113588;0,00000000;0,00000000
2,15123988;0,00000000;0,00000000
2,15134388;0,04336860;0,00000000
2,15144788;0,00000000;0,00000000
2,15155188;0,00000000;0,00000000
2,15165588;0,00000000;0,00000000
2,15175988;0,00000000;0,00000000
2,15186388;0,00000000;0,00000000
2,15196788;0,00000000;-0,01734744
2,15207188;0,00000000;0,00000000
2,15217588;0,04336860;0,00000000
2,15227988;0,00000000;0,00000000
2,15238388;0,00000000;0,00000000
2,15248788;0,04336860;0,00000000
2,15259188;0,04336860;0,00000000
2,15269588;0,00000000;-0,01734744
2,15279988;0,00000000;0,00000000
2,15290388;0,04336860;0,00000000
2,15300788;0,00000000;0,00000000
2,15311188;0,00000000;0,00000000
2,15321588;0,04336860;0,00000000
2,15331988;0,04336860;0,00000000
2,15342388;0,00000000;0,00000000
2,15352788;0,04336860;0,00000000
2,15363188;0,00000000;0,00000000
2,15373588;0,00000000;0,00000000
2,15383988;0,00000000;0,00000000
2,15394388;0,00000000;0,00000000
2,15404788;0,00000000;0,00000000
2,15415188;0,00000000;0,00000000
2,15425588;0,00000000;0,00000000
2,15435988;0,00000000;0,00000000
2,15446388;0,00000000;0,00000000
2,15456788;0,00000000;0,00000000
2,15467188;0,04336860;0,00000000
2,15477588;0,00000000;0,00000000
2,15487988;0,00000000;0,00000000
2,15498388;0,04336860;0,00000000
2,15508788;0,00000000;0,00000000
2,15519188;0,04336860;0,00000000
2,15529588;0,00000000;0,00000000
2,15539988;0,00000000;0,00000000
2,15550388;0,00000000;0,00000000
2,15560788;0,04336860;0,00000000
2,15571188;0,00000000;0,00000000
2,15581588;0,04336860;0,00000000
2,15591988;0,00000000;0,00000000
2,15602388;0,00000000;0,00000000
2,15612788;0,00000000;0,00000000
2,15623188;0,04336860;0,00000000
2,15633588;0,00000000;0,00000000
2,15643988;0,04336860;0,00000000
2,15654388;0,00000000;0,00000000
2,15664788;0,00000000;0,00000000
2,15675188;0,00000000;0,00000000
2,15685588;0,00000000;0,00000000
2,15695988;0,04336860;0,00000000
2,15706388;0,04336860;0,00000000
2,15716788;0,00000000;0,00000000
2,15727188;0,00000000;0,00000000
2,15737588;0,00000000;0,00000000
2,15747988;0,00000000;0,00000000
2,15758388;0,00000000;0,00000000
2,15768788;0,00000000;0,00000000
2,15779188;0,04336860;0,00000000
2,15789588;0,00000000;0,00000000
2,15799988;0,04336860;0,00000000
2,15810388;0,00000000;0,00000000
2,15820788;0,04336860;0,00000000
2,15831188;0,00000000;0,00000000
2,15841588;0,04336860;0,00000000
2,15851988;0,04336860;0,00000000
2,15862388;0,00000000;0,00000000
2,15872788;0,00000000;0,00000000
2,15883188;0,00000000;0,00000000
2,15893588;0,00000000;0,00000000
2,15903988;0,04336860;0,00000000
2,15914388;0,04336860;0,00000000
2,15924788;0,00000000;0,00000000
2,15935188;0,00000000;0,00000000
2,15945588;0,00000000;0,00000000
2,15955988;0,00000000;0,00000000
2,15966388;0,00000000;0,00000000
2,15976788;0,00000000;0,00000000
2,15987188;0,00000000;0,00000000
2,15997588;0,00000000;0,00000000
2,16007988;0,00000000;0,00000000
2,16018388;0,00000000;0,00000000
2,16028788;0,04336860;0,00000000
2,16039188;0,00000000;0,00000000
2,16049588;0,00000000;0,00000000
2,16059988;0,04336860;0,00000000
2,16070388;0,00000000;0,00000000
2,16080788;0,00000000;0,00000000
2,16091188;0,00000000;0,00000000
2,16101588;0,00000000;0,00000000
2,16111988;0,04336860;0,00000000
2,16122388;0,00000000;0,00000000
2,16132788;0,04336860;0,00000000
2,16143188;0,04336860;0,00000000
2,16153588;0,00000000;0,00000000
2,16163988;0,04336860;0,00000000
2,16174388;0,00000000;0,00000000
2,16184788;0,00000000;0,00000000
2,16195188;0,00000000;0,00000000
2,16205588;0,04336860;0,00000000
2,16215988;0,00000000;0,00000000
2,16226388;0,00000000;0,00000000
2,16236788;0,00000000;0,00000000
2,16247188;0,00000000;0,00000000
2,16257588;0,04336860;0,00000000
2,16267988;0,00000000;0,00000000
2,16278388;0,04336860;0,00000000
2,16288788;0,00000000;-0,01734744
2,16299188;0,04336860;0,00000000
2,16309588;0,00000000;0,00000000
2,16319988;0,00000000;-0,01734744
2,16330388;0,00000000;0,00000000
2,16340788;0,00000000;0,00000000
2,16351188;0,00000000;0,00000000
2,16361588;0,00000000;0,00000000
2,16371988;0,00000000;0,00000000
2,16382388;0,00000000;0,00000000
2,16392788;0,00000000;0,00000000
2,16403188;0,04336860;0,00000000
2,16413588;0,00000000;0,00000000
2,16423988;0,04336860;0,00000000
2,16434388;0,00000000;0,00000000
2,16444788;0,00000000;0,00000000
2,16455188;0,00000000;0,00000000
2,16465588;0,00000000;0,00000000
2,16475988;0,04336860;0,00000000
2,16486388;0,00000000;0,00000000
2,16496788;0,00000000;0,00000000
2,16507188;0,00000000;0,00000000
2,16517588;0,00000000;0,00000000
2,16527988;0,04336860;0,00000000
2,16538388;0,00000000;0,00000000
2,16548788;0,00000000;0,00000000
2,16559188;0,00000000;0,00000000
2,16569588;0,00000000;0,00000000
2,16579988;0,04336860;0,00000000
2,16590388;0,04336860;0,00000000
2,16600788;0,00000000;0,00000000
2,16611188;0,04336860;0,00000000
2,16621588;0,00000000;0,00000000
2,16631988;0,04336860;0,00000000
2,16642388;0,00000000;0,00000000
2,16652788;0,04336860;0,00000000
2,16663188;0,00000000;0,00000000
2,16673588;0,00000000;0,00000000
2,16683988;0,00000000;0,00000000
2,16694388;0,04336860;0,00000000
2,16704788;0,00000000;0,00000000
2,16715188;0,04336860;0,00000000
2,16725588;0,00000000;0,00000000
2,16735988;0,00000000;0,00000000
2,16746388;0,04336860;0,00000000
2,16756788;0,04336860;0,00000000
2,16767188;0,00000000;0,00000000
2,16777588;0,04336860;0,00000000
2,16787988;0,00000000;0,00000000
2,16798388;0,00000000;0,00000000
2,16808788;0,00000000;0,00000000
2,16819188;0,04336860;0,00000000
2,16829588;0,00000000;0,00000000
2,16839988;0,04336860;0,00000000
2,16850388;0,00000000;0,00000000
2,16860788;0,00000000;0,00000000
2,16871188;0,04336860;0,00000000
2,16881588;0,00000000;0,00000000
2,16891988;0,00000000;0,00000000
2,16902388;0,00000000;0,00000000
2,16912788;0,00000000;0,00000000
2,16923188;0,00000000;0,00000000
2,16933588;0,04336860;0,00000000
2,16943988;0,00000000;0,00000000
2,16954388;0,00000000;0,00000000
2,16964788;0,00000000;0,00000000
2,16975188;0,00000000;0,00000000
2,16985588;0,00000000;0,00000000
2,16995988;0,04336860;0,00000000
2,17006388;0,00000000;0,00000000
2,17016788;0,00000000;0,00000000
2,17027188;0,00000000;0,00000000
2,17037588;0,00000000;0,00000000
2,17047988;0,04336860;0,00000000
2,17058388;0,00000000;0,00000000
2,17068788;0,00000000;0,00000000
2,17079188;0,00000000;0,00000000
2,17089588;0,00000000;0,00000000
2,17099988;0,00000000;0,00000000
2,17110388;0,00000000;0,00000000
2,17120788;0,00000000;0,00000000
2,17131188;0,00000000;0,00000000
2,17141588;0,04336860;0,00000000
2,17151988;0,00000000;0,00000000
2,17162388;0,00000000;0,00000000
2,17172788;0,00000000;0,00000000
2,17183188;0,04336860;0,00000000
2,17193588;0,04336860;0,00000000
2,17203988;0,00000000;0,00000000
2,17214388;0,00000000;0,00000000
2,17224788;0,04336860;-0,01734744
2,17235188;0,04336860;0,00000000
2,17245588;0,04336860;0,00000000
2,17255988;0,04336860;0,00000000
2,17266388;0,00000000;0,00000000
2,17276788;0,00000000;0,00000000
2,17287188;0,00000000;0,00000000
2,17297588;0,04336860;0,00000000
2,17307988;0,00000000;0,00000000
2,17318388;0,04336860;0,00000000
2,17328788;0,00000000;0,00000000
2,17339188;0,04336860;0,00000000
2,17349588;0,00000000;0,00000000
2,17359988;0,00000000;0,00000000
2,17370388;0,04336860;0,00000000
2,17380788;0,04336860;-0,01734744
2,17391188;0,04336860;0,00000000
2,17401588;0,04336860;0,00000000
2,17411988;0,04336860;0,00000000
2,17422388;0,04336860;0,00000000
2,17432788;0,00000000;0,00000000
2,17443188;0,00000000;0,00000000
2,17453588;0,04336860;0,00000000
2,17463988;0,00000000;0,00000000
2,17474388;0,00000000;0,00000000
2,17484788;0,00000000;0,00000000
2,17495188;0,00000000;0,00000000
2,17505588;0,00000000;0,00000000
2,17515988;0,00000000;0,00000000
2,17526388;0,00000000;0,00000000
2,17536788;0,00000000;0,00000000
2,17547188;0,00000000;0,00000000
2,17557588;0,04336860;0,00000000
2,17567988;0,00000000;0,00000000
2,17578388;0,00000000;0,00000000
2,17588788;0,04336860;0,00000000
2,17599188;0,00000000;0,00000000
2,17609588;0,04336860;0,00000000
2,17619988;0,00000000;0,00000000
2,17630388;0,04336860;0,00000000
2,17640788;0,04336860;0,00000000
2,17651188;0,04336860;0,00000000
2,17661588;0,00000000;0,00000000
2,17671988;0,04336860;0,00000000
2,17682388;0,04336860;0,00000000
2,17692788;0,00000000;0,00000000
2,17703188;0,04336860;0,00000000
2,17713588;0,00000000;0,00000000
2,17723988;0,04336860;0,00000000
2,17734388;0,04336860;0,00000000
2,17744788;0,00000000;0,00000000
2,17755188;0,00000000;0,00000000
2,17765588;0,00000000;0,00000000
2,17775988;0,04336860;0,00000000
2,17786388;0,04336860;0,00000000
2,17796788;0,00000000;0,00000000
2,17807188;0,00000000;0,00000000
2,17817588;0,00000000;0,00000000
2,17827988;0,00000000;0,00000000
2,17838388;0,00000000;0,00000000
2,17848788;0,04336860;0,00000000
2,17859188;0,04336860;0,00000000
2,17869588;0,04336860;0,00000000
2,17879988;0,04336860;0,00000000
2,17890388;0,00000000;0,00000000
2,17900788;0,00000000;0,00000000
2,17911188;0,00000000;0,00000000
2,17921588;0,04336860;0,00000000
2,17931988;0,04336860;0,00000000
2,17942388;0,00000000;0,00000000
2,17952788;0,04336860;0,00000000
2,17963188;0,04336860;0,00000000
2,17973588;0,04336860;0,00000000
2,17983988;0,04336860;0,00000000
2,17994388;0,00000000;0,00000000
2,18004788;0,00000000;0,00000000
2,18015188;0,00000000;0,00000000
2,18025588;0,00000000;-0,01734744
2,18035988;0,04336860;0,00000000
2,18046388;0,00000000;0,00000000
2,18056788;0,00000000;0,00000000
2,18067188;0,04336860;0,00000000
2,18077588;0,00000000;0,00000000
2,18087988;0,00000000;0,00000000
2,18098388;0,00000000;0,00000000
2,18108788;0,00000000;0,00000000
2,18119188;0,00000000;0,00000000
2,18129588;0,00000000;0,00000000
2,18139988;0,00000000;0,00000000
2,18150388;0,00000000;0,00000000
2,18160788;0,04336860;0,00000000
2,18171188;0,04336860;0,00000000
2,18181588;0,00000000;0,00000000
2,18191988;0,00000000;0,00000000
2,18202388;0,04336860;0,00000000
2,18212788;0,00000000;-0,01734744
2,18223188;0,00000000;0,00000000
2,18233588;0,04336860;0,00000000
2,18243988;0,00000000;0,00000000
2,18254388;0,00000000;0,00000000
2,18264788;0,00000000;0,00000000
2,18275188;0,00000000;0,00000000
2,18285588;0,00000000;0,00000000
2,18295988;0,00000000;0,00000000
2,18306388;0,00000000;0,00000000
2,18316788;0,00000000;0,00000000
2,18327188;0,04336860;0,00000000
2,18337588;0,00000000;0,00000000
2,18347988;0,00000000;-0,01734744
2,18358388;0,04336860;0,00000000
2,18368788;0,04336860;0,00000000
2,18379188;0,00000000;0,00000000
2,18389588;0,00000000;0,00000000
2,18399988;0,00000000;0,00000000
2,18410388;0,00000000;0,00000000
2,18420788;0,00000000;0,00000000
2,18431188;0,00000000;0,00000000
2,18441588;0,00000000;0,00000000
2,18451988;0,00000000;0,00000000
2,18462388;0,00000000;0,00000000
2,18472788;0,00000000;0,00000000
2,18483188;0,04336860;0,00000000
2,18493588;0,00000000;0,00000000
2,18503988;0,04336860;0,00000000
2,18514388;0,00000000;0,00000000
2,18524788;0,00000000;0,00000000
2,18535188;0,00000000;0,00000000
2,18545588;0,00000000;0,00000000
2,18555988;0,00000000;0,00000000
2,18566388;0,04336860;0,00000000
2,18576788;0,00000000;0,00000000
2,18587188;0,04336860;0,00000000
2,18597588;0,00000000;0,00000000
2,18607988;0,04336860;0,00000000
2,18618388;0,00000000;0,00000000
2,18628788;0,00000000;0,00000000
2,18639188;0,00000000;0,00000000
2,18649588;0,00000000;0,00000000
2,18659988;0,00000000;0,00000000
2,18670388;0,04336860;0,00000000
2,18680788;0,00000000;0,00000000
2,18691188;0,04336860;-0,01734744
2,18701588;0,00000000;0,00000000
2,18711988;0,00000000;0,00000000
2,18722388;0,04336860;0,00000000
2,18732788;0,00000000;0,00000000
2,18743188;0,00000000;0,00000000
2,18753588;0,04336860;0,00000000
2,18763988;0,00000000;0,00000000
2,18774388;0,00000000;0,00000000
2,18784788;0,00000000;0,00000000
2,18795188;0,00000000;0,00000000
2,18805588;0,04336860;0,00000000
2,18815988;0,00000000;0,00000000
2,18826388;0,00000000;0,00000000
2,18836788;0,04336860;0,00000000
2,18847188;0,00000000;0,00000000
2,18857588;0,00000000;0,00000000
2,18867988;0,00000000;0,00000000
2,18878388;0,00000000;0,00000000
2,18888788;0,00000000;0,00000000
2,18899188;0,04336860;0,00000000
2,18909588;0,04336860;0,00000000
2,18919988;0,04336860;0,00000000
2,18930388;0,04336860;0,00000000
2,18940788;0,04336860;0,00000000
2,18951188;0,04336860;0,00000000
2,18961588;0,00000000;0,00000000
2,18971988;0,04336860;0,00000000
2,18982388;0,04336860;0,00000000
2,18992788;0,00000000;0,00000000
2,19003188;0,00000000;0,00000000
2,19013588;0,00000000;0,00000000
2,19023988;0,00000000;0,00000000
2,19034388;0,04336860;0,00000000
2,19044788;0,04336860;0,00000000
2,19055188;0,00000000;0,00000000
2,19065588;0,00000000;0,00000000
2,19075988;0,00000000;0,00000000
2,19086388;0,00000000;0,00000000
2,19096788;0,00000000;0,00000000
2,19107188;0,00000000;0,00000000
2,19117588;0,00000000;0,00000000
2,19127988;0,00000000;0,00000000
2,19138388;0,00000000;0,00000000
2,19148788;0,04336860;0,00000000
2,19159188;0,00000000;0,00000000
2,19169588;0,00000000;0,00000000
2,19179988;0,00000000;-0,01734744
2,19190388;0,04336860;0,00000000
2,19200788;0,00000000;0,00000000
2,19211188;0,00000000;0,00000000
2,19221588;0,04336860;0,00000000
2,19231988;0,00000000;0,00000000
2,19242388;0,00000000;0,00000000
2,19252788;0,00000000;0,00000000
2,19263188;0,00000000;0,00000000
2,19273588;0,00000000;0,00000000
2,19283988;0,04336860;0,00000000
2,19294388;0,00000000;0,00000000
2,19304788;0,00000000;0,00000000
2,19315188;0,00000000;0,00000000
2,19325588;0,00000000;0,00000000
2,19335988;0,00000000;0,00000000
2,19346388;0,00000000;0,00000000
2,19356788;0,00000000;0,00000000
2,19367188;0,00000000;0,00000000
2,19377588;0,00000000;0,00000000
2,19387988;0,00000000;0,00000000
2,19398388;0,04336860;-0,01734744
2,19408788;0,04336860;0,00000000
2,19419188;0,04336860;0,00000000
2,19429588;0,00000000;0,00000000
2,19439988;0,00000000;0,00000000
2,19450388;0,00000000;0,00000000
2,19460788;0,00000000;0,00000000
2,19471188;0,00000000;0,00000000
2,19481588;0,00000000;0,00000000
2,19491988;0,00000000;0,00000000
2,19502388;0,00000000;0,00000000
2,19512788;0,00000000;0,00000000
2,19523188;0,04336860;0,00000000
2,19533588;0,00000000;0,00000000
2,19543988;0,00000000;0,00000000
2,19554388;0,00000000;0,00000000
2,19564788;0,00000000;0,00000000
2,19575188;0,00000000;0,00000000
2,19585588;0,04336860;0,00000000
2,19595988;0,00000000;0,00000000
2,19606388;0,00000000;0,00000000
2,19616788;0,00000000;0,00000000
2,19627188;0,00000000;0,00000000
2,19637588;0,00000000;0,00000000
2,19647988;0,00000000;0,00000000
2,19658388;0,00000000;0,00000000
2,19668788;0,00000000;0,00000000
2,19679188;0,00000000;0,00000000
2,19689588;0,00000000;0,00000000
2,19699988;0,00000000;0,00000000
2,19710388;0,00000000;0,00000000
2,19720788;0,00000000;0,00000000
2,19731188;0,00000000;0,00000000
2,19741588;0,00000000;0,00000000
2,19751988;0,00000000;0,00000000
2,19762388;0,00000000;0,00000000
2,19772788;0,00000000;0,00000000
2,19783188;0,00000000;0,00000000
2,19793588;0,00000000;0,00000000
2,19803988;0,00000000;0,00000000
2,19814388;0,00000000;0,00000000
2,19824788;0,00000000;0,00000000
2,19835188;0,04336860;0,00000000
2,19845588;0,04336860;0,00000000
2,19855988;0,04336860;0,00000000
2,19866388;0,00000000;-0,01734744
2,19876788;0,00000000;0,00000000
2,19887188;0,00000000;0,00000000
2,19897588;0,00000000;0,00000000
2,19907988;0,00000000;0,00000000
2,19918388;0,04336860;0,00000000
2,19928788;0,00000000;0,00000000
2,19939188;0,00000000;0,00000000
2,19949588;0,00000000;0,00000000
2,19959988;0,00000000;0,00000000
2,19970388;0,00000000;0,00000000
2,19980788;0,00000000;0,00000000
2,19991188;0,00000000;0,00000000
2,20001588;0,00000000;0,00000000
2,20011988;0,00000000;0,00000000
2,20022388;0,00000000;0,00000000
2,20032788;0,00000000;0,00000000
2,20043188;0,04336860;0,00000000
2,20053588;0,00000000;0,00000000
2,20063988;0,00000000;0,00000000
2,20074388;0,00000000;0,00000000
2,20084788;0,00000000;0,00000000
2,20095188;0,00000000;0,00000000
2,20105588;0,00000000;0,00000000
2,20115988;0,00000000;0,00000000
2,20126388;0,04336860;0,00000000
2,20136788;0,04336860;0,00000000
2,20147188;0,04336860;0,00000000
2,20157588;0,04336860;0,00000000
2,20167988;0,04336860;0,00000000
2,20178388;0,00000000;0,00000000
2,20188788;0,00000000;0,00000000
2,20199188;0,04336860;0,00000000
2,20209588;0,00000000;0,00000000
2,20219988;0,00000000;0,00000000
2,20230388;0,00000000;0,00000000
2,20240788;0,04336860;0,00000000
2,20251188;0,00000000;0,00000000
2,20261588;0,00000000;0,00000000
2,20271988;0,00000000;0,00000000
2,20282388;0,00000000;-0,01734744
2,20292788;0,04336860;0,00000000
2,20303188;0,00000000;0,00000000
2,20313588;0,00000000;0,00000000
2,20323988;0,00000000;0,00000000
2,20334388;0,00000000;0,00000000
2,20344788;0,00000000;0,00000000
2,20355188;0,04336860;0,00000000
2,20365588;0,00000000;0,00000000
2,20375988;0,04336860;0,00000000
2,20386388;0,00000000;0,00000000
2,20396788;0,00000000;0,00000000
2,20407188;0,00000000;0,00000000
2,20417588;0,00000000;0,00000000
2,20427988;0,00000000;0,00000000
2,20438388;0,04336860;0,00000000
2,20448788;0,00000000;0,00000000
2,20459188;0,00000000;0,00000000
2,20469588;0,00000000;0,00000000
2,20479988;0,04336860;0,00000000
2,20490388;0,00000000;0,00000000
2,20500788;0,00000000;0,00000000
2,20511188;0,00000000;0,00000000
2,20521588;0,00000000;0,00000000
2,20531988;0,00000000;0,00000000
2,20542388;0,00000000;0,00000000
2,20552788;0,04336860;0,00000000
2,20563188;0,00000000;0,00000000
2,20573588;0,00000000;0,00000000
2,20583988;0,00000000;0,00000000
2,20594388;0,00000000;0,00000000
2,20604788;0,00000000;0,00000000
2,20615188;0,00000000;0,00000000
2,20625588;0,00000000;0,00000000
2,20635988;0,00000000;0,00000000
2,20646388;0,00000000;0,00000000
2,20656788;0,00000000;0,00000000
2,20667188;0,00000000;0,00000000
2,20677588;0,00000000;0,00000000
2,20687988;0,04336860;0,00000000
2,20698388;0,04336860;0,00000000
2,20708788;0,04336860;0,00000000
2,20719188;0,00000000;0,00000000
2,20729588;0,04336860;0,00000000
2,20739988;0,00000000;0,00000000
2,20750388;0,00000000;0,00000000
2,20760788;0,00000000;0,00000000
2,20771188;0,04336860;0,00000000
2,20781588;0,04336860;0,00000000
2,20791988;0,04336860;0,00000000
2,20802388;0,04336860;0,00000000
2,20812788;0,04336860;0,00000000
2,20823188;0,00000000;0,00000000
2,20833588;0,00000000;0,00000000
2,20843988;0,00000000;0,00000000
2,20854388;0,04336860;0,00000000
2,20864788;0,04336860;0,00000000
2,20875188;0,00000000;0,00000000
2,20885588;0,00000000;0,00000000
2,20895988;0,00000000;0,00000000
2,20906388;0,00000000;0,00000000
2,20916788;0,00000000;0,00000000
2,20927188;0,00000000;0,00000000
2,20937588;0,00000000;0,00000000
2,20947988;0,00000000;0,00000000
2,20958388;0,00000000;0,00000000
2,20968788;0,00000000;0,00000000
2,20979188;0,00000000;0,00000000
2,20989588;0,00000000;0,00000000
2,20999988;0,04336860;0,00000000
2,21010388;0,00000000;0,00000000
2,21020788;0,04336860;0,00000000
2,21031188;0,04336860;0,00000000
2,21041588;0,00000000;0,00000000
2,21051988;0,00000000;0,00000000
2,21062388;0,00000000;0,00000000
2,21072788;0,00000000;0,00000000
2,21083188;0,00000000;0,00000000
2,21093588;0,00000000;0,00000000
2,21103988;0,00000000;0,00000000
2,21114388;0,00000000;0,00000000
2,21124788;0,04336860;0,00000000
2,21135188;0,00000000;0,00000000
2,21145588;0,00000000;0,00000000
2,21155988;0,00000000;0,00000000
2,21166388;0,00000000;0,00000000
2,21176788;0,00000000;0,00000000
2,21187188;0,04336860;0,00000000
2,21197588;0,00000000;-0,01734744
2,21207988;0,00000000;0,00000000
2,21218388;0,04336860;0,00000000
2,21228788;0,00000000;0,00000000
2,21239188;0,00000000;0,00000000
2,21249588;0,00000000;0,00000000
2,21259988;0,04336860;0,00000000
2,21270388;0,04336860;0,00000000
2,21280788;0,00000000;0,00000000
2,21291188;0,00000000;0,00000000
2,21301588;0,00000000;0,00000000
2,21311988;0,00000000;0,00000000
2,21322388;0,00000000;0,00000000
2,21332788;0,00000000;0,00000000
2,21343188;0,00000000;0,00000000
2,21353588;0,00000000;0,00000000
2,21363988;0,00000000;0,00000000
2,21374388;0,04336860;0,00000000
2,21384788;0,00000000;0,00000000
2,21395188;0,04336860;0,00000000
2,21405588;0,00000000;0,00000000
2,21415988;0,00000000;0,00000000
2,21426388;0,00000000;0,00000000
2,21436788;0,00000000;0,00000000
2,21447188;0,00000000;0,00000000
2,21457588;0,04336860;0,00000000
2,21467988;0,04336860;0,00000000
2,21478388;0,00000000;0,00000000
2,21488788;0,00000000;0,00000000
2,21499188;0,00000000;0,00000000
2,21509588;0,00000000;0,00000000
2,21519988;0,04336860;0,00000000
2,21530388;0,00000000;0,00000000
2,21540788;0,00000000;0,00000000
2,21551188;0,00000000;0,00000000
2,21561588;0,00000000;0,00000000
2,21571988;0,00000000;0,00000000
2,21582388;0,04336860;0,00000000
2,21592788;0,00000000;0,00000000
2,21603188;0,00000000;0,00000000
2,21613588;0,00000000;0,00000000
2,21623988;0,00000000;0,00000000
2,21634388;0,00000000;0,00000000
2,21644788;0,00000000;0,00000000
2,21655188;0,00000000;0,00000000
2,21665588;0,04336860;0,00000000
2,21675988;0,00000000;0,00000000
2,21686388;0,00000000;0,00000000
2,21696788;0,04336860;0,00000000
2,21707188;0,00000000;0,00000000
2,21717588;0,04336860;0,00000000
2,21727988;0,04336860;0,00000000
2,21738388;0,00000000;0,00000000
2,21748788;0,04336860;0,00000000
2,21759188;0,00000000;0,00000000
2,21769588;0,00000000;0,00000000
2,21779988;0,00000000;0,00000000
2,21790388;0,00000000;0,00000000
2,21800788;0,00000000;0,00000000
2,21811188;0,00000000;0,00000000
2,21821588;0,00000000;0,00000000
2,21831988;0,04336860;0,00000000
2,21842388;0,00000000;0,00000000
2,21852788;0,04336860;0,00000000
2,21863188;0,00000000;0,00000000
2,21873588;0,00000000;0,00000000
2,21883988;0,00000000;0,00000000
2,21894388;0,00000000;0,00000000
2,21904788;0,00000000;0,00000000
2,21915188;0,00000000;0,00000000
2,21925588;0,00000000;0,00000000
2,21935988;0,04336860;0,00000000
2,21946388;0,00000000;0,00000000
2,21956788;0,00000000;0,00000000
2,21967188;0,04336860;0,00000000
2,21977588;0,00000000;0,00000000
2,21987988;0,04336860;0,00000000
2,21998388;0,00000000;0,00000000
2,22008788;0,04336860;0,00000000
2,22019188;0,00000000;0,00000000
2,22029588;0,00000000;0,00000000
2,22039988;0,04336860;0,00000000
2,22050388;0,04336860;0,00000000
2,22060788;0,04336860;0,00000000
2,22071188;0,00000000;0,00000000
2,22081588;0,00000000;0,00000000
2,22091988;0,00000000;0,00000000
2,22102388;0,00000000;0,00000000
2,22112788;0,00000000;0,00000000
2,22123188;0,00000000;0,00000000
2,22133588;0,00000000;0,00000000
2,22143988;0,00000000;0,00000000
2,22154388;0,00000000;-0,01734744
2,22164788;0,00000000;0,00000000
2,22175188;0,00000000;0,00000000
2,22185588;0,04336860;0,00000000
2,22195988;0,04336860;0,00000000
2,22206388;0,04336860;0,00000000
2,22216788;0,00000000;-0,01734744
2,22227188;0,00000000;0,00000000
2,22237588;0,00000000;0,00000000
2,22247988;0,00000000;0,00000000
2,22258388;0,00000000;0,00000000
2,22268788;0,00000000;0,00000000
2,22279188;0,00000000;-0,01734744
2,22289588;0,00000000;0,00000000
2,22299988;0,00000000;0,00000000
2,22310388;0,00000000;0,00000000
2,22320788;0,00000000;0,00000000
2,22331188;0,04336860;0,00000000
2,22341588;0,00000000;0,00000000
2,22351988;0,00000000;0,00000000
2,22362388;0,00000000;0,00000000
2,22372788;0,00000000;0,00000000
2,22383188;0,00000000;0,00000000
2,22393588;0,00000000;0,00000000
2,22403988;0,00000000;0,00000000
2,22414388;0,04336860;0,00000000
2,22424788;0,00000000;0,00000000
2,22435188;0,00000000;0,00000000
2,22445588;0,00000000;0,00000000
2,22455988;0,00000000;0,00000000
2,22466388;0,00000000;0,00000000
2,22476788;0,00000000;0,00000000
2,22487188;0,04336860;0,00000000
2,22497588;0,00000000;0,00000000
2,22507988;0,00000000;0,00000000
2,22518388;0,00000000;0,00000000
2,22528788;0,00000000;0,00000000
2,22539188;0,00000000;0,00000000
2,22549588;0,00000000;0,00000000
2,22559988;0,00000000;0,00000000
2,22570388;0,00000000;0,00000000
2,22580788;0,00000000;0,00000000
2,22591188;0,00000000;0,00000000
2,22601588;0,04336860;0,00000000
2,22611988;0,04336860;-0,01734744
2,22622388;0,04336860;0,00000000
2,22632788;0,00000000;0,00000000
2,22643188;0,00000000;0,00000000
2,22653588;0,04336860;0,00000000
2,22663988;0,00000000;0,00000000
2,22674388;0,00000000;0,00000000
2,22684788;0,04336860;0,00000000
2,22695188;0,00000000;0,00000000
2,22705588;0,00000000;0,00000000
2,22715988;0,00000000;0,00000000
2,22726388;0,00000000;0,00000000
2,22736788;0,00000000;0,00000000
2,22747188;0,04336860;0,00000000
2,22757588;0,00000000;0,00000000
2,22767988;0,04336860;0,00000000
2,22778388;0,00000000;0,00000000
2,22788788;0,00000000;0,00000000
2,22799188;0,00000000;0,00000000
2,22809588;0,00000000;0,00000000
2,22819988;0,00000000;0,00000000
2,22830388;0,04336860;0,00000000
2,22840788;0,00000000;0,00000000
2,22851188;0,00000000;0,00000000
2,22861588;0,00000000;0,00000000
2,22871988;0,04336860;0,00000000
2,22882388;0,04336860;0,00000000
2,22892788;0,00000000;0,00000000
2,22903188;0,00000000;0,00000000
2,22913588;0,00000000;0,00000000
2,22923988;0,00000000;0,00000000
2,22934388;0,04336860;0,00000000
2,22944788;0,00000000;0,00000000
2,22955188;0,04336860;0,00000000
2,22965588;0,04336860;0,00000000
2,22975988;0,00000000;0,00000000
2,22986388;0,04336860;0,00000000
2,22996788;0,04336860;0,00000000
2,23007188;0,04336860;0,00000000
2,23017588;0,00000000;0,00000000
2,23027988;0,00000000;0,00000000
2,23038388;0,00000000;0,00000000
2,23048788;0,00000000;0,00000000
2,23059188;0,00000000;0,00000000
2,23069588;0,00000000;0,00000000
2,23079988;0,00000000;-0,01734744
2,23090388;0,00000000;0,00000000
2,23100788;0,04336860;0,00000000
2,23111188;0,00000000;0,00000000
2,23121588;0,00000000;0,00000000
2,23131988;0,00000000;0,00000000
2,23142388;0,00000000;0,00000000
2,23152788;0,00000000;0,00000000
2,23163188;0,00000000;0,00000000
2,23173588;0,00000000;0,00000000
2,23183988;0,00000000;0,00000000
2,23194388;0,04336860;0,00000000
2,23204788;0,00000000;0,00000000
2,23215188;0,04336860;0,00000000
2,23225588;0,00000000;0,00000000
2,23235988;0,00000000;0,00000000
2,23246388;0,00000000;0,00000000
2,23256788;0,00000000;0,00000000
2,23267188;0,00000000;0,00000000
2,23277588;0,00000000;0,00000000
2,23287988;0,04336860;0,00000000
2,23298388;0,00000000;0,00000000
2,23308788;0,00000000;0,00000000
2,23319188;0,00000000;0,00000000
2,23329588;0,00000000;0,00000000
2,23339988;0,00000000;0,00000000
2,23350388;0,00000000;0,00000000
2,23360788;0,04336860;0,00000000
2,23371188;0,04336860;0,00000000
2,23381588;0,00000000;0,00000000
2,23391988;0,00000000;0,00000000
2,23402388;0,00000000;0,00000000
2,23412788;0,00000000;0,00000000
2,23423188;0,00000000;0,00000000
2,23433588;0,00000000;0,00000000
2,23443988;0,00000000;0,00000000
2,23454388;0,00000000;0,00000000
2,23464788;0,00000000;0,00000000
2,23475188;0,00000000;0,00000000
2,23485588;0,00000000;0,00000000
2,23495988;0,00000000;0,00000000
2,23506388;0,04336860;0,00000000
2,23516788;0,04336860;0,00000000
2,23527188;0,04336860;0,00000000
2,23537588;0,00000000;0,00000000
2,23547988;0,00000000;0,00000000
2,23558388;0,04336860;0,00000000
2,23568788;0,00000000;0,00000000
2,23579188;0,00000000;0,00000000
2,23589588;0,00000000;0,00000000
2,23599988;0,04336860;0,00000000
2,23610388;0,00000000;0,00000000
2,23620788;0,00000000;0,00000000
2,23631188;0,04336860;0,00000000
2,23641588;0,00000000;0,00000000
2,23651988;0,00000000;0,00000000
2,23662388;0,00000000;0,00000000
2,23672788;0,00000000;0,00000000
2,23683188;0,00000000;0,00000000
2,23693588;0,00000000;0,00000000
2,23703988;0,00000000;0,00000000
2,23714388;0,00000000;0,00000000
2,23724788;0,00000000;0,00000000
2,23735188;0,00000000;0,00000000
2,23745588;0,00000000;0,00000000
2,23755988;0,04336860;0,00000000
2,23766388;0,00000000;0,00000000
2,23776788;0,00000000;0,00000000
2,23787188;0,00000000;0,00000000
2,23797588;0,00000000;0,00000000
2,23807988;0,00000000;0,00000000
2,23818388;0,00000000;0,00000000
2,23828788;0,00000000;0,00000000
2,23839188;0,04336860;0,00000000
2,23849588;0,00000000;0,00000000
2,23859988;0,00000000;0,00000000
2,23870388;0,00000000;0,00000000
2,23880788;0,00000000;0,00000000
2,23891188;0,00000000;0,00000000
2,23901588;0,00000000;0,00000000
2,23911988;0,00000000;0,00000000
2,23922388;0,00000000;-0,01734744
2,23932788;0,04336860;0,00000000
2,23943188;0,00000000;0,00000000
2,23953588;0,00000000;0,00000000
2,23963988;0,00000000;0,00000000
2,23974388;0,04336860;0,00000000
2,23984788;0,04336860;0,00000000
2,23995188;0,00000000;0,00000000
2,24005588;0,00000000;0,00000000
2,24015988;0,00000000;0,00000000
2,24026388;0,00000000;0,00000000
2,24036788;0,00000000;0,00000000
2,24047188;0,00000000;0,00000000
2,24057588;0,04336860;0,00000000
2,24067988;0,00000000;0,00000000
2,24078388;0,04336860;0,00000000
2,24088788;0,00000000;0,00000000
2,24099188;0,00000000;0,00000000
2,24109588;0,04336860;0,00000000
2,24119988;0,00000000;0,00000000
2,24130388;0,00000000;0,00000000
2,24140788;0,00000000;0,00000000
2,24151188;0,00000000;0,00000000
2,24161588;0,00000000;0,00000000
2,24171988;0,00000000;0,00000000
2,24182388;0,00000000;0,00000000
2,24192788;0,00000000;0,00000000
2,24203188;0,04336860;-0,01734744
2,24213588;0,00000000;0,00000000
2,24223988;0,00000000;0,00000000
2,24234388;0,00000000;0,00000000
2,24244788;0,04336860;0,00000000
2,24255188;0,04336860;0,00000000
2,24265588;0,00000000;0,00000000
2,24275988;0,04336860;0,00000000
2,24286388;0,00000000;0,00000000
2,24296788;0,00000000;0,00000000
2,24307188;0,00000000;0,00000000
2,24317588;0,00000000;0,00000000
2,24327988;0,00000000;0,00000000
2,24338388;0,00000000;-0,01734744
2,24348788;0,00000000;0,00000000
2,24359188;0,00000000;0,00000000
2,24369588;0,00000000;0,00000000
2,24379988;0,00000000;0,00000000
2,24390388;0,00000000;0,00000000
2,24400788;0,00000000;0,00000000
2,24411188;0,00000000;0,00000000
2,24421588;0,00000000;-0,01734744
2,24431988;0,04336860;0,00000000
2,24442388;0,00000000;0,00000000
2,24452788;0,00000000;0,00000000
2,24463188;0,00000000;0,00000000
2,24473588;0,00000000;0,00000000
2,24483988;0,00000000;-0,01734744
2,24494388;0,00000000;0,00000000
2,24504788;0,00000000;0,00000000
2,24515188;0,00000000;0,00000000
2,24525588;0,00000000;0,00000000
2,24535988;0,00000000;0,00000000
2,24546388;0,00000000;0,00000000
2,24556788;0,00000000;0,00000000
2,24567188;0,00000000;0,00000000
2,24577588;0,00000000;0,00000000
2,24587988;0,00000000;0,00000000
2,24598388;0,04336860;0,00000000
2,24608788;0,00000000;0,00000000
2,24619188;0,04336860;0,00000000
2,24629588;0,00000000;0,00000000
2,24639988;0,00000000;-0,01734744
2,24650388;0,00000000;0,00000000
2,24660788;0,04336860;0,00000000
2,24671188;0,00000000;0,00000000
2,24681588;0,00000000;0,00000000
2,24691988;0,00000000;0,00000000
2,24702388;0,00000000;0,00000000
2,24712788;0,00000000;0,00000000
2,24723188;0,00000000;0,00000000
2,24733588;0,00000000;0,00000000
2,24743988;0,00000000;0,00000000
2,24754388;0,04336860;0,00000000
2,24764788;0,00000000;0,00000000
2,24775188;0,00000000;0,00000000
2,24785588;0,00000000;0,00000000
2,24795988;0,04336860;0,00000000
2,24806388;0,00000000;0,00000000
2,24816788;0,00000000;0,00000000
2,24827188;0,00000000;0,00000000
2,24837588;0,00000000;0,00000000
2,24847988;0,00000000;0,00000000
2,24858388;0,04336860;0,00000000
2,24868788;0,04336860;0,00000000
2,24879188;0,00000000;0,00000000
2,24889588;0,00000000;0,00000000
2,24899988;0,04336860;0,00000000
2,24910388;0,04336860;0,00000000
2,24920788;0,00000000;0,00000000
2,24931188;0,00000000;0,00000000
2,24941588;0,00000000;0,00000000
2,24951988;0,00000000;0,00000000
2,24962388;0,00000000;0,00000000
2,24972788;0,00000000;0,00000000
2,24983188;0,00000000;0,00000000
2,24993588;0,04336860;0,00000000
2,25003988;0,00000000;0,00000000
2,25014388;0,04336860;0,00000000
2,25024788;0,00000000;0,00000000
2,25035188;0,00000000;0,00000000
2,25045588;0,00000000;-0,01734744
2,25055988;0,04336860;0,00000000
2,25066388;0,00000000;0,00000000
2,25076788;0,00000000;0,00000000
2,25087188;0,00000000;0,00000000
2,25097588;0,00000000;0,00000000
2,25107988;0,04336860;0,00000000
2,25118388;0,00000000;0,00000000
2,25128788;0,00000000;0,00000000
2,25139188;0,04336860;0,00000000
2,25149588;0,00000000;0,00000000
2,25159988;0,00000000;0,00000000
2,25170388;0,04336860;0,00000000
2,25180788;0,00000000;0,00000000
2,25191188;0,00000000;0,00000000
2,25201588;0,00000000;0,00000000
2,25211988;0,00000000;0,00000000
2,25222388;0,00000000;0,00000000
2,25232788;0,00000000;0,00000000
2,25243188;0,04336860;0,00000000
2,25253588;0,00000000;-0,01734744
2,25263988;0,00000000;0,00000000
2,25274388;0,00000000;-0,01734744
2,25284788;0,00000000;0,00000000
2,25295188;0,00000000;0,00000000
2,25305588;0,00000000;0,00000000
2,25315988;0,00000000;0,00000000
2,25326388;0,00000000;0,00000000
2,25336788;0,00000000;0,00000000
2,25347188;0,00000000;-0,01734744
2,25357588;0,00000000;0,00000000
2,25367988;0,00000000;0,00000000
2,25378388;0,00000000;0,00000000
2,25388788;0,00000000;0,00000000
2,25399188;0,00000000;0,00000000
2,25409588;0,00000000;0,00000000
2,25419988;0,00000000;0,00000000
2,25430388;0,00000000;0,00000000
2,25440788;0,00000000;0,00000000
2,25451188;0,00000000;0,00000000
2,25461588;0,00000000;0,00000000
2,25471988;0,00000000;0,00000000
2,25482388;0,00000000;0,00000000
2,25492788;0,04336860;0,00000000
2,25503188;0,04336860;0,00000000
2,25513588;0,00000000;0,00000000
2,25523988;0,00000000;0,00000000
2,25534388;0,04336860;0,00000000
2,25544788;0,00000000;0,00000000
2,25555188;0,04336860;0,00000000
2,25565588;0,04336860;0,00000000
2,25575988;0,00000000;0,00000000
2,25586388;0,04336860;0,00000000
2,25596788;0,04336860;0,00000000
2,25607188;0,00000000;0,00000000
2,25617588;0,00000000;0,00000000
2,25627988;0,00000000;0,00000000
2,25638388;0,00000000;0,00000000
2,25648788;0,00000000;0,00000000
2,25659188;0,00000000;0,00000000
2,25669588;0,00000000;0,00000000
2,25679988;0,00000000;0,00000000
2,25690388;0,00000000;0,00000000
2,25700788;0,00000000;0,00000000
2,25711188;0,00000000;0,00000000
2,25721588;0,04336860;0,00000000
2,25731988;0,04336860;0,00000000
2,25742388;0,00000000;0,00000000
2,25752788;0,00000000;0,00000000
2,25763188;0,00000000;0,00000000
2,25773588;0,00000000;0,00000000
2,25783988;0,04336860;0,00000000
2,25794388;0,04336860;0,00000000
2,25804788;0,00000000;0,00000000
2,25815188;0,00000000;0,00000000
2,25825588;0,00000000;0,00000000
2,25835988;0,04336860;-0,01734744
2,25846388;0,00000000;0,00000000
2,25856788;0,04336860;0,00000000
2,25867188;0,00000000;0,00000000
2,25877588;0,00000000;0,00000000
2,25887988;0,00000000;0,00000000
2,25898388;0,04336860;0,00000000
2,25908788;0,00000000;0,00000000
2,25919188;0,00000000;0,00000000
2,25929588;0,00000000;0,00000000
2,25939988;0,00000000;0,00000000
2,25950388;0,00000000;0,00000000
2,25960788;0,04336860;0,00000000
2,25971188;0,00000000;0,00000000
2,25981588;0,00000000;0,00000000
2,25991988;0,00000000;0,00000000
2,26002388;0,00000000;0,00000000
2,26012788;0,00000000;0,00000000
2,26023188;0,04336860;0,00000000
2,26033588;0,00000000;0,00000000
2,26043988;0,00000000;-0,01734744
2,26054388;0,00000000;0,00000000
2,26064788;0,00000000;0,00000000
2,26075188;0,00000000;0,00000000
2,26085588;0,00000000;0,00000000
2,26095988;0,00000000;0,00000000
2,26106388;0,00000000;0,00000000
2,26116788;0,04336860;0,00000000
2,26127188;0,00000000;0,00000000
2,26137588;0,00000000;0,00000000
2,26147988;0,00000000;0,00000000
2,26158388;0,04336860;0,00000000
2,26168788;0,00000000;0,00000000
2,26179188;0,00000000;0,00000000
2,26189588;0,04336860;0,00000000
2,26199988;0,04336860;0,00000000
2,26210388;0,00000000;0,00000000
2,26220788;0,04336860;0,00000000
2,26231188;0,00000000;0,00000000
2,26241588;0,00000000;-0,01734744
2,26251988;0,00000000;0,00000000
2,26262388;0,00000000;0,00000000
2,26272788;0,00000000;0,00000000
2,26283188;0,00000000;0,00000000
2,26293588;0,04336860;0,00000000
2,26303988;0,00000000;0,00000000
2,26314388;0,04336860;0,00000000
2,26324788;0,00000000;0,00000000
2,26335188;0,00000000;0,00000000
2,26345588;0,00000000;0,00000000
2,26355988;0,04336860;0,00000000
2,26366388;0,00000000;0,00000000
2,26376788;0,00000000;0,00000000
2,26387188;0,00000000;0,00000000
2,26397588;0,00000000;0,00000000
2,26407988;0,00000000;0,00000000
2,26418388;0,00000000;0,00000000
2,26428788;0,00000000;0,00000000
2,26439188;0,00000000;0,00000000
2,26449588;0,00000000;0,00000000
2,26459988;0,00000000;0,00000000
2,26470388;0,00000000;0,00000000
2,26480788;0,00000000;0,00000000
2,26491188;0,00000000;0,00000000
2,26501588;0,00000000;0,00000000
2,26511988;0,00000000;0,00000000
2,26522388;0,00000000;0,00000000
2,26532788;0,00000000;0,00000000
2,26543188;0,00000000;0,00000000
2,26553588;0,00000000;0,00000000
2,26563988;0,00000000;0,00000000
2,26574388;0,00000000;0,00000000
2,26584788;0,00000000;0,00000000
2,26595188;0,04336860;0,00000000
2,26605588;0,00000000;0,00000000
2,26615988;0,00000000;0,00000000
2,26626388;0,00000000;0,00000000
2,26636788;0,00000000;0,00000000
2,26647188;0,00000000;0,00000000
2,26657588;0,00000000;0,00000000
2,26667988;0,04336860;0,00000000
2,26678388;0,00000000;0,00000000
2,26688788;0,00000000;0,00000000
2,26699188;0,00000000;0,00000000
2,26709588;0,00000000;0,00000000
2,26719988;0,04336860;0,00000000
2,26730388;0,00000000;0,00000000
2,26740788;0,00000000;0,00000000
2,26751188;0,00000000;0,00000000
2,26761588;0,00000000;0,00000000
2,26771988;0,00000000;0,00000000
2,26782388;0,00000000;0,00000000
2,26792788;0,00000000;0,00000000
2,26803188;0,00000000;-0,01734744
2,26813588;0,00000000;0,00000000
2,26823988;0,00000000;0,00000000
2,26834388;0,04336860;0,00000000
2,26844788;0,00000000;0,00000000
2,26855188;0,00000000;0,00000000
2,26865588;0,04336860;0,00000000
2,26875988;0,00000000;0,00000000
2,26886388;0,00000000;0,00000000
2,26896788;0,00000000;-0,01734744
2,26907188;0,00000000;0,00000000
2,26917588;0,00000000;0,00000000
2,26927988;0,00000000;0,00000000
2,26938388;0,00000000;0,00000000
2,26948788;0,00000000;0,00000000
2,26959188;0,00000000;0,00000000
2,26969588;0,00000000;0,00000000
2,26979988;0,00000000;0,00000000
2,26990388;0,00000000;-0,01734744
2,27000788;0,00000000;0,00000000
2,27011188;0,04336860;0,00000000
2,27021588;0,00000000;0,00000000
2,27031988;0,00000000;0,00000000
2,27042388;0,00000000;0,00000000
2,27052788;0,00000000;0,00000000
2,27063188;0,04336860;0,00000000
2,27073588;0,00000000;0,00000000
2,27083988;0,00000000;0,00000000
2,27094388;0,04336860;0,00000000
2,27104788;0,00000000;0,00000000
2,27115188;0,00000000;0,00000000
2,27125588;0,00000000;0,00000000
2,27135988;0,00000000;0,00000000
2,27146388;0,04336860;0,00000000
2,27156788;0,00000000;0,00000000
2,27167188;0,00000000;0,00000000
2,27177588;0,04336860;0,00000000
2,27187988;0,00000000;0,00000000
2,27198388;0,00000000;0,00000000
2,27208788;0,04336860;0,00000000
2,27219188;0,00000000;0,00000000
2,27229588;0,00000000;0,00000000
2,27239988;0,00000000;0,00000000
2,27250388;0,04336860;-0,01734744
2,27260788;0,00000000;0,00000000
2,27271188;0,04336860;0,00000000
2,27281588;0,04336860;0,00000000
2,27291988;0,00000000;0,00000000
2,27302388;0,00000000;0,00000000
2,27312788;0,00000000;0,00000000
2,27323188;0,00000000;0,00000000
2,27333588;0,00000000;0,00000000
2,27343988;0,04336860;0,00000000
2,27354388;0,04336860;0,00000000
2,27364788;0,04336860;0,00000000
2,27375188;0,00000000;0,00000000
2,27385588;0,00000000;0,00000000
2,27395988;0,04336860;0,00000000
2,27406388;0,04336860;0,00000000
2,27416788;0,00000000;-0,01734744
2,27427188;0,04336860;0,00000000
2,27437588;0,00000000;0,00000000
2,27447988;0,04336860;0,00000000
2,27458388;0,00000000;0,00000000
2,27468788;0,04336860;0,00000000
2,27479188;0,00000000;0,00000000
2,27489588;0,00000000;0,00000000
2,27499988;0,00000000;0,00000000
2,27510388;0,04336860;0,00000000
2,27520788;0,00000000;0,00000000
2,27531188;0,04336860;0,00000000
2,27541588;0,00000000;0,00000000
2,27551988;0,04336860;0,00000000
2,27562388;0,04336860;0,00000000
2,27572788;0,00000000;0,00000000
2,27583188;0,00000000;0,00000000
2,27593588;0,00000000;0,00000000
2,27603988;0,00000000;0,00000000
2,27614388;0,00000000;0,00000000
2,27624788;0,00000000;0,00000000
2,27635188;0,00000000;0,00000000
2,27645588;0,00000000;0,00000000
2,27655988;0,04336860;0,00000000
2,27666388;0,00000000;0,00000000
2,27676788;0,00000000;0,00000000
2,27687188;0,00000000;0,00000000
2,27697588;0,04336860;0,00000000
2,27707988;0,04336860;0,00000000
2,27718388;0,00000000;0,00000000
2,27728788;0,00000000;0,00000000
2,27739188;0,04336860;0,00000000
2,27749588;0,00000000;0,00000000
2,27759988;0,00000000;0,00000000
2,27770388;0,00000000;0,00000000
2,27780788;0,00000000;0,00000000
2,27791188;0,04336860;0,00000000
2,27801588;0,00000000;0,00000000
2,27811988;0,00000000;0,00000000
2,27822388;0,00000000;0,00000000
2,27832788;0,00000000;0,00000000
2,27843188;0,00000000;0,00000000
2,27853588;0,00000000;0,00000000
2,27863988;0,00000000;0,00000000
2,27874388;0,04336860;0,00000000
2,27884788;0,00000000;0,00000000
2,27895188;0,00000000;0,00000000
2,27905588;0,04336860;0,00000000
2,27915988;0,00000000;-0,01734744
2,27926388;0,00000000;0,00000000
2,27936788;0,04336860;0,00000000
2,27947188;0,04336860;0,00000000
2,27957588;0,00000000;0,00000000
2,27967988;0,04336860;0,00000000
2,27978388;0,04336860;0,00000000
2,27988788;0,00000000;0,00000000
2,27999188;0,00000000;0,00000000
2,28009588;0,00000000;0,00000000
2,28019988;0,00000000;0,00000000
2,28030388;0,00000000;0,00000000
2,28040788;0,00000000;0,00000000
2,28051188;0,00000000;0,00000000
2,28061588;0,00000000;0,00000000
2,28071988;0,00000000;0,00000000
2,28082388;0,00000000;0,00000000
2,28092788;0,00000000;0,00000000
2,28103188;0,00000000;0,00000000
2,28113588;0,04336860;0,00000000
2,28123988;0,00000000;0,00000000
2,28134388;0,00000000;0,00000000
2,28144788;0,04336860;0,00000000
2,28155188;0,00000000;0,00000000
2,28165588;0,00000000;0,00000000
2,28175988;0,00000000;0,00000000
2,28186388;-0,04336860;0,00000000
2,28196788;0,00000000;0,00000000
2,28207188;0,00000000;0,00000000
2,28217588;0,00000000;0,00000000
2,28227988;0,04336860;0,00000000
2,28238388;0,00000000;0,00000000
2,28248788;0,00000000;0,00000000
2,28259188;0,04336860;0,00000000
2,28269588;0,00000000;0,00000000
2,28279988;0,00000000;0,00000000
2,28290388;0,04336860;0,00000000
2,28300788;0,00000000;0,00000000
2,28311188;0,04336860;0,00000000
2,28321588;0,00000000;0,00000000
2,28331988;0,04336860;0,00000000
2,28342388;0,04336860;0,00000000
2,28352788;0,04336860;0,00000000
2,28363188;0,00000000;0,00000000
2,28373588;0,00000000;0,00000000
2,28383988;0,00000000;0,00000000
2,28394388;0,00000000;0,00000000
2,28404788;0,00000000;0,00000000
2,28415188;0,00000000;0,00000000
2,28425588;0,00000000;0,00000000
2,28435988;0,00000000;0,00000000
2,28446388;0,04336860;0,00000000
2,28456788;0,00000000;0,00000000
2,28467188;0,00000000;0,00000000
2,28477588;0,00000000;0,00000000
2,28487988;0,04336860;0,00000000
2,28498388;0,00000000;0,00000000
2,28508788;0,00000000;0,00000000
2,28519188;0,04336860;0,00000000
2,28529588;0,04336860;0,00000000
2,28539988;0,00000000;0,00000000
2,28550388;0,04336860;0,00000000
2,28560788;0,00000000;0,00000000
2,28571188;0,00000000;0,00000000
2,28581588;0,00000000;0,00000000
2,28591988;0,04336860;0,00000000
2,28602388;0,00000000;0,00000000
2,28612788;0,00000000;0,00000000
2,28623188;0,00000000;0,00000000
2,28633588;0,04336860;0,00000000
2,28643988;0,00000000;0,00000000
2,28654388;0,00000000;-0,01734744
2,28664788;0,00000000;0,00000000
2,28675188;0,04336860;0,00000000
2,28685588;0,00000000;0,00000000
2,28695988;0,00000000;0,00000000
2,28706388;0,00000000;0,00000000
2,28716788;0,00000000;0,00000000
2,28727188;0,00000000;0,00000000
2,28737588;0,00000000;0,00000000
2,28747988;0,00000000;0,00000000
2,28758388;0,00000000;0,00000000
2,28768788;0,04336860;0,00000000
2,28779188;0,00000000;0,00000000
2,28789588;0,00000000;0,00000000
2,28799988;0,04336860;0,00000000
2,28810388;0,00000000;0,00000000
2,28820788;0,04336860;0,00000000
2,28831188;0,00000000;0,00000000
2,28841588;0,00000000;0,00000000
2,28851988;0,00000000;0,00000000
2,28862388;0,04336860;0,00000000
2,28872788;0,00000000;0,00000000
2,28883188;0,00000000;0,00000000
2,28893588;0,00000000;0,00000000
2,28903988;0,04336860;0,00000000
2,28914388;0,04336860;0,00000000
2,28924788;0,04336860;0,00000000
2,28935188;0,00000000;0,00000000
2,28945588;0,00000000;0,00000000
2,28955988;0,00000000;0,00000000
2,28966388;0,00000000;0,00000000
2,28976788;0,04336860;0,00000000
2,28987188;0,00000000;0,00000000
2,28997588;0,00000000;0,00000000
2,29007988;0,00000000;0,00000000
2,29018388;0,00000000;0,00000000
2,29028788;0,00000000;0,00000000
2,29039188;0,00000000;0,00000000
2,29049588;0,04336860;0,00000000
2,29059988;0,00000000;0,00000000
2,29070388;0,00000000;0,00000000
2,29080788;0,00000000;0,00000000
2,29091188;0,00000000;0,00000000
2,29101588;0,04336860;0,00000000
2,29111988;0,00000000;0,00000000
2,29122388;0,00000000;0,00000000
2,29132788;0,00000000;0,00000000
2,29143188;0,00000000;-0,01734744
2,29153588;0,00000000;0,00000000
2,29163988;0,00000000;0,00000000
2,29174388;0,00000000;0,00000000
2,29184788;0,00000000;0,00000000
2,29195188;0,00000000;0,00000000
2,29205588;0,00000000;-0,01734744
2,29215988;0,00000000;0,00000000
2,29226388;0,00000000;0,00000000
2,29236788;0,00000000;0,00000000
2,29247188;0,00000000;0,00000000
2,29257588;0,04336860;0,00000000
2,29267988;0,00000000;0,00000000
2,29278388;0,04336860;0,00000000
2,29288788;0,00000000;0,00000000
2,29299188;0,04336860;0,00000000
2,29309588;0,00000000;0,00000000
2,29319988;0,00000000;0,00000000
2,29330388;0,04336860;0,00000000
2,29340788;0,00000000;0,00000000
2,29351188;0,00000000;0,00000000
2,29361588;0,04336860;0,00000000
2,29371988;0,00000000;0,00000000
2,29382388;0,00000000;0,00000000
2,29392788;0,00000000;0,00000000
2,29403188;0,00000000;0,00000000
2,29413588;0,00000000;0,00000000
2,29423988;0,00000000;0,00000000
2,29434388;0,00000000;-0,01734744
2,29444788;0,04336860;0,00000000
2,29455188;0,00000000;-0,01734744
2,29465588;0,00000000;0,00000000
2,29475988;0,00000000;0,00000000
2,29486388;0,04336860;0,00000000
2,29496788;0,00000000;0,00000000
2,29507188;0,04336860;0,00000000
2,29517588;0,00000000;0,00000000
2,29527988;0,00000000;0,00000000
2,29538388;0,00000000;0,00000000
2,29548788;0,04336860;0,00000000
2,29559188;0,00000000;0,00000000
2,29569588;0,00000000;0,00000000
2,29579988;0,00000000;0,00000000
2,29590388;0,00000000;0,00000000
2,29600788;0,00000000;0,00000000
2,29611188;0,00000000;0,00000000
2,29621588;0,00000000;0,00000000
2,29631988;0,00000000;0,00000000
2,29642388;0,00000000;0,00000000
2,29652788;0,00000000;0,00000000
2,29663188;0,00000000;0,00000000
2,29673588;0,00000000;0,00000000
2,29683988;0,00000000;0,00000000
2,29694388;0,00000000;0,00000000
2,29704788;0,00000000;0,00000000
2,29715188;0,00000000;0,00000000
2,29725588;0,00000000;0,00000000
2,29735988;0,00000000;0,00000000
2,29746388;0,00000000;0,00000000
2,29756788;0,00000000;0,00000000
2,29767188;0,04336860;0,00000000
2,29777588;0,00000000;-0,01734744
2,29787988;0,00000000;0,00000000
2,29798388;0,00000000;0,00000000
2,29808788;0,00000000;0,00000000
2,29819188;0,04336860;0,00000000
2,29829588;0,00000000;0,00000000
2,29839988;0,04336860;-0,01734744
2,29850388;0,00000000;0,00000000
2,29860788;0,00000000;0,00000000
2,29871188;0,04336860;0,00000000
2,29881588;0,00000000;0,00000000
2,29891988;0,00000000;0,00000000
2,29902388;0,00000000;0,00000000
2,29912788;0,00000000;0,00000000
2,29923188;0,00000000;0,00000000
2,29933588;0,00000000;0,00000000
2,29943988;0,00000000;0,00000000
2,29954388;0,00000000;0,00000000
2,29964788;0,00000000;0,00000000
2,29975188;0,00000000;0,00000000
2,29985588;0,00000000;0,00000000
2,29995988;0,00000000;-0,01734744
2,30006388;0,00000000;0,00000000
2,30016788;0,00000000;0,00000000
2,30027188;0,00000000;0,00000000
2,30037588;0,00000000;0,00000000
2,30047988;0,04336860;0,00000000
2,30058388;0,00000000;0,00000000
2,30068788;0,04336860;0,00000000
2,30079188;0,00000000;0,00000000
2,30089588;0,04336860;0,00000000
2,30099988;0,00000000;0,00000000
2,30110388;0,04336860;0,00000000
2,30120788;0,04336860;0,00000000
2,30131188;0,00000000;0,00000000
2,30141588;0,00000000;0,00000000
2,30151988;0,00000000;0,00000000
2,30162388;0,00000000;0,00000000
2,30172788;0,00000000;0,00000000
2,30183188;0,00000000;0,00000000
2,30193588;0,00000000;0,00000000
2,30203988;0,00000000;0,00000000
2,30214388;0,04336860;0,00000000
2,30224788;0,00000000;0,00000000
2,30235188;0,00000000;0,00000000
2,30245588;0,00000000;0,00000000
2,30255988;0,04336860;0,00000000
2,30266388;0,04336860;0,00000000
2,30276788;0,00000000;0,00000000
2,30287188;0,04336860;0,00000000
2,30297588;0,00000000;0,00000000
2,30307988;0,00000000;0,00000000
2,30318388;0,00000000;0,00000000
2,30328788;0,00000000;0,00000000
2,30339188;0,00000000;0,00000000
2,30349588;0,00000000;0,00000000
2,30359988;0,00000000;0,00000000
2,30370388;0,00000000;0,00000000
2,30380788;0,00000000;0,00000000
2,30391188;0,00000000;0,00000000
2,30401588;0,04336860;0,00000000
2,30411988;0,04336860;0,00000000
2,30422388;0,04336860;0,00000000
2,30432788;0,00000000;0,00000000
2,30443188;0,00000000;0,00000000
2,30453588;0,00000000;0,00000000
2,30463988;0,04336860;0,00000000
2,30474388;0,00000000;0,00000000
2,30484788;0,04336860;0,00000000
2,30495188;0,04336860;0,00000000
2,30505588;0,00000000;0,00000000
2,30515988;0,00000000;0,00000000
2,30526388;0,00000000;0,00000000
2,30536788;0,00000000;0,00000000
2,30547188;0,00000000;0,00000000
2,30557588;0,00000000;0,00000000
2,30567988;0,00000000;0,00000000
2,30578388;0,00000000;0,00000000
2,30588788;0,00000000;0,00000000
2,30599188;0,04336860;0,00000000
2,30609588;0,00000000;0,00000000
2,30619988;0,04336860;0,00000000
2,30630388;0,04336860;0,00000000
2,30640788;0,00000000;0,00000000
2,30651188;0,00000000;0,00000000
2,30661588;0,00000000;0,00000000
2,30671988;0,04336860;0,00000000
2,30682388;0,04336860;0,00000000
2,30692788;0,04336860;0,00000000
2,30703188;0,00000000;0,00000000
2,30713588;0,00000000;0,00000000
2,30723988;0,00000000;0,00000000
2,30734388;0,04336860;0,00000000
2,30744788;0,00000000;0,00000000
2,30755188;0,04336860;0,00000000
2,30765588;0,00000000;0,00000000
2,30775988;0,04336860;0,00000000
2,30786388;0,04336860;0,00000000
2,30796788;0,04336860;0,00000000
2,30807188;0,00000000;0,00000000
2,30817588;0,04336860;0,00000000
2,30827988;0,04336860;0,00000000
2,30838388;0,00000000;0,00000000
2,30848788;0,00000000;0,00000000
2,30859188;0,00000000;0,00000000
2,30869588;0,00000000;0,00000000
2,30879988;0,00000000;0,00000000
2,30890388;0,00000000;0,00000000
2,30900788;0,00000000;0,00000000
2,30911188;0,00000000;0,00000000
2,30921588;0,00000000;0,00000000
2,30931988;0,04336860;0,00000000
2,30942388;0,00000000;0,00000000
2,30952788;0,00000000;0,00000000
2,30963188;0,00000000;0,00000000
2,30973588;0,04336860;-0,01734744
2,30983988;0,00000000;0,00000000
2,30994388;0,00000000;0,00000000
2,31004788;0,00000000;0,00000000
2,31015188;0,04336860;0,00000000
2,31025588;0,00000000;0,00000000
2,31035988;0,04336860;0,00000000
2,31046388;0,00000000;0,00000000
2,31056788;0,00000000;0,00000000
2,31067188;0,00000000;0,00000000
2,31077588;0,00000000;0,00000000
2,31087988;0,00000000;-0,01734744
2,31098388;0,00000000;0,00000000
2,31108788;0,00000000;0,00000000
2,31119188;0,00000000;0,00000000
2,31129588;0,00000000;0,00000000
2,31139988;0,00000000;-0,01734744
2,31150388;0,00000000;0,00000000
2,31160788;0,04336860;0,00000000
2,31171188;0,00000000;0,00000000
2,31181588;0,00000000;0,00000000
2,31191988;0,00000000;0,00000000
2,31202388;0,04336860;0,00000000
2,31212788;0,00000000;0,00000000
2,31223188;0,00000000;0,00000000
2,31233588;0,00000000;0,00000000
2,31243988;0,00000000;0,00000000
2,31254388;0,00000000;0,00000000
2,31264788;0,00000000;0,00000000
2,31275188;0,00000000;0,00000000
2,31285588;0,00000000;-0,01734744
2,31295988;0,00000000;0,00000000
2,31306388;0,00000000;0,00000000
2,31316788;0,04336860;0,00000000
2,31327188;0,04336860;0,00000000
2,31337588;0,00000000;0,00000000
2,31347988;0,00000000;0,00000000
2,31358388;0,00000000;0,00000000
2,31368788;0,00000000;0,00000000
2,31379188;0,00000000;0,00000000
2,31389588;0,00000000;0,00000000
2,31399988;0,00000000;0,00000000
2,31410388;0,00000000;0,00000000
2,31420788;0,04336860;0,00000000
2,31431188;0,04336860;0,00000000
2,31441588;0,04336860;0,00000000
2,31451988;0,00000000;0,00000000
2,31462388;0,00000000;0,00000000
2,31472788;0,00000000;-0,01734744
2,31483188;0,04336860;0,00000000
2,31493588;0,00000000;0,00000000
2,31503988;0,00000000;0,00000000
2,31514388;0,00000000;0,00000000
2,31524788;0,00000000;0,00000000
2,31535188;0,04336860;0,00000000
2,31545588;0,00000000;0,00000000
2,31555988;0,00000000;0,00000000
2,31566388;0,00000000;0,00000000
2,31576788;0,04336860;0,00000000
2,31587188;0,00000000;0,00000000
2,31597588;0,04336860;0,00000000
2,31607988;0,00000000;0,00000000
2,31618388;0,00000000;0,00000000
2,31628788;0,04336860;0,00000000
2,31639188;0,00000000;0,00000000
2,31649588;0,00000000;-0,01734744
2,31659988;0,00000000;0,00000000
2,31670388;0,04336860;0,00000000
2,31680788;0,00000000;0,00000000
2,31691188;0,00000000;0,00000000
2,31701588;0,00000000;0,00000000
2,31711988;0,04336860;0,00000000
2,31722388;0,00000000;0,00000000
2,31732788;0,00000000;0,00000000
2,31743188;0,00000000;0,00000000
2,31753588;0,00000000;0,00000000
2,31763988;0,00000000;0,00000000
2,31774388;0,00000000;0,00000000
2,31784788;0,00000000;0,00000000
2,31795188;0,00000000;0,00000000
2,31805588;0,00000000;0,00000000
2,31815988;0,00000000;0,00000000
2,31826388;0,00000000;-0,01734744
2,31836788;0,00000000;0,00000000
2,31847188;0,04336860;0,00000000
2,31857588;0,00000000;0,00000000
2,31867988;0,00000000;0,00000000
2,31878388;0,04336860;0,00000000
2,31888788;0,00000000;0,00000000
2,31899188;0,00000000;0,00000000
2,31909587;0,00000000;0,00000000
2,31919987;0,00000000;0,00000000
2,31930387;0,04336860;0,00000000
2,31940787;0,00000000;0,00000000
2,31951187;0,04336860;-0,01734744
2,31961587;0,04336860;0,00000000
2,31971987;0,04336860;0,00000000
2,31982387;0,04336860;0,00000000
2,31992787;0,00000000;0,00000000
2,32003187;0,00000000;0,00000000
2,32013587;0,00000000;0,00000000
2,32023987;0,04336860;0,00000000
2,32034387;0,00000000;0,00000000
2,32044787;0,00000000;0,00000000
2,32055187;0,04336860;0,00000000
2,32065587;0,04336860;0,00000000
2,32075987;0,00000000;0,00000000
2,32086387;0,00000000;0,00000000
2,32096787;0,04336860;0,00000000
2,32107187;0,04336860;0,00000000
2,32117587;0,00000000;0,00000000
2,32127987;0,04336860;0,00000000
2,32138387;0,04336860;0,00000000
2,32148787;0,00000000;0,00000000
2,32159187;0,04336860;0,00000000
2,32169587;0,04336860;0,00000000
2,32179987;0,00000000;0,00000000
2,32190387;0,04336860;0,00000000
2,32200787;0,00000000;0,00000000
2,32211187;0,04336860;0,00000000
2,32221587;0,04336860;0,00000000
2,32231987;0,00000000;0,00000000
2,32242387;0,00000000;-0,01734744
2,32252787;0,00000000;0,00000000
2,32263187;0,04336860;0,00000000
2,32273587;0,00000000;0,00000000
2,32283987;0,00000000;0,00000000
2,32294387;0,04336860;0,00000000
2,32304787;0,00000000;0,00000000
2,32315187;0,00000000;0,00000000
2,32325587;0,00000000;0,00000000
2,32335987;0,00000000;0,00000000
2,32346387;0,04336860;0,00000000
2,32356787;0,00000000;-0,01734744
2,32367187;0,04336860;0,00000000
2,32377587;0,04336860;0,00000000
2,32387987;0,00000000;0,00000000
2,32398387;0,04336860;0,00000000
2,32408787;0,00000000;0,00000000
2,32419187;0,00000000;0,00000000
2,32429587;0,00000000;0,00000000
2,32439987;0,00000000;0,00000000
2,32450387;0,04336860;0,00000000
2,32460787;0,04336860;0,00000000
2,32471187;0,00000000;0,00000000
2,32481587;0,00000000;0,00000000
2,32491987;0,04336860;0,00000000
2,32502387;0,04336860;0,00000000
2,32512787;0,00000000;0,00000000
2,32523187;0,00000000;0,00000000
2,32533587;0,00000000;0,00000000
2,32543987;0,00000000;0,00000000
2,32554387;0,00000000;0,00000000
2,32564787;0,00000000;0,00000000
2,32575187;0,00000000;-0,01734744
2,32585587;0,00000000;0,00000000
2,32595987;0,00000000;0,00000000
2,32606387;0,00000000;0,00000000
2,32616787;0,04336860;0,00000000
2,32627187;0,04336860;0,00000000
2,32637587;0,00000000;-0,01734744
2,32647987;0,00000000;0,00000000
2,32658387;0,04336860;0,00000000
2,32668787;0,00000000;0,00000000
2,32679187;0,04336860;0,00000000
2,32689587;0,00000000;0,00000000
2,32699987;0,00000000;0,00000000
2,32710387;0,00000000;0,00000000
2,32720787;0,00000000;0,00000000
2,32731187;0,04336860;0,00000000
2,32741587;0,00000000;0,00000000
2,32751987;0,00000000;0,00000000
2,32762387;0,04336860;0,00000000
2,32772787;0,00000000;0,00000000
2,32783187;0,00000000;0,00000000
2,32793587;0,04336860;0,00000000
2,32803987;0,00000000;0,00000000
2,32814387;0,00000000;0,00000000
2,32824787;0,00000000;0,00000000
2,32835187;0,04336860;0,00000000
2,32845587;0,00000000;0,00000000
2,32855987;0,04336860;0,00000000
2,32866387;0,00000000;0,00000000
2,32876787;0,04336860;0,00000000
2,32887187;0,00000000;0,00000000
2,32897587;0,00000000;0,00000000
2,32907987;0,04336860;0,00000000
2,32918387;0,00000000;0,00000000
2,32928787;0,00000000;0,00000000
2,32939187;0,00000000;0,00000000
2,32949587;0,00000000;0,00000000
2,32959987;0,04336860;0,00000000
2,32970387;0,00000000;0,00000000
2,32980787;0,00000000;0,00000000
2,32991187;0,00000000;0,00000000
2,33001587;0,04336860;0,00000000
2,33011987;0,00000000;-0,01734744
2,33022387;0,00000000;0,00000000
2,33032787;0,00000000;0,00000000
2,33043187;0,04336860;0,00000000
2,33053587;0,00000000;0,00000000
2,33063987;0,04336860;0,00000000
2,33074387;0,00000000;0,00000000
2,33084787;0,04336860;0,00000000
2,33095187;0,00000000;0,00000000
2,33105587;0,00000000;0,00000000
2,33115987;0,00000000;0,00000000
2,33126387;0,00000000;0,00000000
2,33136787;0,00000000;0,00000000
2,33147187;0,00000000;0,00000000
2,33157587;0,00000000;0,00000000
2,33167987;0,04336860;0,00000000
2,33178387;0,00000000;0,00000000
2,33188787;0,00000000;0,00000000
2,33199187;0,00000000;0,00000000
2,33209587;0,00000000;0,00000000
2,33219987;0,00000000;0,00000000
2,33230387;0,04336860;0,00000000
2,33240787;0,04336860;0,00000000
2,33251187;0,00000000;0,00000000
2,33261587;0,00000000;0,00000000
2,33271987;0,04336860;0,00000000
2,33282387;0,04336860;0,00000000
2,33292787;0,00000000;0,00000000
2,33303187;0,00000000;0,00000000
2,33313587;0,00000000;-0,01734744
2,33323987;0,00000000;0,00000000
2,33334387;0,00000000;0,00000000
2,33344787;0,00000000;0,00000000
2,33355187;0,04336860;0,00000000
2,33365587;0,00000000;0,00000000
2,33375987;0,00000000;0,00000000
2,33386387;0,00000000;0,00000000
2,33396787;0,00000000;0,00000000
2,33407187;0,00000000;0,00000000
2,33417587;0,00000000;0,00000000
2,33427987;0,00000000;0,00000000
2,33438387;0,00000000;0,00000000
2,33448787;0,00000000;0,00000000
2,33459187;0,04336860;0,00000000
2,33469587;0,00000000;0,00000000
2,33479987;0,00000000;0,00000000
2,33490387;0,00000000;0,00000000
2,33500787;0,00000000;0,00000000
2,33511187;0,00000000;0,00000000
2,33521587;0,00000000;0,00000000
2,33531987;0,00000000;0,00000000
2,33542387;0,04336860;0,00000000
2,33552787;0,00000000;0,00000000
2,33563187;0,00000000;0,00000000
2,33573587;0,00000000;0,00000000
2,33583987;0,00000000;0,00000000
2,33594387;0,04336860;0,00000000
2,33604787;0,00000000;0,00000000
2,33615187;0,04336860;0,00000000
2,33625587;0,00000000;0,00000000
2,33635987;0,00000000;0,00000000
2,33646387;0,00000000;0,00000000
2,33656787;0,00000000;0,00000000
2,33667187;0,04336860;0,00000000
2,33677587;0,00000000;0,00000000
2,33687987;0,00000000;0,00000000
2,33698387;0,04336860;0,00000000
2,33708787;0,04336860;0,00000000
2,33719187;0,04336860;-0,01734744
2,33729587;0,00000000;0,00000000
2,33739987;0,00000000;0,00000000
2,33750387;0,00000000;0,00000000
2,33760787;0,04336860;0,00000000
2,33771187;0,00000000;0,00000000
2,33781587;0,04336860;0,00000000
2,33791987;0,00000000;0,00000000
2,33802387;0,00000000;0,00000000
2,33812787;0,00000000;0,00000000
2,33823187;0,00000000;0,00000000
2,33833587;0,00000000;0,00000000
2,33843987;0,00000000;-0,01734744
2,33854387;0,00000000;0,00000000
2,33864787;0,00000000;0,00000000
2,33875187;0,00000000;0,00000000
2,33885587;0,00000000;0,00000000
2,33895987;0,00000000;0,00000000
2,33906387;0,00000000;0,00000000
2,33916787;0,00000000;0,00000000
2,33927187;0,00000000;0,00000000
2,33937587;0,00000000;0,00000000
2,33947987;0,04336860;0,00000000
2,33958387;0,00000000;0,00000000
2,33968787;0,00000000;0,00000000
2,33979187;0,04336860;0,00000000
2,33989587;0,00000000;0,00000000
2,33999987;0,00000000;0,00000000
2,34010387;0,00000000;0,00000000
2,34020787;0,00000000;0,00000000
2,34031187;0,04336860;0,00000000
2,34041587;0,00000000;0,00000000
2,34051987;0,04336860;0,00000000
2,34062387;0,04336860;-0,01734744
2,34072787;0,00000000;0,00000000
2,34083187;0,00000000;0,00000000
2,34093587;0,00000000;0,00000000
2,34103987;0,00000000;0,00000000
2,34114387;0,00000000;0,00000000
2,34124787;0,00000000;0,00000000
2,34135187;0,00000000;0,00000000
2,34145587;0,00000000;0,00000000
2,34155987;0,00000000;0,00000000
2,34166387;0,00000000;0,00000000
2,34176787;0,00000000;0,00000000
2,34187187;0,00000000;0,00000000
2,34197587;0,00000000;-0,01734744
2,34207987;0,04336860;0,00000000
2,34218387;0,00000000;0,00000000
2,34228787;0,00000000;0,00000000
2,34239187;0,00000000;0,00000000
2,34249587;0,04336860;0,00000000
2,34259987;0,04336860;0,00000000
2,34270387;0,00000000;0,00000000
2,34280787;0,00000000;0,00000000
2,34291187;0,00000000;-0,01734744
2,34301587;0,00000000;0,00000000
2,34311987;0,00000000;0,00000000
2,34322387;0,00000000;0,00000000
2,34332787;0,00000000;0,00000000
2,34343187;0,00000000;0,00000000
2,34353587;0,00000000;0,00000000
2,34363987;0,00000000;0,00000000
2,34374387;0,00000000;0,00000000
2,34384787;0,00000000;0,00000000
2,34395187;0,00000000;0,00000000
2,34405587;0,00000000;0,00000000
2,34415987;0,00000000;0,00000000
2,34426387;0,00000000;0,00000000
2,34436787;0,00000000;0,00000000
2,34447187;0,04336860;0,00000000
2,34457587;0,00000000;0,00000000
2,34467987;0,00000000;0,00000000
2,34478387;0,04336860;0,00000000
2,34488787;0,04336860;0,00000000
2,34499187;0,00000000;0,00000000
2,34509587;0,00000000;0,00000000
2,34519987;0,00000000;0,00000000
2,34530387;0,04336860;0,00000000
2,34540787;0,00000000;0,00000000
2,34551187;0,00000000;0,00000000
2,34561587;0,04336860;0,00000000
2,34571987;0,00000000;0,00000000
2,34582387;0,00000000;0,00000000
2,34592787;0,00000000;0,00000000
2,34603187;0,00000000;0,00000000
2,34613587;0,00000000;0,00000000
2,34623987;0,00000000;0,00000000
2,34634387;0,00000000;0,00000000
2,34644787;0,00000000;0,00000000
2,34655187;0,00000000;0,00000000
2,34665587;0,00000000;0,00000000
2,34675987;0,00000000;0,00000000
2,34686387;0,00000000;0,00000000
2,34696787;0,00000000;0,00000000
2,34707187;0,00000000;0,00000000
2,34717587;0,00000000;0,00000000
2,34727987;0,04336860;0,00000000
2,34738387;0,00000000;0,00000000
2,34748787;0,04336860;0,00000000
2,34759187;0,00000000;-0,01734744
2,34769587;0,00000000;0,00000000
2,34779987;0,00000000;0,00000000
2,34790387;0,04336860;0,00000000
2,34800787;0,00000000;0,00000000
2,34811187;0,00000000;0,00000000
2,34821587;0,00000000;0,00000000
2,34831987;0,00000000;0,00000000
2,34842387;0,00000000;0,00000000
2,34852787;0,00000000;0,00000000
2,34863187;0,00000000;0,00000000
2,34873587;0,04336860;0,00000000
2,34883987;0,00000000;0,00000000
2,34894387;0,00000000;0,00000000
2,34904787;0,00000000;0,00000000
2,34915187;0,00000000;0,00000000
2,34925587;0,00000000;0,00000000
2,34935987;0,00000000;0,00000000
2,34946387;0,00000000;0,00000000
2,34956787;0,00000000;0,00000000
2,34967187;0,00000000;0,00000000
2,34977587;0,00000000;0,00000000
2,34987987;0,00000000;0,00000000
2,34998387;0,00000000;0,00000000
2,35008787;0,00000000;0,00000000
2,35019187;0,04336860;0,00000000
2,35029587;0,00000000;0,00000000
2,35039987;0,00000000;0,00000000
2,35050387;0,04336860;0,00000000
2,35060787;0,00000000;0,00000000
2,35071187;0,00000000;0,00000000
2,35081587;0,04336860;0,00000000
2,35091987;0,04336860;0,00000000
2,35102387;0,00000000;0,00000000
2,35112787;0,04336860;0,00000000
2,35123187;0,00000000;0,00000000
2,35133587;0,00000000;-0,01734744
2,35143987;0,00000000;0,00000000
2,35154387;0,00000000;0,00000000
2,35164787;0,04336860;0,00000000
2,35175187;0,00000000;0,00000000
2,35185587;0,04336860;0,00000000
2,35195987;0,04336860;0,00000000
2,35206387;0,04336860;0,00000000
2,35216787;0,00000000;0,00000000
2,35227187;0,04336860;0,00000000
2,35237587;0,00000000;0,00000000
2,35247987;0,04336860;0,00000000
2,35258387;0,04336860;0,00000000
2,35268787;0,04336860;0,00000000
2,35279187;0,00000000;0,00000000
2,35289587;0,04336860;0,00000000
2,35299987;0,00000000;0,00000000
2,35310387;0,04336860;0,00000000
2,35320787;0,04336860;0,00000000
2,35331187;0,00000000;0,00000000
2,35341587;0,04336860;0,00000000
2,35351987;0,04336860;0,00000000
2,35362387;0,04336860;0,00000000
2,35372787;0,00000000;0,00000000
2,35383187;0,04336860;0,00000000
2,35393587;0,00000000;0,00000000
2,35403987;0,00000000;0,00000000
2,35414387;0,00000000;0,00000000
2,35424787;0,00000000;0,00000000
2,35435187;0,04336860;0,00000000
2,35445587;0,04336860;0,00000000
2,35455987;0,04336860;0,00000000
2,35466387;0,00000000;0,00000000
2,35476787;0,00000000;0,00000000
2,35487187;0,04336860;0,00000000
2,35497587;0,00000000;0,00000000
2,35507987;0,00000000;0,00000000
2,35518387;0,00000000;0,00000000
2,35528787;0,00000000;0,00000000
2,35539187;0,04336860;0,00000000
2,35549587;0,04336860;0,00000000
2,35559987;0,00000000;0,00000000
2,35570387;0,00000000;0,00000000
2,35580787;0,00000000;0,00000000
2,35591187;0,04336860;0,00000000
2,35601587;0,00000000;0,00000000
2,35611987;0,00000000;0,00000000
2,35622387;0,00000000;0,00000000
2,35632787;0,00000000;0,00000000
2,35643187;0,00000000;0,00000000
2,35653587;0,04336860;0,00000000
2,35663987;0,00000000;0,00000000
2,35674387;0,00000000;0,00000000
2,35684787;0,00000000;0,00000000
2,35695187;0,00000000;0,00000000
2,35705587;0,04336860;0,00000000
2,35715987;0,00000000;0,00000000
2,35726387;0,00000000;0,00000000
2,35736787;0,00000000;0,00000000
2,35747187;0,04336860;0,00000000
2,35757587;0,00000000;0,00000000
2,35767987;0,00000000;0,00000000
2,35778387;0,00000000;0,00000000
2,35788787;0,00000000;0,00000000
2,35799187;0,00000000;0,00000000
2,35809587;0,04336860;0,00000000
2,35819987;0,00000000;0,00000000
2,35830387;0,00000000;0,00000000
2,35840787;0,00000000;0,00000000
2,35851187;0,00000000;0,00000000
2,35861587;0,00000000;0,00000000
2,35871987;0,00000000;0,00000000
2,35882387;0,00000000;0,00000000
2,35892787;0,04336860;0,00000000
2,35903187;0,00000000;0,00000000
2,35913587;0,00000000;0,00000000
2,35923987;0,00000000;0,00000000
2,35934387;0,00000000;0,00000000
2,35944787;0,00000000;0,00000000
2,35955187;0,00000000;0,00000000
2,35965587;0,00000000;0,00000000
2,35975987;0,04336860;0,00000000
2,35986387;0,00000000;0,00000000
2,35996787;0,04336860;0,00000000
2,36007187;0,00000000;0,00000000
2,36017587;0,00000000;0,00000000
2,36027987;0,00000000;0,00000000
2,36038387;0,00000000;0,00000000
2,36048787;0,00000000;0,00000000
2,36059187;0,04336860;0,00000000
2,36069587;0,00000000;0,00000000
2,36079987;0,04336860;0,00000000
2,36090387;0,00000000;0,00000000
2,36100787;0,00000000;0,00000000
2,36111187;0,00000000;0,00000000
2,36121587;0,00000000;0,00000000
2,36131987;0,00000000;0,00000000
2,36142387;0,00000000;0,00000000
2,36152787;0,00000000;0,00000000
2,36163187;0,00000000;0,00000000
2,36173587;0,00000000;0,00000000
2,36183987;0,00000000;0,00000000
2,36194387;0,00000000;0,00000000
2,36204787;0,00000000;0,00000000
2,36215187;0,00000000;0,00000000
2,36225587;0,00000000;0,00000000
2,36235987;0,00000000;0,00000000
2,36246387;0,00000000;0,00000000
2,36256787;0,00000000;0,00000000
2,36267187;0,04336860;-0,01734744
2,36277587;0,00000000;0,00000000
2,36287987;0,00000000;0,00000000
2,36298387;0,04336860;0,00000000
2,36308787;0,00000000;0,00000000
2,36319187;0,00000000;0,00000000
2,36329587;0,00000000;0,00000000
2,36339987;0,00000000;0,00000000
2,36350387;0,00000000;0,00000000
2,36360787;0,00000000;0,00000000
2,36371187;0,04336860;0,00000000
2,36381587;0,04336860;-0,01734744
2,36391987;0,00000000;0,00000000
2,36402387;0,04336860;0,00000000
2,36412787;0,00000000;0,00000000
2,36423187;0,00000000;0,00000000
2,36433587;0,00000000;0,00000000
2,36443987;0,00000000;0,00000000
2,36454387;0,04336860;0,00000000
2,36464787;0,00000000;0,00000000
2,36475187;0,04336860;0,00000000
2,36485587;0,04336860;0,00000000
2,36495987;0,00000000;0,00000000
2,36506387;0,00000000;0,00000000
2,36516787;0,00000000;0,00000000
2,36527187;0,00000000;0,00000000
2,36537587;0,04336860;0,00000000
2,36547987;0,00000000;0,00000000
2,36558387;0,04336860;0,00000000
2,36568787;0,00000000;0,00000000
2,36579187;0,00000000;0,00000000
2,36589587;0,00000000;0,00000000
2,36599987;0,04336860;0,00000000
2,36610387;0,04336860;0,00000000
2,36620787;0,00000000;0,00000000
2,36631187;0,00000000;0,00000000
2,36641587;0,00000000;0,00000000
2,36651987;0,00000000;0,00000000
2,36662387;0,00000000;0,00000000
2,36672787;0,00000000;0,00000000
2,36683187;0,00000000;0,00000000
2,36693587;0,00000000;0,00000000
2,36703987;0,04336860;0,00000000
2,36714387;0,04336860;0,00000000
2,36724787;0,04336860;0,00000000
2,36735187;0,00000000;-0,01734744
2,36745587;0,00000000;0,00000000
2,36755987;0,00000000;0,00000000
2,36766387;0,04336860;0,00000000
2,36776787;0,00000000;0,00000000
2,36787187;0,00000000;0,00000000
2,36797587;0,00000000;0,00000000
2,36807987;0,00000000;0,00000000
2,36818387;0,00000000;0,00000000
2,36828787;0,00000000;0,00000000
2,36839187;0,00000000;0,00000000
2,36849587;0,04336860;0,00000000
2,36859987;0,00000000;0,00000000
2,36870387;0,00000000;0,00000000
2,36880787;0,00000000;0,00000000
2,36891187;0,04336860;0,00000000
2,36901587;0,00000000;0,00000000
2,36911987;0,00000000;0,00000000
2,36922387;0,04336860;0,00000000
2,36932787;0,00000000;0,00000000
2,36943187;0,00000000;0,00000000
2,36953587;0,00000000;0,00000000
2,36963987;0,00000000;0,00000000
2,36974387;0,04336860;0,00000000
2,36984787;0,00000000;0,00000000
2,36995187;0,00000000;0,00000000
2,37005587;0,04336860;0,00000000
2,37015987;0,00000000;0,00000000
2,37026387;0,00000000;0,00000000
2,37036787;0,00000000;0,00000000
2,37047187;0,04336860;0,00000000
2,37057587;0,00000000;0,00000000
2,37067987;0,00000000;0,00000000
2,37078387;0,00000000;0,00000000
2,37088787;0,04336860;0,00000000
2,37099187;0,00000000;0,00000000
2,37109587;0,00000000;0,00000000
2,37119987;0,00000000;0,00000000
2,37130387;0,00000000;0,00000000
2,37140787;0,04336860;0,00000000
2,37151187;0,00000000;0,00000000
2,37161587;0,00000000;0,00000000
2,37171987;0,04336860;0,00000000
2,37182387;0,00000000;0,00000000
2,37192787;0,00000000;0,00000000
2,37203187;0,00000000;0,00000000
2,37213587;0,00000000;0,00000000
2,37223987;0,04336860;0,00000000
2,37234387;0,00000000;0,00000000
2,37244787;0,00000000;0,00000000
2,37255187;0,04336860;0,00000000
2,37265587;0,04336860;0,00000000
2,37275987;0,04336860;0,00000000
2,37286387;0,04336860;0,00000000
2,37296787;0,00000000;0,00000000
2,37307187;0,00000000;0,00000000
2,37317587;0,00000000;0,00000000
2,37327987;0,00000000;0,00000000
2,37338387;0,04336860;0,00000000
2,37348787;0,00000000;0,00000000
2,37359187;0,00000000;0,00000000
2,37369587;0,04336860;0,00000000
2,37379987;0,00000000;0,00000000
2,37390387;0,04336860;0,00000000
2,37400787;0,04336860;0,00000000
2,37411187;0,00000000;0,00000000
2,37421587;0,00000000;0,00000000
2,37431987;0,04336860;0,00000000
2,37442387;0,04336860;0,00000000
2,37452787;0,04336860;0,00000000
2,37463187;0,04336860;0,00000000
2,37473587;0,00000000;0,00000000
2,37483987;0,00000000;0,00000000
2,37494387;0,04336860;0,00000000
2,37504787;0,00000000;0,00000000
2,37515187;0,00000000;0,00000000
2,37525587;0,00000000;0,00000000
2,37535987;0,00000000;-0,01734744
2,37546387;0,00000000;0,00000000
2,37556787;0,04336860;0,00000000
2,37567187;0,00000000;0,00000000
2,37577587;0,04336860;0,00000000
2,37587987;0,00000000;0,00000000
2,37598387;0,00000000;0,00000000
2,37608787;0,00000000;0,00000000
2,37619187;0,00000000;0,00000000
2,37629587;0,00000000;0,00000000
2,37639987;0,00000000;0,00000000
2,37650387;0,04336860;0,00000000
2,37660787;0,00000000;0,00000000
2,37671187;0,00000000;0,00000000
2,37681587;0,00000000;0,00000000
2,37691987;0,00000000;-0,01734744
2,37702387;0,04336860;0,00000000
2,37712787;0,00000000;0,00000000
2,37723187;0,00000000;0,00000000
2,37733587;0,00000000;0,00000000
2,37743987;0,00000000;0,00000000
2,37754387;0,04336860;0,00000000
2,37764787;0,04336860;0,00000000
2,37775187;0,00000000;0,00000000
2,37785587;0,00000000;0,00000000
2,37795987;0,04336860;0,00000000
2,37806387;0,00000000;0,00000000
2,37816787;0,04336860;0,00000000
2,37827187;0,00000000;0,00000000
2,37837587;0,00000000;0,00000000
2,37847987;0,00000000;0,00000000
2,37858387;0,00000000;0,00000000
2,37868787;0,04336860;0,00000000
2,37879187;0,04336860;0,00000000
2,37889587;0,00000000;0,00000000
2,37899987;0,04336860;0,00000000
2,37910387;0,00000000;0,00000000
2,37920787;0,00000000;0,00000000
2,37931187;0,00000000;0,00000000
2,37941587;0,00000000;-0,01734744
2,37951987;0,00000000;0,00000000
2,37962387;0,04336860;0,00000000
2,37972787;0,00000000;0,00000000
2,37983187;0,04336860;0,00000000
2,37993587;0,04336860;0,00000000
2,38003987;0,00000000;0,00000000
2,38014387;0,00000000;0,00000000
2,38024787;0,00000000;0,00000000
2,38035187;0,04336860;0,00000000
2,38045587;0,00000000;0,00000000
2,38055987;0,00000000;0,00000000
2,38066387;0,00000000;-0,01734744
2,38076787;0,04336860;0,00000000
2,38087187;0,04336860;0,00000000
2,38097587;0,00000000;0,00000000
2,38107987;0,00000000;0,00000000
2,38118387;0,00000000;0,00000000
2,38128787;0,04336860;0,00000000
2,38139187;0,00000000;0,00000000
2,38149587;0,00000000;0,00000000
2,38159987;0,00000000;0,00000000
2,38170387;0,00000000;0,00000000
2,38180787;0,00000000;0,00000000
2,38191187;0,00000000;0,00000000
2,38201587;0,00000000;0,00000000
2,38211987;0,00000000;-0,01734744
2,38222387;0,00000000;0,00000000
2,38232787;0,04336860;0,00000000
2,38243187;0,04336860;0,00000000
2,38253587;0,04336860;0,00000000
2,38263987;0,04336860;0,00000000
2,38274387;0,00000000;0,00000000
2,38284787;0,04336860;0,00000000
2,38295187;0,00000000;0,00000000
2,38305587;0,04336860;0,00000000
2,38315987;0,00000000;0,00000000
2,38326387;0,00000000;0,00000000
2,38336787;0,00000000;0,00000000
2,38347187;0,00000000;0,00000000
2,38357587;0,04336860;0,00000000
2,38367987;0,00000000;0,00000000
2,38378387;0,04336860;0,00000000
2,38388787;0,00000000;0,00000000
2,38399187;0,00000000;0,00000000
2,38409587;0,00000000;0,00000000
2,38419987;0,00000000;0,00000000
2,38430387;0,04336860;0,00000000
2,38440787;0,00000000;0,00000000
2,38451187;0,04336860;0,00000000
2,38461587;0,00000000;0,00000000
2,38471987;0,00000000;0,00000000
2,38482387;0,00000000;0,00000000
2,38492787;0,04336860;0,00000000
2,38503187;0,00000000;0,00000000
2,38513587;0,00000000;0,00000000
2,38523987;0,04336860;0,00000000
2,38534387;0,00000000;0,00000000
2,38544787;0,00000000;-0,01734744
2,38555187;0,00000000;0,00000000
2,38565587;0,00000000;0,00000000
2,38575987;0,00000000;0,00000000
2,38586387;0,00000000;0,00000000
2,38596787;0,00000000;0,00000000
2,38607187;0,04336860;0,00000000
2,38617587;0,04336860;0,00000000
2,38627987;0,00000000;0,00000000
2,38638387;0,00000000;0,00000000
2,38648787;0,04336860;0,00000000
2,38659187;0,00000000;0,00000000
2,38669587;0,00000000;0,00000000
2,38679987;0,00000000;0,00000000
2,38690387;0,00000000;0,00000000
2,38700787;0,00000000;0,00000000
2,38711187;0,04336860;0,00000000
2,38721587;0,00000000;0,00000000
2,38731987;0,00000000;0,00000000
2,38742387;0,04336860;0,00000000
2,38752787;0,00000000;0,00000000
2,38763187;0,00000000;0,00000000
2,38773587;0,00000000;0,00000000
2,38783987;0,00000000;0,00000000
2,38794387;0,00000000;0,00000000
2,38804787;0,00000000;0,00000000
2,38815187;0,04336860;0,00000000
2,38825587;0,04336860;0,00000000
2,38835987;0,00000000;0,00000000
2,38846387;0,04336860;0,00000000
2,38856787;0,04336860;0,00000000
2,38867187;0,00000000;0,00000000
2,38877587;0,00000000;0,00000000
2,38887987;0,00000000;0,00000000
2,38898387;0,00000000;0,00000000
2,38908787;0,00000000;0,00000000
2,38919187;0,00000000;0,00000000
2,38929587;0,00000000;0,00000000
2,38939987;0,00000000;0,00000000
2,38950387;0,04336860;0,00000000
2,38960787;0,00000000;0,00000000
2,38971187;0,04336860;0,00000000
2,38981587;0,04336860;0,00000000
2,38991987;0,04336860;0,00000000
2,39002387;0,04336860;0,00000000
2,39012787;0,04336860;0,00000000
2,39023187;0,04336860;0,00000000
2,39033587;0,04336860;0,00000000
2,39043987;0,00000000;0,00000000
2,39054387;0,04336860;0,00000000
2,39064787;0,04336860;0,00000000
2,39075187;0,04336860;0,00000000
2,39085587;0,04336860;0,00000000
2,39095987;0,04336860;0,00000000
2,39106387;0,00000000;0,00000000
2,39116787;0,04336860;0,00000000
2,39127187;0,04336860;0,00000000
2,39137587;0,04336860;0,00000000
2,39147987;0,00000000;0,00000000
2,39158387;0,00000000;0,00000000
2,39168787;0,04336860;0,00000000
2,39179187;0,04336860;0,00000000
2,39189587;0,00000000;0,00000000
2,39199987;0,00000000;0,00000000
2,39210387;0,04336860;0,00000000
2,39220787;0,00000000;0,00000000
2,39231187;0,00000000;0,00000000
2,39241587;0,00000000;0,00000000
2,39251987;0,00000000;0,00000000
2,39262387;0,00000000;0,00000000
2,39272787;0,00000000;0,00000000
2,39283187;0,00000000;0,00000000
2,39293587;0,00000000;0,00000000
2,39303987;0,00000000;0,00000000
2,39314387;0,04336860;0,00000000
2,39324787;0,00000000;0,00000000
2,39335187;0,00000000;0,00000000
2,39345587;0,00000000;0,00000000
2,39355987;0,00000000;0,00000000
2,39366387;0,04336860;0,00000000
2,39376787;0,00000000;0,00000000
2,39387187;0,00000000;0,00000000
2,39397587;0,00000000;0,00000000
2,39407987;0,04336860;0,00000000
2,39418387;0,00000000;0,00000000
2,39428787;0,00000000;0,00000000
2,39439187;0,00000000;0,00000000
2,39449587;0,00000000;0,00000000
2,39459987;0,04336860;0,00000000
2,39470387;0,00000000;0,00000000
2,39480787;0,00000000;0,00000000
2,39491187;0,04336860;0,00000000
2,39501587;0,00000000;0,00000000
2,39511987;0,00000000;0,00000000
2,39522387;0,00000000;0,00000000
2,39532787;0,00000000;0,00000000
2,39543187;0,00000000;0,00000000
2,39553587;0,00000000;0,00000000
2,39563987;0,00000000;0,00000000
2,39574387;0,04336860;0,00000000
2,39584787;0,04336860;0,00000000
2,39595187;0,00000000;0,00000000
2,39605587;0,00000000;0,00000000
2,39615987;0,00000000;0,00000000
2,39626387;0,00000000;0,00000000
2,39636787;0,04336860;0,00000000
2,39647187;0,00000000;0,00000000
2,39657587;0,00000000;0,00000000
2,39667987;0,00000000;0,00000000
2,39678387;0,04336860;0,00000000
2,39688787;0,04336860;0,00000000
2,39699187;0,00000000;0,00000000
2,39709587;0,04336860;0,00000000
2,39719987;0,00000000;0,00000000
2,39730387;0,04336860;0,00000000
2,39740787;0,00000000;0,00000000
2,39751187;0,00000000;0,00000000
2,39761587;0,00000000;0,00000000
2,39771987;0,04336860;0,00000000
2,39782387;0,00000000;0,00000000
2,39792787;0,00000000;0,00000000
2,39803187;0,00000000;0,00000000
2,39813587;0,04336860;0,00000000
2,39823987;0,00000000;-0,01734744
2,39834387;0,00000000;0,00000000
2,39844787;0,00000000;0,00000000
2,39855187;0,04336860;0,00000000
2,39865587;0,00000000;0,00000000
2,39875987;0,04336860;-0,01734744
2,39886387;0,00000000;0,00000000
2,39896787;0,00000000;0,00000000
2,39907187;0,00000000;0,00000000
2,39917587;0,00000000;0,00000000
2,39927987;0,04336860;0,00000000
2,39938387;0,00000000;0,00000000
2,39948787;0,00000000;0,00000000
2,39959187;0,00000000;0,00000000
2,39969587;0,04336860;0,00000000
2,39979987;0,00000000;0,00000000
2,39990387;0,00000000;0,00000000
2,40000787;0,00000000;0,00000000
2,40011187;0,00000000;0,00000000
2,40021587;0,04336860;0,00000000
2,40031987;0,00000000;0,00000000
2,40042387;0,00000000;0,00000000
2,40052787;0,00000000;0,00000000
2,40063187;0,00000000;0,00000000
2,40073587;0,00000000;0,00000000
2,40083987;0,00000000;0,00000000
2,40094387;0,04336860;0,00000000
2,40104787;0,00000000;0,00000000
2,40115187;0,00000000;0,00000000
2,40125587;0,00000000;0,00000000
2,40135987;0,00000000;0,00000000
2,40146387;0,00000000;0,00000000
2,40156787;0,04336860;0,00000000
2,40167187;0,04336860;0,00000000
2,40177587;0,00000000;0,00000000
2,40187987;0,04336860;0,00000000
2,40198387;0,00000000;0,00000000
2,40208787;0,00000000;0,00000000
2,40219187;0,00000000;0,00000000
2,40229587;0,00000000;0,00000000
2,40239987;0,00000000;0,00000000
2,40250387;0,00000000;0,00000000
2,40260787;0,00000000;0,00000000
2,40271187;0,00000000;0,00000000
2,40281587;0,04336860;0,00000000
2,40291987;0,00000000;0,00000000
2,40302387;0,00000000;0,00000000
2,40312787;0,00000000;0,00000000
2,40323187;0,00000000;0,00000000
2,40333587;0,00000000;0,00000000
2,40343987;0,00000000;0,00000000
2,40354387;0,00000000;0,00000000
2,40364787;0,04336860;0,00000000
2,40375187;0,00000000;0,00000000
2,40385587;0,04336860;0,00000000
2,40395987;0,00000000;0,00000000
2,40406387;0,00000000;0,00000000
2,40416787;0,00000000;0,00000000
2,40427187;0,00000000;0,00000000
2,40437587;0,00000000;0,00000000
2,40447987;0,00000000;0,00000000
2,40458387;0,00000000;0,00000000
2,40468787;0,00000000;0,00000000
2,40479187;0,04336860;0,00000000
2,40489587;0,04336860;0,00000000
2,40499987;0,00000000;0,00000000
2,40510387;0,00000000;0,00000000
2,40520787;0,00000000;0,00000000
2,40531187;0,00000000;0,00000000
2,40541587;0,00000000;0,00000000
2,40551987;0,04336860;-0,01734744
2,40562387;0,00000000;0,00000000
2,40572787;0,00000000;0,00000000
2,40583187;0,00000000;0,00000000
2,40593587;0,00000000;0,00000000
2,40603987;0,04336860;0,00000000
2,40614387;0,00000000;0,00000000
2,40624787;0,00000000;0,00000000
2,40635187;0,04336860;0,00000000
2,40645587;0,00000000;0,00000000
2,40655987;0,00000000;0,00000000
2,40666387;0,00000000;0,00000000
2,40676787;0,00000000;0,00000000
2,40687187;0,00000000;0,00000000
2,40697587;0,00000000;0,00000000
2,40707987;0,04336860;0,00000000
2,40718387;0,00000000;0,00000000
2,40728787;0,00000000;0,00000000
2,40739187;0,00000000;0,00000000
2,40749587;0,04336860;0,00000000
2,40759987;0,00000000;0,00000000
2,40770387;0,00000000;0,00000000
2,40780787;0,04336860;0,00000000
2,40791187;0,00000000;0,00000000
2,40801587;0,04336860;0,00000000
2,40811987;0,00000000;0,00000000
2,40822387;0,04336860;0,00000000
2,40832787;0,00000000;0,00000000
2,40843187;0,04336860;0,00000000
2,40853587;0,00000000;0,00000000
2,40863987;0,04336860;0,00000000
2,40874387;0,00000000;0,00000000
2,40884787;0,00000000;0,00000000
2,40895187;0,00000000;0,00000000
2,40905587;0,00000000;0,00000000
2,40915987;0,00000000;0,00000000
2,40926387;0,00000000;0,00000000
2,40936787;0,00000000;0,00000000
2,40947187;0,04336860;-0,01734744
2,40957587;0,00000000;0,00000000
2,40967987;0,00000000;0,00000000
2,40978387;0,00000000;0,00000000
2,40988787;0,00000000;0,00000000
2,40999187;0,04336860;0,00000000
2,41009587;0,04336860;0,00000000
2,41019987;0,00000000;0,00000000
2,41030387;0,00000000;0,00000000
2,41040787;0,00000000;0,00000000
2,41051187;0,00000000;0,00000000
2,41061587;0,04336860;0,00000000
2,41071987;0,00000000;0,00000000
2,41082387;0,04336860;0,00000000
2,41092787;0,00000000;0,00000000
2,41103187;0,00000000;-0,01734744
2,41113587;0,00000000;0,00000000
2,41123987;0,00000000;0,00000000
2,41134387;0,00000000;0,00000000
2,41144787;0,00000000;0,00000000
2,41155187;0,04336860;0,00000000
2,41165587;0,00000000;0,00000000
2,41175987;0,00000000;0,00000000
2,41186387;0,04336860;-0,01734744
2,41196787;0,00000000;0,00000000
2,41207187;0,04336860;0,00000000
2,41217587;0,00000000;0,00000000
2,41227987;0,00000000;0,00000000
2,41238387;0,00000000;0,00000000
2,41248787;0,00000000;0,00000000
2,41259187;0,00000000;0,00000000
2,41269587;0,00000000;0,00000000
2,41279987;0,00000000;0,00000000
2,41290387;0,00000000;0,00000000
2,41300787;0,04336860;0,00000000
2,41311187;0,00000000;0,00000000
2,41321587;0,00000000;0,00000000
2,41331987;0,04336860;0,00000000
2,41342387;0,00000000;0,00000000
2,41352787;0,00000000;0,00000000
2,41363187;0,04336860;0,00000000
2,41373587;0,00000000;0,00000000
2,41383987;0,00000000;0,00000000
2,41394387;0,04336860;0,00000000
2,41404787;0,04336860;0,00000000
2,41415187;0,00000000;0,00000000
2,41425587;0,00000000;0,00000000
2,41435987;0,00000000;0,00000000
2,41446387;0,00000000;0,00000000
2,41456787;0,00000000;0,00000000
2,41467187;0,00000000;0,00000000
2,41477587;0,04336860;0,00000000
2,41487987;0,00000000;0,00000000
2,41498387;0,04336860;0,00000000
2,41508787;0,00000000;0,00000000
2,41519187;0,00000000;0,00000000
2,41529587;0,00000000;0,00000000
2,41539987;0,00000000;0,00000000
2,41550387;0,00000000;0,00000000
2,41560787;0,00000000;0,00000000
2,41571187;0,04336860;0,00000000
2,41581587;0,00000000;0,00000000
2,41591987;0,00000000;0,00000000
2,41602387;0,00000000;0,00000000
2,41612787;0,00000000;0,00000000
2,41623187;0,00000000;0,00000000
2,41633587;0,00000000;0,00000000
2,41643987;0,00000000;0,00000000
2,41654387;0,00000000;0,00000000
2,41664787;0,04336860;-0,01734744
2,41675187;0,00000000;0,00000000
2,41685587;0,00000000;-0,01734744
2,41695987;0,00000000;0,00000000
2,41706387;0,00000000;0,00000000
2,41716787;0,00000000;0,00000000
2,41727187;0,00000000;0,00000000
2,41737587;0,04336860;0,00000000
2,41747987;0,00000000;0,00000000
2,41758387;0,04336860;0,00000000
2,41768787;0,00000000;0,00000000
2,41779187;0,00000000;0,00000000
2,41789587;0,00000000;0,00000000
2,41799987;0,00000000;0,00000000
2,41810387;0,00000000;0,00000000
2,41820787;0,00000000;0,00000000
2,41831187;0,00000000;0,00000000
2,41841587;0,00000000;0,00000000
2,41851987;0,00000000;0,00000000
2,41862387;0,00000000;0,00000000
2,41872787;0,00000000;0,00000000
2,41883187;0,00000000;0,00000000
2,41893587;0,00000000;0,00000000
2,41903987;0,00000000;0,00000000
2,41914387;0,00000000;0,00000000
2,41924787;0,00000000;0,00000000
2,41935187;0,04336860;0,00000000
2,41945587;0,00000000;0,00000000
2,41955987;0,00000000;0,00000000
2,41966387;0,00000000;0,00000000
2,41976787;0,00000000;0,00000000
2,41987187;0,00000000;0,00000000
2,41997587;0,00000000;-0,01734744
2,42007987;0,00000000;0,00000000
2,42018387;0,00000000;0,00000000
2,42028787;0,04336860;0,00000000
2,42039187;0,00000000;0,00000000
2,42049587;0,00000000;0,00000000
2,42059987;0,00000000;0,00000000
2,42070387;0,00000000;0,00000000
2,42080787;0,04336860;0,00000000
2,42091187;0,00000000;0,00000000
2,42101587;0,00000000;0,00000000
2,42111987;0,00000000;0,00000000
2,42122387;0,00000000;0,00000000
2,42132787;0,00000000;0,00000000
2,42143187;0,04336860;0,00000000
2,42153587;0,00000000;0,00000000
2,42163987;0,00000000;0,00000000
2,42174387;0,00000000;0,00000000
2,42184787;0,04336860;-0,01734744
2,42195187;0,00000000;0,00000000
2,42205587;0,00000000;0,00000000
2,42215987;0,00000000;0,00000000
2,42226387;0,00000000;0,00000000
2,42236787;0,00000000;0,00000000
2,42247187;0,04336860;0,00000000
2,42257587;0,04336860;0,00000000
2,42267987;0,00000000;0,00000000
2,42278387;0,04336860;0,00000000
2,42288787;0,00000000;-0,01734744
2,42299187;0,00000000;0,00000000
2,42309587;0,04336860;0,00000000
2,42319987;0,00000000;0,00000000
2,42330387;0,00000000;0,00000000
2,42340787;0,00000000;0,00000000
2,42351187;0,00000000;0,00000000
2,42361587;0,04336860;0,00000000
2,42371987;0,00000000;0,00000000
2,42382387;0,00000000;0,00000000
2,42392787;0,00000000;0,00000000
2,42403187;0,00000000;0,00000000
2,42413587;0,04336860;0,00000000
2,42423987;0,04336860;0,00000000
2,42434387;0,00000000;0,00000000
2,42444787;0,00000000;0,00000000
2,42455187;0,00000000;0,00000000
2,42465587;0,00000000;0,00000000
2,42475987;0,00000000;0,00000000
2,42486387;0,00000000;0,00000000
2,42496787;0,00000000;0,00000000
2,42507187;0,00000000;0,00000000
2,42517587;0,00000000;0,00000000
2,42527987;0,00000000;0,00000000
2,42538387;0,00000000;0,00000000
2,42548787;0,00000000;0,00000000
2,42559187;0,04336860;0,00000000
2,42569587;0,04336860;0,00000000
2,42579987;0,00000000;0,00000000
2,42590387;0,00000000;0,00000000
2,42600787;0,04336860;0,00000000
2,42611187;0,00000000;0,00000000
2,42621587;0,00000000;0,00000000
2,42631987;0,00000000;0,00000000
2,42642387;0,00000000;0,00000000
2,42652787;0,00000000;0,00000000
2,42663187;0,00000000;0,00000000
2,42673587;0,00000000;0,00000000
2,42683987;0,04336860;0,00000000
2,42694387;0,00000000;0,00000000
2,42704787;0,00000000;0,00000000
2,42715187;0,00000000;0,00000000
2,42725587;0,04336860;0,00000000
2,42735987;0,04336860;0,00000000
2,42746387;0,00000000;0,00000000
2,42756787;0,00000000;0,00000000
2,42767187;0,00000000;0,00000000
2,42777587;0,00000000;0,00000000
2,42787987;0,00000000;0,00000000
2,42798387;0,04336860;0,00000000
2,42808787;0,00000000;0,00000000
2,42819187;0,00000000;0,00000000
2,42829587;0,00000000;0,00000000
2,42839987;0,04336860;0,00000000
2,42850387;0,00000000;0,00000000
2,42860787;0,04336860;0,00000000
2,42871187;0,00000000;0,00000000
2,42881587;0,00000000;0,00000000
2,42891987;0,00000000;0,00000000
2,42902387;0,04336860;0,00000000
2,42912787;0,04336860;0,00000000
2,42923187;0,00000000;0,00000000
2,42933587;0,00000000;0,00000000
2,42943987;0,00000000;0,00000000
2,42954387;0,00000000;0,00000000
2,42964787;0,00000000;0,00000000
2,42975187;0,00000000;0,00000000
2,42985587;0,00000000;0,00000000
2,42995987;0,04336860;0,00000000
2,43006387;0,00000000;-0,01734744
2,43016787;0,00000000;0,00000000
2,43027187;0,00000000;0,00000000
2,43037587;0,04336860;0,00000000
2,43047987;0,00000000;0,00000000
2,43058387;0,00000000;0,00000000
2,43068787;0,00000000;0,00000000
2,43079187;0,04336860;0,00000000
2,43089587;0,04336860;0,00000000
2,43099987;0,00000000;0,00000000
2,43110387;0,00000000;0,00000000
2,43120787;0,04336860;0,00000000
2,43131187;0,04336860;0,00000000
2,43141587;0,00000000;0,00000000
2,43151987;0,00000000;0,00000000
2,43162387;0,00000000;-0,01734744
2,43172787;0,00000000;0,00000000
2,43183187;0,00000000;0,00000000
2,43193587;0,00000000;0,00000000
2,43203987;0,04336860;0,00000000
2,43214387;0,00000000;0,00000000
2,43224787;0,00000000;0,00000000
2,43235187;0,00000000;0,00000000
2,43245587;0,00000000;0,00000000
2,43255987;0,00000000;0,00000000
2,43266387;0,00000000;0,00000000
2,43276787;0,04336860;0,00000000
2,43287187;0,04336860;0,00000000
2,43297587;0,00000000;0,00000000
2,43307987;0,00000000;0,00000000
2,43318387;0,00000000;0,00000000
2,43328787;0,00000000;0,00000000
2,43339187;0,00000000;0,00000000
2,43349587;0,04336860;0,00000000
2,43359987;0,00000000;0,00000000
2,43370387;0,00000000;0,00000000
2,43380787;0,00000000;0,00000000
2,43391187;0,00000000;0,00000000
2,43401587;0,04336860;0,00000000
2,43411987;0,04336860;0,00000000
2,43422387;0,04336860;0,00000000
2,43432787;0,04336860;0,00000000
2,43443187;0,04336860;0,00000000
2,43453587;0,00000000;0,00000000
2,43463987;0,00000000;0,00000000
2,43474387;0,00000000;0,00000000
2,43484787;0,04336860;0,00000000
2,43495187;0,00000000;0,00000000
2,43505587;0,00000000;0,00000000
2,43515987;0,00000000;0,00000000
2,43526387;0,04336860;0,00000000
2,43536787;0,00000000;0,00000000
2,43547187;0,04336860;0,00000000
2,43557587;0,04336860;0,00000000
2,43567987;0,04336860;0,00000000
2,43578387;0,00000000;0,00000000
2,43588787;0,00000000;0,00000000
2,43599187;0,00000000;0,00000000
2,43609587;0,04336860;0,00000000
2,43619987;0,00000000;0,00000000
2,43630387;0,00000000;0,00000000
2,43640787;0,04336860;0,00000000
2,43651187;0,04336860;0,00000000
2,43661587;0,00000000;0,00000000
2,43671987;0,00000000;0,00000000
2,43682387;0,00000000;0,00000000
2,43692787;0,00000000;0,00000000
2,43703187;0,00000000;0,00000000
2,43713587;0,00000000;0,00000000
2,43723987;0,00000000;0,00000000
2,43734387;0,00000000;0,00000000
2,43744787;0,00000000;0,00000000
2,43755187;0,00000000;0,00000000
2,43765587;0,00000000;0,00000000
2,43775987;0,04336860;0,00000000
2,43786387;0,00000000;0,00000000
2,43796787;0,00000000;0,00000000
2,43807187;0,00000000;0,00000000
2,43817587;0,04336860;0,00000000
2,43827987;0,00000000;0,00000000
2,43838387;0,00000000;0,00000000
2,43848787;0,04336860;0,00000000
2,43859187;0,00000000;0,00000000
2,43869587;0,00000000;0,00000000
2,43879987;0,04336860;0,00000000
2,43890387;0,04336860;0,00000000
2,43900787;0,00000000;0,00000000
2,43911187;0,04336860;0,00000000
2,43921587;0,00000000;0,00000000
2,43931987;0,00000000;0,00000000
2,43942387;0,04336860;0,00000000
2,43952787;0,04336860;0,00000000
2,43963187;0,04336860;0,00000000
2,43973587;0,04336860;-0,01734744
2,43983987;0,00000000;0,00000000
2,43994387;0,04336860;0,00000000
2,44004787;0,00000000;0,00000000
2,44015187;0,00000000;0,00000000
2,44025587;0,00000000;0,00000000
2,44035987;0,00000000;0,00000000
2,44046387;0,00000000;0,00000000
2,44056787;0,00000000;0,00000000
2,44067187;0,00000000;0,00000000
2,44077587;0,00000000;0,00000000
2,44087987;0,00000000;0,00000000
2,44098387;0,00000000;0,00000000
2,44108787;0,00000000;0,00000000
2,44119187;0,00000000;0,00000000
2,44129587;0,04336860;0,00000000
2,44139987;0,04336860;0,00000000
2,44150387;0,00000000;0,00000000
2,44160787;0,00000000;0,00000000
2,44171187;0,00000000;0,00000000
2,44181587;0,04336860;0,00000000
2,44191987;0,00000000;0,00000000
2,44202387;0,00000000;0,00000000
2,44212787;0,04336860;0,00000000
2,44223187;0,00000000;0,00000000
2,44233587;0,00000000;0,00000000
2,44243987;0,00000000;0,00000000
2,44254387;0,00000000;0,00000000
2,44264787;0,00000000;0,00000000
2,44275187;0,04336860;0,00000000
2,44285587;0,00000000;0,00000000
2,44295987;0,00000000;0,00000000
2,44306387;0,00000000;-0,01734744
2,44316787;0,00000000;0,00000000
2,44327187;0,00000000;0,00000000
2,44337587;0,00000000;0,00000000
2,44347987;0,00000000;0,00000000
2,44358387;0,00000000;0,00000000
2,44368787;0,00000000;0,00000000
2,44379187;0,00000000;0,00000000
2,44389587;0,00000000;0,00000000
2,44399987;0,00000000;0,00000000
2,44410387;0,04336860;0,00000000
2,44420787;0,04336860;0,00000000
2,44431187;0,00000000;0,00000000
2,44441587;0,04336860;0,00000000
2,44451987;0,04336860;0,00000000
2,44462387;0,04336860;0,00000000
2,44472787;0,00000000;0,00000000
2,44483187;0,04336860;0,00000000
2,44493587;0,00000000;0,00000000
2,44503987;0,00000000;0,00000000
2,44514387;0,00000000;0,00000000
2,44524787;0,00000000;0,00000000
2,44535187;0,04336860;0,00000000
2,44545587;0,00000000;0,00000000
2,44555987;0,00000000;-0,01734744
2,44566387;0,00000000;0,00000000
2,44576787;0,04336860;0,00000000
2,44587187;0,00000000;0,00000000
2,44597587;0,00000000;-0,01734744
2,44607987;0,00000000;0,00000000
2,44618387;0,04336860;0,00000000
2,44628787;0,04336860;0,00000000
2,44639187;0,00000000;0,00000000
2,44649587;0,00000000;0,00000000
2,44659987;0,00000000;0,00000000
2,44670387;0,04336860;0,00000000
2,44680787;0,00000000;-0,01734744
2,44691187;0,00000000;0,00000000
2,44701587;0,04336860;0,00000000
2,44711987;0,00000000;0,00000000
2,44722387;0,00000000;0,00000000
2,44732787;0,04336860;0,00000000
2,44743187;0,04336860;0,00000000
2,44753587;0,00000000;0,00000000
2,44763987;0,00000000;0,00000000
2,44774387;0,04336860;0,00000000
2,44784787;0,00000000;0,00000000
2,44795187;0,00000000;0,00000000
2,44805587;0,00000000;0,00000000
2,44815987;0,00000000;0,00000000
2,44826387;0,04336860;0,00000000
2,44836787;0,04336860;0,00000000
2,44847187;0,04336860;0,00000000
2,44857587;0,00000000;0,00000000
2,44867987;0,04336860;0,00000000
2,44878387;0,00000000;0,00000000
2,44888787;0,00000000;0,00000000
2,44899187;0,04336860;0,00000000
2,44909587;0,00000000;0,00000000
2,44919987;0,00000000;0,00000000
2,44930387;0,04336860;0,00000000
2,44940787;0,04336860;0,00000000
2,44951187;0,04336860;0,00000000
2,44961587;0,00000000;0,00000000
2,44971987;0,00000000;0,00000000
2,44982387;0,00000000;-0,01734744
2,44992787;0,04336860;0,00000000
2,45003187;0,00000000;-0,01734744
2,45013587;0,00000000;0,00000000
2,45023987;0,04336860;0,00000000
2,45034387;0,04336860;0,00000000
2,45044787;0,00000000;0,00000000
2,45055187;0,00000000;0,00000000
2,45065587;0,04336860;0,00000000
2,45075987;0,00000000;0,00000000
2,45086387;0,04336860;0,00000000
2,45096787;0,04336860;0,00000000
2,45107187;0,04336860;0,00000000
2,45117587;0,00000000;0,00000000
2,45127987;0,00000000;0,00000000
2,45138387;0,00000000;0,00000000
2,45148787;0,00000000;-0,01734744
2,45159187;0,00000000;0,00000000
2,45169587;0,04336860;0,00000000
2,45179987;0,00000000;0,00000000
2,45190387;0,00000000;0,00000000
2,45200787;0,04336860;0,00000000
2,45211187;0,00000000;0,00000000
2,45221587;0,00000000;0,00000000
2,45231987;0,04336860;0,00000000
2,45242387;0,00000000;0,00000000
2,45252787;0,04336860;0,00000000
2,45263187;0,00000000;0,00000000
2,45273587;0,00000000;0,00000000
2,45283987;0,00000000;0,00000000
2,45294387;0,04336860;0,00000000
2,45304787;0,00000000;0,00000000
2,45315187;0,00000000;0,00000000
2,45325587;0,00000000;0,00000000
2,45335987;0,00000000;0,00000000
2,45346387;0,00000000;0,00000000
2,45356787;0,00000000;0,00000000
2,45367187;0,00000000;0,00000000
2,45377587;0,00000000;0,00000000
2,45387987;0,00000000;0,00000000
2,45398387;0,00000000;0,00000000
2,45408787;0,04336860;0,00000000
2,45419187;0,04336860;0,00000000
2,45429587;0,00000000;0,00000000
2,45439987;0,00000000;0,00000000
2,45450387;0,00000000;0,00000000
2,45460787;0,04336860;0,00000000
2,45471187;0,04336860;0,00000000
2,45481587;0,00000000;0,00000000
2,45491987;0,00000000;0,00000000
2,45502387;0,00000000;0,00000000
2,45512787;0,00000000;0,00000000
2,45523187;0,00000000;0,00000000
2,45533587;0,00000000;0,00000000
2,45543987;0,00000000;0,00000000
2,45554387;0,00000000;0,00000000
2,45564787;0,00000000;0,00000000
2,45575187;0,00000000;0,00000000
2,45585587;0,00000000;0,00000000
2,45595987;0,00000000;0,00000000
2,45606387;0,04336860;0,00000000
2,45616787;0,04336860;0,00000000
2,45627187;0,00000000;0,00000000
2,45637587;0,04336860;0,00000000
2,45647987;0,04336860;0,00000000
2,45658387;0,04336860;0,00000000
2,45668787;0,04336860;0,00000000
2,45679187;0,00000000;0,00000000
2,45689587;0,00000000;0,00000000
2,45699987;0,04336860;0,00000000
2,45710387;0,00000000;0,00000000
2,45720787;0,00000000;0,00000000
2,45731187;0,00000000;0,00000000
2,45741587;0,00000000;0,00000000
2,45751987;0,04336860;0,00000000
2,45762387;0,00000000;0,00000000
2,45772787;0,00000000;0,00000000
2,45783187;0,00000000;0,00000000
2,45793587;0,00000000;0,00000000
2,45803987;0,00000000;-0,01734744
2,45814387;0,04336860;0,00000000
2,45824787;0,00000000;0,00000000
2,45835187;0,04336860;0,00000000
2,45845587;0,00000000;0,00000000
2,45855987;0,00000000;0,00000000
2,45866387;0,00000000;0,00000000
2,45876787;0,00000000;0,00000000
2,45887187;0,00000000;0,00000000
2,45897587;0,04336860;0,00000000
2,45907987;0,00000000;0,00000000
2,45918387;0,04336860;0,00000000
2,45928787;0,00000000;0,00000000
2,45939187;0,04336860;0,00000000
2,45949587;0,00000000;0,00000000
2,45959987;0,04336860;0,00000000
2,45970387;0,00000000;0,00000000
2,45980787;0,04336860;0,00000000
2,45991187;0,00000000;0,00000000
2,46001587;0,04336860;0,00000000
2,46011987;0,04336860;0,00000000
2,46022387;0,04336860;0,00000000
2,46032787;0,00000000;0,00000000
2,46043187;0,00000000;0,00000000
2,46053587;0,04336860;0,00000000
2,46063987;0,00000000;0,00000000
2,46074387;0,00000000;0,00000000
2,46084787;0,04336860;-0,01734744
2,46095187;0,04336860;0,00000000
2,46105587;0,00000000;0,00000000
2,46115987;0,00000000;0,00000000
2,46126387;0,04336860;0,00000000
2,46136787;0,00000000;0,00000000
2,46147187;0,00000000;0,00000000
2,46157587;0,00000000;0,00000000
2,46167987;0,00000000;0,00000000
2,46178387;0,00000000;0,00000000
2,46188787;0,00000000;0,00000000
2,46199187;0,04336860;0,00000000
2,46209587;0,00000000;0,00000000
2,46219987;0,00000000;0,00000000
2,46230387;0,00000000;0,00000000
2,46240787;0,04336860;0,00000000
2,46251187;0,04336860;0,00000000
2,46261587;0,00000000;0,00000000
2,46271987;0,00000000;0,00000000
2,46282387;0,00000000;0,00000000
2,46292787;0,00000000;0,00000000
2,46303187;0,00000000;0,00000000
2,46313587;0,04336860;0,00000000
2,46323987;0,00000000;0,00000000
2,46334387;0,00000000;0,00000000
2,46344787;0,00000000;0,00000000
2,46355187;0,00000000;-0,01734744
2,46365587;0,00000000;0,00000000
2,46375987;0,00000000;0,00000000
2,46386387;0,00000000;0,00000000
2,46396787;0,04336860;0,00000000
2,46407187;0,00000000;0,00000000
2,46417587;0,04336860;0,00000000
2,46427987;0,00000000;0,00000000
2,46438387;0,00000000;0,00000000
2,46448787;0,04336860;0,00000000
2,46459187;0,04336860;0,00000000
2,46469587;0,00000000;0,00000000
2,46479987;0,00000000;0,00000000
2,46490387;0,00000000;0,00000000
2,46500787;0,00000000;0,00000000
2,46511187;0,00000000;0,00000000
2,46521587;0,00000000;0,00000000
2,46531987;0,04336860;0,00000000
2,46542387;0,00000000;0,00000000
2,46552787;0,00000000;0,00000000
2,46563187;0,00000000;0,00000000
2,46573587;0,00000000;0,00000000
2,46583987;0,04336860;0,00000000
2,46594387;0,00000000;0,00000000
2,46604787;0,00000000;0,00000000
2,46615187;0,00000000;-0,01734744
2,46625587;0,00000000;0,00000000
2,46635987;0,00000000;0,00000000
2,46646387;0,00000000;0,00000000
2,46656787;0,04336860;0,00000000
2,46667187;0,04336860;0,00000000
2,46677587;0,04336860;0,00000000
2,46687987;0,00000000;0,00000000
2,46698387;0,04336860;0,00000000
2,46708787;0,04336860;0,00000000
2,46719187;0,00000000;0,00000000
2,46729587;0,04336860;0,00000000
2,46739987;0,00000000;-0,01734744
2,46750387;0,00000000;0,00000000
2,46760787;0,00000000;0,00000000
2,46771187;0,00000000;0,00000000
2,46781587;0,00000000;0,00000000
2,46791987;0,00000000;0,00000000
2,46802387;0,00000000;0,00000000
2,46812787;0,04336860;0,00000000
2,46823187;0,04336860;0,00000000
2,46833587;0,00000000;0,00000000
2,46843987;0,00000000;0,00000000
2,46854387;0,00000000;0,00000000
2,46864787;0,00000000;0,00000000
2,46875187;0,00000000;0,00000000
2,46885587;0,00000000;0,00000000
2,46895987;0,00000000;0,00000000
2,46906387;0,04336860;0,00000000
2,46916787;0,00000000;0,00000000
2,46927187;0,00000000;0,00000000
2,46937587;0,00000000;0,00000000
2,46947987;0,00000000;0,00000000
2,46958387;0,04336860;0,00000000
2,46968787;0,00000000;0,00000000
2,46979187;0,00000000;0,00000000
2,46989587;0,00000000;0,00000000
2,46999987;0,00000000;0,00000000
2,47010387;0,00000000;0,00000000
2,47020787;0,04336860;0,00000000
2,47031187;0,00000000;0,00000000
2,47041587;0,00000000;0,00000000
2,47051987;0,00000000;0,00000000
2,47062387;0,00000000;0,00000000
2,47072787;0,00000000;0,00000000
2,47083187;0,04336860;0,00000000
2,47093587;0,04336860;0,00000000
2,47103987;0,00000000;0,00000000
2,47114387;0,00000000;0,00000000
2,47124787;0,00000000;-0,01734744
2,47135187;0,00000000;0,00000000
2,47145587;0,00000000;0,00000000
2,47155987;0,00000000;0,00000000
2,47166387;0,00000000;0,00000000
2,47176787;0,00000000;0,00000000
2,47187187;0,00000000;0,00000000
2,47197587;0,00000000;0,00000000
2,47207987;0,00000000;0,00000000
2,47218387;0,00000000;0,00000000
2,47228787;0,00000000;0,00000000
2,47239187;0,04336860;0,00000000
2,47249587;0,00000000;0,00000000
2,47259987;0,00000000;0,00000000
2,47270387;0,04336860;0,00000000
2,47280787;0,04336860;0,00000000
2,47291187;0,04336860;0,00000000
2,47301587;0,00000000;0,00000000
2,47311987;0,00000000;0,00000000
2,47322387;0,04336860;0,00000000
2,47332787;0,00000000;0,00000000
2,47343187;0,00000000;0,00000000
2,47353587;0,00000000;0,00000000
2,47363987;0,00000000;-0,01734744
2,47374387;0,00000000;0,00000000
2,47384787;0,04336860;0,00000000
2,47395187;0,04336860;0,00000000
2,47405587;0,00000000;0,00000000
2,47415987;0,00000000;0,00000000
2,47426387;0,04336860;0,00000000
2,47436787;0,00000000;0,00000000
2,47447187;0,00000000;0,00000000
2,47457587;0,04336860;0,00000000
2,47467987;0,04336860;0,00000000
2,47478387;0,04336860;0,00000000
2,47488787;0,00000000;0,00000000
2,47499187;0,00000000;0,00000000
2,47509587;0,00000000;0,00000000
2,47519987;0,04336860;0,00000000
2,47530387;0,00000000;0,00000000
2,47540787;0,04336860;0,00000000
2,47551187;0,00000000;0,00000000
2,47561587;0,00000000;0,00000000
2,47571987;0,00000000;0,00000000
2,47582387;0,00000000;0,00000000
2,47592787;0,04336860;0,00000000
2,47603187;0,00000000;-0,01734744
2,47613587;0,04336860;0,00000000
2,47623987;0,04336860;0,00000000
2,47634387;0,00000000;0,00000000
2,47644787;0,04336860;0,00000000
2,47655187;0,00000000;0,00000000
2,47665587;0,00000000;0,00000000
2,47675987;0,00000000;-0,01734744
2,47686387;0,04336860;0,00000000
2,47696787;0,00000000;0,00000000
2,47707187;0,04336860;0,00000000
2,47717587;0,00000000;0,00000000
2,47727987;0,00000000;0,00000000
2,47738387;0,00000000;0,00000000
2,47748787;0,04336860;0,00000000
2,47759187;0,00000000;0,00000000
2,47769587;0,00000000;0,00000000
2,47779987;0,00000000;0,00000000
2,47790387;0,00000000;0,00000000
2,47800787;0,04336860;0,00000000
2,47811187;0,00000000;0,00000000
2,47821587;0,00000000;0,00000000
2,47831987;0,00000000;0,00000000
2,47842387;0,00000000;0,00000000
2,47852787;0,00000000;0,00000000
2,47863187;0,00000000;0,00000000
2,47873587;0,00000000;0,00000000
2,47883987;0,00000000;0,00000000
2,47894387;0,00000000;0,00000000
2,47904787;0,04336860;0,00000000
2,47915187;0,00000000;0,00000000
2,47925587;0,00000000;0,00000000
2,47935987;0,00000000;0,00000000
2,47946387;0,00000000;0,00000000
2,47956787;0,00000000;0,00000000
2,47967187;0,00000000;0,00000000
2,47977587;0,04336860;0,00000000
2,47987987;0,00000000;0,00000000
2,47998387;0,00000000;0,00000000
2,48008787;0,00000000;-0,01734744
2,48019187;0,04336860;0,00000000
2,48029587;0,00000000;0,00000000
2,48039987;0,00000000;0,00000000
2,48050387;0,00000000;0,00000000
2,48060787;0,04336860;0,00000000
2,48071187;0,00000000;0,00000000
2,48081587;0,00000000;0,00000000
2,48091987;0,04336860;0,00000000
2,48102387;0,00000000;0,00000000
2,48112787;0,04336860;0,00000000
2,48123187;0,00000000;0,00000000
2,48133587;0,00000000;0,00000000
2,48143987;0,00000000;0,00000000
2,48154387;0,00000000;0,00000000
2,48164787;0,04336860;0,00000000
2,48175187;0,00000000;0,00000000
2,48185587;0,04336860;0,00000000
2,48195987;0,00000000;0,00000000
2,48206387;0,00000000;0,00000000
2,48216787;0,00000000;0,00000000
2,48227187;0,04336860;0,00000000
2,48237587;0,04336860;0,00000000
2,48247987;0,04336860;0,00000000
2,48258387;0,04336860;0,00000000
2,48268787;0,00000000;0,00000000
2,48279187;0,00000000;0,00000000
2,48289587;0,00000000;0,00000000
2,48299987;0,00000000;0,00000000
2,48310387;0,04336860;0,00000000
2,48320787;0,04336860;0,00000000
2,48331187;0,04336860;0,00000000
2,48341587;0,00000000;0,00000000
2,48351987;0,00000000;-0,01734744
2,48362387;0,00000000;0,00000000
2,48372787;0,00000000;0,00000000
2,48383187;0,04336860;0,00000000
2,48393587;0,04336860;0,00000000
2,48403987;0,00000000;0,00000000
2,48414387;0,04336860;0,00000000
2,48424787;0,00000000;0,00000000
2,48435187;0,00000000;0,00000000
2,48445587;0,00000000;0,00000000
2,48455987;0,00000000;0,00000000
2,48466387;0,04336860;0,00000000
2,48476787;0,00000000;0,00000000
2,48487187;0,00000000;0,00000000
2,48497587;0,04336860;0,00000000
2,48507987;0,00000000;0,00000000
2,48518387;0,00000000;0,00000000
2,48528787;0,00000000;0,00000000
2,48539187;0,00000000;0,00000000
2,48549587;0,00000000;0,00000000
2,48559987;0,00000000;0,00000000
2,48570387;0,04336860;0,00000000
2,48580787;0,00000000;0,00000000
2,48591187;0,00000000;0,00000000
2,48601587;0,04336860;0,00000000
2,48611987;0,00000000;0,00000000
2,48622387;0,00000000;0,00000000
2,48632787;0,00000000;0,00000000
2,48643187;0,00000000;0,00000000
2,48653587;0,00000000;0,00000000
2,48663987;0,00000000;0,00000000
2,48674387;0,00000000;0,00000000
2,48684787;0,00000000;0,00000000
2,48695187;0,00000000;0,00000000
2,48705587;0,00000000;0,00000000
2,48715987;0,00000000;0,00000000
2,48726387;0,04336860;0,00000000
2,48736787;0,00000000;0,00000000
2,48747187;0,00000000;0,00000000
2,48757587;0,00000000;0,00000000
2,48767987;0,04336860;0,00000000
2,48778387;0,04336860;0,00000000
2,48788787;0,00000000;0,00000000
2,48799187;0,00000000;0,00000000
2,48809587;0,00000000;-0,01734744
2,48819987;0,00000000;0,00000000
2,48830387;0,04336860;0,00000000
2,48840787;0,00000000;-0,01734744
2,48851187;0,04336860;0,00000000
2,48861587;0,04336860;0,00000000
2,48871987;0,00000000;0,00000000
2,48882387;0,00000000;0,00000000
2,48892787;0,00000000;0,00000000
2,48903187;0,00000000;0,00000000
2,48913587;0,00000000;0,00000000
2,48923987;0,00000000;0,00000000
2,48934387;0,04336860;0,00000000
2,48944787;0,04336860;0,00000000
2,48955187;0,00000000;0,00000000
2,48965587;0,04336860;0,00000000
2,48975987;0,00000000;0,00000000
2,48986387;0,04336860;0,00000000
2,48996787;0,00000000;0,00000000
2,49007187;0,00000000;0,00000000
2,49017587;0,00000000;0,00000000
2,49027987;0,00000000;0,00000000
2,49038387;0,00000000;0,00000000
2,49048787;0,00000000;0,00000000
2,49059187;0,00000000;0,00000000
2,49069587;0,00000000;0,00000000
2,49079987;0,00000000;0,00000000
2,49090387;0,00000000;0,00000000
2,49100787;0,04336860;0,00000000
2,49111187;0,00000000;0,00000000
2,49121587;0,00000000;0,00000000
2,49131987;0,04336860;0,00000000
2,49142387;0,04336860;0,00000000
2,49152787;0,00000000;-0,01734744
2,49163187;0,00000000;0,00000000
2,49173587;0,00000000;0,00000000
2,49183987;0,00000000;0,00000000
2,49194387;0,04336860;-0,01734744
2,49204787;0,00000000;0,00000000
2,49215187;0,00000000;0,00000000
2,49225587;0,00000000;0,00000000
2,49235987;0,00000000;0,00000000
2,49246387;0,04336860;0,00000000
2,49256787;0,00000000;0,00000000
2,49267187;0,04336860;0,00000000
2,49277587;0,00000000;0,00000000
2,49287987;0,04336860;0,00000000
2,49298387;0,04336860;0,00000000
2,49308787;0,04336860;0,00000000
2,49319187;0,04336860;0,00000000
2,49329587;0,00000000;-0,01734744
2,49339987;0,00000000;0,00000000
2,49350387;0,00000000;0,00000000
2,49360787;0,00000000;0,00000000
2,49371187;0,00000000;0,00000000
2,49381587;0,00000000;0,00000000
2,49391987;0,00000000;0,00000000
2,49402387;0,04336860;0,00000000
2,49412787;0,00000000;0,00000000
2,49423187;0,00000000;0,00000000
2,49433587;0,00000000;0,00000000
2,49443987;0,04336860;0,00000000
2,49454387;0,04336860;0,00000000
2,49464787;0,00000000;0,00000000
2,49475187;0,00000000;0,00000000
2,49485587;0,00000000;0,00000000
2,49495987;0,00000000;0,00000000
2,49506387;0,00000000;0,00000000
2,49516787;0,00000000;0,00000000
2,49527187;0,00000000;0,00000000
2,49537587;0,00000000;0,00000000
2,49547987;0,00000000;0,00000000
2,49558387;0,00000000;0,00000000
2,49568787;0,00000000;0,00000000
2,49579187;0,00000000;0,00000000
2,49589587;0,00000000;0,00000000
2,49599987;0,00000000;0,00000000
2,49610387;0,04336860;0,00000000
2,49620787;0,04336860;0,00000000
2,49631187;0,04336860;0,00000000
2,49641587;0,00000000;0,00000000
2,49651987;0,00000000;0,00000000
2,49662387;0,00000000;0,00000000
2,49672787;0,00000000;0,00000000
2,49683187;0,04336860;0,00000000
2,49693587;0,00000000;0,00000000
2,49703987;0,04336860;0,00000000
2,49714387;0,00000000;0,00000000
2,49724787;0,00000000;0,00000000
2,49735187;0,00000000;0,00000000
2,49745587;0,04336860;0,00000000
2,49755987;0,00000000;0,00000000
2,49766387;0,00000000;0,00000000
2,49776787;0,00000000;0,00000000
2,49787187;0,00000000;0,00000000
2,49797587;0,00000000;0,00000000
2,49807987;0,00000000;0,00000000
2,49818387;0,04336860;0,00000000
2,49828787;0,00000000;0,00000000
2,49839187;0,00000000;0,00000000
2,49849587;0,00000000;0,00000000
2,49859987;0,04336860;-0,01734744
2,49870387;0,04336860;0,00000000
2,49880787;0,00000000;0,00000000
2,49891187;0,00000000;0,00000000
2,49901587;0,04336860;0,00000000
2,49911987;0,00000000;0,00000000
2,49922387;0,00000000;0,00000000
2,49932787;0,00000000;0,00000000
2,49943187;0,00000000;0,00000000
2,49953587;0,00000000;0,00000000
2,49963987;0,00000000;0,00000000
2,49974387;0,00000000;0,00000000
2,49984787;0,00000000;0,00000000
2,49995187;0,00000000;0,00000000
2,50005587;0,04336860;0,00000000
2,50015987;0,00000000;0,00000000
2,50026387;0,00000000;0,00000000
2,50036787;0,00000000;0,00000000
2,50047187;0,00000000;0,00000000
2,50057587;0,04336860;0,00000000
2,50067987;0,04336860;0,00000000
2,50078387;0,00000000;0,00000000
2,50088787;0,04336860;0,00000000
2,50099187;0,04336860;0,00000000
2,50109587;0,00000000;0,00000000
2,50119987;0,00000000;0,00000000
2,50130387;0,00000000;0,00000000
2,50140787;0,04336860;0,00000000
2,50151187;0,00000000;0,00000000
2,50161587;0,04336860;0,00000000
2,50171987;0,00000000;0,00000000
2,50182387;0,04336860;0,00000000
2,50192787;0,00000000;0,00000000
2,50203187;0,00000000;0,00000000
2,50213587;0,04336860;0,00000000
2,50223987;0,04336860;0,00000000
2,50234387;0,04336860;0,00000000
2,50244787;0,04336860;0,00000000
2,50255187;0,00000000;0,00000000
2,50265587;0,04336860;0,00000000
2,50275987;0,04336860;0,00000000
2,50286387;0,00000000;0,00000000
2,50296787;0,00000000;0,00000000
2,50307187;0,00000000;0,00000000
2,50317587;0,04336860;0,00000000
2,50327987;0,00000000;0,00000000
2,50338387;0,00000000;0,00000000
2,50348787;0,04336860;0,00000000
2,50359187;0,00000000;0,00000000
2,50369587;0,00000000;0,00000000
2,50379987;0,00000000;0,00000000
2,50390387;0,00000000;0,00000000
2,50400787;0,00000000;0,00000000
2,50411187;0,00000000;0,00000000
2,50421587;0,00000000;0,00000000
2,50431987;0,00000000;0,00000000
2,50442387;0,04336860;0,00000000
2,50452786;0,04336860;0,00000000
2,50463186;0,00000000;0,00000000
2,50473586;0,00000000;0,00000000
2,50483986;0,00000000;0,00000000
2,50494386;0,04336860;0,00000000
2,50504786;0,04336860;0,00000000
2,50515186;0,04336860;0,00000000
2,50525586;0,00000000;0,00000000
2,50535986;0,00000000;0,00000000
2,50546386;0,00000000;0,00000000
2,50556786;0,00000000;0,00000000
2,50567186;0,00000000;-0,01734744
2,50577586;0,00000000;0,00000000
2,50587986;0,00000000;0,00000000
2,50598386;0,00000000;0,00000000
2,50608786;0,00000000;0,00000000
2,50619186;0,00000000;0,00000000
2,50629586;0,00000000;-0,01734744
2,50639986;0,00000000;0,00000000
2,50650386;0,00000000;0,00000000
2,50660786;0,00000000;0,00000000
2,50671186;0,00000000;0,00000000
2,50681586;0,00000000;-0,01734744
2,50691986;0,00000000;0,00000000
2,50702386;0,00000000;0,00000000
2,50712786;0,00000000;0,00000000
2,50723186;0,00000000;0,00000000
2,50733586;0,00000000;0,00000000
2,50743986;0,00000000;0,00000000
2,50754386;0,04336860;0,00000000
2,50764786;0,00000000;0,00000000
2,50775186;0,00000000;0,00000000
2,50785586;0,00000000;0,00000000
2,50795986;0,04336860;0,00000000
2,50806386;0,00000000;0,00000000
2,50816786;0,00000000;0,00000000
2,50827186;0,00000000;0,00000000
2,50837586;0,04336860;0,00000000
2,50847986;0,00000000;0,00000000
2,50858386;0,00000000;0,00000000
2,50868786;0,00000000;0,00000000
2,50879186;0,00000000;0,00000000
2,50889586;0,00000000;0,00000000
2,50899986;0,04336860;0,00000000
2,50910386;0,00000000;0,00000000
2,50920786;0,04336860;0,00000000
2,50931186;0,00000000;0,00000000
2,50941586;0,00000000;0,00000000
2,50951986;0,00000000;0,00000000
2,50962386;0,00000000;0,00000000
2,50972786;0,00000000;0,00000000
2,50983186;0,00000000;0,00000000
2,50993586;0,00000000;-0,01734744
2,51003986;0,00000000;0,00000000
2,51014386;0,04336860;0,00000000
2,51024786;0,00000000;0,00000000
2,51035186;0,04336860;0,00000000
2,51045586;0,00000000;0,00000000
2,51055986;0,00000000;0,00000000
2,51066386;0,00000000;0,00000000
2,51076786;0,04336860;0,00000000
2,51087186;0,04336860;0,00000000
2,51097586;0,04336860;0,00000000
2,51107986;0,00000000;0,00000000
2,51118386;0,00000000;0,00000000
2,51128786;0,04336860;0,00000000
2,51139186;0,04336860;0,00000000
2,51149586;0,04336860;0,00000000
2,51159986;0,00000000;0,00000000
2,51170386;0,04336860;0,00000000
2,51180786;0,04336860;0,00000000
2,51191186;0,00000000;0,00000000
2,51201586;0,00000000;0,00000000
2,51211986;0,00000000;0,00000000
2,51222386;0,04336860;0,00000000
2,51232786;0,00000000;0,00000000
2,51243186;0,04336860;0,00000000
2,51253586;0,00000000;0,00000000
2,51263986;0,00000000;0,00000000
2,51274386;0,04336860;0,00000000
2,51284786;0,04336860;0,00000000
2,51295186;0,00000000;0,00000000
2,51305586;0,00000000;0,00000000
2,51315986;0,04336860;0,00000000
2,51326386;0,00000000;0,00000000
2,51336786;0,00000000;0,00000000
2,51347186;0,00000000;0,00000000
2,51357586;0,00000000;0,00000000
2,51367986;0,00000000;0,00000000
2,51378386;0,00000000;0,00000000
2,51388786;0,00000000;0,00000000
2,51399186;0,00000000;0,00000000
2,51409586;0,00000000;0,00000000
2,51419986;0,00000000;0,00000000
2,51430386;0,00000000;0,00000000
2,51440786;0,00000000;0,00000000
2,51451186;0,00000000;0,00000000
2,51461586;0,00000000;-0,01734744
2,51471986;0,00000000;0,00000000
2,51482386;0,00000000;0,00000000
2,51492786;0,00000000;0,00000000
2,51503186;0,00000000;0,00000000
2,51513586;0,04336860;0,00000000
2,51523986;0,00000000;0,00000000
2,51534386;0,00000000;0,00000000
2,51544786;0,00000000;0,00000000
2,51555186;0,00000000;0,00000000
2,51565586;0,00000000;0,00000000
2,51575986;0,00000000;0,00000000
2,51586386;0,00000000;0,00000000
2,51596786;0,00000000;0,00000000
2,51607186;0,00000000;0,00000000
2,51617586;0,04336860;0,00000000
2,51627986;0,00000000;0,00000000
2,51638386;0,00000000;0,00000000
2,51648786;0,00000000;0,00000000
2,51659186;0,00000000;0,00000000
2,51669586;0,00000000;0,00000000
2,51679986;0,00000000;0,00000000
2,51690386;0,00000000;0,00000000
2,51700786;0,00000000;0,00000000
2,51711186;0,04336860;0,00000000
2,51721586;0,00000000;0,00000000
2,51731986;0,00000000;0,00000000
2,51742386;0,00000000;0,00000000
2,51752786;0,00000000;0,00000000
2,51763186;0,00000000;0,00000000
2,51773586;0,00000000;0,00000000
2,51783986;0,00000000;0,00000000
2,51794386;0,00000000;0,00000000
2,51804786;0,00000000;0,00000000
2,51815186;0,04336860;0,00000000
2,51825586;0,00000000;0,00000000
2,51835986;0,04336860;0,00000000
2,51846386;0,00000000;0,00000000
2,51856786;0,00000000;0,00000000
2,51867186;0,04336860;0,00000000
2,51877586;0,00000000;0,00000000
2,51887986;0,00000000;0,00000000
2,51898386;0,00000000;0,00000000
2,51908786;0,00000000;0,00000000
2,51919186;0,00000000;0,00000000
2,51929586;0,00000000;0,00000000
2,51939986;0,00000000;0,00000000
2,51950386;0,00000000;0,00000000
2,51960786;0,00000000;0,00000000
2,51971186;0,00000000;0,00000000
2,51981586;0,00000000;0,00000000
2,51991986;0,00000000;0,00000000
2,52002386;0,00000000;-0,01734744
2,52012786;0,00000000;0,00000000
2,52023186;0,00000000;0,00000000
2,52033586;0,00000000;0,00000000
2,52043986;0,00000000;0,00000000
2,52054386;0,04336860;0,00000000
2,52064786;0,00000000;0,00000000
2,52075186;0,00000000;0,00000000
2,52085586;0,04336860;0,00000000
2,52095986;0,00000000;0,00000000
2,52106386;0,00000000;0,00000000
2,52116786;0,04336860;0,00000000
2,52127186;0,00000000;0,00000000
2,52137586;0,00000000;0,00000000
2,52147986;0,00000000;0,00000000
2,52158386;0,04336860;0,00000000
2,52168786;0,04336860;0,00000000
2,52179186;0,04336860;0,00000000
2,52189586;0,04336860;0,00000000
2,52199986;0,04336860;0,00000000
2,52210386;0,04336860;-0,01734744
2,52220786;0,00000000;0,00000000
2,52231186;0,00000000;0,00000000
2,52241586;0,00000000;0,00000000
2,52251986;0,00000000;0,00000000
2,52262386;0,04336860;0,00000000
2,52272786;0,04336860;0,00000000
2,52283186;0,04336860;0,00000000
2,52293586;0,00000000;0,00000000
2,52303986;0,00000000;0,00000000
2,52314386;0,00000000;0,00000000
2,52324786;0,00000000;0,00000000
2,52335186;0,00000000;0,00000000
2,52345586;0,04336860;0,00000000
2,52355986;0,04336860;0,00000000
2,52366386;0,04336860;0,00000000
2,52376786;0,00000000;0,00000000
2,52387186;0,00000000;0,00000000
2,52397586;0,00000000;0,00000000
2,52407986;0,00000000;0,00000000
2,52418386;0,00000000;0,00000000
2,52428786;0,00000000;0,00000000
2,52439186;0,00000000;0,00000000
2,52449586;0,00000000;0,00000000
2,52459986;0,04336860;0,00000000
2,52470386;0,04336860;0,00000000
2,52480786;0,04336860;0,00000000
2,52491186;0,00000000;0,00000000
2,52501586;0,04336860;0,00000000
2,52511986;0,04336860;0,00000000
2,52522386;0,04336860;0,00000000
2,52532786;0,04336860;0,00000000
2,52543186;0,00000000;0,00000000
2,52553586;0,00000000;0,00000000
2,52563986;0,04336860;0,00000000
2,52574386;0,00000000;0,00000000
2,52584786;0,04336860;0,00000000
2,52595186;0,00000000;0,00000000
2,52605586;0,00000000;0,00000000
2,52615986;0,00000000;0,00000000
2,52626386;0,00000000;0,00000000
2,52636786;0,04336860;0,00000000
2,52647186;0,04336860;0,00000000
2,52657586;0,00000000;0,00000000
2,52667986;0,00000000;0,00000000
2,52678386;0,00000000;0,00000000
2,52688786;0,04336860;0,00000000
2,52699186;0,04336860;-0,01734744
2,52709586;0,04336860;0,00000000
2,52719986;0,04336860;0,00000000
2,52730386;0,00000000;0,00000000
2,52740786;0,00000000;0,00000000
2,52751186;0,00000000;0,00000000
2,52761586;0,00000000;0,00000000
2,52771986;0,00000000;0,00000000
2,52782386;0,04336860;-0,01734744
2,52792786;0,04336860;0,00000000
2,52803186;0,00000000;0,00000000
2,52813586;0,00000000;0,00000000
2,52823986;0,00000000;0,00000000
2,52834386;0,00000000;0,00000000
2,52844786;0,00000000;0,00000000
2,52855186;0,04336860;0,00000000
2,52865586;0,00000000;0,00000000
2,52875986;0,00000000;0,00000000
2,52886386;0,04336860;0,00000000
2,52896786;0,00000000;0,00000000
2,52907186;0,00000000;0,00000000
2,52917586;0,00000000;0,00000000
2,52927986;0,00000000;0,00000000
2,52938386;0,00000000;0,00000000
2,52948786;0,00000000;0,00000000
2,52959186;0,04336860;0,00000000
2,52969586;0,04336860;0,00000000
2,52979986;0,00000000;0,00000000
2,52990386;0,00000000;0,00000000
2,53000786;0,00000000;0,00000000
2,53011186;0,00000000;0,00000000
2,53021586;0,00000000;0,00000000
2,53031986;0,00000000;0,00000000
2,53042386;0,00000000;0,00000000
2,53052786;0,00000000;0,00000000
2,53063186;0,04336860;0,00000000
2,53073586;0,00000000;0,00000000
2,53083986;0,00000000;0,00000000
2,53094386;0,04336860;0,00000000
2,53104786;0,00000000;0,00000000
2,53115186;0,00000000;0,00000000
2,53125586;0,00000000;0,00000000
2,53135986;0,00000000;0,00000000
2,53146386;0,00000000;0,00000000
2,53156786;0,00000000;0,00000000
2,53167186;0,00000000;0,00000000
2,53177586;0,00000000;0,00000000
2,53187986;0,00000000;0,00000000
2,53198386;0,04336860;0,00000000
2,53208786;0,00000000;0,00000000
2,53219186;0,00000000;0,00000000
2,53229586;0,00000000;0,00000000
2,53239986;0,04336860;0,00000000
2,53250386;0,00000000;0,00000000
2,53260786;0,00000000;0,00000000
2,53271186;0,00000000;0,00000000
2,53281586;0,00000000;0,00000000
2,53291986;0,00000000;0,00000000
2,53302386;0,00000000;0,00000000
2,53312786;0,00000000;0,00000000
2,53323186;0,00000000;0,00000000
2,53333586;0,00000000;0,00000000
2,53343986;0,00000000;0,00000000
2,53354386;0,04336860;-0,01734744
2,53364786;0,00000000;0,00000000
2,53375186;0,00000000;0,00000000
2,53385586;0,00000000;0,00000000
2,53395986;0,00000000;0,00000000
2,53406386;0,00000000;0,00000000
2,53416786;0,00000000;0,00000000
2,53427186;0,00000000;0,00000000
2,53437586;0,00000000;-0,01734744
2,53447986;0,00000000;0,00000000
2,53458386;0,00000000;0,00000000
2,53468786;0,00000000;0,00000000
2,53479186;0,00000000;0,00000000
2,53489586;0,00000000;0,00000000
2,53499986;0,00000000;0,00000000
2,53510386;0,00000000;0,00000000
2,53520786;0,04336860;0,00000000
2,53531186;0,00000000;0,00000000
2,53541586;0,04336860;0,00000000
2,53551986;0,00000000;0,00000000
2,53562386;0,00000000;0,00000000
2,53572786;0,00000000;0,00000000
2,53583186;0,00000000;0,00000000
2,53593586;0,00000000;0,00000000
2,53603986;0,00000000;0,00000000
2,53614386;0,00000000;0,00000000
2,53624786;0,04336860;0,00000000
2,53635186;0,00000000;0,00000000
2,53645586;0,04336860;0,00000000
2,53655986;0,00000000;0,00000000
2,53666386;0,00000000;0,00000000
2,53676786;0,00000000;0,00000000
2,53687186;0,00000000;0,00000000
2,53697586;0,00000000;0,00000000
2,53707986;0,00000000;0,00000000
2,53718386;0,00000000;0,00000000
2,53728786;0,04336860;0,00000000
2,53739186;0,00000000;0,00000000
2,53749586;0,00000000;0,00000000
2,53759986;0,00000000;0,00000000
2,53770386;0,00000000;0,00000000
2,53780786;0,04336860;0,00000000
2,53791186;0,00000000;0,00000000
2,53801586;0,00000000;0,00000000
2,53811986;0,00000000;0,00000000
2,53822386;0,04336860;0,00000000
2,53832786;0,00000000;0,00000000
2,53843186;0,00000000;0,00000000
2,53853586;0,00000000;0,00000000
2,53863986;0,04336860;0,00000000
2,53874386;0,04336860;0,00000000
2,53884786;0,00000000;0,00000000
2,53895186;0,00000000;0,00000000
2,53905586;0,04336860;0,00000000
2,53915986;0,04336860;0,00000000
2,53926386;0,00000000;-0,01734744
2,53936786;0,04336860;0,00000000
2,53947186;0,00000000;0,00000000
2,53957586;0,00000000;0,00000000
2,53967986;0,00000000;0,00000000
2,53978386;0,00000000;0,00000000
2,53988786;0,00000000;0,00000000
2,53999186;0,00000000;0,00000000
2,54009586;0,00000000;0,00000000
2,54019986;0,00000000;0,00000000
2,54030386;0,00000000;0,00000000
2,54040786;0,00000000;0,00000000
2,54051186;0,00000000;0,00000000
2,54061586;0,00000000;0,00000000
2,54071986;0,00000000;0,00000000
2,54082386;0,04336860;-0,01734744
2,54092786;0,00000000;0,00000000
2,54103186;0,00000000;0,00000000
2,54113586;0,00000000;0,00000000
2,54123986;0,00000000;0,00000000
2,54134386;0,00000000;0,00000000
2,54144786;0,00000000;0,00000000
2,54155186;0,00000000;0,00000000
2,54165586;0,04336860;0,00000000
2,54175986;0,04336860;0,00000000
2,54186386;0,00000000;0,00000000
2,54196786;0,04336860;0,00000000
2,54207186;0,00000000;0,00000000
2,54217586;0,00000000;0,00000000
2,54227986;0,04336860;0,00000000
2,54238386;0,04336860;0,00000000
2,54248786;0,00000000;0,00000000
2,54259186;0,00000000;0,00000000
2,54269586;0,04336860;0,00000000
2,54279986;0,04336860;0,00000000
2,54290386;0,00000000;0,00000000
2,54300786;0,00000000;0,00000000
2,54311186;0,00000000;0,00000000
2,54321586;0,04336860;0,00000000
2,54331986;0,00000000;0,00000000
2,54342386;0,00000000;0,00000000
2,54352786;0,04336860;0,00000000
2,54363186;0,00000000;0,00000000
2,54373586;0,04336860;0,00000000
2,54383986;0,00000000;0,00000000
2,54394386;0,00000000;0,00000000
2,54404786;0,00000000;-0,01734744
2,54415186;0,04336860;0,00000000
2,54425586;0,00000000;0,00000000
2,54435986;0,04336860;0,00000000
2,54446386;0,04336860;0,00000000
2,54456786;0,00000000;0,00000000
2,54467186;0,04336860;0,00000000
2,54477586;0,00000000;0,00000000
2,54487986;0,00000000;0,00000000
2,54498386;0,00000000;0,00000000
2,54508786;0,00000000;0,00000000
2,54519186;0,00000000;0,00000000
2,54529586;0,00000000;0,00000000
2,54539986;0,04336860;0,00000000
2,54550386;0,00000000;0,00000000
2,54560786;0,00000000;0,00000000
2,54571186;0,00000000;0,00000000
2,54581586;0,00000000;0,00000000
2,54591986;0,04336860;0,00000000
2,54602386;0,00000000;0,00000000
2,54612786;2,43586993;0,00000000
2,54623186;4,08879805;0,00000000
2,54633586;3,87133980;0,00000000
2,54643986;3,78429508;0,00000000
2,54654386;3,87133980;0,00000000
2,54664786;3,87133980;0,00000000
2,54675186;3,82781744;0,00000000
2,54685586;3,82781744;0,00000000
2,54695986;3,87133980;0,00000000
2,54706386;3,82781744;0,00000000
2,54716786;3,87133980;0,00000000
2,54727186;3,82781744;0,00000000
2,54737586;3,82781744;0,00000000
2,54747986;3,82781744;0,00000000
2,54758386;3,78429508;0,00000000
2,54768786;3,82781744;0,00000000
2,54779186;3,78429508;0,00000000
2,54789586;3,82781744;0,00000000
2,54799986;3,82781744;0,00000000
2,54810386;3,78429508;0,00000000
2,54820786;3,78429508;0,00000000
2,54831186;3,82781744;0,00000000
2,54841586;3,78429508;0,00000000
2,54851986;3,82781744;0,00000000
2,54862386;3,82781744;0,00000000
2,54872786;3,82781744;0,00000000
2,54883186;3,78429508;0,00000000
2,54893586;3,82781744;0,00000000
2,54903986;3,82781744;0,00000000
2,54914386;3,78429508;0,00000000
2,54924786;3,78429508;0,00000000
2,54935186;3,82781744;0,00000000
2,54945586;3,82781744;0,00000000
2,54955986;3,78429508;0,00000000
2,54966386;3,78429508;0,00000000
2,54976786;3,78429508;0,00000000
2,54987186;3,82781744;0,00000000
2,54997586;3,78429508;0,00000000
2,55007986;3,82781744;0,00000000
2,55018386;3,78429508;0,00000000
2,55028786;3,78429508;0,00000000
2,55039186;3,82781744;0,00000000
2,55049586;3,82781744;0,00000000
2,55059986;3,78429508;0,00000000
2,55070386;3,78429508;0,00000000
2,55080786;3,82781744;0,00000000
2,55091186;3,82781744;0,00000000
2,55101586;3,78429508;0,00000000
2,55111986;3,82781744;0,00000000
2,55122386;3,78429508;0,00000000
2,55132786;3,78429508;0,00000000
2,55143186;3,78429508;0,00000000
2,55153586;3,82781744;0,00000000
2,55163986;3,78429508;0,00000000
2,55174386;3,78429508;0,00000000
2,55184786;3,78429508;0,00000000
2,55195186;3,82781744;0,00000000
2,55205586;3,78429508;0,00000000
2,55215986;3,82781744;0,00000000
2,55226386;3,78429508;0,00000000
2,55236786;3,82781744;0,00000000
2,55247186;3,82781744;0,00000000
2,55257586;3,82781744;0,00000000
2,55267986;3,78429508;0,00000000
2,55278386;3,82781744;0,00000000
2,55288786;3,82781744;0,00000000
2,55299186;3,82781744;0,00000000
2,55309586;3,78429508;0,00000000
2,55319986;3,78429508;0,00000000
2,55330386;3,82781744;0,00000000
2,55340786;3,78429508;0,00000000
2,55351186;3,82781744;0,00000000
2,55361586;3,78429508;0,00000000
2,55371986;3,82781744;0,00000000
2,55382386;3,78429508;0,00000000
2,55392786;3,82781744;0,00000000
2,55403186;3,78429508;0,00000000
2,55413586;3,78429508;0,00000000
2,55423986;3,82781744;0,00000000
2,55434386;3,82781744;0,00000000
2,55444786;3,82781744;0,00000000
2,55455186;3,78429508;0,00000000
2,55465586;3,82781744;0,00000000
2,55475986;3,78429508;0,00000000
2,55486386;3,78429508;0,00000000
2,55496786;3,78429508;0,00000000
2,55507186;3,82781744;0,00000000
2,55517586;3,82781744;0,00000000
2,55527986;3,78429508;0,00000000
2,55538386;3,78429508;0,00000000
2,55548786;3,78429508;0,00000000
2,55559186;3,78429508;0,00000000
2,55569586;3,78429508;0,00000000
2,55579986;3,78429508;0,00000000
2,55590386;3,78429508;0,00000000
2,55600786;3,78429508;0,00000000
2,55611186;3,78429508;0,00000000
2,55621586;3,78429508;0,00000000
2,55631986;3,82781744;0,00000000
2,55642386;3,82781744;0,00000000
2,55652786;3,82781744;0,00000000
2,55663186;3,82781744;0,00000000
2,55673586;3,82781744;0,00000000
2,55683986;3,82781744;0,00000000
2,55694386;3,78429508;0,00000000
2,55704786;3,78429508;0,00000000
2,55715186;3,82781744;0,00000000
2,55725586;3,78429508;0,00000000
2,55735986;3,78429508;0,00000000
2,55746386;3,82781744;0,00000000
2,55756786;3,82781744;0,00000000
2,55767186;3,78429508;0,00000000
2,55777586;3,82781744;0,00000000
2,55787986;3,78429508;0,00000000
2,55798386;3,78429508;0,00000000
2,55808786;3,78429508;0,00000000
2,55819186;3,78429508;0,00000000
2,55829586;3,82781744;0,00000000
2,55839986;3,82781744;0,00000000
2,55850386;3,82781744;0,00000000
2,55860786;3,78429508;0,00000000
2,55871186;3,78429508;0,00000000
2,55881586;3,78429508;0,00000000
2,55891986;3,82781744;0,00000000
2,55902386;3,82781744;0,00000000
2,55912786;3,82781744;0,00000000
2,55923186;3,82781744;0,00000000
2,55933586;3,78429508;0,00000000
2,55943986;3,82781744;0,00000000
2,55954386;3,78429508;0,00000000
2,55964786;3,82781744;0,00000000
2,55975186;3,78429508;0,00000000
2,55985586;3,82781744;0,00000000
2,55995986;3,78429508;0,00000000
2,56006386;3,78429508;0,00000000
2,56016786;3,82781744;0,00000000
2,56027186;3,82781744;0,00000000
2,56037586;3,82781744;0,00000000
2,56047986;3,82781744;0,00000000
2,56058386;3,78429508;0,00000000
2,56068786;3,78429508;0,00000000
2,56079186;3,78429508;0,00000000
2,56089586;3,82781744;0,00000000
2,56099986;3,78429508;0,00000000
2,56110386;3,78429508;0,00000000
2,56120786;3,82781744;0,00000000
2,56131186;3,82781744;0,00000000
2,56141586;3,78429508;0,00000000
2,56151986;3,78429508;0,00000000
2,56162386;3,82781744;0,00000000
2,56172786;3,82781744;0,00000000
2,56183186;3,78429508;0,00000000
2,56193586;3,82781744;0,00000000
2,56203986;3,78429508;0,00000000
2,56214386;3,82781744;0,00000000
2,56224786;3,82781744;0,00000000
2,56235186;3,78429508;0,00000000
2,56245586;3,82781744;0,00000000
2,56255986;3,78429508;0,00000000
2,56266386;3,82781744;0,00000000
2,56276786;3,82781744;0,00000000
2,56287186;3,82781744;0,00000000
2,56297586;3,82781744;0,00000000
2,56307986;3,78429508;0,00000000
2,56318386;3,82781744;0,00000000
2,56328786;3,78429508;0,00000000
2,56339186;3,82781744;0,00000000
2,56349586;3,78429508;0,00000000
2,56359986;3,78429508;0,00000000
2,56370386;3,78429508;0,00000000
2,56380786;3,78429508;0,00000000
2,56391186;3,82781744;0,00000000
2,56401586;3,78429508;0,00000000
2,56411986;3,78429508;0,00000000
2,56422386;3,78429508;0,00000000
2,56432786;3,78429508;0,00000000
2,56443186;3,82781744;0,00000000
2,56453586;3,82781744;0,00000000
2,56463986;3,78429508;0,00000000
2,56474386;3,82781744;0,00000000
2,56484786;3,82781744;0,00000000
2,56495186;3,78429508;0,00000000
2,56505586;3,78429508;0,00000000
2,56515986;3,82781744;0,00000000
2,56526386;3,78429508;0,00000000
2,56536786;3,82781744;0,00000000
2,56547186;3,78429508;0,00000000
2,56557586;3,78429508;0,00000000
2,56567986;3,82781744;0,00000000
2,56578386;3,82781744;0,00000000
2,56588786;3,82781744;0,00000000
2,56599186;3,82781744;0,00000000
2,56609586;3,82781744;0,00000000
2,56619986;3,82781744;0,00000000
2,56630386;3,82781744;0,00000000
2,56640786;3,78429508;0,00000000
2,56651186;3,82781744;0,00000000
2,56661586;3,78429508;0,00000000
2,56671986;3,78429508;0,00000000
2,56682386;3,82781744;0,00000000
2,56692786;3,82781744;0,00000000
2,56703186;3,78429508;0,00000000
2,56713586;3,82781744;0,00000000
2,56723986;3,78429508;0,00000000
2,56734386;3,82781744;0,00000000
2,56744786;3,78429508;0,00000000
2,56755186;3,82781744;0,00000000
2,56765586;3,82781744;0,00000000
2,56775986;3,82781744;0,00000000
2,56786386;3,82781744;0,00000000
2,56796786;3,78429508;0,00000000
2,56807186;3,82781744;0,00000000
2,56817586;3,78429508;0,00000000
2,56827986;3,82781744;0,00000000
2,56838386;3,82781744;0,00000000
2,56848786;3,78429508;0,00000000
2,56859186;3,82781744;0,00000000
2,56869586;3,78429508;0,00000000
2,56879986;3,82781744;0,00000000
2,56890386;3,82781744;0,00000000
2,56900786;3,82781744;0,00000000
2,56911186;3,82781744;0,00000000
2,56921586;3,82781744;0,00000000
2,56931986;3,78429508;0,00000000
2,56942386;3,82781744;0,00000000
2,56952786;3,82781744;0,00000000
2,56963186;3,82781744;0,00000000
2,56973586;3,82781744;0,00000000
2,56983986;3,82781744;0,00000000
2,56994386;3,82781744;0,00000000
2,57004786;3,78429508;0,00000000
2,57015186;3,82781744;0,00000000
2,57025586;3,82781744;0,00000000
2,57035986;3,82781744;0,00000000
2,57046386;3,82781744;0,00000000
2,57056786;3,78429508;0,00000000
2,57067186;3,82781744;0,00000000
2,57077586;3,78429508;0,00000000
2,57087986;3,82781744;0,00000000
2,57098386;3,82781744;0,00000000
2,57108786;3,82781744;0,00000000
2,57119186;3,82781744;0,00000000
2,57129586;3,82781744;0,00000000
2,57139986;3,78429508;0,00000000
2,57150386;3,82781744;0,00000000
2,57160786;3,82781744;0,00000000
2,57171186;3,82781744;0,00000000
2,57181586;3,82781744;0,00000000
2,57191986;3,82781744;0,00000000
2,57202386;3,78429508;0,00000000
2,57212786;3,82781744;0,00000000
2,57223186;3,78429508;0,00000000
2,57233586;3,82781744;0,00000000
2,57243986;3,78429508;0,00000000
2,57254386;3,82781744;0,00000000
2,57264786;3,82781744;0,00000000
2,57275186;3,82781744;0,00000000
2,57285586;3,78429508;0,00000000
2,57295986;3,82781744;0,00000000
2,57306386;3,82781744;0,00000000
2,57316786;3,78429508;0,00000000
2,57327186;3,82781744;0,00000000
2,57337586;3,78429508;0,00000000
2,57347986;3,82781744;0,00000000
2,57358386;3,78429508;0,00000000
2,57368786;3,82781744;0,00000000
2,57379186;3,82781744;0,00000000
2,57389586;3,78429508;0,00000000
2,57399986;3,78429508;0,00000000
2,57410386;3,82781744;0,00000000
2,57420786;3,78429508;0,00000000
2,57431186;3,82781744;0,00000000
2,57441586;3,82781744;0,01734744
2,57451986;3,82781744;0,00000000
2,57462386;3,82781744;0,00000000
2,57472786;3,78429508;0,00000000
2,57483186;3,78429508;0,00000000
2,57493586;3,78429508;0,00000000
2,57503986;3,82781744;0,00000000
2,57514386;3,82781744;0,00000000
2,57524786;3,78429508;0,00000000
2,57535186;3,82781744;0,00000000
2,57545586;3,82781744;0,00000000
2,57555986;3,78429508;0,00000000
2,57566386;3,82781744;0,00000000
2,57576786;3,78429508;0,00000000
2,57587186;3,78429508;0,00000000
2,57597586;3,82781744;0,00000000
2,57607986;3,82781744;0,00000000
2,57618386;3,78429508;0,00000000
2,57628786;3,82781744;0,00000000
2,57639186;3,78429508;0,00000000
2,57649586;3,82781744;0,00000000
2,57659986;3,82781744;0,00000000
2,57670386;3,82781744;0,00000000
2,57680786;3,82781744;0,00000000
2,57691186;3,82781744;0,00000000
2,57701586;3,82781744;0,00000000
2,57711986;3,82781744;0,00000000
2,57722386;3,78429508;0,00000000
2,57732786;3,82781744;0,00000000
2,57743186;3,78429508;0,00000000
2,57753586;3,82781744;0,00000000
2,57763986;3,78429508;0,00000000
2,57774386;3,82781744;0,00000000
2,57784786;3,82781744;0,00000000
2,57795186;3,82781744;0,00000000
2,57805586;3,82781744;0,00000000
2,57815986;3,78429508;0,00000000
2,57826386;3,82781744;0,00000000
2,57836786;3,78429508;0,00000000
2,57847186;3,82781744;0,00000000
2,57857586;3,82781744;0,00000000
2,57867986;3,82781744;0,00000000
2,57878386;3,82781744;0,00000000
2,57888786;3,82781744;0,00000000
2,57899186;3,82781744;0,00000000
2,57909586;3,78429508;0,00000000
2,57919986;3,82781744;0,00000000
2,57930386;3,82781744;0,00000000
2,57940786;3,82781744;0,00000000
2,57951186;3,82781744;0,00000000
2,57961586;3,82781744;0,00000000
2,57971986;3,78429508;0,00000000
2,57982386;3,78429508;0,00000000
2,57992786;3,82781744;0,00000000
2,58003186;3,82781744;0,00000000
2,58013586;3,78429508;0,00000000
2,58023986;3,82781744;0,00000000
2,58034386;3,82781744;0,00000000
2,58044786;3,82781744;0,00000000
2,58055186;3,82781744;0,00000000
2,58065586;3,78429508;0,00000000
2,58075986;3,82781744;0,00000000
2,58086386;3,78429508;0,00000000
2,58096786;3,78429508;0,00000000
2,58107186;3,82781744;0,00000000
2,58117586;3,78429508;0,00000000
2,58127986;3,82781744;0,00000000
2,58138386;3,78429508;0,00000000
2,58148786;3,82781744;0,00000000
2,58159186;3,82781744;0,00000000
2,58169586;3,82781744;0,00000000
2,58179986;3,82781744;0,00000000
2,58190386;3,82781744;0,01734744
2,58200786;3,82781744;0,00000000
2,58211186;3,82781744;0,00000000
2,58221586;3,82781744;0,00000000
2,58231986;3,82781744;0,00000000
2,58242386;3,78429508;0,00000000
2,58252786;3,82781744;0,00000000
2,58263186;3,82781744;0,00000000
2,58273586;3,82781744;0,00000000
2,58283986;3,82781744;0,00000000
2,58294386;3,78429508;0,00000000
2,58304786;3,82781744;0,00000000
2,58315186;3,82781744;0,00000000
2,58325586;3,82781744;0,00000000
2,58335986;3,78429508;0,00000000
2,58346386;3,82781744;0,00000000
2,58356786;3,78429508;0,00000000
2,58367186;3,82781744;0,00000000
2,58377586;3,82781744;0,00000000
2,58387986;3,82781744;0,00000000
2,58398386;3,82781744;0,00000000
2,58408786;3,82781744;0,00000000
2,58419186;3,82781744;0,00000000
2,58429586;3,82781744;0,00000000
2,58439986;3,78429508;0,00000000
2,58450386;3,82781744;0,00000000
2,58460786;3,82781744;0,00000000
2,58471186;3,82781744;0,00000000
2,58481586;3,82781744;0,00000000
2,58491986;3,78429508;0,00000000
2,58502386;3,78429508;0,00000000
2,58512786;3,78429508;0,00000000
2,58523186;3,82781744;0,00000000
2,58533586;3,82781744;0,00000000
2,58543986;3,82781744;0,00000000
2,58554386;3,82781744;0,00000000
2,58564786;3,82781744;0,00000000
2,58575186;3,82781744;0,00000000
2,58585586;3,82781744;0,00000000
2,58595986;3,78429508;0,00000000
2,58606386;3,78429508;0,00000000
2,58616786;3,78429508;0,00000000
2,58627186;3,78429508;0,00000000
2,58637586;3,78429508;0,00000000
2,58647986;3,82781744;0,00000000
2,58658386;3,78429508;0,00000000
2,58668786;3,82781744;0,00000000
2,58679186;3,82781744;0,00000000
2,58689586;3,78429508;0,00000000
2,58699986;3,78429508;0,00000000
2,58710386;3,82781744;0,00000000
2,58720786;3,78429508;0,00000000
2,58731186;3,78429508;0,00000000
2,58741586;3,78429508;0,00000000
2,58751986;3,82781744;0,00000000
2,58762386;3,82781744;0,00000000
2,58772786;3,78429508;0,00000000
2,58783186;3,82781744;0,00000000
2,58793586;3,78429508;0,00000000
2,58803986;3,82781744;0,00000000
2,58814386;3,82781744;0,00000000
2,58824786;3,82781744;0,00000000
2,58835186;3,78429508;0,00000000
2,58845586;3,82781744;0,00000000
2,58855986;3,78429508;0,00000000
2,58866386;3,82781744;0,00000000
2,58876786;3,78429508;0,00000000
2,58887186;3,82781744;0,00000000
2,58897586;3,82781744;0,00000000
2,58907986;3,82781744;0,00000000
2,58918386;3,78429508;0,00000000
2,58928786;3,82781744;0,00000000
2,58939186;3,82781744;0,00000000
2,58949586;3,82781744;0,00000000
2,58959986;3,82781744;0,00000000
2,58970386;3,78429508;0,00000000
2,58980786;3,82781744;0,00000000
2,58991186;3,82781744;0,00000000
2,59001586;3,82781744;0,00000000
2,59011986;3,82781744;0,00000000
2,59022386;3,82781744;0,00000000
2,59032786;3,82781744;0,00000000
2,59043186;3,78429508;0,00000000
2,59053586;3,82781744;0,00000000
2,59063986;3,82781744;0,00000000
2,59074386;3,78429508;0,00000000
2,59084786;3,82781744;0,00000000
2,59095186;3,78429508;0,00000000
2,59105586;3,82781744;0,00000000
2,59115986;3,78429508;0,00000000
2,59126386;3,82781744;0,00000000
2,59136786;3,82781744;0,00000000
2,59147186;3,78429508;0,00000000
2,59157586;3,78429508;0,00000000
2,59167986;3,78429508;0,00000000
2,59178386;3,82781744;0,00000000
2,59188786;3,78429508;0,00000000
2,59199186;3,78429508;0,00000000
2,59209586;3,82781744;0,00000000
2,59219986;3,82781744;0,00000000
2,59230386;3,82781744;0,00000000
2,59240786;3,82781744;0,00000000
2,59251186;3,78429508;0,00000000
2,59261586;3,78429508;0,00000000
2,59271986;3,82781744;0,00000000
2,59282386;3,82781744;0,00000000
2,59292786;3,82781744;0,00000000
2,59303186;3,82781744;0,00000000
2,59313586;3,82781744;0,00000000
2,59323986;3,82781744;0,00000000
2,59334386;3,82781744;0,00000000
2,59344786;3,78429508;0,00000000
2,59355186;3,82781744;0,00000000
2,59365586;3,78429508;0,00000000
2,59375986;3,82781744;0,00000000
2,59386386;3,82781744;0,00000000
2,59396786;3,78429508;0,00000000
2,59407186;3,82781744;0,00000000
2,59417586;3,82781744;0,00000000
2,59427986;3,78429508;0,00000000
2,59438386;3,82781744;0,00000000
2,59448786;3,82781744;0,00000000
2,59459186;3,82781744;0,00000000
2,59469586;3,78429508;0,00000000
2,59479986;3,82781744;0,00000000
2,59490386;3,82781744;0,00000000
2,59500786;3,78429508;0,00000000
2,59511186;3,82781744;0,00000000
2,59521586;3,82781744;0,00000000
2,59531986;3,82781744;0,00000000
2,59542386;3,82781744;0,00000000
2,59552786;3,82781744;0,00000000
2,59563186;3,78429508;0,00000000
2,59573586;3,78429508;0,00000000
2,59583986;3,82781744;0,00000000
2,59594386;3,82781744;0,00000000
2,59604786;3,82781744;0,00000000
2,59615186;3,82781744;0,00000000
2,59625586;3,82781744;0,00000000
2,59635986;3,82781744;0,00000000
2,59646386;3,82781744;0,00000000
2,59656786;3,78429508;0,00000000
2,59667186;3,82781744;0,00000000
2,59677586;3,78429508;0,00000000
2,59687986;3,82781744;0,00000000
2,59698386;3,78429508;0,00000000
2,59708786;3,82781744;0,00000000
2,59719186;3,78429508;0,00000000
2,59729586;3,82781744;0,00000000
2,59739986;3,82781744;0,00000000
2,59750386;3,82781744;0,00000000
2,59760786;3,82781744;0,00000000
2,59771186;3,82781744;0,00000000
2,59781586;3,82781744;0,00000000
2,59791986;3,82781744;0,00000000
2,59802386;3,78429508;0,00000000
2,59812786;3,78429508;0,00000000
2,59823186;3,82781744;0,01734744
2,59833586;3,82781744;0,00000000
2,59843986;3,82781744;0,00000000
2,59854386;3,82781744;0,00000000
2,59864786;3,82781744;0,00000000
2,59875186;3,82781744;0,00000000
2,59885586;3,78429508;0,00000000
2,59895986;3,82781744;0,00000000
2,59906386;3,82781744;0,00000000
2,59916786;3,82781744;0,00000000
2,59927186;3,82781744;0,00000000
2,59937586;3,82781744;0,00000000
2,59947986;3,78429508;0,01734744
2,59958386;3,82781744;0,00000000
2,59968786;3,78429508;0,00000000
2,59979186;3,78429508;0,00000000
2,59989586;3,78429508;0,00000000
2,59999986;3,78429508;0,00000000
2,60010386;3,78429508;0,00000000
2,60020786;3,82781744;0,00000000
2,60031186;3,78429508;0,00000000
2,60041586;3,82781744;0,00000000
2,60051986;3,78429508;0,00000000
2,60062386;3,78429508;0,00000000
2,60072786;3,78429508;0,00000000
2,60083186;3,82781744;0,00000000
2,60093586;3,82781744;0,00000000
2,60103986;3,82781744;0,00000000
2,60114386;3,78429508;0,00000000
2,60124786;3,78429508;0,00000000
2,60135186;3,78429508;0,00000000
2,60145586;3,82781744;0,00000000
2,60155986;3,82781744;0,00000000
2,60166386;3,78429508;0,00000000
2,60176786;3,78429508;0,00000000
2,60187186;3,82781744;0,00000000
2,60197586;3,82781744;0,00000000
2,60207986;3,82781744;0,00000000
2,60218386;3,82781744;0,00000000
2,60228786;3,82781744;0,00000000
2,60239186;3,82781744;0,00000000
2,60249586;3,82781744;0,00000000
2,60259986;3,82781744;0,00000000
2,60270386;3,82781744;0,00000000
2,60280786;3,78429508;0,00000000
2,60291186;3,78429508;0,00000000
2,60301586;3,82781744;0,00000000
2,60311986;3,82781744;0,00000000
2,60322386;3,78429508;0,00000000
2,60332786;3,82781744;0,00000000
2,60343186;3,82781744;0,00000000
2,60353586;3,82781744;0,00000000
2,60363986;3,82781744;0,00000000
2,60374386;3,82781744;0,00000000
2,60384786;3,78429508;0,00000000
2,60395186;3,82781744;0,00000000
2,60405586;3,82781744;0,00000000
2,60415986;3,82781744;0,00000000
2,60426386;3,82781744;0,00000000
2,60436786;3,82781744;0,00000000
2,60447186;3,78429508;0,00000000
2,60457586;3,82781744;0,00000000
2,60467986;3,82781744;0,00000000
2,60478386;3,82781744;0,00000000
2,60488786;3,82781744;0,00000000
2,60499186;3,82781744;0,00000000
2,60509586;3,82781744;0,00000000
2,60519986;3,82781744;0,00000000
2,60530386;3,78429508;0,00000000
2,60540786;3,82781744;0,00000000
2,60551186;3,78429508;0,00000000
2,60561586;3,82781744;0,00000000
2,60571986;3,82781744;0,00000000
2,60582386;3,78429508;0,00000000
2,60592786;3,82781744;0,00000000
2,60603186;3,78429508;0,00000000
2,60613586;3,78429508;0,00000000
2,60623986;3,78429508;0,01734744
2,60634386;3,78429508;0,00000000
2,60644786;3,82781744;0,00000000
2,60655186;3,78429508;0,00000000
2,60665586;3,82781744;0,00000000
2,60675986;3,78429508;0,00000000
2,60686386;3,82781744;0,00000000
2,60696786;3,78429508;0,00000000
2,60707186;3,78429508;0,00000000
2,60717586;3,78429508;0,00000000
2,60727986;3,82781744;0,00000000
2,60738386;3,82781744;0,00000000
2,60748786;3,78429508;0,00000000
2,60759186;3,82781744;0,00000000
2,60769586;3,78429508;0,00000000
2,60779986;3,82781744;0,00000000
2,60790386;3,78429508;0,00000000
2,60800786;3,82781744;0,00000000
2,60811186;3,82781744;0,00000000
2,60821586;3,82781744;0,00000000
2,60831986;3,82781744;0,00000000
2,60842386;3,82781744;0,00000000
2,60852786;3,82781744;0,00000000
2,60863186;3,82781744;0,00000000
2,60873586;3,82781744;0,00000000
2,60883986;3,82781744;0,00000000
2,60894386;3,82781744;0,00000000
2,60904786;3,82781744;0,00000000
2,60915186;3,78429508;0,00000000
2,60925586;3,82781744;0,00000000
2,60935986;3,82781744;0,00000000
2,60946386;3,82781744;0,00000000
2,60956786;3,82781744;0,00000000
2,60967186;3,82781744;0,00000000
2,60977586;3,82781744;0,00000000
2,60987986;3,82781744;0,00000000
2,60998386;3,82781744;0,00000000
2,61008786;3,78429508;0,00000000
2,61019186;3,82781744;0,00000000
2,61029586;3,78429508;0,00000000
2,61039986;3,82781744;0,00000000
2,61050386;3,82781744;0,00000000
2,61060786;3,82781744;0,00000000
2,61071186;3,82781744;0,00000000
2,61081586;3,82781744;0,00000000
2,61091986;3,82781744;0,00000000
2,61102386;3,82781744;0,00000000
2,61112786;3,82781744;0,00000000
2,61123186;3,78429508;0,00000000
2,61133586;3,78429508;0,00000000
2,61143986;3,82781744;0,00000000
2,61154386;3,82781744;0,00000000
2,61164786;3,82781744;0,00000000
2,61175186;3,82781744;0,00000000
2,61185586;3,82781744;0,00000000
2,61195986;3,82781744;0,00000000
2,61206386;3,78429508;0,00000000
2,61216786;3,78429508;0,01734744
2,61227186;3,78429508;0,00000000
2,61237586;3,82781744;0,00000000
2,61247986;3,78429508;0,00000000
2,61258386;3,82781744;0,00000000
2,61268786;3,82781744;0,00000000
2,61279186;3,82781744;0,00000000
2,61289586;3,82781744;0,00000000
2,61299986;3,78429508;0,00000000
2,61310386;3,82781744;0,00000000
2,61320786;3,78429508;0,00000000
2,61331186;3,82781744;0,00000000
2,61341586;3,78429508;0,00000000
2,61351986;3,78429508;0,00000000
2,61362386;3,78429508;0,00000000
2,61372786;3,82781744;0,00000000
2,61383186;3,82781744;0,00000000
2,61393586;3,78429508;0,00000000
2,61403986;3,82781744;0,00000000
2,61414386;3,78429508;0,00000000
2,61424786;3,82781744;0,00000000
2,61435186;3,78429508;0,00000000
2,61445586;3,82781744;0,00000000
2,61455986;3,82781744;0,00000000
2,61466386;3,82781744;0,00000000
2,61476786;3,78429508;0,00000000
2,61487186;3,78429508;0,00000000
2,61497586;3,82781744;0,00000000
2,61507986;3,78429508;0,00000000
2,61518386;3,82781744;0,00000000
2,61528786;3,82781744;0,00000000
2,61539186;3,82781744;0,00000000
2,61549586;3,82781744;0,00000000
2,61559986;3,78429508;0,00000000
2,61570386;3,82781744;0,00000000
2,61580786;3,82781744;0,00000000
2,61591186;3,78429508;0,00000000
2,61601586;3,82781744;0,00000000
2,61611986;3,78429508;0,00000000
2,61622386;3,78429508;0,00000000
2,61632786;3,82781744;0,00000000
2,61643186;3,82781744;0,00000000
2,61653586;3,82781744;0,00000000
2,61663986;3,82781744;0,00000000
2,61674386;3,82781744;0,00000000
2,61684786;3,82781744;0,00000000
2,61695186;3,82781744;0,00000000
2,61705586;3,78429508;0,00000000
2,61715986;3,82781744;0,00000000
2,61726386;3,82781744;0,00000000
2,61736786;3,82781744;0,00000000
2,61747186;3,78429508;0,00000000
2,61757586;3,82781744;0,00000000
2,61767986;3,82781744;0,00000000
2,61778386;3,82781744;0,00000000
2,61788786;3,78429508;0,00000000
2,61799186;3,78429508;0,00000000
2,61809586;3,82781744;0,00000000
2,61819986;3,82781744;0,00000000
2,61830386;3,82781744;0,00000000
2,61840786;3,78429508;0,00000000
2,61851186;3,82781744;0,00000000
2,61861586;3,82781744;0,00000000
2,61871986;3,82781744;0,00000000
2,61882386;3,82781744;0,00000000
2,61892786;3,82781744;0,00000000
2,61903186;3,78429508;0,00000000
2,61913586;3,78429508;0,00000000
2,61923986;3,78429508;0,00000000
2,61934386;3,78429508;0,00000000
2,61944786;3,78429508;0,00000000
2,61955186;3,82781744;0,00000000
2,61965586;3,82781744;0,00000000
2,61975986;3,78429508;0,00000000
2,61986386;3,82781744;0,00000000
2,61996786;3,82781744;0,00000000
2,62007186;3,78429508;0,00000000
2,62017586;3,78429508;0,00000000
2,62027986;3,78429508;0,00000000
2,62038386;3,82781744;0,00000000
2,62048786;3,78429508;0,00000000
2,62059186;3,82781744;0,00000000
2,62069586;3,82781744;0,00000000
2,62079986;3,82781744;0,00000000
2,62090386;3,78429508;0,00000000
2,62100786;3,78429508;0,00000000
2,62111186;3,82781744;0,00000000
2,62121586;3,78429508;0,00000000
2,62131986;3,78429508;0,00000000
2,62142386;3,78429508;0,00000000
2,62152786;3,82781744;0,00000000
2,62163186;3,82781744;0,00000000
2,62173586;3,78429508;0,00000000
2,62183986;3,82781744;0,00000000
2,62194386;3,82781744;0,00000000
2,62204786;3,78429508;0,00000000
2,62215186;3,78429508;0,00000000
2,62225586;3,82781744;0,00000000
2,62235986;3,82781744;0,00000000
2,62246386;3,82781744;0,00000000
2,62256786;3,82781744;0,00000000
2,62267186;3,82781744;0,00000000
2,62277586;3,82781744;0,00000000
2,62287986;3,78429508;0,00000000
2,62298386;3,82781744;0,00000000
2,62308786;3,78429508;0,00000000
2,62319186;3,82781744;0,00000000
2,62329586;3,82781744;0,00000000
2,62339986;3,78429508;0,00000000
2,62350386;3,78429508;0,00000000
2,62360786;3,82781744;0,00000000
2,62371186;3,82781744;0,00000000
2,62381586;3,82781744;0,00000000
2,62391986;3,82781744;0,00000000
2,62402386;3,82781744;0,00000000
2,62412786;3,78429508;0,00000000
2,62423186;3,82781744;0,00000000
2,62433586;3,82781744;0,00000000
2,62443986;3,82781744;0,00000000
2,62454386;3,82781744;0,00000000
2,62464786;3,78429508;0,00000000
2,62475186;3,78429508;0,00000000
2,62485586;3,78429508;0,00000000
2,62495986;3,82781744;0,00000000
2,62506386;3,78429508;0,00000000
2,62516786;3,82781744;0,00000000
2,62527186;3,78429508;0,00000000
2,62537586;3,82781744;0,00000000
2,62547986;3,82781744;0,00000000
2,62558386;3,82781744;0,00000000
2,62568786;3,82781744;0,00000000
2,62579186;3,82781744;0,00000000
2,62589586;3,82781744;0,00000000
2,62599986;3,82781744;0,00000000
2,62610386;3,78429508;0,00000000
2,62620786;3,78429508;0,00000000
2,62631186;3,82781744;0,00000000
2,62641586;3,82781744;0,00000000
2,62651986;3,78429508;0,00000000
2,62662386;3,82781744;0,00000000
2,62672786;3,82781744;0,00000000
2,62683186;3,82781744;0,00000000
2,62693586;3,82781744;0,00000000
2,62703986;3,82781744;0,00000000
2,62714386;3,82781744;0,00000000
2,62724786;3,82781744;0,00000000
2,62735186;3,82781744;0,00000000
2,62745586;3,78429508;0,00000000
2,62755986;3,82781744;0,00000000
2,62766386;3,82781744;0,00000000
2,62776786;3,82781744;0,00000000
2,62787186;3,82781744;0,00000000
2,62797586;3,82781744;0,00000000
2,62807986;3,78429508;0,00000000
2,62818386;3,82781744;0,00000000
2,62828786;3,78429508;0,00000000
2,62839186;3,78429508;0,00000000
2,62849586;3,82781744;0,00000000
2,62859986;3,78429508;0,00000000
2,62870386;3,82781744;0,00000000
2,62880786;3,82781744;0,00000000
2,62891186;3,78429508;0,00000000
2,62901586;3,78429508;0,00000000
2,62911986;3,82781744;0,00000000
2,62922386;3,78429508;0,00000000
2,62932786;3,82781744;0,00000000
2,62943186;3,78429508;0,00000000
2,62953586;3,78429508;0,00000000
2,62963986;3,78429508;0,00000000
2,62974386;3,82781744;0,00000000
2,62984786;3,78429508;0,00000000
2,62995186;3,82781744;0,00000000
2,63005586;3,82781744;0,00000000
2,63015986;3,82781744;0,00000000
2,63026386;3,78429508;0,00000000
2,63036786;3,82781744;0,00000000
2,63047186;3,82781744;0,00000000
2,63057586;3,82781744;0,00000000
2,63067986;3,78429508;0,00000000
2,63078386;3,82781744;0,00000000
2,63088786;3,82781744;0,00000000
2,63099186;3,82781744;0,00000000
2,63109586;3,82781744;0,00000000
2,63119986;3,82781744;0,00000000
2,63130386;3,82781744;0,00000000
2,63140786;3,78429508;0,00000000
2,63151186;3,78429508;0,00000000
2,63161586;3,82781744;0,00000000
2,63171986;3,78429508;0,00000000
2,63182386;3,82781744;0,00000000
2,63192786;3,82781744;0,00000000
2,63203186;3,82781744;0,00000000
2,63213586;3,78429508;0,00000000
2,63223986;3,82781744;0,00000000
2,63234386;3,82781744;0,00000000
2,63244786;3,82781744;0,00000000
2,63255186;3,82781744;0,00000000
2,63265586;3,82781744;0,00000000
2,63275986;3,82781744;0,00000000
2,63286386;3,82781744;0,00000000
2,63296786;3,82781744;0,00000000
2,63307186;3,82781744;0,00000000
2,63317586;3,78429508;0,00000000
2,63327986;3,78429508;0,00000000
2,63338386;3,82781744;0,00000000
2,63348786;3,78429508;0,00000000
2,63359186;3,82781744;0,00000000
2,63369586;3,78429508;0,00000000
2,63379986;3,82781744;0,00000000
2,63390386;3,82781744;0,00000000
2,63400786;3,78429508;0,00000000
2,63411186;3,82781744;0,00000000
2,63421586;3,82781744;0,00000000
2,63431986;3,78429508;0,00000000
2,63442386;3,82781744;0,00000000
2,63452786;3,82781744;0,00000000
2,63463186;3,82781744;0,00000000
2,63473586;3,82781744;0,00000000
2,63483986;3,78429508;0,00000000
2,63494386;3,82781744;0,00000000
2,63504786;3,82781744;0,00000000
2,63515186;3,82781744;0,00000000
2,63525586;3,82781744;0,00000000
2,63535986;3,82781744;0,00000000
2,63546386;3,82781744;0,00000000
2,63556786;3,82781744;0,00000000
2,63567186;3,78429508;0,00000000
2,63577586;3,82781744;0,00000000
2,63587986;3,82781744;0,00000000
2,63598386;3,78429508;0,00000000
2,63608786;3,78429508;0,00000000
2,63619186;3,78429508;0,00000000
2,63629586;3,82781744;0,00000000
2,63639986;3,82781744;0,00000000
2,63650386;3,82781744;0,00000000
2,63660786;3,82781744;0,00000000
2,63671186;3,82781744;0,00000000
2,63681586;3,82781744;0,00000000
2,63691986;3,78429508;0,00000000
2,63702386;3,82781744;0,00000000
2,63712786;3,82781744;0,00000000
2,63723186;3,82781744;0,00000000
2,63733586;3,82781744;0,00000000
2,63743986;3,82781744;0,00000000
2,63754386;3,82781744;0,00000000
2,63764786;3,78429508;0,00000000
2,63775186;3,82781744;0,00000000
2,63785586;3,82781744;0,00000000
2,63795986;3,82781744;0,00000000
2,63806386;3,78429508;0,00000000
2,63816786;3,82781744;0,00000000
2,63827186;3,82781744;0,00000000
2,63837586;3,82781744;0,00000000
2,63847986;3,78429508;0,00000000
2,63858386;3,82781744;0,00000000
2,63868786;3,78429508;0,00000000
2,63879186;3,82781744;0,00000000
2,63889586;3,82781744;0,01734744
2,63899986;3,82781744;0,00000000
2,63910386;3,78429508;0,00000000
2,63920786;3,82781744;0,00000000
2,63931186;3,78429508;0,00000000
2,63941586;3,78429508;0,00000000
2,63951986;3,82781744;0,00000000
2,63962386;3,82781744;0,00000000
2,63972786;3,82781744;0,00000000
2,63983186;3,82781744;0,00000000
2,63993586;3,82781744;0,00000000
2,64003986;3,78429508;0,00000000
2,64014386;3,82781744;0,00000000
2,64024786;3,82781744;0,00000000
2,64035186;3,82781744;0,00000000
2,64045586;3,82781744;0,00000000
2,64055986;3,82781744;0,00000000
2,64066386;3,82781744;0,00000000
2,64076786;3,82781744;0,00000000
2,64087186;3,78429508;0,00000000
2,64097586;3,82781744;0,00000000
2,64107986;3,82781744;0,00000000
2,64118386;3,78429508;0,00000000
2,64128786;3,82781744;0,00000000
2,64139186;3,82781744;0,00000000
2,64149586;3,82781744;0,00000000
2,64159986;3,82781744;0,00000000
2,64170386;3,82781744;0,00000000
2,64180786;3,82781744;0,00000000
2,64191186;3,78429508;0,00000000
2,64201586;3,82781744;0,01734744
2,64211986;3,82781744;0,00000000
2,64222386;3,82781744;0,00000000
2,64232786;3,78429508;0,00000000
2,64243186;3,78429508;0,00000000
2,64253586;3,82781744;0,00000000
2,64263986;3,78429508;0,00000000
2,64274386;3,82781744;0,00000000
2,64284786;3,82781744;0,00000000
2,64295186;3,82781744;0,00000000
2,64305586;3,82781744;0,00000000
2,64315986;3,82781744;0,00000000
2,64326386;3,82781744;0,00000000
2,64336786;3,82781744;0,00000000
2,64347186;3,82781744;0,00000000
2,64357586;3,82781744;0,00000000
2,64367986;3,82781744;0,00000000
2,64378386;3,78429508;0,00000000
2,64388786;3,82781744;0,00000000
2,64399186;3,82781744;0,00000000
2,64409586;3,82781744;0,00000000
2,64419986;3,78429508;0,00000000
2,64430386;3,82781744;0,00000000
2,64440786;3,82781744;0,00000000
2,64451186;3,82781744;0,00000000
2,64461586;3,78429508;0,00000000
2,64471986;3,82781744;0,00000000
2,64482386;3,78429508;0,00000000
2,64492786;3,82781744;0,00000000
2,64503186;3,82781744;0,00000000
2,64513586;3,82781744;0,00000000
2,64523986;3,78429508;0,00000000
2,64534386;3,87133980;0,00000000
2,64544786;3,82781744;0,00000000
2,64555186;3,82781744;0,00000000
2,64565586;3,82781744;0,00000000
2,64575986;3,78429508;0,00000000
2,64586386;3,78429508;0,00000000
2,64596786;3,82781744;0,00000000
2,64607186;3,78429508;0,00000000
2,64617586;3,82781744;0,00000000
2,64627986;3,78429508;0,00000000
2,64638386;3,82781744;0,00000000
2,64648786;3,82781744;0,00000000
2,64659186;3,82781744;0,00000000
2,64669586;3,82781744;0,00000000
2,64679986;3,78429508;0,00000000
2,64690386;3,78429508;0,00000000
2,64700786;3,82781744;0,00000000
2,64711186;3,82781744;0,00000000
2,64721586;3,78429508;0,00000000
2,64731986;3,82781744;0,00000000
2,64742386;3,82781744;0,00000000
2,64752786;3,78429508;0,00000000
2,64763186;3,78429508;0,00000000
2,64773586;3,82781744;0,00000000
2,64783986;3,82781744;0,00000000
2,64794386;3,78429508;0,00000000
2,64804786;3,82781744;0,00000000
2,64815186;3,78429508;0,00000000
2,64825586;3,82781744;0,00000000
2,64835986;3,82781744;0,00000000
2,64846386;3,82781744;0,00000000
2,64856786;3,78429508;0,00000000
2,64867186;3,82781744;0,00000000
2,64877586;3,78429508;0,00000000
2,64887986;3,82781744;0,00000000
2,64898386;3,82781744;0,00000000
2,64908786;3,78429508;0,00000000
2,64919186;3,82781744;0,00000000
2,64929586;3,82781744;0,00000000
2,64939986;3,78429508;0,00000000
2,64950386;3,82781744;0,00000000
2,64960786;3,78429508;0,00000000
2,64971186;3,82781744;0,00000000
2,64981586;3,78429508;0,00000000
2,64991986;3,82781744;0,00000000
2,65002386;3,78429508;0,00000000
2,65012786;3,78429508;0,00000000
2,65023186;3,82781744;0,00000000
2,65033586;3,78429508;0,00000000
2,65043986;3,82781744;0,00000000
2,65054386;3,82781744;0,00000000
2,65064786;3,82781744;0,00000000
2,65075186;3,82781744;0,00000000
2,65085586;3,82781744;0,00000000
2,65095986;3,82781744;0,00000000
2,65106386;3,82781744;0,00000000
2,65116786;3,78429508;0,00000000
2,65127186;3,82781744;0,00000000
2,65137586;3,82781744;0,00000000
2,65147986;3,82781744;0,00000000
2,65158386;3,82781744;0,00000000
2,65168786;3,82781744;0,00000000
2,65179186;3,82781744;0,00000000
2,65189586;3,78429508;0,00000000
2,65199986;3,78429508;0,00000000
2,65210386;3,82781744;0,00000000
2,65220786;3,82781744;0,00000000
2,65231186;3,82781744;0,00000000
2,65241586;3,82781744;0,00000000
2,65251986;3,82781744;0,00000000
2,65262386;3,82781744;0,00000000
2,65272786;3,78429508;0,00000000
2,65283186;3,82781744;0,01734744
2,65293586;3,82781744;0,00000000
2,65303986;3,78429508;0,00000000
2,65314386;3,78429508;0,00000000
2,65324786;3,82781744;0,00000000
2,65335186;3,82781744;0,00000000
2,65345586;3,78429508;0,00000000
2,65355986;3,82781744;0,00000000
2,65366386;3,82781744;0,00000000
2,65376786;3,82781744;0,00000000
2,65387186;3,82781744;0,00000000
2,65397586;3,82781744;0,00000000
2,65407986;3,82781744;0,00000000
2,65418386;3,78429508;0,00000000
2,65428786;3,78429508;0,00000000
2,65439186;3,82781744;0,00000000
2,65449586;3,82781744;0,00000000
2,65459986;3,78429508;0,00000000
2,65470386;3,78429508;0,00000000
2,65480786;3,78429508;0,00000000
2,65491186;3,78429508;0,00000000
2,65501586;3,82781744;0,00000000
2,65511986;3,82781744;0,00000000
2,65522386;3,82781744;0,00000000
2,65532786;3,82781744;0,00000000
2,65543186;3,78429508;0,00000000
2,65553586;3,82781744;0,00000000
2,65563986;3,78429508;0,00000000
2,65574386;3,78429508;0,00000000
2,65584786;3,78429508;0,00000000
2,65595186;3,82781744;0,00000000
2,65605586;3,82781744;0,00000000
2,65615986;3,82781744;0,00000000
2,65626386;3,82781744;0,00000000
2,65636786;3,82781744;0,00000000
2,65647186;3,78429508;0,00000000
2,65657586;3,82781744;0,00000000
2,65667986;3,82781744;0,00000000
2,65678386;3,82781744;0,00000000
2,65688786;3,82781744;0,00000000
2,65699186;3,78429508;0,00000000
2,65709586;3,82781744;0,00000000
2,65719986;3,78429508;0,00000000
2,65730386;3,82781744;0,00000000
2,65740786;3,78429508;0,00000000
2,65751186;3,82781744;0,00000000
2,65761586;3,82781744;0,00000000
2,65771986;3,82781744;0,00000000
2,65782386;3,82781744;0,00000000
2,65792786;3,82781744;0,00000000
2,65803186;3,82781744;0,00000000
2,65813586;3,82781744;0,00000000
2,65823986;3,78429508;0,00000000
2,65834386;3,78429508;0,00000000
2,65844786;3,78429508;0,00000000
2,65855186;3,82781744;0,00000000
2,65865586;3,78429508;0,00000000
2,65875986;3,82781744;0,00000000
2,65886386;3,82781744;0,00000000
2,65896786;3,82781744;0,00000000
2,65907186;3,82781744;0,00000000
2,65917586;3,82781744;0,00000000
2,65927986;3,82781744;0,00000000
2,65938386;3,82781744;0,00000000
2,65948786;3,82781744;0,00000000
2,65959186;3,82781744;0,00000000
2,65969586;3,82781744;0,00000000
2,65979986;3,82781744;0,00000000
2,65990386;3,78429508;0,00000000
2,66000786;3,82781744;0,00000000
2,66011186;3,82781744;0,00000000
2,66021586;3,78429508;0,00000000
2,66031986;3,82781744;0,00000000
2,66042386;3,82781744;0,00000000
2,66052786;3,78429508;0,00000000
2,66063186;3,82781744;0,00000000
2,66073586;3,82781744;0,00000000
2,66083986;3,82781744;0,00000000
2,66094386;3,82781744;0,00000000
2,66104786;3,78429508;0,00000000
2,66115186;3,82781744;0,00000000
2,66125586;3,82781744;0,00000000
2,66135986;3,82781744;0,01734744
2,66146386;3,78429508;0,00000000
2,66156786;3,82781744;0,00000000
2,66167186;3,82781744;0,00000000
2,66177586;3,78429508;0,00000000
2,66187986;3,78429508;0,00000000
2,66198386;3,82781744;0,00000000
2,66208786;3,78429508;0,00000000
2,66219186;3,82781744;0,00000000
2,66229586;3,82781744;0,00000000
2,66239986;3,82781744;0,00000000
2,66250386;3,78429508;0,00000000
2,66260786;3,82781744;0,00000000
2,66271186;3,82781744;0,00000000
2,66281586;3,78429508;0,00000000
2,66291986;3,78429508;0,00000000
2,66302386;3,82781744;0,00000000
2,66312786;3,82781744;0,00000000
2,66323186;3,82781744;0,00000000
2,66333586;3,78429508;0,00000000
2,66343986;3,82781744;0,00000000
2,66354386;3,78429508;0,00000000
2,66364786;3,78429508;0,00000000
2,66375186;3,82781744;0,00000000
2,66385586;3,82781744;0,00000000
2,66395986;3,82781744;0,00000000
2,66406386;3,82781744;0,00000000
2,66416786;3,82781744;0,00000000
2,66427186;3,78429508;0,00000000
2,66437586;3,82781744;0,00000000
2,66447986;3,82781744;0,00000000
2,66458386;3,82781744;0,00000000
2,66468786;3,82781744;0,00000000
2,66479186;3,82781744;0,00000000
2,66489586;3,82781744;0,00000000
2,66499986;3,82781744;0,00000000
2,66510386;3,82781744;0,00000000
2,66520786;3,82781744;0,00000000
2,66531186;3,78429508;0,00000000
2,66541586;3,82781744;0,00000000
2,66551986;3,82781744;0,00000000
2,66562386;3,82781744;0,00000000
2,66572786;3,78429508;0,00000000
2,66583186;3,78429508;0,00000000
2,66593586;3,82781744;0,00000000
2,66603986;3,82781744;0,00000000
2,66614386;3,82781744;0,00000000
2,66624786;3,82781744;0,00000000
2,66635186;3,82781744;0,00000000
2,66645586;3,78429508;0,00000000
2,66655986;3,82781744;0,00000000
2,66666386;3,82781744;0,00000000
2,66676786;3,82781744;0,00000000
2,66687186;3,82781744;0,00000000
2,66697586;3,78429508;0,00000000
2,66707986;3,82781744;0,00000000
2,66718386;3,78429508;0,00000000
2,66728786;3,82781744;0,00000000
2,66739186;3,82781744;0,00000000
2,66749586;3,82781744;0,00000000
2,66759986;3,82781744;0,00000000
2,66770386;3,78429508;0,00000000
2,66780786;3,78429508;0,00000000
2,66791186;3,78429508;0,00000000
2,66801586;3,78429508;0,00000000
2,66811986;3,78429508;0,00000000
2,66822386;3,78429508;0,00000000
2,66832786;3,78429508;0,00000000
2,66843186;3,82781744;0,00000000
2,66853586;3,82781744;0,00000000
2,66863986;3,82781744;0,00000000
2,66874386;3,82781744;0,00000000
2,66884786;3,82781744;0,00000000
2,66895186;3,82781744;0,00000000
2,66905586;3,82781744;0,00000000
2,66915986;3,82781744;0,00000000
2,66926386;3,82781744;0,00000000
2,66936786;3,78429508;0,00000000
2,66947186;3,82781744;0,00000000
2,66957586;3,82781744;0,00000000
2,66967986;3,78429508;0,00000000
2,66978386;3,78429508;0,00000000
2,66988786;3,78429508;0,00000000
2,66999186;3,82781744;0,00000000
2,67009586;3,82781744;0,00000000
2,67019986;3,78429508;0,00000000
2,67030386;3,82781744;0,00000000
2,67040786;3,78429508;0,00000000
2,67051186;3,82781744;0,00000000
2,67061586;3,82781744;0,00000000
2,67071986;3,82781744;0,00000000
2,67082386;3,82781744;0,00000000
2,67092786;3,78429508;0,00000000
2,67103186;3,82781744;0,00000000
2,67113586;3,82781744;0,00000000
2,67123986;3,82781744;0,00000000
2,67134386;3,82781744;0,00000000
2,67144786;3,82781744;0,00000000
2,67155186;3,82781744;0,00000000
2,67165586;3,78429508;0,00000000
2,67175986;3,78429508;0,00000000
2,67186386;3,78429508;0,00000000
2,67196786;3,82781744;0,00000000
2,67207186;3,82781744;0,00000000
2,67217586;3,78429508;0,00000000
2,67227986;3,78429508;0,00000000
2,67238386;3,78429508;0,00000000
2,67248786;3,82781744;0,00000000
2,67259186;3,82781744;0,00000000
2,67269586;3,82781744;0,00000000
2,67279986;3,82781744;0,00000000
2,67290386;3,82781744;0,00000000
2,67300786;3,82781744;0,00000000
2,67311186;3,82781744;0,00000000
2,67321586;3,78429508;0,00000000
2,67331986;3,78429508;0,00000000
2,67342386;3,82781744;0,00000000
2,67352786;3,78429508;0,00000000
2,67363186;3,78429508;0,00000000
2,67373586;3,82781744;0,00000000
2,67383986;3,82781744;0,00000000
2,67394386;3,78429508;0,00000000
2,67404786;3,82781744;0,00000000
2,67415186;3,82781744;0,00000000
2,67425586;3,78429508;0,00000000
2,67435986;3,82781744;0,00000000
2,67446386;3,82781744;0,00000000
2,67456786;3,82781744;0,00000000
2,67467186;3,82781744;0,00000000
2,67477586;3,82781744;0,00000000
2,67487986;3,82781744;0,00000000
2,67498386;3,82781744;0,00000000
2,67508786;3,82781744;0,00000000
2,67519186;3,82781744;0,00000000
2,67529586;3,82781744;0,00000000
2,67539986;3,82781744;0,00000000
2,67550386;3,78429508;0,00000000
2,67560786;3,82781744;0,00000000
2,67571186;3,82781744;0,00000000
2,67581586;3,78429508;0,00000000
2,67591986;3,82781744;0,00000000
2,67602386;3,82781744;0,00000000
2,67612786;3,82781744;0,00000000
2,67623186;3,82781744;0,00000000
2,67633586;3,82781744;0,00000000
2,67643986;3,82781744;0,00000000
2,67654386;3,82781744;0,00000000
2,67664786;3,78429508;0,00000000
2,67675186;3,82781744;0,00000000
2,67685586;3,82781744;0,00000000
2,67695986;3,82781744;0,00000000
2,67706386;3,78429508;0,00000000
2,67716786;3,78429508;0,00000000
2,67727186;3,82781744;0,00000000
2,67737586;3,78429508;0,00000000
2,67747986;3,82781744;0,00000000
2,67758386;3,82781744;0,00000000
2,67768786;3,78429508;0,00000000
2,67779186;3,82781744;0,00000000
2,67789586;3,82781744;0,00000000
2,67799986;3,82781744;0,00000000
2,67810386;3,82781744;0,00000000
2,67820786;3,82781744;0,00000000
2,67831186;3,78429508;0,00000000
2,67841586;3,82781744;0,00000000
2,67851986;3,78429508;0,00000000
2,67862386;3,82781744;0,00000000
2,67872786;3,82781744;0,00000000
2,67883186;3,82781744;0,00000000
2,67893586;3,82781744;0,00000000
2,67903986;3,78429508;0,00000000
2,67914386;3,78429508;0,00000000
2,67924786;3,82781744;0,00000000
2,67935186;3,82781744;0,00000000
2,67945586;3,82781744;0,00000000
2,67955986;3,82781744;0,00000000
2,67966386;3,82781744;0,00000000
2,67976786;3,82781744;0,00000000
2,67987186;3,82781744;0,00000000
2,67997586;3,82781744;0,00000000
2,68007986;3,82781744;0,00000000
2,68018386;3,82781744;0,00000000
2,68028786;3,82781744;0,00000000
2,68039186;3,82781744;0,00000000
2,68049586;3,82781744;0,00000000
2,68059986;3,82781744;0,00000000
2,68070386;3,78429508;0,00000000
2,68080786;3,82781744;0,00000000
2,68091186;3,82781744;0,00000000
2,68101586;3,82781744;0,00000000
2,68111986;3,78429508;0,00000000
2,68122386;3,82781744;0,00000000
2,68132786;3,78429508;0,00000000
2,68143186;3,82781744;0,00000000
2,68153586;3,82781744;0,00000000
2,68163986;3,82781744;0,00000000
2,68174386;3,82781744;0,00000000
2,68184786;3,82781744;0,00000000
2,68195186;3,82781744;0,00000000
2,68205586;3,82781744;0,00000000
2,68215986;3,82781744;0,00000000
2,68226386;3,78429508;0,00000000
2,68236786;3,78429508;0,00000000
2,68247186;3,78429508;0,00000000
2,68257586;3,82781744;0,00000000
2,68267986;3,82781744;0,00000000
2,68278386;3,82781744;0,00000000
2,68288786;3,82781744;0,00000000
2,68299186;3,82781744;0,00000000
2,68309586;3,82781744;0,00000000
2,68319986;3,82781744;0,00000000
2,68330386;3,82781744;0,00000000
2,68340786;3,78429508;0,00000000
2,68351186;3,82781744;0,00000000
2,68361586;3,78429508;0,00000000
2,68371986;3,78429508;0,00000000
2,68382386;3,82781744;0,00000000
2,68392786;3,82781744;0,00000000
2,68403186;3,82781744;0,00000000
2,68413586;3,82781744;0,00000000
2,68423986;3,82781744;0,00000000
2,68434386;3,78429508;0,00000000
2,68444786;3,82781744;0,00000000
2,68455186;3,78429508;0,00000000
2,68465586;3,82781744;0,00000000
2,68475986;3,78429508;0,00000000
2,68486386;3,82781744;0,00000000
2,68496786;3,82781744;0,00000000
2,68507186;3,78429508;0,00000000
2,68517586;3,82781744;0,00000000
2,68527986;3,78429508;0,00000000
2,68538386;3,82781744;0,00000000
2,68548786;3,82781744;0,00000000
2,68559186;3,82781744;0,00000000
2,68569586;3,82781744;0,00000000
2,68579986;3,82781744;0,00000000
2,68590386;3,82781744;0,00000000
2,68600786;3,82781744;0,00000000
2,68611186;3,82781744;0,00000000
2,68621586;3,82781744;0,00000000
2,68631986;3,82781744;0,00000000
2,68642386;3,82781744;0,00000000
2,68652786;3,82781744;0,00000000
2,68663186;3,82781744;0,00000000
2,68673586;3,82781744;0,00000000
2,68683986;3,82781744;0,00000000
2,68694386;3,82781744;0,00000000
2,68704786;3,82781744;0,00000000
2,68715186;3,82781744;0,00000000
2,68725586;3,78429508;0,00000000
2,68735986;3,82781744;0,00000000
2,68746386;3,82781744;0,00000000
2,68756786;3,82781744;0,00000000
2,68767186;3,78429508;0,00000000
2,68777586;3,82781744;0,00000000
2,68787986;3,82781744;0,00000000
2,68798386;3,82781744;0,00000000
2,68808786;3,78429508;0,00000000
2,68819186;3,82781744;0,00000000
2,68829586;3,82781744;0,00000000
2,68839986;3,78429508;0,00000000
2,68850386;3,82781744;0,00000000
2,68860786;3,78429508;0,00000000
2,68871186;3,82781744;0,00000000
2,68881586;3,82781744;0,00000000
2,68891986;3,82781744;0,00000000
2,68902386;3,82781744;0,00000000
2,68912786;3,82781744;0,00000000
2,68923186;3,78429508;0,00000000
2,68933586;3,78429508;0,00000000
2,68943986;3,82781744;0,00000000
2,68954386;3,78429508;0,00000000
2,68964786;3,82781744;0,00000000
2,68975186;3,82781744;0,00000000
2,68985586;3,82781744;0,00000000
2,68995986;3,78429508;0,00000000
2,69006385;3,82781744;0,00000000
2,69016785;3,82781744;0,00000000
2,69027185;3,82781744;0,00000000
2,69037585;3,82781744;0,00000000
2,69047985;3,82781744;0,00000000
2,69058385;3,78429508;0,00000000
2,69068785;3,82781744;0,00000000
2,69079185;3,82781744;0,00000000
2,69089585;3,82781744;0,00000000
2,69099985;3,78429508;0,00000000
2,69110385;3,82781744;0,00000000
2,69120785;3,82781744;0,00000000
2,69131185;3,82781744;0,00000000
2,69141585;3,82781744;0,00000000
2,69151985;3,82781744;0,00000000
2,69162385;3,82781744;0,00000000
2,69172785;3,82781744;0,00000000
2,69183185;3,82781744;0,00000000
2,69193585;3,82781744;0,00000000
2,69203985;3,78429508;0,00000000
2,69214385;3,82781744;0,00000000
2,69224785;3,82781744;0,00000000
2,69235185;3,82781744;0,00000000
2,69245585;3,78429508;0,00000000
2,69255985;3,82781744;0,00000000
2,69266385;3,82781744;0,00000000
2,69276785;3,82781744;0,00000000
2,69287185;3,78429508;0,00000000
2,69297585;3,78429508;0,00000000
2,69307985;3,78429508;0,00000000
2,69318385;3,78429508;0,00000000
2,69328785;3,78429508;0,00000000
2,69339185;3,82781744;0,00000000
2,69349585;3,82781744;0,00000000
2,69359985;3,82781744;0,00000000
2,69370385;3,82781744;0,00000000
2,69380785;3,78429508;0,00000000
2,69391185;3,82781744;0,00000000
2,69401585;3,82781744;0,00000000
2,69411985;3,78429508;0,00000000
2,69422385;3,78429508;0,00000000
2,69432785;3,82781744;0,00000000
2,69443185;3,82781744;0,00000000
2,69453585;3,82781744;0,00000000
2,69463985;3,78429508;0,00000000
2,69474385;3,82781744;0,00000000
2,69484785;3,78429508;0,00000000
2,69495185;3,82781744;0,00000000
2,69505585;3,82781744;0,00000000
2,69515985;3,82781744;0,00000000
2,69526385;3,82781744;0,00000000
2,69536785;3,82781744;0,00000000
2,69547185;3,82781744;0,00000000
2,69557585;3,82781744;0,00000000
2,69567985;3,82781744;0,00000000
2,69578385;3,82781744;0,00000000
2,69588785;3,82781744;0,00000000
2,69599185;3,82781744;0,00000000
2,69609585;3,82781744;0,00000000
2,69619985;3,82781744;0,00000000
2,69630385;3,82781744;0,00000000
2,69640785;3,82781744;0,00000000
2,69651185;3,82781744;0,00000000
2,69661585;3,78429508;0,00000000
2,69671985;3,82781744;0,00000000
2,69682385;3,78429508;0,00000000
2,69692785;3,82781744;0,00000000
2,69703185;3,78429508;0,00000000
2,69713585;3,78429508;0,00000000
2,69723985;3,78429508;0,00000000
2,69734385;3,82781744;0,00000000
2,69744785;3,82781744;0,00000000
2,69755185;3,82781744;0,00000000
2,69765585;3,82781744;0,00000000
2,69775985;3,82781744;0,00000000
2,69786385;3,78429508;0,00000000
2,69796785;3,82781744;0,00000000
2,69807185;3,78429508;0,00000000
2,69817585;3,78429508;0,00000000
2,69827985;3,82781744;0,00000000
2,69838385;3,82781744;0,00000000
2,69848785;3,82781744;0,00000000
2,69859185;3,82781744;0,00000000
2,69869585;3,82781744;0,00000000
2,69879985;3,82781744;0,00000000
2,69890385;3,82781744;0,00000000
2,69900785;3,78429508;0,00000000
2,69911185;3,82781744;0,00000000
2,69921585;3,82781744;0,00000000
2,69931985;3,82781744;0,00000000
2,69942385;3,82781744;0,00000000
2,69952785;3,78429508;0,00000000
2,69963185;3,78429508;0,00000000
2,69973585;3,82781744;0,00000000
2,69983985;3,78429508;0,00000000
2,69994385;3,82781744;0,00000000
2,70004785;3,82781744;0,00000000
2,70015185;3,82781744;0,00000000
2,70025585;3,82781744;0,00000000
2,70035985;3,82781744;0,00000000
2,70046385;3,82781744;0,00000000
2,70056785;3,82781744;0,00000000
2,70067185;3,82781744;0,00000000
2,70077585;3,78429508;0,00000000
2,70087985;3,82781744;0,00000000
2,70098385;3,78429508;0,00000000
2,70108785;3,82781744;0,00000000
2,70119185;3,82781744;0,00000000
2,70129585;3,82781744;0,00000000
2,70139985;3,82781744;0,00000000
2,70150385;3,78429508;0,00000000
2,70160785;3,78429508;0,00000000
2,70171185;3,82781744;0,00000000
2,70181585;3,82781744;0,00000000
2,70191985;3,82781744;0,00000000
2,70202385;3,78429508;0,00000000
2,70212785;3,82781744;0,00000000
2,70223185;3,82781744;0,00000000
2,70233585;3,82781744;0,00000000
2,70243985;3,82781744;0,00000000
2,70254385;3,78429508;0,00000000
2,70264785;3,82781744;0,00000000
2,70275185;3,82781744;0,00000000
2,70285585;3,82781744;0,00000000
2,70295985;3,82781744;0,00000000
2,70306385;3,78429508;0,00000000
2,70316785;3,82781744;0,00000000
2,70327185;3,78429508;0,00000000
2,70337585;3,82781744;0,00000000
2,70347985;3,78429508;0,00000000
2,70358385;3,82781744;0,00000000
2,70368785;3,78429508;0,00000000
2,70379185;3,78429508;0,00000000
2,70389585;3,78429508;0,00000000
2,70399985;3,78429508;0,00000000
2,70410385;3,82781744;0,00000000
2,70420785;3,82781744;0,00000000
2,70431185;3,78429508;0,00000000
2,70441585;3,82781744;0,00000000
2,70451985;3,82781744;0,00000000
2,70462385;3,82781744;0,00000000
2,70472785;3,82781744;0,00000000
2,70483185;3,78429508;0,00000000
2,70493585;3,82781744;0,00000000
2,70503985;3,78429508;0,00000000
2,70514385;3,78429508;0,00000000
2,70524785;3,82781744;0,00000000
2,70535185;3,82781744;0,00000000
2,70545585;3,82781744;0,00000000
2,70555985;3,82781744;0,00000000
2,70566385;3,82781744;0,00000000
2,70576785;3,82781744;0,00000000
2,70587185;3,82781744;0,00000000
2,70597585;3,78429508;0,00000000
2,70607985;3,82781744;0,00000000
2,70618385;3,82781744;0,00000000
2,70628785;3,82781744;0,00000000
2,70639185;3,82781744;0,00000000
2,70649585;3,82781744;0,00000000
2,70659985;3,78429508;0,00000000
2,70670385;3,82781744;0,00000000
2,70680785;3,82781744;0,00000000
2,70691185;3,78429508;0,00000000
2,70701585;3,82781744;0,00000000
2,70711985;3,78429508;0,00000000
2,70722385;3,78429508;0,00000000
2,70732785;3,78429508;0,00000000
2,70743185;3,82781744;0,00000000
2,70753585;3,82781744;0,00000000
2,70763985;3,82781744;0,00000000
2,70774385;3,82781744;0,00000000
2,70784785;3,82781744;0,00000000
2,70795185;3,82781744;0,00000000
2,70805585;3,82781744;0,00000000
2,70815985;3,82781744;0,00000000
2,70826385;3,82781744;0,00000000
2,70836785;3,82781744;0,00000000
2,70847185;3,82781744;0,00000000
2,70857585;3,78429508;0,00000000
2,70867985;3,82781744;0,00000000
2,70878385;3,82781744;0,00000000
2,70888785;3,82781744;0,00000000
2,70899185;3,78429508;0,00000000
2,70909585;3,82781744;0,00000000
2,70919985;3,82781744;0,00000000
2,70930385;3,82781744;0,00000000
2,70940785;3,78429508;0,00000000
2,70951185;3,78429508;0,00000000
2,70961585;3,78429508;0,00000000
2,70971985;3,82781744;0,00000000
2,70982385;3,82781744;0,00000000
2,70992785;3,82781744;0,00000000
2,71003185;3,82781744;0,00000000
2,71013585;3,78429508;0,00000000
2,71023985;3,82781744;0,00000000
2,71034385;3,78429508;0,00000000
2,71044785;3,78429508;0,00000000
2,71055185;3,82781744;0,00000000
2,71065585;3,82781744;0,00000000
2,71075985;3,78429508;0,00000000
2,71086385;3,82781744;0,00000000
2,71096785;3,82781744;0,00000000
2,71107185;3,82781744;0,00000000
2,71117585;3,82781744;0,00000000
2,71127985;3,78429508;0,00000000
2,71138385;3,82781744;0,00000000
2,71148785;3,82781744;0,00000000
2,71159185;3,82781744;0,00000000
2,71169585;3,82781744;0,00000000
2,71179985;3,82781744;0,00000000
2,71190385;3,82781744;0,00000000
2,71200785;3,82781744;0,00000000
2,71211185;3,82781744;0,00000000
2,71221585;3,82781744;0,00000000
2,71231985;3,82781744;0,00000000
2,71242385;3,82781744;0,00000000
2,71252785;3,82781744;0,00000000
2,71263185;3,82781744;0,00000000
2,71273585;3,78429508;0,00000000
2,71283985;3,82781744;0,00000000
2,71294385;3,82781744;0,00000000
2,71304785;3,78429508;0,00000000
2,71315185;3,78429508;0,00000000
2,71325585;3,78429508;0,00000000
2,71335985;3,82781744;0,00000000
2,71346385;3,82781744;0,00000000
2,71356785;3,78429508;0,01734744
2,71367185;3,78429508;0,00000000
2,71377585;3,82781744;0,00000000
2,71387985;3,82781744;0,00000000
2,71398385;3,78429508;0,00000000
2,71408785;3,78429508;0,00000000
2,71419185;3,78429508;0,00000000
2,71429585;3,82781744;0,00000000
2,71439985;3,82781744;0,00000000
2,71450385;3,78429508;0,00000000
2,71460785;3,82781744;0,00000000
2,71471185;3,78429508;0,00000000
2,71481585;3,82781744;0,00000000
2,71491985;3,82781744;0,00000000
2,71502385;3,82781744;0,00000000
2,71512785;3,82781744;0,00000000
2,71523185;3,82781744;0,00000000
2,71533585;3,82781744;0,00000000
2,71543985;3,82781744;0,00000000
2,71554385;3,82781744;0,00000000
2,71564785;3,82781744;0,00000000
2,71575185;3,82781744;0,00000000
2,71585585;3,82781744;0,00000000
2,71595985;3,78429508;0,00000000
2,71606385;3,78429508;0,00000000
2,71616785;3,82781744;0,00000000
2,71627185;3,82781744;0,00000000
2,71637585;3,82781744;0,00000000
2,71647985;3,82781744;0,00000000
2,71658385;3,82781744;0,00000000
2,71668785;3,82781744;0,00000000
2,71679185;3,82781744;0,00000000
2,71689585;3,82781744;0,00000000
2,71699985;3,78429508;0,00000000
2,71710385;3,82781744;0,00000000
2,71720785;3,82781744;0,00000000
2,71731185;3,82781744;0,00000000
2,71741585;3,82781744;0,00000000
2,71751985;3,82781744;0,00000000
2,71762385;3,82781744;0,00000000
2,71772785;3,78429508;0,00000000
2,71783185;3,82781744;0,00000000
2,71793585;3,82781744;0,00000000
2,71803985;3,82781744;0,00000000
2,71814385;3,78429508;0,00000000
2,71824785;3,82781744;0,00000000
2,71835185;3,82781744;0,00000000
2,71845585;3,82781744;0,00000000
2,71855985;3,82781744;0,00000000
2,71866385;3,78429508;0,00000000
2,71876785;3,82781744;0,00000000
2,71887185;3,82781744;0,00000000
2,71897585;3,82781744;0,00000000
2,71907985;3,82781744;0,00000000
2,71918385;3,78429508;0,00000000
2,71928785;3,78429508;0,00000000
2,71939185;3,82781744;0,00000000
2,71949585;3,78429508;0,00000000
2,71959985;3,82781744;0,00000000
2,71970385;3,82781744;0,00000000
2,71980785;3,87133980;0,00000000
2,71991185;3,78429508;0,00000000
2,72001585;3,82781744;0,00000000
2,72011985;3,82781744;0,00000000
2,72022385;3,82781744;0,00000000
2,72032785;3,82781744;0,00000000
2,72043185;3,82781744;0,00000000
2,72053585;3,82781744;0,00000000
2,72063985;3,82781744;0,00000000
2,72074385;3,82781744;0,00000000
2,72084785;3,78429508;0,00000000
2,72095185;3,78429508;0,00000000
2,72105585;3,82781744;0,00000000
2,72115985;3,82781744;0,00000000
2,72126385;3,82781744;0,00000000
2,72136785;3,78429508;0,00000000
2,72147185;3,82781744;0,00000000
2,72157585;3,78429508;0,00000000
2,72167985;3,82781744;0,00000000
2,72178385;3,78429508;0,00000000
2,72188785;3,82781744;0,00000000
2,72199185;3,78429508;0,00000000
2,72209585;3,82781744;0,00000000
2,72219985;3,82781744;0,00000000
2,72230385;3,82781744;0,00000000
2,72240785;3,78429508;0,00000000
2,72251185;3,82781744;0,00000000
2,72261585;3,82781744;0,00000000
2,72271985;3,82781744;0,00000000
2,72282385;3,82781744;0,00000000
2,72292785;3,82781744;0,00000000
2,72303185;3,82781744;0,00000000
2,72313585;3,82781744;0,00000000
2,72323985;3,78429508;0,00000000
2,72334385;3,82781744;0,00000000
2,72344785;3,78429508;0,00000000
2,72355185;3,82781744;0,00000000
2,72365585;3,82781744;0,00000000
2,72375985;3,82781744;0,00000000
2,72386385;3,82781744;0,00000000
2,72396785;3,78429508;0,00000000
2,72407185;3,82781744;0,00000000
2,72417585;3,78429508;0,00000000
2,72427985;3,82781744;0,00000000
2,72438385;3,82781744;0,00000000
2,72448785;3,87133980;0,00000000
2,72459185;3,78429508;0,00000000
2,72469585;3,78429508;0,00000000
2,72479985;3,82781744;0,00000000
2,72490385;3,82781744;0,00000000
2,72500785;3,82781744;0,00000000
2,72511185;3,82781744;0,00000000
2,72521585;3,82781744;0,00000000
2,72531985;3,78429508;0,00000000
2,72542385;3,78429508;0,00000000
2,72552785;3,78429508;0,00000000
2,72563185;3,78429508;0,00000000
2,72573585;3,82781744;0,00000000
2,72583985;3,82781744;0,00000000
2,72594385;3,82781744;0,00000000
2,72604785;3,82781744;0,00000000
2,72615185;3,82781744;0,00000000
2,72625585;3,82781744;0,00000000
2,72635985;3,82781744;0,00000000
2,72646385;3,82781744;0,00000000
2,72656785;3,78429508;0,00000000
2,72667185;3,78429508;0,00000000
2,72677585;3,78429508;0,00000000
2,72687985;3,82781744;0,00000000
2,72698385;3,82781744;0,00000000
2,72708785;3,82781744;0,00000000
2,72719185;3,82781744;0,00000000
2,72729585;3,78429508;0,00000000
2,72739985;3,82781744;0,00000000
2,72750385;3,82781744;0,00000000
2,72760785;3,82781744;0,00000000
2,72771185;3,78429508;0,00000000
2,72781585;3,82781744;0,00000000
2,72791985;3,82781744;0,00000000
2,72802385;3,82781744;0,00000000
2,72812785;3,82781744;0,00000000
2,72823185;3,78429508;0,00000000
2,72833585;3,82781744;0,00000000
2,72843985;3,78429508;0,00000000
2,72854385;3,82781744;0,00000000
2,72864785;3,82781744;0,00000000
2,72875185;3,82781744;0,01734744
2,72885585;3,78429508;0,00000000
2,72895985;3,82781744;0,00000000
2,72906385;3,82781744;0,00000000
2,72916785;3,82781744;0,00000000
2,72927185;3,82781744;0,00000000
2,72937585;3,82781744;0,00000000
2,72947985;3,78429508;0,00000000
2,72958385;3,82781744;0,00000000
2,72968785;3,78429508;0,00000000
2,72979185;3,82781744;0,00000000
2,72989585;3,82781744;0,00000000
2,72999985;3,82781744;0,00000000
2,73010385;3,82781744;0,00000000
2,73020785;3,78429508;0,00000000
2,73031185;3,82781744;0,00000000
2,73041585;3,78429508;0,00000000
2,73051985;3,82781744;0,00000000
2,73062385;3,82781744;0,00000000
2,73072785;3,82781744;0,00000000
2,73083185;3,82781744;0,00000000
2,73093585;3,82781744;0,00000000
2,73103985;3,82781744;0,00000000
2,73114385;3,78429508;0,00000000
2,73124785;3,82781744;0,00000000
2,73135185;3,82781744;0,00000000
2,73145585;3,82781744;0,00000000
2,73155985;3,82781744;0,00000000
2,73166385;3,82781744;0,00000000
2,73176785;3,78429508;0,00000000
2,73187185;3,82781744;0,00000000
2,73197585;3,82781744;0,00000000
2,73207985;3,82781744;0,00000000
2,73218385;3,78429508;0,00000000
2,73228785;3,82781744;0,00000000
2,73239185;3,82781744;0,00000000
2,73249585;3,82781744;0,00000000
2,73259985;3,78429508;0,00000000
2,73270385;3,82781744;0,00000000
2,73280785;3,78429508;0,00000000
2,73291185;3,82781744;0,00000000
2,73301585;3,78429508;0,00000000
2,73311985;3,78429508;0,00000000
2,73322385;3,82781744;0,00000000
2,73332785;3,82781744;0,00000000
2,73343185;3,82781744;0,00000000
2,73353585;3,82781744;0,00000000
2,73363985;3,82781744;0,00000000
2,73374385;3,82781744;0,00000000
2,73384785;3,82781744;0,00000000
2,73395185;3,78429508;0,00000000
2,73405585;3,82781744;0,00000000
2,73415985;3,82781744;0,00000000
2,73426385;3,82781744;0,00000000
2,73436785;3,82781744;0,00000000
2,73447185;3,82781744;0,00000000
2,73457585;3,82781744;0,00000000
2,73467985;3,82781744;0,00000000
2,73478385;3,82781744;0,00000000
2,73488785;3,78429508;0,00000000
2,73499185;3,82781744;0,00000000
2,73509585;3,78429508;0,00000000
2,73519985;3,82781744;0,00000000
2,73530385;3,82781744;0,00000000
2,73540785;3,82781744;0,00000000
2,73551185;3,78429508;0,00000000
2,73561585;3,82781744;0,00000000
2,73571985;3,82781744;0,00000000
2,73582385;3,82781744;0,00000000
2,73592785;3,78429508;0,00000000
2,73603185;3,82781744;0,00000000
2,73613585;3,82781744;0,00000000
2,73623985;3,82781744;0,00000000
2,73634385;3,82781744;0,00000000
2,73644785;3,82781744;0,00000000
2,73655185;3,82781744;0,00000000
2,73665585;3,82781744;0,00000000
2,73675985;3,82781744;0,00000000
2,73686385;3,82781744;0,00000000
2,73696785;3,82781744;0,00000000
2,73707185;3,82781744;0,00000000
2,73717585;3,82781744;0,00000000
2,73727985;3,82781744;0,00000000
2,73738385;3,78429508;0,00000000
2,73748785;3,82781744;0,00000000
2,73759185;3,78429508;0,00000000
2,73769585;3,78429508;0,00000000
2,73779985;3,82781744;0,00000000
2,73790385;3,82781744;0,00000000
2,73800785;3,82781744;0,00000000
2,73811185;3,82781744;0,00000000
2,73821585;3,82781744;0,00000000
2,73831985;3,82781744;0,00000000
2,73842385;3,78429508;0,00000000
2,73852785;3,82781744;0,00000000
2,73863185;3,82781744;0,00000000
2,73873585;3,78429508;0,00000000
2,73883985;3,78429508;0,00000000
2,73894385;3,82781744;0,00000000
2,73904785;3,82781744;0,00000000
2,73915185;3,78429508;0,00000000
2,73925585;3,82781744;0,00000000
2,73935985;3,82781744;0,00000000
2,73946385;3,82781744;0,00000000
2,73956785;3,82781744;0,00000000
2,73967185;3,78429508;0,00000000
2,73977585;3,82781744;0,00000000
2,73987985;3,82781744;0,00000000
2,73998385;3,82781744;0,00000000
2,74008785;3,82781744;0,00000000
2,74019185;3,82781744;0,00000000
2,74029585;3,82781744;0,00000000
2,74039985;3,82781744;0,00000000
2,74050385;3,82781744;0,00000000
2,74060785;3,82781744;0,00000000
2,74071185;3,82781744;0,00000000
2,74081585;3,78429508;0,00000000
2,74091985;3,82781744;0,00000000
2,74102385;3,82781744;0,00000000
2,74112785;3,82781744;0,00000000
2,74123185;3,82781744;0,00000000
2,74133585;3,78429508;0,00000000
2,74143985;3,82781744;0,00000000
2,74154385;3,78429508;0,00000000
2,74164785;3,78429508;0,00000000
2,74175185;3,82781744;0,00000000
2,74185585;3,82781744;0,00000000
2,74195985;3,82781744;0,00000000
2,74206385;3,82781744;0,00000000
2,74216785;3,82781744;0,00000000
2,74227185;3,82781744;0,00000000
2,74237585;3,82781744;0,00000000
2,74247985;3,78429508;0,00000000
2,74258385;3,82781744;0,00000000
2,74268785;3,82781744;0,00000000
2,74279185;3,78429508;0,00000000
2,74289585;3,82781744;0,00000000
2,74299985;3,82781744;0,00000000
2,74310385;3,78429508;0,00000000
2,74320785;3,82781744;0,00000000
2,74331185;3,78429508;0,00000000
2,74341585;3,82781744;0,00000000
2,74351985;3,82781744;0,00000000
2,74362385;3,82781744;0,00000000
2,74372785;3,78429508;0,00000000
2,74383185;3,82781744;0,00000000
2,74393585;3,78429508;0,00000000
2,74403985;3,78429508;0,00000000
2,74414385;3,78429508;0,00000000
2,74424785;3,82781744;0,00000000
2,74435185;3,82781744;0,00000000
2,74445585;3,82781744;0,00000000
2,74455985;3,82781744;0,00000000
2,74466385;3,82781744;0,00000000
2,74476785;3,82781744;0,00000000
2,74487185;3,78429508;0,00000000
2,74497585;3,78429508;0,00000000
2,74507985;3,82781744;0,00000000
2,74518385;3,82781744;0,00000000
2,74528785;3,82781744;0,00000000
2,74539185;3,82781744;0,00000000
2,74549585;3,78429508;0,00000000
2,74559985;3,78429508;0,00000000
2,74570385;3,82781744;0,00000000
2,74580785;3,82781744;0,00000000
2,74591185;3,78429508;0,00000000
2,74601585;3,78429508;0,00000000
2,74611985;3,82781744;0,00000000
2,74622385;3,82781744;0,00000000
2,74632785;3,82781744;0,00000000
2,74643185;3,78429508;0,00000000
2,74653585;3,82781744;0,00000000
2,74663985;3,78429508;0,00000000
2,74674385;3,78429508;0,00000000
2,74684785;3,82781744;0,00000000
2,74695185;3,82781744;0,00000000
2,74705585;3,82781744;0,00000000
2,74715985;3,78429508;0,00000000
2,74726385;3,82781744;0,00000000
2,74736785;3,82781744;0,00000000
2,74747185;3,82781744;0,00000000
2,74757585;3,82781744;0,00000000
2,74767985;3,82781744;0,00000000
2,74778385;3,82781744;0,00000000
2,74788785;3,82781744;0,00000000
2,74799185;3,78429508;0,00000000
2,74809585;3,82781744;0,00000000
2,74819985;3,78429508;0,00000000
2,74830385;3,82781744;0,00000000
2,74840785;3,78429508;0,00000000
2,74851185;3,82781744;0,00000000
2,74861585;3,78429508;0,00000000
2,74871985;3,82781744;0,00000000
2,74882385;3,78429508;0,00000000
2,74892785;3,82781744;0,00000000
2,74903185;3,82781744;0,00000000
2,74913585;3,82781744;0,00000000
2,74923985;3,82781744;0,00000000
2,74934385;3,82781744;0,00000000
2,74944785;3,78429508;0,00000000
2,74955185;3,82781744;0,00000000
2,74965585;3,78429508;0,00000000
2,74975985;3,82781744;0,00000000
2,74986385;3,78429508;0,00000000
2,74996785;3,82781744;0,00000000
2,75007185;3,82781744;0,00000000
2,75017585;3,82781744;0,00000000
2,75027985;3,82781744;0,00000000
2,75038385;3,82781744;0,00000000
2,75048785;3,78429508;0,00000000
2,75059185;3,82781744;0,00000000
2,75069585;3,82781744;0,00000000
2,75079985;3,82781744;0,00000000
2,75090385;3,82781744;0,00000000
2,75100785;3,82781744;0,00000000
2,75111185;3,82781744;0,00000000
2,75121585;3,82781744;0,00000000
2,75131985;3,82781744;0,00000000
2,75142385;3,82781744;0,00000000
2,75152785;3,82781744;0,00000000
2,75163185;3,82781744;0,00000000
2,75173585;3,82781744;0,00000000
2,75183985;3,82781744;0,00000000
2,75194385;3,78429508;0,00000000
2,75204785;3,82781744;0,00000000
2,75215185;3,78429508;0,00000000
2,75225585;3,82781744;0,00000000
2,75235985;3,82781744;0,00000000
2,75246385;3,82781744;0,00000000
2,75256785;3,78429508;0,00000000
2,75267185;3,82781744;0,00000000
2,75277585;3,78429508;0,00000000
2,75287985;3,82781744;0,00000000
2,75298385;3,82781744;0,00000000
2,75308785;3,82781744;0,00000000
2,75319185;3,82781744;0,00000000
2,75329585;3,82781744;0,00000000
2,75339985;3,82781744;0,00000000
2,75350385;3,82781744;0,00000000
2,75360785;3,78429508;0,00000000
2,75371185;3,82781744;0,00000000
2,75381585;3,82781744;0,00000000
2,75391985;3,82781744;0,00000000
2,75402385;3,78429508;0,00000000
2,75412785;3,82781744;0,00000000
2,75423185;3,82781744;0,00000000
2,75433585;3,82781744;0,00000000
2,75443985;3,82781744;0,00000000
2,75454385;3,82781744;0,00000000
2,75464785;3,82781744;0,00000000
2,75475185;3,82781744;0,00000000
2,75485585;3,82781744;0,00000000
2,75495985;3,82781744;0,00000000
2,75506385;3,82781744;0,00000000
2,75516785;3,82781744;0,00000000
2,75527185;3,82781744;0,00000000
2,75537585;3,78429508;0,00000000
2,75547985;3,82781744;0,00000000
2,75558385;3,82781744;0,00000000
2,75568785;3,82781744;0,00000000
2,75579185;3,82781744;0,00000000
2,75589585;3,82781744;0,00000000
2,75599985;3,82781744;0,00000000
2,75610385;3,82781744;0,00000000
2,75620785;3,82781744;0,00000000
2,75631185;3,82781744;0,00000000
2,75641585;3,78429508;0,00000000
2,75651985;3,82781744;0,00000000
2,75662385;3,82781744;0,00000000
2,75672785;3,82781744;0,00000000
2,75683185;3,82781744;0,00000000
2,75693585;3,82781744;0,00000000
2,75703985;3,82781744;0,00000000
2,75714385;3,82781744;0,00000000
2,75724785;3,82781744;0,00000000
2,75735185;3,82781744;0,00000000
2,75745585;3,82781744;0,00000000
2,75755985;3,82781744;0,00000000
2,75766385;3,82781744;0,00000000
2,75776785;3,82781744;0,00000000
2,75787185;3,82781744;0,00000000
2,75797585;3,78429508;0,00000000
2,75807985;3,82781744;0,00000000
2,75818385;3,82781744;0,00000000
2,75828785;3,82781744;0,00000000
2,75839185;3,82781744;0,00000000
2,75849585;3,82781744;0,00000000
2,75859985;3,82781744;0,00000000
2,75870385;3,82781744;0,00000000
2,75880785;3,78429508;0,00000000
2,75891185;3,82781744;0,00000000
2,75901585;3,82781744;0,00000000
2,75911985;3,82781744;0,00000000
2,75922385;3,82781744;0,00000000
2,75932785;3,82781744;0,00000000
2,75943185;3,82781744;0,00000000
2,75953585;3,82781744;0,00000000
2,75963985;3,78429508;0,00000000
2,75974385;3,78429508;0,00000000
2,75984785;3,82781744;0,00000000
2,75995185;3,82781744;0,00000000
2,76005585;3,78429508;0,00000000
2,76015985;3,82781744;0,00000000
2,76026385;3,82781744;0,00000000
2,76036785;3,82781744;0,00000000
2,76047185;3,82781744;0,00000000
2,76057585;3,82781744;0,00000000
2,76067985;3,82781744;0,00000000
2,76078385;3,78429508;0,00000000
2,76088785;3,82781744;0,00000000
2,76099185;3,82781744;0,00000000
2,76109585;3,82781744;0,00000000
2,76119985;3,78429508;0,00000000
2,76130385;3,78429508;0,00000000
2,76140785;3,82781744;0,00000000
2,76151185;3,82781744;0,00000000
2,76161585;3,78429508;0,00000000
2,76171985;3,82781744;0,00000000
2,76182385;3,82781744;0,00000000
2,76192785;3,78429508;0,00000000
2,76203185;3,82781744;0,00000000
2,76213585;3,82781744;0,00000000
2,76223985;3,82781744;0,00000000
2,76234385;3,82781744;0,00000000
2,76244785;3,82781744;0,00000000
2,76255185;3,78429508;0,00000000
2,76265585;3,82781744;0,00000000
2,76275985;3,78429508;0,00000000
2,76286385;3,78429508;0,00000000
2,76296785;3,82781744;0,00000000
2,76307185;3,82781744;0,00000000
2,76317585;3,78429508;0,00000000
2,76327985;3,78429508;0,00000000
2,76338385;3,82781744;0,00000000
2,76348785;3,78429508;0,00000000
2,76359185;3,82781744;0,00000000
2,76369585;3,82781744;0,00000000
2,76379985;3,82781744;0,00000000
2,76390385;3,82781744;0,00000000
2,76400785;3,82781744;0,00000000
2,76411185;3,78429508;0,00000000
2,76421585;3,82781744;0,00000000
2,76431985;3,82781744;0,00000000
2,76442385;3,78429508;0,00000000
2,76452785;3,82781744;0,00000000
2,76463185;3,82781744;0,00000000
2,76473585;3,78429508;0,00000000
2,76483985;3,82781744;0,00000000
2,76494385;3,82781744;0,00000000
2,76504785;3,82781744;0,00000000
2,76515185;3,82781744;0,00000000
2,76525585;3,82781744;0,00000000
2,76535985;3,82781744;0,00000000
2,76546385;3,82781744;0,00000000
2,76556785;3,78429508;0,00000000
2,76567185;3,82781744;0,00000000
2,76577585;3,82781744;0,00000000
2,76587985;3,82781744;0,00000000
2,76598385;3,82781744;0,00000000
2,76608785;3,78429508;0,00000000
2,76619185;3,78429508;0,00000000
2,76629585;3,82781744;0,00000000
2,76639985;3,82781744;0,00000000
2,76650385;3,78429508;0,00000000
2,76660785;3,82781744;0,00000000
2,76671185;3,82781744;0,00000000
2,76681585;3,78429508;0,00000000
2,76691985;3,78429508;0,00000000
2,76702385;3,82781744;0,00000000
2,76712785;3,78429508;0,00000000
2,76723185;3,78429508;0,00000000
2,76733585;3,78429508;0,00000000
2,76743985;3,78429508;0,00000000
2,76754385;3,78429508;0,00000000
2,76764785;3,78429508;0,00000000
2,76775185;3,82781744;0,00000000
2,76785585;3,78429508;0,00000000
2,76795985;3,78429508;0,00000000
2,76806385;3,82781744;0,00000000
2,76816785;3,78429508;0,00000000
2,76827185;3,82781744;0,00000000
2,76837585;3,78429508;0,00000000
2,76847985;3,78429508;0,00000000
2,76858385;3,82781744;0,00000000
2,76868785;3,82781744;0,00000000
2,76879185;3,78429508;0,00000000
2,76889585;3,82781744;0,00000000
2,76899985;3,82781744;0,00000000
2,76910385;3,78429508;0,00000000
2,76920785;3,82781744;0,00000000
2,76931185;3,82781744;0,00000000
2,76941585;3,78429508;0,00000000
2,76951985;3,82781744;0,00000000
2,76962385;3,82781744;0,00000000
2,76972785;3,78429508;0,00000000
2,76983185;3,82781744;0,00000000
2,76993585;3,82781744;0,00000000
2,77003985;3,78429508;0,00000000
2,77014385;3,82781744;0,00000000
2,77024785;3,78429508;0,00000000
2,77035185;3,82781744;0,00000000
2,77045585;3,82781744;0,00000000
2,77055985;3,82781744;0,00000000
2,77066385;3,78429508;0,00000000
2,77076785;3,82781744;0,00000000
2,77087185;3,78429508;0,00000000
2,77097585;3,82781744;0,00000000
2,77107985;3,82781744;0,00000000
2,77118385;3,78429508;0,00000000
2,77128785;3,78429508;0,00000000
2,77139185;3,82781744;0,00000000
2,77149585;3,82781744;0,00000000
2,77159985;3,82781744;0,00000000
2,77170385;3,78429508;0,00000000
2,77180785;3,82781744;0,00000000
2,77191185;3,82781744;0,00000000
2,77201585;3,82781744;0,00000000
2,77211985;3,82781744;0,00000000
2,77222385;3,82781744;0,00000000
2,77232785;3,78429508;0,00000000
2,77243185;3,82781744;0,00000000
2,77253585;3,82781744;0,00000000
2,77263985;3,78429508;0,00000000
2,77274385;3,78429508;0,00000000
2,77284785;3,82781744;0,00000000
2,77295185;3,82781744;0,00000000
2,77305585;3,82781744;0,00000000
2,77315985;3,82781744;0,00000000
2,77326385;3,82781744;0,00000000
2,77336785;3,82781744;0,00000000
2,77347185;3,78429508;0,00000000
2,77357585;3,78429508;0,00000000
2,77367985;3,78429508;0,00000000
2,77378385;3,78429508;0,00000000
2,77388785;3,78429508;0,00000000
2,77399185;3,78429508;0,00000000
2,77409585;3,82781744;0,00000000
2,77419985;3,78429508;0,00000000
2,77430385;3,82781744;0,00000000
2,77440785;3,82781744;0,00000000
2,77451185;3,82781744;0,00000000
2,77461585;3,82781744;0,00000000
2,77471985;3,82781744;0,00000000
2,77482385;3,82781744;0,00000000
2,77492785;3,82781744;0,00000000
2,77503185;3,78429508;0,00000000
2,77513585;3,82781744;0,00000000
2,77523985;3,78429508;0,00000000
2,77534385;3,78429508;0,00000000
2,77544785;3,82781744;0,00000000
2,77555185;3,78429508;0,00000000
2,77565585;3,82781744;0,00000000
2,77575985;3,82781744;0,00000000
2,77586385;3,82781744;0,00000000
2,77596785;3,82781744;0,00000000
2,77607185;3,78429508;0,00000000
2,77617585;3,78429508;0,00000000
2,77627985;3,78429508;0,00000000
2,77638385;3,78429508;0,00000000
2,77648785;3,82781744;0,00000000
2,77659185;3,82781744;0,00000000
2,77669585;3,82781744;0,00000000
2,77679985;3,78429508;0,00000000
2,77690385;3,78429508;0,00000000
2,77700785;3,78429508;0,00000000
2,77711185;3,78429508;0,00000000
2,77721585;3,82781744;0,00000000
2,77731985;3,82781744;0,00000000
2,77742385;3,82781744;0,00000000
2,77752785;3,82781744;0,00000000
2,77763185;3,82781744;0,00000000
2,77773585;3,82781744;0,00000000
2,77783985;3,78429508;0,00000000
2,77794385;3,78429508;0,00000000
2,77804785;3,82781744;0,00000000
2,77815185;3,82781744;0,00000000
2,77825585;3,82781744;0,00000000
2,77835985;3,82781744;0,00000000
2,77846385;3,82781744;0,00000000
2,77856785;3,82781744;0,00000000
2,77867185;3,78429508;0,00000000
2,77877585;3,82781744;0,00000000
2,77887985;3,82781744;0,00000000
2,77898385;3,78429508;0,00000000
2,77908785;3,82781744;0,00000000
2,77919185;3,82781744;0,00000000
2,77929585;3,82781744;0,00000000
2,77939985;3,78429508;0,00000000
2,77950385;3,82781744;0,00000000
2,77960785;3,78429508;0,00000000
2,77971185;3,78429508;0,00000000
2,77981585;3,78429508;0,00000000
2,77991985;3,82781744;0,00000000
2,78002385;3,82781744;0,00000000
2,78012785;3,82781744;0,00000000
2,78023185;3,78429508;0,00000000
2,78033585;3,82781744;0,00000000
2,78043985;3,82781744;0,00000000
2,78054385;3,82781744;0,00000000
2,78064785;3,82781744;0,00000000
2,78075185;3,78429508;0,00000000
2,78085585;3,82781744;0,00000000
2,78095985;3,82781744;0,00000000
2,78106385;3,82781744;0,00000000
2,78116785;3,82781744;0,00000000
2,78127185;3,82781744;0,00000000
2,78137585;3,82781744;0,00000000
2,78147985;3,82781744;0,00000000
2,78158385;3,82781744;0,00000000
2,78168785;3,78429508;0,00000000
2,78179185;3,82781744;0,00000000
2,78189585;3,82781744;0,00000000
2,78199985;3,82781744;0,00000000
2,78210385;3,78429508;0,00000000
2,78220785;3,82781744;0,00000000
2,78231185;3,82781744;0,00000000
2,78241585;3,82781744;0,00000000
2,78251985;3,82781744;0,00000000
2,78262385;3,82781744;0,00000000
2,78272785;3,82781744;0,00000000
2,78283185;3,82781744;0,00000000
2,78293585;3,82781744;0,00000000
2,78303985;3,82781744;0,00000000
2,78314385;3,78429508;0,00000000
2,78324785;3,82781744;0,00000000
2,78335185;3,82781744;0,00000000
2,78345585;3,82781744;0,00000000
2,78355985;3,82781744;0,00000000
2,78366385;3,82781744;0,00000000
2,78376785;3,82781744;0,00000000
2,78387185;3,82781744;0,00000000
2,78397585;3,78429508;0,00000000
2,78407985;3,82781744;0,00000000
2,78418385;3,82781744;0,00000000
2,78428785;3,78429508;0,00000000
2,78439185;3,82781744;0,00000000
2,78449585;3,82781744;0,00000000
2,78459985;3,78429508;0,00000000
2,78470385;3,82781744;0,00000000
2,78480785;3,82781744;0,00000000
2,78491185;3,82781744;0,00000000
2,78501585;3,82781744;0,00000000
2,78511985;3,82781744;0,00000000
2,78522385;3,82781744;0,00000000
2,78532785;3,82781744;0,00000000
2,78543185;3,78429508;0,00000000
2,78553585;3,82781744;0,00000000
2,78563985;3,78429508;0,00000000
2,78574385;3,82781744;0,00000000
2,78584785;3,78429508;0,00000000
2,78595185;3,82781744;0,00000000
2,78605585;3,78429508;0,00000000
2,78615985;3,78429508;0,00000000
2,78626385;3,78429508;0,00000000
2,78636785;3,78429508;0,00000000
2,78647185;3,82781744;0,00000000
2,78657585;3,82781744;0,00000000
2,78667985;3,78429508;0,00000000
2,78678385;3,82781744;0,00000000
2,78688785;3,78429508;0,00000000
2,78699185;3,82781744;0,00000000
2,78709585;3,78429508;0,00000000
2,78719985;3,82781744;0,00000000
2,78730385;3,82781744;0,00000000
2,78740785;3,82781744;0,00000000
2,78751185;3,82781744;0,00000000
2,78761585;3,78429508;0,00000000
2,78771985;3,82781744;0,00000000
2,78782385;3,82781744;0,00000000
2,78792785;3,82781744;0,00000000
2,78803185;3,82781744;0,00000000
2,78813585;3,78429508;0,00000000
2,78823985;3,82781744;0,00000000
2,78834385;3,82781744;0,00000000
2,78844785;3,82781744;0,00000000
2,78855185;3,82781744;0,00000000
2,78865585;3,82781744;0,00000000
2,78875985;3,82781744;0,00000000
2,78886385;3,78429508;0,00000000
2,78896785;3,78429508;0,00000000
2,78907185;3,82781744;0,00000000
2,78917585;3,82781744;0,00000000
2,78927985;3,82781744;0,00000000
2,78938385;3,78429508;0,00000000
2,78948785;3,82781744;0,00000000
2,78959185;3,78429508;0,00000000
2,78969585;3,82781744;0,00000000
2,78979985;3,82781744;0,00000000
2,78990385;3,78429508;0,00000000
2,79000785;3,78429508;0,00000000
2,79011185;3,82781744;0,00000000
2,79021585;3,78429508;0,00000000
2,79031985;3,82781744;0,00000000
2,79042385;3,78429508;0,00000000
2,79052785;3,82781744;0,00000000
2,79063185;3,82781744;0,00000000
2,79073585;3,82781744;0,00000000
2,79083985;3,82781744;0,00000000
2,79094385;3,82781744;0,00000000
2,79104785;3,82781744;0,00000000
2,79115185;3,82781744;0,00000000
2,79125585;3,78429508;0,00000000
2,79135985;3,82781744;0,00000000
2,79146385;3,82781744;0,00000000
2,79156785;3,82781744;0,00000000
2,79167185;3,82781744;0,00000000
2,79177585;3,82781744;0,00000000
2,79187985;3,82781744;0,00000000
2,79198385;3,82781744;0,00000000
2,79208785;3,78429508;0,00000000
2,79219185;3,82781744;0,00000000
2,79229585;3,78429508;0,00000000
2,79239985;3,82781744;0,00000000
2,79250385;3,82781744;0,00000000
2,79260785;3,82781744;0,00000000
2,79271185;3,82781744;0,00000000
2,79281585;3,82781744;0,00000000
2,79291985;3,82781744;0,00000000
2,79302385;3,82781744;0,00000000
2,79312785;3,78429508;0,00000000
2,79323185;3,82781744;0,00000000
2,79333585;3,82781744;0,00000000
2,79343985;3,78429508;0,00000000
2,79354385;3,82781744;0,00000000
2,79364785;3,82781744;0,00000000
2,79375185;3,82781744;0,00000000
2,79385585;3,82781744;0,00000000
2,79395985;3,82781744;0,00000000
2,79406385;3,78429508;0,00000000
2,79416785;3,82781744;0,00000000
2,79427185;3,82781744;0,00000000
2,79437585;3,82781744;0,00000000
2,79447985;3,82781744;0,00000000
2,79458385;3,78429508;0,00000000
2,79468785;3,82781744;0,00000000
2,79479185;3,78429508;0,00000000
2,79489585;3,78429508;0,00000000
2,79499985;3,78429508;0,00000000
2,79510385;3,82781744;0,00000000
2,79520785;3,82781744;0,00000000
2,79531185;3,82781744;0,00000000
2,79541585;3,78429508;0,00000000
2,79551985;3,82781744;0,00000000
2,79562385;3,78429508;0,00000000
2,79572785;3,82781744;0,00000000
2,79583185;3,78429508;0,00000000
2,79593585;3,82781744;0,00000000
2,79603985;3,82781744;0,00000000
2,79614385;3,78429508;0,00000000
2,79624785;3,82781744;0,00000000
2,79635185;3,82781744;0,00000000
2,79645585;3,82781744;0,00000000
2,79655985;3,82781744;0,00000000
2,79666385;3,82781744;0,00000000
2,79676785;3,82781744;0,00000000
2,79687185;3,82781744;0,00000000
2,79697585;3,78429508;0,00000000
2,79707985;3,78429508;0,00000000
2,79718385;3,82781744;0,00000000
2,79728785;3,82781744;0,00000000
2,79739185;3,82781744;0,00000000
2,79749585;3,82781744;0,00000000
2,79759985;3,82781744;0,00000000
2,79770385;3,82781744;0,00000000
2,79780785;3,78429508;0,00000000
2,79791185;3,82781744;0,00000000
2,79801585;3,82781744;0,00000000
2,79811985;3,78429508;0,00000000
2,79822385;3,78429508;0,00000000
2,79832785;3,82781744;0,00000000
2,79843185;3,78429508;0,00000000
2,79853585;3,82781744;0,00000000
2,79863985;3,78429508;0,00000000
2,79874385;3,82781744;0,00000000
2,79884785;3,78429508;0,00000000
2,79895185;3,82781744;0,00000000
2,79905585;3,82781744;0,00000000
2,79915985;3,82781744;0,00000000
2,79926385;3,78429508;0,00000000
2,79936785;3,78429508;0,00000000
2,79947185;3,78429508;0,00000000
2,79957585;3,78429508;0,00000000
2,79967985;3,82781744;0,00000000
2,79978385;3,78429508;0,00000000
2,79988785;3,82781744;0,00000000
2,79999185;3,78429508;0,00000000
2,80009585;3,82781744;0,00000000
2,80019985;3,82781744;0,00000000
2,80030385;3,78429508;0,00000000
2,80040785;3,78429508;0,00000000
2,80051185;3,82781744;0,00000000
2,80061585;3,82781744;0,00000000
2,80071985;3,82781744;0,00000000
2,80082385;3,82781744;0,00000000
2,80092785;3,82781744;0,00000000
2,80103185;3,78429508;0,00000000
2,80113585;3,78429508;0,00000000
2,80123985;3,82781744;0,00000000
2,80134385;3,82781744;0,00000000
2,80144785;3,78429508;0,00000000
2,80155185;3,82781744;0,00000000
2,80165585;3,78429508;0,00000000
2,80175985;3,82781744;0,00000000
2,80186385;3,82781744;0,00000000
2,80196785;3,82781744;0,00000000
2,80207185;3,78429508;0,00000000
2,80217585;3,82781744;0,00000000
2,80227985;3,78429508;0,00000000
2,80238385;3,78429508;0,00000000
2,80248785;3,82781744;0,00000000
2,80259185;3,78429508;0,00000000
2,80269585;3,82781744;0,00000000
2,80279985;3,82781744;0,00000000
2,80290385;3,82781744;0,00000000
2,80300785;3,82781744;0,00000000
2,80311185;3,78429508;0,00000000
2,80321585;3,82781744;0,00000000
2,80331985;3,82781744;0,00000000
2,80342385;3,78429508;0,00000000
2,80352785;3,78429508;0,00000000
2,80363185;3,78429508;0,00000000
2,80373585;3,78429508;0,00000000
2,80383985;3,82781744;0,00000000
2,80394385;3,82781744;0,00000000
2,80404785;3,82781744;0,00000000
2,80415185;3,78429508;0,00000000
2,80425585;3,78429508;0,00000000
2,80435985;3,82781744;0,00000000
2,80446385;3,82781744;0,00000000
2,80456785;3,78429508;0,00000000
2,80467185;3,78429508;0,00000000
2,80477585;3,82781744;0,00000000
2,80487985;3,82781744;0,00000000
2,80498385;3,82781744;0,00000000
2,80508785;3,82781744;0,00000000
2,80519185;3,82781744;0,00000000
2,80529585;3,82781744;0,00000000
2,80539985;3,82781744;0,00000000
2,80550385;3,78429508;0,00000000
2,80560785;3,82781744;0,00000000
2,80571185;3,82781744;0,00000000
2,80581585;3,82781744;0,00000000
2,80591985;3,78429508;0,00000000
2,80602385;3,82781744;0,00000000
2,80612785;3,82781744;0,00000000
2,80623185;3,82781744;0,00000000
2,80633585;3,82781744;0,00000000
2,80643985;3,82781744;0,00000000
2,80654385;3,82781744;0,00000000
2,80664785;3,82781744;0,00000000
2,80675185;3,78429508;0,00000000
2,80685585;3,82781744;0,00000000
2,80695985;3,82781744;0,00000000
2,80706385;3,82781744;0,00000000
2,80716785;3,82781744;0,00000000
2,80727185;3,78429508;0,00000000
2,80737585;3,78429508;0,00000000
2,80747985;3,82781744;0,00000000
2,80758385;3,82781744;0,00000000
2,80768785;3,78429508;0,00000000
2,80779185;3,82781744;0,00000000
2,80789585;3,78429508;0,00000000
2,80799985;3,82781744;0,00000000
2,80810385;3,82781744;0,00000000
2,80820785;3,82781744;0,00000000
2,80831185;3,82781744;0,00000000
2,80841585;3,82781744;0,00000000
2,80851985;3,82781744;0,00000000
2,80862385;3,82781744;0,00000000
2,80872785;3,78429508;0,00000000
2,80883185;3,82781744;0,00000000
2,80893585;3,82781744;0,00000000
2,80903985;3,78429508;0,00000000
2,80914385;3,82781744;0,00000000
2,80924785;3,82781744;0,00000000
2,80935185;3,82781744;0,00000000
2,80945585;3,82781744;0,00000000
2,80955985;3,82781744;0,00000000
2,80966385;3,82781744;0,00000000
2,80976785;3,78429508;0,00000000
2,80987185;3,82781744;0,00000000
2,80997585;3,78429508;0,00000000
2,81007985;3,82781744;0,00000000
2,81018385;3,78429508;0,00000000
2,81028785;3,82781744;0,00000000
2,81039185;3,82781744;0,00000000
2,81049585;3,78429508;0,00000000
2,81059985;3,82781744;0,00000000
2,81070385;3,78429508;0,00000000
2,81080785;3,78429508;0,00000000
2,81091185;3,82781744;0,00000000
2,81101585;3,82781744;0,00000000
2,81111985;3,82781744;0,00000000
2,81122385;3,82781744;0,00000000
2,81132785;3,82781744;0,00000000
2,81143185;3,82781744;0,00000000
2,81153585;3,78429508;0,00000000
2,81163985;3,82781744;0,00000000
2,81174385;3,78429508;0,00000000
2,81184785;3,78429508;0,00000000
2,81195185;3,82781744;0,00000000
2,81205585;3,82781744;0,00000000
2,81215985;3,82781744;0,00000000
2,81226385;3,82781744;0,00000000
2,81236785;3,82781744;0,00000000
2,81247185;3,82781744;0,00000000
2,81257585;3,82781744;0,00000000
2,81267985;3,82781744;0,00000000
2,81278385;3,82781744;0,00000000
2,81288785;3,78429508;0,00000000
2,81299185;3,82781744;0,00000000
2,81309585;3,82781744;0,00000000
2,81319985;3,78429508;0,00000000
2,81330385;3,82781744;0,00000000
2,81340785;3,78429508;0,00000000
2,81351185;3,78429508;0,00000000
2,81361585;3,82781744;0,00000000
2,81371985;3,82781744;0,01734744
2,81382385;3,82781744;0,00000000
2,81392785;3,82781744;0,00000000
2,81403185;3,82781744;0,00000000
2,81413585;3,82781744;0,00000000
2,81423985;3,82781744;0,00000000
2,81434385;3,82781744;0,00000000
2,81444785;3,82781744;0,00000000
2,81455185;3,82781744;0,00000000
2,81465585;3,82781744;0,00000000
2,81475985;3,78429508;0,00000000
2,81486385;3,82781744;0,00000000
2,81496785;3,78429508;0,00000000
2,81507185;3,82781744;0,00000000
2,81517585;3,78429508;0,00000000
2,81527985;3,82781744;0,00000000
2,81538385;3,78429508;0,00000000
2,81548785;3,82781744;0,00000000
2,81559185;3,82781744;0,00000000
2,81569585;3,82781744;0,00000000
2,81579985;3,82781744;0,00000000
2,81590385;3,82781744;0,00000000
2,81600785;3,82781744;0,00000000
2,81611185;3,78429508;0,00000000
2,81621585;3,82781744;0,00000000
2,81631985;3,82781744;0,00000000
2,81642385;3,82781744;0,00000000
2,81652785;3,78429508;0,00000000
2,81663185;3,78429508;0,00000000
2,81673585;3,82781744;0,00000000
2,81683985;3,82781744;0,00000000
2,81694385;3,82781744;0,00000000
2,81704785;3,82781744;0,00000000
2,81715185;3,82781744;0,00000000
2,81725585;3,82781744;0,00000000
2,81735985;3,82781744;0,00000000
2,81746385;3,82781744;0,00000000
2,81756785;3,82781744;0,00000000
2,81767185;3,82781744;0,00000000
2,81777585;3,82781744;0,00000000
2,81787985;3,82781744;0,00000000
2,81798385;3,78429508;0,00000000
2,81808785;3,82781744;0,00000000
2,81819185;3,82781744;0,00000000
2,81829585;3,78429508;0,00000000
2,81839985;3,82781744;0,00000000
2,81850385;3,82781744;0,00000000
2,81860785;3,78429508;0,00000000
2,81871185;3,82781744;0,00000000
2,81881585;3,82781744;0,00000000
2,81891985;3,82781744;0,00000000
2,81902385;3,82781744;0,00000000
2,81912785;3,82781744;0,00000000
2,81923185;3,82781744;0,00000000
2,81933585;3,82781744;0,00000000
2,81943985;3,82781744;0,00000000
2,81954385;3,82781744;0,00000000
2,81964785;3,78429508;0,00000000
2,81975185;3,78429508;0,00000000
2,81985585;3,82781744;0,00000000
2,81995985;3,82781744;0,00000000
2,82006385;3,82781744;0,00000000
2,82016785;3,82781744;0,00000000
2,82027185;3,82781744;0,00000000
2,82037585;3,82781744;0,00000000
2,82047985;3,82781744;0,00000000
2,82058385;3,82781744;0,00000000
2,82068785;3,82781744;0,00000000
2,82079185;3,82781744;0,00000000
2,82089585;3,82781744;0,00000000
2,82099985;3,82781744;0,00000000
2,82110385;3,82781744;0,00000000
2,82120785;3,82781744;0,00000000
2,82131185;3,82781744;0,00000000
2,82141585;3,82781744;0,00000000
2,82151985;3,82781744;0,00000000
2,82162385;3,78429508;0,00000000
2,82172785;3,82781744;0,00000000
2,82183185;3,82781744;0,00000000
2,82193585;3,78429508;0,00000000
2,82203985;3,78429508;0,00000000
2,82214385;3,82781744;0,00000000
2,82224785;3,82781744;0,00000000
2,82235185;3,78429508;0,00000000
2,82245585;3,82781744;0,00000000
2,82255985;3,78429508;0,00000000
2,82266385;3,82781744;0,00000000
2,82276785;3,82781744;0,00000000
2,82287185;3,82781744;0,00000000
2,82297585;3,78429508;0,00000000
2,82307985;3,82781744;0,00000000
2,82318385;3,82781744;0,00000000
2,82328785;3,82781744;0,00000000
2,82339185;3,82781744;0,00000000
2,82349585;3,82781744;0,00000000
2,82359985;3,82781744;0,00000000
2,82370385;3,78429508;0,00000000
2,82380785;3,78429508;0,00000000
2,82391185;3,82781744;0,00000000
2,82401585;3,82781744;0,00000000
2,82411985;3,82781744;0,00000000
2,82422385;3,82781744;0,00000000
2,82432785;3,82781744;0,00000000
2,82443185;3,82781744;0,00000000
2,82453585;3,82781744;0,00000000
2,82463985;3,82781744;0,00000000
2,82474385;3,82781744;0,00000000
2,82484785;3,78429508;0,00000000
2,82495185;3,82781744;0,00000000
2,82505585;3,82781744;0,00000000
2,82515985;3,78429508;0,00000000
2,82526385;3,82781744;0,00000000
2,82536785;3,82781744;0,00000000
2,82547185;3,82781744;0,00000000
2,82557585;3,82781744;0,00000000
2,82567985;3,82781744;0,00000000
2,82578385;3,82781744;0,00000000
2,82588785;3,78429508;0,00000000
2,82599185;3,82781744;0,00000000
2,82609585;3,82781744;0,00000000
2,82619985;3,82781744;0,00000000
2,82630385;3,82781744;0,00000000
2,82640785;3,82781744;0,00000000
2,82651185;3,78429508;0,00000000
2,82661585;3,78429508;0,00000000
2,82671985;3,82781744;0,00000000
2,82682385;3,78429508;0,00000000
2,82692785;3,82781744;0,00000000
2,82703185;3,78429508;0,00000000
2,82713585;3,82781744;0,00000000
2,82723985;3,82781744;0,00000000
2,82734385;3,82781744;0,00000000
2,82744785;3,82781744;0,00000000
2,82755185;3,82781744;0,00000000
2,82765585;3,78429508;0,00000000
2,82775985;3,82781744;0,00000000
2,82786385;3,82781744;0,00000000
2,82796785;3,78429508;0,00000000
2,82807185;3,78429508;0,00000000
2,82817585;3,82781744;0,00000000
2,82827985;3,78429508;0,00000000
2,82838385;3,82781744;0,00000000
2,82848785;3,82781744;0,00000000
2,82859185;3,82781744;0,00000000
2,82869585;3,82781744;0,00000000
2,82879985;3,82781744;0,00000000
2,82890385;3,78429508;0,00000000
2,82900785;3,82781744;0,00000000
2,82911185;3,78429508;0,00000000
2,82921585;3,82781744;0,00000000
2,82931985;3,82781744;0,00000000
2,82942385;3,82781744;0,00000000
2,82952785;3,82781744;0,00000000
2,82963185;3,82781744;0,00000000
2,82973585;3,82781744;0,00000000
2,82983985;3,78429508;0,00000000
2,82994385;3,78429508;0,00000000
2,83004785;3,82781744;0,00000000
2,83015185;3,82781744;0,00000000
2,83025585;3,78429508;0,00000000
2,83035985;3,82781744;0,00000000
2,83046385;3,78429508;0,00000000
2,83056785;3,82781744;0,00000000
2,83067185;3,82781744;0,00000000
2,83077585;3,78429508;0,00000000
2,83087985;3,82781744;0,00000000
2,83098385;3,78429508;0,00000000
2,83108785;3,82781744;0,00000000
2,83119185;3,78429508;0,00000000
2,83129585;3,82781744;0,00000000
2,83139985;3,82781744;0,00000000
2,83150385;3,82781744;0,00000000
2,83160785;3,82781744;0,00000000
2,83171185;3,82781744;0,00000000
2,83181585;3,82781744;0,00000000
2,83191985;3,82781744;0,00000000
2,83202385;3,82781744;0,00000000
2,83212785;3,82781744;0,00000000
2,83223185;3,78429508;0,00000000
2,83233585;3,78429508;0,00000000
2,83243985;3,82781744;0,00000000
2,83254385;3,82781744;0,00000000
2,83264785;3,82781744;0,00000000
2,83275185;3,82781744;0,00000000
2,83285585;3,82781744;0,00000000
2,83295985;3,78429508;0,00000000
2,83306385;3,82781744;0,00000000
2,83316785;3,78429508;0,00000000
2,83327185;3,78429508;0,00000000
2,83337585;3,82781744;0,00000000
2,83347985;3,82781744;0,00000000
2,83358385;3,78429508;0,00000000
2,83368785;3,78429508;0,00000000
2,83379185;3,82781744;0,00000000
2,83389585;3,82781744;0,00000000
2,83399985;3,82781744;0,00000000
2,83410385;3,82781744;0,00000000
2,83420785;3,82781744;0,00000000
2,83431185;3,78429508;0,00000000
2,83441585;3,82781744;0,00000000
2,83451985;3,82781744;0,00000000
2,83462385;3,78429508;0,00000000
2,83472785;3,82781744;0,00000000
2,83483185;3,78429508;0,00000000
2,83493585;3,82781744;0,00000000
2,83503985;3,82781744;0,00000000
2,83514385;3,78429508;0,00000000
2,83524785;3,78429508;0,00000000
2,83535185;3,78429508;0,00000000
2,83545585;3,82781744;0,00000000
2,83555985;3,82781744;0,00000000
2,83566385;3,78429508;0,00000000
2,83576785;3,82781744;0,00000000
2,83587185;3,78429508;0,00000000
2,83597585;3,82781744;0,00000000
2,83607985;3,78429508;0,00000000
2,83618385;3,82781744;0,00000000
2,83628785;3,82781744;0,00000000
2,83639185;3,82781744;0,00000000
2,83649585;3,78429508;0,00000000
2,83659985;3,78429508;0,00000000
2,83670385;3,82781744;0,00000000
2,83680785;3,78429508;0,00000000
2,83691185;3,78429508;0,00000000
2,83701585;3,82781744;0,00000000
2,83711985;3,82781744;0,00000000
2,83722385;3,82781744;0,00000000
2,83732785;3,78429508;0,00000000
2,83743185;3,78429508;0,00000000
2,83753585;3,82781744;0,00000000
2,83763985;3,78429508;0,00000000
2,83774385;3,82781744;0,00000000
2,83784785;3,78429508;0,00000000
2,83795185;3,78429508;0,00000000
2,83805585;3,78429508;0,00000000
2,83815985;3,78429508;0,00000000
2,83826385;3,74077272;0,00000000
2,83836785;3,82781744;0,00000000
2,83847185;3,82781744;0,00000000
2,83857585;3,82781744;0,00000000
2,83867985;3,82781744;0,00000000
2,83878385;3,78429508;0,00000000
2,83888785;3,82781744;0,00000000
2,83899185;3,82781744;0,00000000
2,83909585;3,82781744;0,00000000
2,83919985;3,82781744;0,00000000
2,83930385;3,82781744;0,00000000
2,83940785;3,82781744;0,00000000
2,83951185;3,82781744;0,00000000
2,83961585;3,82781744;0,00000000
2,83971985;3,78429508;0,00000000
2,83982385;3,82781744;0,00000000
2,83992785;3,82781744;0,00000000
2,84003185;3,82781744;0,00000000
2,84013585;3,82781744;0,00000000
2,84023985;3,82781744;0,00000000
2,84034385;3,82781744;0,00000000
2,84044785;3,82781744;0,00000000
2,84055185;3,82781744;0,00000000
2,84065585;3,82781744;0,00000000
2,84075985;3,82781744;0,00000000
2,84086385;3,82781744;0,00000000
2,84096785;3,82781744;0,00000000
2,84107185;3,82781744;0,00000000
2,84117585;3,78429508;0,00000000
2,84127985;3,82781744;0,00000000
2,84138385;3,82781744;0,00000000
2,84148785;3,82781744;0,00000000
2,84159185;3,78429508;0,00000000
2,84169585;3,82781744;0,00000000
2,84179985;3,82781744;0,00000000
2,84190385;3,82781744;0,00000000
2,84200785;3,82781744;0,00000000
2,84211185;3,82781744;0,00000000
2,84221585;3,82781744;0,00000000
2,84231985;3,82781744;0,00000000
2,84242385;3,78429508;0,00000000
2,84252785;3,82781744;0,00000000
2,84263185;3,82781744;0,00000000
2,84273585;3,82781744;0,00000000
2,84283985;3,82781744;0,00000000
2,84294385;3,82781744;0,00000000
2,84304785;3,82781744;0,00000000
2,84315185;3,82781744;0,00000000
2,84325585;3,82781744;0,00000000
2,84335985;3,82781744;0,00000000
2,84346385;3,82781744;0,00000000
2,84356785;3,82781744;0,00000000
2,84367185;3,78429508;0,00000000
2,84377585;3,82781744;0,00000000
2,84387985;3,82781744;0,00000000
2,84398385;3,82781744;0,00000000
2,84408785;3,82781744;0,00000000
2,84419185;3,82781744;0,00000000
2,84429585;3,78429508;0,00000000
2,84439985;3,82781744;0,00000000
2,84450385;3,82781744;0,00000000
2,84460785;3,78429508;0,00000000
2,84471185;3,82781744;0,00000000
2,84481585;3,82781744;0,00000000
2,84491985;3,78429508;0,00000000
2,84502385;3,78429508;0,00000000
2,84512785;3,78429508;0,00000000
2,84523185;3,78429508;0,00000000
2,84533585;3,82781744;0,00000000
2,84543985;3,82781744;0,00000000
2,84554385;3,78429508;0,00000000
2,84564785;3,82781744;0,00000000
2,84575185;3,82781744;0,00000000
2,84585585;3,78429508;0,00000000
2,84595985;3,78429508;0,00000000
2,84606385;3,82781744;0,00000000
2,84616785;3,82781744;0,00000000
2,84627185;3,82781744;0,00000000
2,84637585;3,82781744;0,00000000
2,84647985;3,78429508;0,00000000
2,84658385;3,82781744;0,00000000
2,84668785;3,82781744;0,00000000
2,84679185;3,82781744;0,00000000
2,84689585;3,82781744;0,00000000
2,84699985;3,78429508;0,00000000
2,84710385;3,82781744;0,00000000
2,84720785;3,82781744;0,00000000
2,84731185;3,82781744;0,00000000
2,84741585;3,78429508;0,00000000
2,84751985;3,82781744;0,00000000
2,84762385;3,82781744;0,00000000
2,84772785;3,82781744;0,00000000
2,84783185;3,78429508;0,00000000
2,84793585;3,78429508;0,00000000
2,84803985;3,82781744;0,00000000
2,84814385;3,78429508;0,00000000
2,84824785;3,82781744;0,00000000
2,84835185;3,82781744;0,00000000
2,84845585;3,82781744;0,00000000
2,84855985;3,82781744;0,00000000
2,84866385;3,82781744;0,00000000
2,84876785;3,78429508;0,00000000
2,84887185;3,82781744;0,00000000
2,84897585;3,78429508;0,00000000
2,84907985;3,78429508;0,00000000
2,84918385;3,78429508;0,00000000
2,84928785;3,78429508;0,00000000
2,84939185;3,82781744;0,00000000
2,84949585;3,82781744;0,00000000
2,84959985;3,82781744;0,00000000
2,84970385;3,78429508;0,00000000
2,84980785;3,82781744;0,00000000
2,84991185;3,82781744;0,00000000
2,85001585;3,78429508;0,00000000
2,85011985;3,82781744;0,00000000
2,85022385;3,78429508;0,00000000
2,85032785;3,82781744;0,00000000
2,85043185;3,82781744;0,00000000
2,85053585;3,82781744;0,00000000
2,85063985;3,82781744;0,00000000
2,85074385;3,82781744;0,00000000
2,85084785;3,82781744;0,00000000
2,85095185;3,78429508;0,00000000
2,85105585;3,82781744;0,00000000
2,85115985;3,78429508;0,00000000
2,85126385;3,82781744;0,00000000
2,85136785;3,82781744;0,00000000
2,85147185;3,82781744;0,00000000
2,85157585;3,82781744;0,00000000
2,85167985;3,78429508;0,00000000
2,85178385;3,82781744;0,00000000
2,85188785;3,78429508;0,00000000
2,85199185;3,82781744;0,00000000
2,85209585;3,82781744;0,00000000
2,85219985;3,82781744;0,00000000
2,85230385;3,78429508;0,00000000
2,85240785;3,78429508;0,00000000
2,85251185;3,82781744;0,00000000
2,85261585;3,82781744;0,00000000
2,85271985;3,82781744;0,00000000
2,85282385;3,78429508;0,00000000
2,85292785;3,82781744;0,00000000
2,85303185;3,82781744;0,00000000
2,85313585;3,82781744;0,00000000
2,85323985;3,82781744;0,00000000
2,85334385;3,82781744;0,00000000
2,85344785;3,82781744;0,00000000
2,85355185;3,78429508;0,00000000
2,85365585;3,82781744;0,00000000
2,85375985;3,82781744;0,00000000
2,85386385;3,82781744;0,00000000
2,85396785;3,82781744;0,00000000
2,85407185;3,78429508;0,00000000
2,85417585;3,82781744;0,00000000
2,85427985;3,82781744;0,00000000
2,85438385;3,82781744;0,00000000
2,85448785;3,78429508;0,00000000
2,85459185;3,82781744;0,00000000
2,85469585;3,78429508;0,00000000
2,85479985;3,82781744;0,00000000
2,85490385;3,82781744;0,00000000
2,85500785;3,78429508;0,00000000
2,85511185;3,82781744;0,00000000
2,85521585;3,82781744;0,00000000
2,85531985;3,82781744;0,00000000
2,85542385;3,82781744;0,00000000
2,85552785;3,78429508;0,00000000
2,85563185;3,82781744;0,00000000
2,85573585;3,78429508;0,00000000
2,85583985;3,78429508;0,00000000
2,85594385;3,82781744;0,00000000
2,85604785;3,82781744;0,00000000
2,85615185;3,82781744;0,00000000
2,85625585;3,82781744;0,00000000
2,85635985;3,78429508;0,00000000
2,85646385;3,82781744;0,00000000
2,85656785;3,82781744;0,00000000
2,85667185;3,78429508;0,00000000
2,85677585;3,82781744;0,00000000
2,85687985;3,82781744;0,00000000
2,85698385;3,78429508;0,00000000
2,85708785;3,82781744;0,00000000
2,85719185;3,82781744;0,00000000
2,85729585;3,78429508;0,00000000
2,85739985;3,78429508;0,00000000
2,85750385;3,82781744;0,00000000
2,85760785;3,78429508;0,00000000
2,85771185;3,82781744;0,00000000
2,85781585;3,82781744;0,00000000
2,85791985;3,82781744;0,00000000
2,85802385;3,82781744;0,00000000
2,85812785;3,82781744;0,00000000
2,85823185;3,82781744;0,00000000
2,85833585;3,82781744;0,00000000
2,85843985;3,82781744;0,00000000
2,85854385;3,82781744;0,00000000
2,85864785;3,78429508;0,00000000
2,85875185;3,82781744;0,00000000
2,85885585;3,78429508;0,00000000
2,85895985;3,82781744;0,00000000
2,85906385;3,82781744;0,00000000
2,85916785;3,82781744;0,00000000
2,85927185;3,82781744;0,00000000
2,85937585;3,82781744;0,00000000
2,85947985;3,82781744;0,00000000
2,85958385;3,82781744;0,00000000
2,85968785;3,82781744;0,00000000
2,85979185;3,82781744;0,00000000
2,85989585;3,78429508;0,00000000
2,85999985;3,82781744;0,00000000
2,86010385;3,82781744;0,00000000
2,86020785;3,78429508;0,00000000
2,86031185;3,78429508;0,00000000
2,86041585;3,78429508;0,00000000
2,86051985;3,82781744;0,00000000
2,86062385;3,82781744;0,00000000
2,86072785;3,82781744;0,00000000
2,86083185;3,82781744;0,00000000
2,86093585;3,82781744;0,00000000
2,86103985;3,82781744;0,00000000
2,86114385;3,78429508;0,00000000
2,86124785;3,82781744;0,00000000
2,86135185;3,82781744;0,00000000
2,86145585;3,82781744;0,00000000
2,86155985;3,82781744;0,00000000
2,86166385;3,78429508;0,00000000
2,86176785;3,78429508;0,00000000
2,86187185;3,82781744;0,00000000
2,86197585;3,78429508;0,00000000
2,86207985;3,82781744;0,00000000
2,86218385;3,78429508;0,00000000
2,86228785;3,78429508;0,01734744
2,86239185;3,82781744;0,00000000
2,86249585;3,82781744;0,00000000
2,86259985;3,82781744;0,00000000
2,86270385;3,82781744;0,00000000
2,86280785;3,82781744;0,00000000
2,86291185;3,82781744;0,01734744
2,86301585;3,78429508;0,00000000
2,86311985;3,78429508;0,00000000
2,86322385;3,82781744;0,00000000
2,86332785;3,82781744;0,00000000
2,86343185;3,82781744;0,00000000
2,86353585;3,78429508;0,00000000
2,86363985;3,82781744;0,00000000
2,86374385;3,82781744;0,00000000
2,86384785;3,82781744;0,00000000
2,86395185;3,82781744;0,00000000
2,86405585;3,78429508;0,00000000
2,86415985;3,78429508;0,00000000
2,86426385;3,82781744;0,00000000
2,86436785;3,82781744;0,00000000
2,86447185;3,82781744;0,00000000
2,86457585;3,78429508;0,00000000
2,86467985;3,82781744;0,00000000
2,86478385;3,78429508;0,00000000
2,86488785;3,82781744;0,00000000
2,86499185;3,78429508;0,00000000
2,86509585;3,82781744;0,00000000
2,86519985;3,82781744;0,00000000
2,86530385;3,82781744;0,00000000
2,86540785;3,78429508;0,00000000
2,86551185;3,82781744;0,00000000
2,86561585;3,82781744;0,00000000
2,86571985;3,82781744;0,00000000
2,86582385;3,82781744;0,00000000
2,86592785;3,82781744;0,00000000
2,86603185;3,78429508;0,00000000
2,86613585;3,78429508;0,00000000
2,86623985;3,78429508;0,00000000
2,86634385;3,78429508;0,00000000
2,86644785;3,82781744;0,00000000
2,86655185;3,78429508;0,00000000
2,86665585;3,82781744;0,00000000
2,86675985;3,82781744;0,00000000
2,86686385;3,78429508;0,00000000
2,86696785;3,82781744;0,00000000
2,86707185;3,78429508;0,00000000
2,86717585;3,82781744;0,00000000
2,86727985;3,78429508;0,00000000
2,86738385;3,82781744;0,00000000
2,86748785;3,82781744;0,00000000
2,86759185;3,78429508;0,00000000
2,86769585;3,82781744;0,00000000
2,86779985;3,82781744;0,00000000
2,86790385;3,82781744;0,00000000
2,86800785;3,82781744;0,00000000
2,86811185;3,78429508;0,00000000
2,86821585;3,78429508;0,00000000
2,86831985;3,82781744;0,00000000
2,86842385;3,82781744;0,00000000
2,86852785;3,82781744;0,00000000
2,86863185;3,82781744;0,00000000
2,86873585;3,78429508;0,00000000
2,86883985;3,78429508;0,00000000
2,86894385;3,78429508;0,00000000
2,86904785;3,78429508;0,00000000
2,86915185;3,82781744;0,00000000
2,86925585;3,82781744;0,00000000
2,86935985;3,78429508;0,00000000
2,86946385;3,78429508;0,00000000
2,86956785;3,78429508;0,00000000
2,86967185;3,78429508;0,00000000
2,86977585;3,82781744;0,00000000
2,86987985;3,82781744;0,00000000
2,86998385;3,78429508;0,00000000
2,87008785;3,82781744;0,00000000
2,87019185;3,82781744;0,00000000
2,87029585;3,82781744;0,00000000
2,87039985;3,78429508;0,00000000
2,87050385;3,78429508;0,00000000
2,87060785;3,82781744;0,00000000
2,87071185;3,82781744;0,00000000
2,87081585;3,82781744;0,00000000
2,87091985;3,78429508;0,00000000
2,87102385;3,82781744;0,00000000
2,87112785;3,82781744;0,00000000
2,87123185;3,82781744;0,00000000
2,87133585;3,82781744;0,00000000
2,87143985;3,82781744;0,00000000
2,87154385;3,82781744;0,00000000
2,87164785;3,82781744;0,00000000
2,87175185;3,82781744;0,00000000
2,87185585;3,78429508;0,00000000
2,87195985;3,78429508;0,00000000
2,87206385;3,82781744;0,00000000
2,87216785;3,82781744;0,00000000
2,87227185;3,82781744;0,00000000
2,87237585;3,78429508;0,00000000
2,87247985;3,82781744;0,00000000
2,87258385;3,82781744;0,00000000
2,87268785;3,78429508;0,00000000
2,87279185;3,82781744;0,00000000
2,87289585;3,78429508;0,00000000
2,87299985;3,82781744;0,00000000
2,87310385;3,82781744;0,00000000
2,87320785;3,82781744;0,00000000
2,87331185;3,82781744;0,00000000
2,87341585;3,78429508;0,00000000
2,87351985;3,82781744;0,00000000
2,87362385;3,78429508;0,00000000
2,87372785;3,82781744;0,00000000
2,87383185;3,78429508;0,00000000
2,87393585;3,78429508;0,00000000
2,87403985;3,78429508;0,00000000
2,87414385;3,82781744;0,00000000
2,87424785;3,82781744;0,00000000
2,87435185;3,82781744;0,00000000
2,87445585;3,82781744;0,00000000
2,87455985;3,82781744;0,00000000
2,87466385;3,82781744;0,00000000
2,87476785;3,78429508;0,00000000
2,87487185;3,78429508;0,00000000
2,87497585;3,82781744;0,00000000
2,87507985;3,82781744;0,00000000
2,87518385;3,78429508;0,00000000
2,87528785;3,82781744;0,00000000
2,87539185;3,78429508;0,00000000
2,87549585;3,82781744;0,00000000
2,87559984;3,82781744;0,00000000
2,87570384;3,82781744;0,00000000
2,87580784;3,82781744;0,00000000
2,87591184;3,82781744;0,00000000
2,87601584;3,82781744;0,00000000
2,87611984;3,82781744;0,00000000
2,87622384;3,82781744;0,00000000
2,87632784;3,82781744;0,00000000
2,87643184;3,82781744;0,00000000
2,87653584;3,82781744;0,00000000
2,87663984;3,82781744;0,00000000
2,87674384;3,78429508;0,00000000
2,87684784;3,82781744;0,00000000
2,87695184;3,82781744;0,00000000
2,87705584;3,82781744;0,00000000
2,87715984;3,82781744;0,00000000
2,87726384;3,82781744;0,00000000
2,87736784;3,78429508;0,00000000
2,87747184;3,82781744;0,00000000
2,87757584;3,78429508;0,00000000
2,87767984;3,82781744;0,00000000
2,87778384;3,82781744;0,00000000
2,87788784;3,82781744;0,00000000
2,87799184;3,82781744;0,00000000
2,87809584;3,82781744;0,00000000
2,87819984;3,82781744;0,00000000
2,87830384;3,82781744;0,00000000
2,87840784;3,78429508;0,00000000
2,87851184;3,78429508;0,00000000
2,87861584;3,78429508;0,00000000
2,87871984;3,82781744;0,00000000
2,87882384;3,82781744;0,00000000
2,87892784;3,78429508;0,00000000
2,87903184;3,82781744;0,00000000
2,87913584;3,82781744;0,00000000
2,87923984;3,78429508;0,00000000
2,87934384;3,82781744;0,00000000
2,87944784;3,82781744;0,00000000
2,87955184;3,82781744;0,00000000
2,87965584;3,82781744;0,00000000
2,87975984;3,78429508;0,00000000
2,87986384;3,78429508;0,00000000
2,87996784;3,82781744;0,00000000
2,88007184;3,82781744;0,00000000
2,88017584;3,82781744;0,00000000
2,88027984;3,82781744;0,00000000
2,88038384;3,82781744;0,00000000
2,88048784;3,78429508;0,00000000
2,88059184;3,78429508;0,00000000
2,88069584;3,82781744;0,00000000
2,88079984;3,78429508;0,00000000
2,88090384;3,82781744;0,00000000
2,88100784;3,82781744;0,00000000
2,88111184;3,82781744;0,00000000
2,88121584;3,82781744;0,00000000
2,88131984;3,78429508;0,00000000
2,88142384;3,78429508;0,00000000
2,88152784;3,82781744;0,00000000
2,88163184;3,78429508;0,00000000
2,88173584;3,78429508;0,00000000
2,88183984;3,78429508;0,00000000
2,88194384;3,82781744;0,00000000
2,88204784;3,82781744;0,00000000
2,88215184;3,82781744;0,00000000
2,88225584;3,78429508;0,00000000
2,88235984;3,82781744;0,00000000
2,88246384;3,82781744;0,00000000
2,88256784;3,82781744;0,00000000
2,88267184;3,78429508;0,00000000
2,88277584;3,82781744;0,00000000
2,88287984;3,82781744;0,00000000
2,88298384;3,78429508;0,00000000
2,88308784;3,82781744;0,00000000
2,88319184;3,82781744;0,00000000
2,88329584;3,82781744;0,00000000
2,88339984;3,82781744;0,00000000
2,88350384;3,78429508;0,00000000
2,88360784;3,82781744;0,00000000
2,88371184;3,82781744;0,00000000
2,88381584;3,82781744;0,00000000
2,88391984;3,82781744;0,00000000
2,88402384;3,82781744;0,00000000
2,88412784;3,82781744;0,00000000
2,88423184;3,78429508;0,00000000
2,88433584;3,82781744;0,00000000
2,88443984;3,82781744;0,00000000
2,88454384;3,82781744;0,00000000
2,88464784;3,82781744;0,00000000
2,88475184;3,82781744;0,00000000
2,88485584;3,82781744;0,00000000
2,88495984;3,82781744;0,00000000
2,88506384;3,82781744;0,00000000
2,88516784;3,78429508;0,00000000
2,88527184;3,78429508;0,00000000
2,88537584;3,82781744;0,00000000
2,88547984;3,82781744;0,00000000
2,88558384;3,78429508;0,00000000
2,88568784;3,82781744;0,00000000
2,88579184;3,82781744;0,00000000
2,88589584;3,78429508;0,00000000
2,88599984;3,82781744;0,00000000
2,88610384;3,78429508;0,00000000
2,88620784;3,82781744;0,00000000
2,88631184;3,82781744;0,00000000
2,88641584;3,78429508;0,00000000
2,88651984;3,78429508;0,00000000
2,88662384;3,78429508;0,00000000
2,88672784;3,82781744;0,00000000
2,88683184;3,82781744;0,00000000
2,88693584;3,82781744;0,00000000
2,88703984;3,78429508;0,00000000
2,88714384;3,82781744;0,00000000
2,88724784;3,78429508;0,00000000
2,88735184;3,82781744;0,00000000
2,88745584;3,82781744;0,00000000
2,88755984;3,82781744;0,00000000
2,88766384;3,82781744;0,00000000
2,88776784;3,82781744;0,00000000
2,88787184;3,82781744;0,00000000
2,88797584;3,78429508;0,00000000
2,88807984;3,82781744;0,00000000
2,88818384;3,78429508;0,00000000
2,88828784;3,82781744;0,00000000
2,88839184;3,82781744;0,00000000
2,88849584;3,78429508;0,00000000
2,88859984;3,78429508;0,00000000
2,88870384;3,78429508;0,00000000
2,88880784;3,78429508;0,00000000
2,88891184;3,82781744;0,00000000
2,88901584;3,82781744;0,00000000
2,88911984;3,78429508;0,00000000
2,88922384;3,82781744;0,00000000
2,88932784;3,78429508;0,00000000
2,88943184;3,82781744;0,00000000
2,88953584;3,82781744;0,00000000
2,88963984;3,82781744;0,00000000
2,88974384;3,82781744;0,00000000
2,88984784;3,78429508;0,00000000
2,88995184;3,82781744;0,00000000
2,89005584;3,82781744;0,00000000
2,89015984;3,82781744;0,00000000
2,89026384;3,82781744;0,00000000
2,89036784;3,82781744;0,00000000
2,89047184;3,82781744;0,00000000
2,89057584;3,82781744;0,00000000
2,89067984;3,82781744;0,00000000
2,89078384;3,82781744;0,00000000
2,89088784;3,82781744;0,00000000
2,89099184;3,82781744;0,00000000
2,89109584;3,78429508;0,00000000
2,89119984;3,78429508;0,00000000
2,89130384;3,82781744;0,00000000
2,89140784;3,82781744;0,00000000
2,89151184;3,82781744;0,00000000
2,89161584;3,82781744;0,00000000
2,89171984;3,78429508;0,00000000
2,89182384;3,82781744;0,00000000
2,89192784;3,82781744;0,00000000
2,89203184;3,82781744;0,00000000
2,89213584;3,82781744;0,00000000
2,89223984;3,82781744;0,00000000
2,89234384;3,82781744;0,00000000
2,89244784;3,82781744;0,00000000
2,89255184;3,82781744;0,00000000
2,89265584;3,82781744;0,00000000
2,89275984;3,82781744;0,00000000
2,89286384;3,78429508;0,00000000
2,89296784;3,78429508;0,00000000
2,89307184;3,82781744;0,00000000
2,89317584;3,78429508;0,00000000
2,89327984;3,82781744;0,00000000
2,89338384;3,82781744;0,00000000
2,89348784;3,78429508;0,00000000
2,89359184;3,82781744;0,00000000
2,89369584;3,82781744;0,00000000
2,89379984;3,82781744;0,00000000
2,89390384;3,82781744;0,00000000
2,89400784;3,78429508;0,00000000
2,89411184;3,82781744;0,00000000
2,89421584;3,78429508;0,00000000
2,89431984;3,78429508;0,00000000
2,89442384;3,82781744;0,00000000
2,89452784;3,82781744;0,00000000
2,89463184;3,82781744;0,00000000
2,89473584;3,82781744;0,00000000
2,89483984;3,82781744;0,00000000
2,89494384;3,82781744;0,00000000
2,89504784;3,82781744;0,00000000
2,89515184;3,78429508;0,00000000
2,89525584;3,82781744;0,00000000
2,89535984;3,78429508;0,00000000
2,89546384;3,82781744;0,00000000
2,89556784;3,78429508;0,00000000
2,89567184;3,82781744;0,00000000
2,89577584;3,78429508;0,00000000
2,89587984;3,82781744;0,00000000
2,89598384;3,82781744;0,00000000
2,89608784;3,82781744;0,00000000
2,89619184;3,78429508;0,00000000
2,89629584;3,82781744;0,00000000
2,89639984;3,82781744;0,00000000
2,89650384;3,82781744;0,00000000
2,89660784;3,78429508;0,01734744
2,89671184;3,82781744;0,00000000
2,89681584;3,78429508;0,00000000
2,89691984;3,82781744;0,00000000
2,89702384;3,82781744;0,00000000
2,89712784;3,78429508;0,00000000
2,89723184;3,78429508;0,00000000
2,89733584;3,78429508;0,00000000
2,89743984;3,82781744;0,00000000
2,89754384;3,78429508;0,00000000
2,89764784;3,82781744;0,00000000
2,89775184;3,82781744;0,00000000
2,89785584;3,82781744;0,00000000
2,89795984;3,82781744;0,00000000
2,89806384;3,78429508;0,00000000
2,89816784;3,82781744;0,00000000
2,89827184;3,78429508;0,00000000
2,89837584;3,82781744;0,00000000
2,89847984;3,78429508;0,00000000
2,89858384;3,78429508;0,00000000
2,89868784;3,82781744;0,00000000
2,89879184;3,78429508;0,00000000
2,89889584;3,78429508;0,00000000
2,89899984;3,78429508;0,00000000
2,89910384;3,82781744;0,00000000
2,89920784;3,82781744;0,00000000
2,89931184;3,82781744;0,00000000
2,89941584;3,82781744;0,00000000
2,89951984;3,82781744;0,00000000
2,89962384;3,82781744;0,00000000
2,89972784;3,78429508;0,00000000
2,89983184;3,82781744;0,00000000
2,89993584;3,82781744;0,00000000
2,90003984;3,82781744;0,00000000
2,90014384;3,78429508;0,00000000
2,90024784;3,82781744;0,00000000
2,90035184;3,78429508;0,00000000
2,90045584;3,82781744;0,01734744
2,90055984;3,82781744;0,00000000
2,90066384;3,82781744;0,00000000
2,90076784;3,82781744;0,00000000
2,90087184;3,78429508;0,00000000
2,90097584;3,82781744;0,00000000
2,90107984;3,78429508;0,00000000
2,90118384;3,78429508;0,00000000
2,90128784;3,82781744;0,00000000
2,90139184;3,82781744;0,00000000
2,90149584;3,82781744;0,00000000
2,90159984;3,82781744;0,00000000
2,90170384;3,82781744;0,00000000
2,90180784;3,82781744;0,00000000
2,90191184;3,78429508;0,00000000
2,90201584;3,82781744;0,00000000
2,90211984;3,78429508;0,00000000
2,90222384;3,82781744;0,00000000
2,90232784;3,82781744;0,00000000
2,90243184;3,82781744;0,00000000
2,90253584;3,82781744;0,00000000
2,90263984;3,78429508;0,00000000
2,90274384;3,78429508;0,00000000
2,90284784;3,82781744;0,00000000
2,90295184;3,78429508;0,00000000
2,90305584;3,78429508;0,00000000
2,90315984;3,78429508;0,00000000
2,90326384;3,82781744;0,00000000
2,90336784;3,82781744;0,00000000
2,90347184;3,82781744;0,00000000
2,90357584;3,82781744;0,00000000
2,90367984;3,78429508;0,00000000
2,90378384;3,78429508;0,00000000
2,90388784;3,82781744;0,00000000
2,90399184;3,82781744;0,00000000
2,90409584;3,78429508;0,00000000
2,90419984;3,78429508;0,00000000
2,90430384;3,78429508;0,00000000
2,90440784;3,82781744;0,00000000
2,90451184;3,82781744;0,00000000
2,90461584;3,78429508;0,00000000
2,90471984;3,82781744;0,00000000
2,90482384;3,82781744;0,00000000
2,90492784;3,78429508;0,00000000
2,90503184;3,82781744;0,00000000
2,90513584;3,82781744;0,00000000
2,90523984;3,82781744;0,00000000
2,90534384;3,78429508;0,00000000
2,90544784;3,82781744;0,00000000
2,90555184;3,78429508;0,00000000
2,90565584;3,82781744;0,00000000
2,90575984;3,82781744;0,00000000
2,90586384;3,78429508;0,00000000
2,90596784;3,82781744;0,00000000
2,90607184;3,78429508;0,00000000
2,90617584;3,78429508;0,00000000
2,90627984;3,78429508;0,00000000
2,90638384;3,78429508;0,00000000
2,90648784;3,78429508;0,00000000
2,90659184;3,78429508;0,00000000
2,90669584;3,82781744;0,00000000
2,90679984;3,78429508;0,00000000
2,90690384;3,78429508;0,00000000
2,90700784;3,78429508;0,00000000
2,90711184;3,82781744;0,00000000
2,90721584;3,82781744;0,00000000
2,90731984;3,82781744;0,00000000
2,90742384;3,82781744;0,00000000
2,90752784;3,78429508;0,00000000
2,90763184;3,82781744;0,00000000
2,90773584;3,82781744;0,00000000
2,90783984;3,82781744;0,00000000
2,90794384;3,82781744;0,00000000
2,90804784;3,78429508;0,00000000
2,90815184;3,78429508;0,00000000
2,90825584;3,82781744;0,00000000
2,90835984;3,78429508;0,00000000
2,90846384;3,82781744;0,00000000
2,90856784;3,82781744;0,00000000
2,90867184;3,78429508;0,00000000
2,90877584;3,82781744;0,00000000
2,90887984;3,82781744;0,00000000
2,90898384;3,78429508;0,00000000
2,90908784;3,78429508;0,00000000
2,90919184;3,78429508;0,00000000
2,90929584;3,82781744;0,00000000
2,90939984;3,78429508;0,00000000
2,90950384;3,82781744;0,00000000
2,90960784;3,82781744;0,00000000
2,90971184;3,78429508;0,00000000
2,90981584;3,82781744;0,00000000
2,90991984;3,78429508;0,00000000
2,91002384;3,78429508;0,00000000
2,91012784;3,82781744;0,00000000
2,91023184;3,82781744;0,00000000
2,91033584;3,82781744;0,00000000
2,91043984;3,78429508;0,00000000
2,91054384;3,82781744;0,00000000
2,91064784;3,82781744;0,00000000
2,91075184;3,78429508;0,00000000
2,91085584;3,78429508;0,00000000
2,91095984;3,82781744;0,00000000
2,91106384;3,82781744;0,00000000
2,91116784;3,78429508;0,00000000
2,91127184;3,82781744;0,00000000
2,91137584;3,78429508;0,00000000
2,91147984;3,82781744;0,00000000
2,91158384;3,82781744;0,00000000
2,91168784;3,82781744;0,00000000
2,91179184;3,82781744;0,00000000
2,91189584;3,78429508;0,00000000
2,91199984;3,82781744;0,00000000
2,91210384;3,82781744;0,00000000
2,91220784;3,82781744;0,00000000
2,91231184;3,78429508;0,00000000
2,91241584;3,82781744;0,00000000
2,91251984;3,82781744;0,00000000
2,91262384;3,82781744;0,00000000
2,91272784;3,82781744;0,00000000
2,91283184;3,82781744;0,00000000
2,91293584;3,82781744;0,00000000
2,91303984;3,82781744;0,00000000
2,91314384;3,82781744;0,00000000
2,91324784;3,82781744;0,00000000
2,91335184;3,82781744;0,00000000
2,91345584;3,78429508;0,00000000
2,91355984;3,82781744;0,00000000
2,91366384;3,78429508;0,00000000
2,91376784;3,78429508;0,00000000
2,91387184;3,82781744;0,00000000
2,91397584;3,82781744;0,00000000
2,91407984;3,82781744;0,00000000
2,91418384;3,78429508;0,00000000
2,91428784;3,82781744;0,00000000
2,91439184;3,82781744;0,00000000
2,91449584;3,78429508;0,00000000
2,91459984;3,78429508;0,00000000
2,91470384;3,82781744;0,00000000
2,91480784;3,82781744;0,00000000
2,91491184;3,82781744;0,00000000
2,91501584;3,78429508;0,00000000
2,91511984;3,78429508;0,00000000
2,91522384;3,82781744;0,00000000
2,91532784;3,82781744;0,00000000
2,91543184;3,82781744;0,00000000
2,91553584;3,78429508;0,00000000
2,91563984;3,82781744;0,00000000
2,91574384;3,82781744;0,00000000
2,91584784;3,82781744;0,00000000
2,91595184;3,82781744;0,00000000
2,91605584;3,82781744;0,00000000
2,91615984;3,82781744;0,00000000
2,91626384;3,82781744;0,00000000
2,91636784;3,82781744;0,00000000
2,91647184;3,82781744;0,00000000
2,91657584;3,78429508;0,00000000
2,91667984;3,82781744;0,00000000
2,91678384;3,82781744;0,00000000
2,91688784;3,82781744;0,00000000
2,91699184;3,82781744;0,00000000
2,91709584;3,82781744;0,00000000
2,91719984;3,78429508;0,00000000
2,91730384;3,82781744;0,00000000
2,91740784;3,82781744;0,00000000
2,91751184;3,82781744;0,00000000
2,91761584;3,82781744;0,00000000
2,91771984;3,78429508;0,00000000
2,91782384;3,82781744;0,00000000
2,91792784;3,82781744;0,00000000
2,91803184;3,82781744;0,00000000
2,91813584;3,78429508;0,00000000
2,91823984;3,82781744;0,00000000
2,91834384;3,82781744;0,00000000
2,91844784;3,78429508;0,00000000
2,91855184;3,82781744;0,00000000
2,91865584;3,82781744;0,00000000
2,91875984;3,82781744;0,00000000
2,91886384;3,82781744;0,00000000
2,91896784;3,82781744;0,00000000
2,91907184;3,82781744;0,00000000
2,91917584;3,82781744;0,00000000
2,91927984;3,82781744;0,00000000
2,91938384;3,78429508;0,00000000
2,91948784;3,82781744;0,00000000
2,91959184;3,82781744;0,00000000
2,91969584;3,78429508;0,00000000
2,91979984;3,78429508;0,00000000
2,91990384;3,78429508;0,00000000
2,92000784;3,82781744;0,00000000
2,92011184;3,82781744;0,00000000
2,92021584;3,82781744;0,00000000
2,92031984;3,82781744;0,00000000
2,92042384;3,78429508;0,00000000
2,92052784;3,82781744;0,00000000
2,92063184;3,78429508;0,00000000
2,92073584;3,78429508;0,00000000
2,92083984;3,82781744;0,00000000
2,92094384;3,78429508;0,00000000
2,92104784;3,78429508;0,00000000
2,92115184;3,78429508;0,00000000
2,92125584;3,82781744;0,00000000
2,92135984;3,82781744;0,00000000
2,92146384;3,82781744;0,00000000
2,92156784;3,82781744;0,00000000
2,92167184;3,82781744;0,00000000
2,92177584;3,78429508;0,00000000
2,92187984;3,82781744;0,00000000
2,92198384;3,82781744;0,00000000
2,92208784;3,82781744;0,00000000
2,92219184;3,82781744;0,00000000
2,92229584;3,82781744;0,00000000
2,92239984;3,78429508;0,00000000
2,92250384;3,82781744;0,00000000
2,92260784;3,82781744;0,00000000
2,92271184;3,82781744;0,00000000
2,92281584;3,87133980;0,00000000
2,92291984;3,82781744;0,00000000
2,92302384;3,82781744;0,00000000
2,92312784;3,82781744;0,00000000
2,92323184;3,82781744;0,00000000
2,92333584;3,82781744;0,00000000
2,92343984;3,78429508;0,00000000
2,92354384;3,82781744;0,00000000
2,92364784;3,82781744;0,00000000
2,92375184;3,78429508;0,00000000
2,92385584;3,82781744;0,00000000
2,92395984;3,78429508;0,00000000
2,92406384;3,82781744;0,00000000
2,92416784;3,82781744;0,00000000
2,92427184;3,82781744;0,00000000
2,92437584;3,82781744;0,00000000
2,92447984;3,78429508;0,00000000
2,92458384;3,82781744;0,00000000
2,92468784;3,82781744;0,00000000
2,92479184;3,82781744;0,00000000
2,92489584;3,82781744;0,00000000
2,92499984;3,82781744;0,00000000
2,92510384;3,82781744;0,00000000
2,92520784;3,82781744;0,00000000
2,92531184;3,78429508;0,00000000
2,92541584;3,82781744;0,00000000
2,92551984;3,82781744;0,00000000
2,92562384;3,82781744;0,00000000
2,92572784;3,82781744;0,00000000
2,92583184;3,78429508;0,00000000
2,92593584;3,78429508;0,00000000
2,92603984;3,78429508;0,00000000
2,92614384;3,82781744;0,00000000
2,92624784;3,82781744;0,00000000
2,92635184;3,82781744;0,00000000
2,92645584;3,82781744;0,00000000
2,92655984;3,82781744;0,00000000
2,92666384;3,82781744;0,00000000
2,92676784;3,82781744;0,00000000
2,92687184;3,82781744;0,00000000
2,92697584;3,82781744;0,00000000
2,92707984;3,82781744;0,00000000
2,92718384;3,82781744;0,00000000
2,92728784;3,82781744;0,00000000
2,92739184;3,78429508;0,00000000
2,92749584;3,82781744;0,00000000
2,92759984;3,82781744;0,00000000
2,92770384;3,82781744;0,00000000
2,92780784;3,82781744;0,00000000
2,92791184;3,82781744;0,00000000
2,92801584;3,82781744;0,00000000
2,92811984;3,82781744;0,00000000
2,92822384;3,78429508;0,00000000
2,92832784;3,82781744;0,00000000
2,92843184;3,78429508;0,00000000
2,92853584;3,82781744;0,00000000
2,92863984;3,78429508;0,00000000
2,92874384;3,82781744;0,00000000
2,92884784;3,78429508;0,00000000
2,92895184;3,78429508;0,00000000
2,92905584;3,82781744;0,00000000
2,92915984;3,78429508;0,00000000
2,92926384;3,82781744;0,00000000
2,92936784;3,82781744;0,00000000
2,92947184;3,78429508;0,00000000
2,92957584;3,82781744;0,00000000
2,92967984;3,82781744;0,00000000
2,92978384;3,78429508;0,00000000
2,92988784;3,82781744;0,00000000
2,92999184;3,78429508;0,00000000
2,93009584;3,82781744;0,00000000
2,93019984;3,82781744;0,00000000
2,93030384;3,82781744;0,00000000
2,93040784;3,82781744;0,00000000
2,93051184;3,82781744;0,00000000
2,93061584;3,82781744;0,00000000
2,93071984;3,82781744;0,00000000
2,93082384;3,78429508;0,00000000
2,93092784;3,78429508;0,00000000
2,93103184;3,78429508;0,00000000
2,93113584;3,78429508;0,00000000
2,93123984;3,78429508;0,00000000
2,93134384;3,78429508;0,00000000
2,93144784;3,82781744;0,00000000
2,93155184;3,78429508;0,00000000
2,93165584;3,82781744;0,00000000
2,93175984;3,82781744;0,00000000
2,93186384;3,82781744;0,00000000
2,93196784;3,82781744;0,00000000
2,93207184;3,82781744;0,00000000
2,93217584;3,78429508;0,00000000
2,93227984;3,78429508;0,00000000
2,93238384;3,78429508;0,00000000
2,93248784;3,82781744;0,00000000
2,93259184;3,82781744;0,00000000
2,93269584;3,82781744;0,00000000
2,93279984;3,82781744;0,00000000
2,93290384;3,78429508;0,00000000
2,93300784;3,78429508;0,00000000
2,93311184;3,82781744;0,00000000
2,93321584;3,82781744;0,00000000
2,93331984;3,82781744;0,00000000
2,93342384;3,82781744;0,00000000
2,93352784;3,82781744;0,00000000
2,93363184;3,78429508;0,00000000
2,93373584;3,82781744;0,00000000
2,93383984;3,82781744;0,00000000
2,93394384;3,82781744;0,00000000
2,93404784;3,82781744;0,00000000
2,93415184;3,82781744;0,00000000
2,93425584;3,82781744;0,00000000
2,93435984;3,82781744;0,00000000
2,93446384;3,82781744;0,00000000
2,93456784;3,82781744;0,00000000
2,93467184;3,82781744;0,00000000
2,93477584;3,78429508;0,00000000
2,93487984;3,82781744;0,00000000
2,93498384;3,78429508;0,00000000
2,93508784;3,78429508;0,00000000
2,93519184;3,82781744;0,00000000
2,93529584;3,82781744;0,00000000
2,93539984;3,82781744;0,00000000
2,93550384;3,82781744;0,00000000
2,93560784;3,78429508;0,00000000
2,93571184;3,82781744;0,00000000
2,93581584;3,82781744;0,00000000
2,93591984;3,82781744;0,00000000
2,93602384;3,78429508;0,00000000
2,93612784;3,82781744;0,00000000
2,93623184;3,78429508;0,00000000
2,93633584;3,82781744;0,00000000
2,93643984;3,78429508;0,00000000
2,93654384;3,82781744;0,01734744
2,93664784;3,82781744;0,00000000
2,93675184;3,82781744;0,00000000
2,93685584;3,78429508;0,00000000
2,93695984;3,82781744;0,00000000
2,93706384;3,82781744;0,00000000
2,93716784;3,78429508;0,00000000
2,93727184;3,78429508;0,00000000
2,93737584;3,82781744;0,00000000
2,93747984;3,78429508;0,00000000
2,93758384;3,82781744;0,00000000
2,93768784;3,82781744;0,00000000
2,93779184;3,78429508;0,00000000
2,93789584;3,78429508;0,00000000
2,93799984;3,82781744;0,00000000
2,93810384;3,78429508;0,00000000
2,93820784;3,82781744;0,00000000
2,93831184;3,82781744;0,00000000
2,93841584;3,78429508;0,00000000
2,93851984;3,82781744;0,00000000
2,93862384;3,78429508;0,00000000
2,93872784;3,82781744;0,00000000
2,93883184;3,82781744;0,00000000
2,93893584;3,82781744;0,00000000
2,93903984;3,78429508;0,00000000
2,93914384;3,82781744;0,00000000
2,93924784;3,82781744;0,00000000
2,93935184;3,82781744;0,00000000
2,93945584;3,82781744;0,00000000
2,93955984;3,82781744;0,00000000
2,93966384;3,82781744;0,00000000
2,93976784;3,82781744;0,00000000
2,93987184;3,82781744;0,00000000
2,93997584;3,82781744;0,00000000
2,94007984;3,82781744;0,00000000
2,94018384;3,82781744;0,00000000
2,94028784;3,82781744;0,00000000
2,94039184;3,82781744;0,00000000
2,94049584;3,82781744;0,00000000
2,94059984;3,82781744;0,00000000
2,94070384;3,82781744;0,00000000
2,94080784;3,78429508;0,00000000
2,94091184;3,78429508;0,00000000
2,94101584;3,82781744;0,00000000
2,94111984;3,82781744;0,00000000
2,94122384;3,78429508;0,00000000
2,94132784;3,82781744;0,00000000
2,94143184;3,82781744;0,00000000
2,94153584;3,82781744;0,00000000
2,94163984;3,78429508;0,00000000
2,94174384;3,82781744;0,00000000
2,94184784;3,82781744;0,00000000
2,94195184;3,78429508;0,00000000
2,94205584;3,78429508;0,00000000
2,94215984;3,78429508;0,00000000
2,94226384;3,82781744;0,00000000
2,94236784;3,82781744;0,00000000
2,94247184;3,82781744;0,00000000
2,94257584;3,82781744;0,00000000
2,94267984;3,78429508;0,00000000
2,94278384;3,82781744;0,00000000
2,94288784;3,82781744;0,00000000
2,94299184;3,82781744;0,00000000
2,94309584;3,78429508;0,00000000
2,94319984;3,82781744;0,00000000
2,94330384;3,82781744;0,00000000
2,94340784;3,78429508;0,00000000
2,94351184;3,78429508;0,00000000
2,94361584;3,78429508;0,00000000
2,94371984;3,78429508;0,00000000
2,94382384;3,82781744;0,00000000
2,94392784;3,82781744;0,00000000
2,94403184;3,82781744;0,00000000
2,94413584;3,82781744;0,00000000
2,94423984;3,78429508;0,00000000
2,94434384;3,82781744;0,00000000
2,94444784;3,82781744;0,00000000
2,94455184;3,82781744;0,00000000
2,94465584;3,82781744;0,00000000
2,94475984;3,78429508;0,00000000
2,94486384;3,78429508;0,00000000
2,94496784;3,82781744;0,00000000
2,94507184;3,82781744;0,00000000
2,94517584;3,78429508;0,00000000
2,94527984;3,82781744;0,00000000
2,94538384;3,82781744;0,00000000
2,94548784;3,82781744;0,00000000
2,94559184;3,82781744;0,00000000
2,94569584;3,78429508;0,00000000
2,94579984;3,82781744;0,00000000
2,94590384;3,78429508;0,00000000
2,94600784;3,82781744;0,00000000
2,94611184;3,82781744;0,00000000
2,94621584;3,82781744;0,00000000
2,94631984;3,82781744;0,00000000
2,94642384;3,82781744;0,00000000
2,94652784;3,82781744;0,00000000
2,94663184;3,82781744;0,00000000
2,94673584;3,82781744;0,00000000
2,94683984;3,82781744;0,00000000
2,94694384;3,82781744;0,00000000
2,94704784;3,82781744;0,00000000
2,94715184;3,82781744;0,00000000
2,94725584;3,82781744;0,00000000
2,94735984;3,82781744;0,00000000
2,94746384;3,78429508;0,00000000
2,94756784;3,82781744;0,00000000
2,94767184;3,82781744;0,00000000
2,94777584;3,82781744;0,00000000
2,94787984;3,82781744;0,00000000
2,94798384;3,82781744;0,00000000
2,94808784;3,82781744;0,00000000
2,94819184;3,82781744;0,00000000
2,94829584;3,78429508;0,00000000
2,94839984;3,78429508;0,00000000
2,94850384;3,82781744;0,00000000
2,94860784;3,78429508;0,00000000
2,94871184;3,82781744;0,00000000
2,94881584;3,78429508;0,00000000
2,94891984;3,82781744;0,00000000
2,94902384;3,78429508;0,00000000
2,94912784;3,78429508;0,00000000
2,94923184;3,82781744;0,00000000
2,94933584;3,82781744;0,00000000
2,94943984;3,82781744;0,00000000
2,94954384;3,82781744;0,00000000
2,94964784;3,82781744;0,00000000
2,94975184;3,78429508;0,00000000
2,94985584;3,82781744;0,00000000
2,94995984;3,82781744;0,00000000
2,95006384;3,82781744;0,00000000
2,95016784;3,82781744;0,00000000
2,95027184;3,78429508;0,00000000
2,95037584;3,82781744;0,00000000
2,95047984;3,82781744;0,00000000
2,95058384;3,82781744;0,00000000
2,95068784;3,78429508;0,00000000
2,95079184;3,82781744;0,00000000
2,95089584;3,78429508;0,00000000
2,95099984;3,82781744;0,00000000
2,95110384;3,82781744;0,00000000
2,95120784;3,82781744;0,00000000
2,95131184;3,78429508;0,00000000
2,95141584;3,82781744;0,00000000
2,95151984;3,78429508;0,00000000
2,95162384;3,82781744;0,00000000
2,95172784;3,82781744;0,00000000
2,95183184;3,82781744;0,00000000
2,95193584;3,82781744;0,00000000
2,95203984;3,82781744;0,00000000
2,95214384;3,82781744;0,00000000
2,95224784;3,82781744;0,00000000
2,95235184;3,82781744;0,00000000
2,95245584;3,82781744;0,00000000
2,95255984;3,82781744;0,00000000
2,95266384;3,82781744;0,00000000
2,95276784;3,82781744;0,00000000
2,95287184;3,78429508;0,00000000
2,95297584;3,82781744;0,00000000
2,95307984;3,78429508;0,00000000
2,95318384;3,82781744;0,00000000
2,95328784;3,82781744;0,00000000
2,95339184;3,78429508;0,00000000
2,95349584;3,82781744;0,00000000
2,95359984;3,78429508;0,00000000
2,95370384;3,82781744;0,00000000
2,95380784;3,82781744;0,00000000
2,95391184;3,78429508;0,00000000
2,95401584;3,82781744;0,00000000
2,95411984;3,82781744;0,00000000
2,95422384;3,82781744;0,00000000
2,95432784;3,78429508;0,00000000
2,95443184;3,82781744;0,00000000
2,95453584;3,82781744;0,00000000
2,95463984;3,82781744;0,00000000
2,95474384;3,82781744;0,00000000
2,95484784;3,82781744;0,00000000
2,95495184;3,82781744;0,00000000
2,95505584;3,82781744;0,00000000
2,95515984;3,82781744;0,00000000
2,95526384;3,78429508;0,00000000
2,95536784;3,82781744;0,00000000
2,95547184;3,82781744;0,00000000
2,95557584;3,82781744;0,00000000
2,95567984;3,78429508;0,00000000
2,95578384;3,82781744;0,00000000
2,95588784;3,82781744;0,00000000
2,95599184;3,82781744;0,00000000
2,95609584;3,82781744;0,00000000
2,95619984;3,82781744;0,00000000
2,95630384;3,82781744;0,00000000
2,95640784;3,82781744;0,00000000
2,95651184;3,82781744;0,00000000
2,95661584;3,78429508;0,00000000
2,95671984;3,82781744;0,00000000
2,95682384;3,78429508;0,00000000
2,95692784;3,82781744;0,00000000
2,95703184;3,82781744;0,00000000
2,95713584;3,78429508;0,00000000
2,95723984;3,82781744;0,00000000
2,95734384;3,82781744;0,00000000
2,95744784;3,82781744;0,00000000
2,95755184;3,82781744;0,00000000
2,95765584;3,82781744;0,00000000
2,95775984;3,82781744;0,00000000
2,95786384;3,82781744;0,00000000
2,95796784;3,78429508;0,00000000
2,95807184;3,82781744;0,00000000
2,95817584;3,82781744;0,00000000
2,95827984;3,82781744;0,00000000
2,95838384;3,82781744;0,00000000
2,95848784;3,82781744;0,00000000
2,95859184;3,78429508;0,00000000
2,95869584;3,78429508;0,00000000
2,95879984;3,82781744;0,00000000
2,95890384;3,78429508;0,00000000
2,95900784;3,78429508;0,00000000
2,95911184;3,82781744;0,00000000
2,95921584;3,78429508;0,00000000
2,95931984;3,82781744;0,00000000
2,95942384;3,82781744;0,00000000
2,95952784;3,82781744;0,00000000
2,95963184;3,82781744;0,00000000
2,95973584;3,82781744;0,00000000
2,95983984;3,82781744;0,00000000
2,95994384;3,82781744;0,00000000
2,96004784;3,82781744;0,00000000
2,96015184;3,82781744;0,00000000
2,96025584;3,78429508;0,00000000
2,96035984;3,82781744;0,00000000
2,96046384;3,82781744;0,00000000
2,96056784;3,82781744;0,00000000
2,96067184;3,82781744;0,00000000
2,96077584;3,82781744;0,00000000
2,96087984;3,82781744;0,00000000
2,96098384;3,82781744;0,00000000
2,96108784;3,78429508;0,00000000
2,96119184;3,78429508;0,00000000
2,96129584;3,82781744;0,00000000
2,96139984;3,78429508;0,00000000
2,96150384;3,82781744;0,00000000
2,96160784;3,82781744;0,00000000
2,96171184;3,82781744;0,00000000
2,96181584;3,82781744;0,00000000
2,96191984;3,82781744;0,00000000
2,96202384;3,82781744;0,00000000
2,96212784;3,78429508;0,00000000
2,96223184;3,82781744;0,00000000
2,96233584;3,82781744;0,00000000
2,96243984;3,82781744;0,00000000
2,96254384;3,78429508;0,00000000
2,96264784;3,82781744;0,00000000
2,96275184;3,82781744;0,00000000
2,96285584;3,82781744;0,00000000
2,96295984;3,78429508;0,00000000
2,96306384;3,78429508;0,00000000
2,96316784;3,82781744;0,00000000
2,96327184;3,78429508;0,00000000
2,96337584;3,78429508;0,00000000
2,96347984;3,82781744;0,00000000
2,96358384;3,82781744;0,00000000
2,96368784;3,78429508;0,00000000
2,96379184;3,82781744;0,00000000
2,96389584;3,82781744;0,00000000
2,96399984;3,82781744;0,00000000
2,96410384;3,78429508;0,00000000
2,96420784;3,78429508;0,00000000
2,96431184;3,78429508;0,00000000
2,96441584;3,82781744;0,00000000
2,96451984;3,78429508;0,00000000
2,96462384;3,82781744;0,00000000
2,96472784;3,82781744;0,00000000
2,96483184;3,82781744;0,00000000
2,96493584;3,82781744;0,00000000
2,96503984;3,82781744;0,00000000
2,96514384;3,82781744;0,00000000
2,96524784;3,82781744;0,00000000
2,96535184;3,78429508;0,00000000
2,96545584;3,82781744;0,00000000
2,96555984;3,82781744;0,00000000
2,96566384;3,82781744;0,00000000
2,96576784;3,82781744;0,00000000
2,96587184;3,78429508;0,00000000
2,96597584;3,82781744;0,00000000
2,96607984;3,82781744;0,00000000
2,96618384;3,82781744;0,00000000
2,96628784;3,82781744;0,00000000
2,96639184;3,82781744;0,00000000
2,96649584;3,82781744;0,00000000
2,96659984;3,82781744;0,00000000
2,96670384;3,82781744;0,00000000
2,96680784;3,82781744;0,00000000
2,96691184;3,78429508;0,00000000
2,96701584;3,82781744;0,00000000
2,96711984;3,82781744;0,00000000
2,96722384;3,82781744;0,00000000
2,96732784;3,82781744;0,00000000
2,96743184;3,82781744;0,00000000
2,96753584;3,82781744;0,00000000
2,96763984;3,82781744;0,00000000
2,96774384;3,82781744;0,00000000
2,96784784;3,87133980;0,00000000
2,96795184;3,82781744;0,00000000
2,96805584;3,82781744;0,00000000
2,96815984;3,82781744;0,00000000
2,96826384;3,82781744;0,00000000
2,96836784;3,82781744;0,00000000
2,96847184;3,78429508;0,00000000
2,96857584;3,82781744;0,00000000
2,96867984;3,82781744;0,00000000
2,96878384;3,82781744;0,00000000
2,96888784;3,78429508;0,00000000
2,96899184;3,82781744;0,00000000
2,96909584;3,82781744;0,00000000
2,96919984;3,78429508;0,00000000
2,96930384;3,82781744;0,00000000
2,96940784;3,82781744;0,00000000
2,96951184;3,82781744;0,00000000
2,96961584;3,78429508;0,00000000
2,96971984;3,82781744;0,00000000
2,96982384;3,82781744;0,00000000
2,96992784;3,82781744;0,00000000
2,97003184;3,82781744;0,00000000
2,97013584;3,78429508;0,00000000
2,97023984;3,82781744;0,01734744
2,97034384;3,82781744;0,00000000
2,97044784;3,78429508;0,00000000
2,97055184;3,78429508;0,00000000
2,97065584;3,82781744;0,00000000
2,97075984;3,82781744;0,00000000
2,97086384;3,82781744;0,00000000
2,97096784;3,78429508;0,00000000
2,97107184;3,78429508;0,00000000
2,97117584;3,78429508;0,00000000
2,97127984;3,82781744;0,00000000
2,97138384;3,78429508;0,00000000
2,97148784;3,82781744;0,00000000
2,97159184;3,78429508;0,00000000
2,97169584;3,82781744;0,00000000
2,97179984;3,82781744;0,00000000
2,97190384;3,82781744;0,01734744
2,97200784;3,78429508;0,00000000
2,97211184;3,78429508;0,00000000
2,97221584;3,82781744;0,00000000
2,97231984;3,78429508;0,00000000
2,97242384;3,78429508;0,00000000
2,97252784;3,82781744;0,00000000
2,97263184;3,82781744;0,00000000
2,97273584;3,82781744;0,00000000
2,97283984;3,82781744;0,00000000
2,97294384;3,82781744;0,00000000
2,97304784;3,78429508;0,00000000
2,97315184;3,82781744;0,00000000
2,97325584;3,78429508;0,00000000
2,97335984;3,78429508;0,00000000
2,97346384;3,82781744;0,00000000
2,97356784;3,82781744;0,00000000
2,97367184;3,82781744;0,00000000
2,97377584;3,82781744;0,00000000
2,97387984;3,82781744;0,00000000
2,97398384;3,78429508;0,00000000
2,97408784;3,82781744;0,00000000
2,97419184;3,78429508;0,00000000
2,97429584;3,82781744;0,00000000
2,97439984;3,78429508;0,00000000
2,97450384;3,82781744;0,00000000
2,97460784;3,82781744;0,00000000
2,97471184;3,82781744;0,00000000
2,97481584;3,78429508;0,00000000
2,97491984;3,82781744;0,00000000
2,97502384;3,82781744;0,00000000
2,97512784;3,82781744;0,00000000
2,97523184;3,82781744;0,00000000
2,97533584;3,82781744;0,00000000
2,97543984;3,82781744;0,00000000
2,97554384;3,82781744;0,00000000
2,97564784;3,82781744;0,00000000
2,97575184;3,78429508;0,00000000
2,97585584;3,82781744;0,00000000
2,97595984;3,82781744;0,00000000
2,97606384;3,82781744;0,00000000
2,97616784;3,78429508;0,00000000
2,97627184;3,82781744;0,00000000
2,97637584;3,78429508;0,00000000
2,97647984;3,78429508;0,00000000
2,97658384;3,82781744;0,00000000
2,97668784;3,78429508;0,00000000
2,97679184;3,78429508;0,00000000
2,97689584;3,78429508;0,00000000
2,97699984;3,78429508;0,00000000
2,97710384;3,82781744;0,00000000
2,97720784;3,78429508;0,00000000
2,97731184;3,82781744;0,00000000
2,97741584;3,78429508;0,00000000
2,97751984;3,82781744;0,00000000
2,97762384;3,82781744;0,00000000
2,97772784;3,82781744;0,00000000
2,97783184;3,82781744;0,00000000
2,97793584;3,82781744;0,00000000
2,97803984;3,78429508;0,00000000
2,97814384;3,82781744;0,00000000
2,97824784;3,82781744;0,00000000
2,97835184;3,82781744;0,00000000
2,97845584;3,82781744;0,00000000
2,97855984;3,82781744;0,00000000
2,97866384;3,82781744;0,00000000
2,97876784;3,78429508;0,00000000
2,97887184;3,82781744;0,00000000
2,97897584;3,82781744;0,00000000
2,97907984;3,82781744;0,00000000
2,97918384;3,78429508;0,00000000
2,97928784;3,78429508;0,00000000
2,97939184;3,78429508;0,00000000
2,97949584;3,82781744;0,00000000
2,97959984;3,82781744;0,00000000
2,97970384;3,82781744;0,00000000
2,97980784;3,82781744;0,01734744
2,97991184;3,78429508;0,00000000
2,98001584;3,82781744;0,00000000
2,98011984;3,82781744;0,00000000
2,98022384;3,82781744;0,00000000
2,98032784;3,82781744;0,00000000
2,98043184;3,82781744;0,00000000
2,98053584;3,82781744;0,00000000
2,98063984;3,82781744;0,00000000
2,98074384;3,82781744;0,00000000
2,98084784;3,82781744;0,00000000
2,98095184;3,82781744;0,00000000
2,98105584;3,82781744;0,00000000
2,98115984;3,78429508;0,00000000
2,98126384;3,78429508;0,00000000
2,98136784;3,82781744;0,00000000
2,98147184;3,82781744;0,00000000
2,98157584;3,78429508;0,00000000
2,98167984;3,82781744;0,00000000
2,98178384;3,78429508;0,00000000
2,98188784;3,82781744;0,00000000
2,98199184;3,82781744;0,00000000
2,98209584;3,82781744;0,00000000
2,98219984;3,82781744;0,00000000
2,98230384;3,82781744;0,00000000
2,98240784;3,82781744;0,00000000
2,98251184;3,78429508;0,00000000
2,98261584;3,82781744;0,00000000
2,98271984;3,82781744;0,00000000
2,98282384;3,82781744;0,00000000
2,98292784;3,82781744;0,00000000
2,98303184;3,82781744;0,00000000
2,98313584;3,82781744;0,00000000
2,98323984;3,78429508;0,00000000
2,98334384;3,82781744;0,00000000
2,98344784;3,82781744;0,00000000
2,98355184;3,82781744;0,00000000
2,98365584;3,82781744;0,00000000
2,98375984;3,82781744;0,00000000
2,98386384;3,82781744;0,00000000
2,98396784;3,82781744;0,00000000
2,98407184;3,82781744;0,00000000
2,98417584;3,82781744;0,00000000
2,98427984;3,78429508;0,00000000
2,98438384;3,82781744;0,00000000
2,98448784;3,82781744;0,00000000
2,98459184;3,82781744;0,00000000
2,98469584;3,82781744;0,00000000
2,98479984;3,78429508;0,00000000
2,98490384;3,78429508;0,00000000
2,98500784;3,78429508;0,00000000
2,98511184;3,82781744;0,00000000
2,98521584;3,82781744;0,00000000
2,98531984;3,82781744;0,00000000
2,98542384;3,82781744;0,00000000
2,98552784;3,82781744;0,00000000
2,98563184;3,78429508;0,00000000
2,98573584;3,78429508;0,00000000
2,98583984;3,82781744;0,00000000
2,98594384;3,78429508;0,00000000
2,98604784;3,78429508;0,00000000
2,98615184;3,82781744;0,00000000
2,98625584;3,82781744;0,00000000
2,98635984;3,82781744;0,00000000
2,98646384;3,82781744;0,00000000
2,98656784;3,82781744;0,00000000
2,98667184;3,82781744;0,00000000
2,98677584;3,82781744;0,00000000
2,98687984;3,82781744;0,00000000
2,98698384;3,82781744;0,00000000
2,98708784;3,82781744;0,00000000
2,98719184;3,82781744;0,00000000
2,98729584;3,82781744;0,00000000
2,98739984;3,82781744;0,00000000
2,98750384;3,82781744;0,00000000
2,98760784;3,82781744;0,00000000
2,98771184;3,82781744;0,00000000
2,98781584;3,82781744;0,00000000
2,98791984;3,82781744;0,00000000
2,98802384;3,82781744;0,00000000
2,98812784;3,82781744;0,00000000
2,98823184;3,78429508;0,00000000
2,98833584;3,78429508;0,00000000
2,98843984;3,82781744;0,00000000
2,98854384;3,78429508;0,00000000
2,98864784;3,87133980;0,00000000
2,98875184;3,82781744;0,00000000
2,98885584;3,82781744;0,00000000
2,98895984;3,82781744;0,00000000
2,98906384;3,82781744;0,00000000
2,98916784;3,78429508;0,00000000
2,98927184;3,82781744;0,00000000
2,98937584;3,82781744;0,00000000
2,98947984;3,78429508;0,00000000
2,98958384;3,82781744;0,00000000
2,98968784;3,82781744;0,00000000
2,98979184;3,82781744;0,00000000
2,98989584;3,82781744;0,00000000
2,98999984;3,82781744;0,00000000
2,99010384;3,82781744;0,00000000
2,99020784;3,82781744;0,00000000
2,99031184;3,82781744;0,00000000
2,99041584;3,78429508;0,00000000
2,99051984;3,82781744;0,00000000
2,99062384;3,82781744;0,00000000
2,99072784;3,82781744;0,00000000
2,99083184;3,78429508;0,00000000
2,99093584;3,78429508;0,00000000
2,99103984;3,82781744;0,00000000
2,99114384;3,82781744;0,00000000
2,99124784;3,82781744;0,00000000
2,99135184;3,82781744;0,00000000
2,99145584;3,82781744;0,00000000
2,99155984;3,78429508;0,00000000
2,99166384;3,82781744;0,00000000
2,99176784;3,82781744;0,00000000
2,99187184;3,82781744;0,00000000
2,99197584;3,82781744;0,00000000
2,99207984;3,82781744;0,00000000
2,99218384;3,82781744;0,00000000
2,99228784;3,78429508;0,00000000
2,99239184;3,78429508;0,00000000
2,99249584;3,82781744;0,00000000
2,99259984;3,78429508;0,00000000
2,99270384;3,78429508;0,00000000
2,99280784;3,78429508;0,00000000
2,99291184;3,82781744;0,00000000
2,99301584;3,78429508;0,01734744
2,99311984;3,78429508;0,00000000
2,99322384;3,78429508;0,00000000
2,99332784;3,82781744;0,00000000
2,99343184;3,82781744;0,00000000
2,99353584;3,82781744;0,00000000
2,99363984;3,82781744;0,00000000
2,99374384;3,82781744;0,00000000
2,99384784;3,78429508;0,00000000
2,99395184;3,82781744;0,00000000
2,99405584;3,78429508;0,00000000
2,99415984;3,82781744;0,00000000
2,99426384;3,82781744;0,00000000
2,99436784;3,82781744;0,00000000
2,99447184;3,82781744;0,00000000
2,99457584;3,82781744;0,00000000
2,99467984;3,82781744;0,00000000
2,99478384;3,82781744;0,00000000
2,99488784;3,82781744;0,00000000
2,99499184;3,82781744;0,00000000
2,99509584;3,82781744;0,00000000
2,99519984;3,82781744;0,00000000
2,99530384;3,78429508;0,00000000
2,99540784;3,82781744;0,00000000
2,99551184;3,78429508;0,00000000
2,99561584;3,78429508;0,00000000
2,99571984;3,82781744;0,00000000
2,99582384;3,78429508;0,00000000
2,99592784;3,78429508;0,00000000
2,99603184;3,78429508;0,00000000
2,99613584;3,82781744;0,00000000
2,99623984;3,82781744;0,00000000
2,99634384;3,82781744;0,00000000
2,99644784;3,82781744;0,00000000
2,99655184;3,78429508;0,00000000
2,99665584;3,82781744;0,00000000
2,99675984;3,82781744;0,00000000
2,99686384;3,78429508;0,00000000
2,99696784;3,82781744;0,00000000
2,99707184;3,82781744;0,00000000
2,99717584;3,78429508;0,00000000
2,99727984;3,78429508;0,00000000
2,99738384;3,78429508;0,00000000
2,99748784;3,78429508;0,00000000
2,99759184;3,82781744;0,00000000
2,99769584;3,78429508;0,00000000
2,99779984;3,82781744;0,00000000
2,99790384;3,78429508;0,00000000
2,99800784;3,82781744;0,00000000
2,99811184;3,82781744;0,00000000
2,99821584;3,78429508;0,00000000
2,99831984;3,78429508;0,00000000
2,99842384;3,82781744;0,00000000
2,99852784;3,82781744;0,00000000
2,99863184;3,82781744;0,00000000
2,99873584;3,78429508;0,00000000
2,99883984;3,78429508;0,00000000
2,99894384;3,82781744;0,00000000
2,99904784;3,82781744;0,00000000
2,99915184;3,78429508;0,00000000
2,99925584;3,82781744;0,00000000
2,99935984;3,78429508;0,00000000
2,99946384;3,82781744;0,00000000
2,99956784;3,78429508;0,00000000
2,99967184;3,82781744;0,00000000
2,99977584;3,82781744;0,00000000
2,99987984;3,82781744;0,00000000
2,99998384;3,82781744;0,00000000
3,00008784;3,78429508;0,00000000
3,00019184;3,82781744;0,00000000
3,00029584;3,82781744;0,00000000
3,00039984;3,82781744;0,00000000
3,00050384;3,82781744;0,00000000
3,00060784;3,82781744;0,00000000
3,00071184;3,82781744;0,00000000
3,00081584;3,78429508;0,00000000
3,00091984;3,82781744;0,00000000
3,00102384;3,78429508;0,00000000
3,00112784;3,78429508;0,00000000
3,00123184;3,82781744;0,00000000
3,00133584;3,82781744;0,00000000
3,00143984;3,78429508;0,00000000
3,00154384;3,82781744;0,00000000
3,00164784;3,82781744;0,00000000
3,00175184;3,78429508;0,00000000
3,00185584;3,78429508;0,00000000
3,00195984;3,82781744;0,00000000
3,00206384;3,82781744;0,00000000
3,00216784;3,82781744;0,00000000
3,00227184;3,82781744;0,00000000
3,00237584;3,82781744;0,00000000
3,00247984;3,82781744;0,00000000
3,00258384;3,82781744;0,00000000
3,00268784;3,82781744;0,00000000
3,00279184;3,82781744;0,00000000
3,00289584;3,82781744;0,00000000
3,00299984;3,82781744;0,00000000
3,00310384;3,82781744;0,00000000
3,00320784;3,82781744;0,00000000
3,00331184;3,78429508;0,00000000
3,00341584;3,82781744;0,00000000
3,00351984;3,82781744;0,00000000
3,00362384;3,78429508;0,00000000
3,00372784;3,82781744;0,00000000
3,00383184;3,82781744;0,00000000
3,00393584;3,78429508;0,00000000
3,00403984;3,82781744;0,00000000
3,00414384;3,82781744;0,00000000
3,00424784;3,82781744;0,00000000
3,00435184;3,82781744;0,00000000
3,00445584;3,78429508;0,00000000
3,00455984;3,78429508;0,00000000
3,00466384;3,78429508;0,00000000
3,00476784;3,78429508;0,00000000
3,00487184;3,78429508;0,00000000
3,00497584;3,78429508;0,00000000
3,00507984;3,82781744;0,00000000
3,00518384;3,82781744;0,00000000
3,00528784;3,82781744;0,00000000
3,00539184;3,82781744;0,00000000
3,00549584;3,78429508;0,00000000
3,00559984;3,82781744;0,00000000
3,00570384;3,82781744;0,00000000
3,00580784;3,82781744;0,00000000
3,00591184;3,82781744;0,00000000
3,00601584;3,78429508;0,00000000
3,00611984;3,82781744;0,00000000
3,00622384;3,78429508;0,00000000
3,00632784;3,82781744;0,00000000
3,00643184;3,78429508;0,01734744
3,00653584;3,78429508;0,00000000
3,00663984;3,82781744;0,00000000
3,00674384;3,82781744;0,00000000
3,00684784;3,78429508;0,00000000
3,00695184;3,82781744;0,00000000
3,00705584;3,78429508;0,00000000
3,00715984;3,82781744;0,00000000
3,00726384;3,82781744;0,00000000
3,00736784;3,82781744;0,00000000
3,00747184;3,82781744;0,00000000
3,00757584;3,82781744;0,00000000
3,00767984;3,78429508;0,00000000
3,00778384;3,82781744;0,00000000
3,00788784;3,78429508;0,00000000
3,00799184;3,78429508;0,00000000
3,00809584;3,82781744;0,00000000
3,00819984;3,82781744;0,00000000
3,00830384;3,82781744;0,00000000
3,00840784;3,82781744;0,00000000
3,00851184;3,78429508;0,00000000
3,00861584;3,82781744;0,00000000
3,00871984;3,78429508;0,00000000
3,00882384;3,82781744;0,00000000
3,00892784;3,78429508;0,00000000
3,00903184;3,78429508;0,00000000
3,00913584;3,82781744;0,00000000
3,00923984;3,78429508;0,00000000
3,00934384;3,78429508;0,00000000
3,00944784;3,82781744;0,00000000
3,00955184;3,82781744;0,00000000
3,00965584;3,82781744;0,00000000
3,00975984;3,82781744;0,00000000
3,00986384;3,82781744;0,00000000
3,00996784;3,82781744;0,00000000
3,01007184;3,82781744;0,00000000
3,01017584;3,82781744;0,00000000
3,01027984;3,78429508;0,00000000
3,01038384;3,82781744;0,00000000
3,01048784;3,82781744;0,00000000
3,01059184;3,82781744;0,00000000
3,01069584;3,78429508;0,00000000
3,01079984;3,82781744;0,00000000
3,01090384;3,82781744;0,00000000
3,01100784;3,78429508;0,00000000
3,01111184;3,78429508;0,00000000
3,01121584;3,78429508;0,00000000
3,01131984;3,82781744;0,00000000
3,01142384;3,78429508;0,00000000
3,01152784;3,82781744;0,00000000
3,01163184;3,78429508;0,00000000
3,01173584;3,82781744;0,00000000
3,01183984;3,78429508;0,00000000
3,01194384;3,82781744;0,00000000
3,01204784;3,82781744;0,00000000
3,01215184;3,78429508;0,00000000
3,01225584;3,82781744;0,00000000
3,01235984;3,82781744;0,00000000
3,01246384;3,82781744;0,00000000
3,01256784;3,82781744;0,00000000
3,01267184;3,82781744;0,00000000
3,01277584;3,82781744;0,00000000
3,01287984;3,78429508;0,00000000
3,01298384;3,82781744;0,00000000
3,01308784;3,82781744;0,00000000
3,01319184;3,82781744;0,00000000
3,01329584;3,82781744;0,00000000
3,01339984;3,82781744;0,00000000
3,01350384;3,78429508;0,00000000
3,01360784;3,82781744;0,00000000
3,01371184;3,78429508;0,00000000
3,01381584;3,82781744;0,00000000
3,01391984;3,82781744;0,00000000
3,01402384;3,82781744;0,00000000
3,01412784;3,82781744;0,00000000
3,01423184;3,78429508;0,00000000
3,01433584;3,82781744;0,00000000
3,01443984;3,82781744;0,00000000
3,01454384;3,82781744;0,00000000
3,01464784;3,82781744;0,00000000
3,01475184;3,82781744;0,00000000
3,01485584;3,82781744;0,00000000
3,01495984;3,78429508;0,00000000
3,01506384;3,82781744;0,00000000
3,01516784;3,82781744;0,00000000
3,01527184;3,82781744;0,00000000
3,01537584;3,82781744;0,00000000
3,01547984;3,82781744;0,00000000
3,01558384;3,82781744;0,00000000
3,01568784;3,82781744;0,00000000
3,01579184;3,82781744;0,00000000
3,01589584;3,78429508;0,00000000
3,01599984;3,82781744;0,00000000
3,01610384;3,82781744;0,00000000
3,01620784;3,82781744;0,00000000
3,01631184;3,82781744;0,00000000
3,01641584;3,78429508;0,00000000
3,01651984;3,78429508;0,00000000
3,01662384;3,78429508;0,00000000
3,01672784;3,78429508;0,00000000
3,01683184;3,82781744;0,00000000
3,01693584;3,82781744;0,00000000
3,01703984;3,82781744;0,00000000
3,01714384;3,78429508;0,00000000
3,01724784;3,82781744;0,00000000
3,01735184;3,82781744;0,00000000
3,01745584;3,82781744;0,00000000
3,01755984;3,82781744;0,00000000
3,01766384;3,82781744;0,00000000
3,01776784;3,82781744;0,00000000
3,01787184;3,78429508;0,00000000
3,01797584;3,82781744;0,00000000
3,01807984;3,78429508;0,00000000
3,01818384;3,78429508;0,00000000
3,01828784;3,78429508;0,00000000
3,01839184;3,78429508;0,00000000
3,01849584;3,82781744;0,00000000
3,01859984;3,78429508;0,00000000
3,01870384;3,82781744;0,00000000
3,01880784;3,82781744;0,00000000
3,01891184;3,78429508;0,00000000
3,01901584;3,82781744;0,00000000
3,01911984;3,78429508;0,00000000
3,01922384;3,82781744;0,00000000
3,01932784;3,82781744;0,00000000
3,01943184;3,82781744;0,00000000
3,01953584;3,82781744;0,00000000
3,01963984;3,78429508;0,00000000
3,01974384;3,78429508;0,00000000
3,01984784;3,78429508;0,00000000
3,01995184;3,82781744;0,00000000
3,02005584;3,82781744;0,00000000
3,02015984;3,82781744;0,00000000
3,02026384;3,82781744;0,00000000
3,02036784;3,82781744;0,00000000
3,02047184;3,82781744;0,00000000
3,02057584;3,78429508;0,00000000
3,02067984;3,78429508;0,00000000
3,02078384;3,82781744;0,00000000
3,02088784;3,82781744;0,00000000
3,02099184;3,78429508;0,00000000
3,02109584;3,82781744;0,00000000
3,02119984;3,82781744;0,00000000
3,02130384;3,82781744;0,00000000
3,02140784;3,82781744;0,00000000
3,02151184;3,78429508;0,00000000
3,02161584;3,78429508;0,00000000
3,02171984;3,78429508;0,00000000
3,02182384;3,82781744;0,00000000
3,02192784;3,82781744;0,00000000
3,02203184;3,82781744;0,01734744
3,02213584;3,82781744;0,00000000
3,02223984;3,82781744;0,00000000
3,02234384;3,82781744;0,00000000
3,02244784;3,78429508;0,00000000
3,02255184;3,82781744;0,00000000
3,02265584;3,82781744;0,00000000
3,02275984;3,82781744;0,00000000
3,02286384;3,82781744;0,00000000
3,02296784;3,78429508;0,00000000
3,02307184;3,78429508;0,00000000
3,02317584;3,82781744;0,00000000
3,02327984;3,82781744;0,00000000
3,02338384;3,82781744;0,00000000
3,02348784;3,82781744;0,00000000
3,02359184;3,78429508;0,00000000
3,02369584;3,82781744;0,00000000
3,02379984;3,82781744;0,00000000
3,02390384;3,82781744;0,00000000
3,02400784;3,78429508;0,00000000
3,02411184;3,78429508;0,00000000
3,02421584;3,82781744;0,00000000
3,02431984;3,78429508;0,00000000
3,02442384;3,82781744;0,00000000
3,02452784;3,82781744;0,00000000
3,02463184;3,82781744;0,00000000
3,02473584;3,82781744;0,00000000
3,02483984;3,82781744;0,00000000
3,02494384;3,78429508;0,00000000
3,02504784;3,82781744;0,00000000
3,02515184;3,82781744;0,00000000
3,02525584;3,82781744;0,00000000
3,02535984;3,82781744;0,00000000
3,02546384;3,82781744;0,00000000
3,02556784;3,82781744;0,00000000
3,02567184;3,78429508;0,00000000
3,02577584;3,82781744;0,00000000
3,02587984;3,82781744;0,00000000
3,02598384;3,82781744;0,00000000
3,02608784;3,82781744;0,00000000
3,02619184;3,82781744;0,00000000
3,02629584;3,82781744;0,00000000
3,02639984;3,82781744;0,00000000
3,02650384;3,82781744;0,00000000
3,02660784;3,82781744;0,00000000
3,02671184;3,82781744;0,00000000
3,02681584;3,78429508;0,00000000
3,02691984;3,82781744;0,00000000
3,02702384;3,78429508;0,00000000
3,02712784;3,82781744;0,00000000
3,02723184;3,82781744;0,00000000
3,02733584;3,78429508;0,00000000
3,02743984;3,82781744;0,00000000
3,02754384;3,82781744;0,00000000
3,02764784;3,78429508;0,00000000
3,02775184;3,82781744;0,00000000
3,02785584;3,82781744;0,00000000
3,02795984;3,82781744;0,00000000
3,02806384;3,78429508;0,00000000
3,02816784;3,82781744;0,00000000
3,02827184;3,82781744;0,00000000
3,02837584;3,82781744;0,00000000
3,02847984;3,82781744;0,00000000
3,02858384;3,82781744;0,00000000
3,02868784;3,82781744;0,00000000
3,02879184;3,82781744;0,00000000
3,02889584;3,78429508;0,00000000
3,02899984;3,82781744;0,00000000
3,02910384;3,78429508;0,00000000
3,02920784;3,82781744;0,00000000
3,02931184;3,82781744;0,00000000
3,02941584;3,82781744;0,00000000
3,02951984;3,82781744;0,00000000
3,02962384;3,78429508;0,00000000
3,02972784;3,82781744;0,00000000
3,02983184;3,82781744;0,00000000
3,02993584;3,82781744;0,00000000
3,03003984;3,78429508;0,00000000
3,03014384;3,82781744;0,00000000
3,03024784;3,82781744;0,00000000
3,03035184;3,78429508;0,00000000
3,03045584;3,82781744;0,00000000
3,03055984;3,82781744;0,00000000
3,03066384;3,82781744;0,00000000
3,03076784;3,82781744;0,00000000
3,03087184;3,82781744;0,00000000
3,03097584;3,78429508;0,00000000
3,03107984;3,82781744;0,00000000
3,03118384;3,82781744;0,00000000
3,03128784;3,82781744;0,00000000
3,03139184;3,82781744;0,00000000
3,03149584;3,78429508;0,00000000
3,03159984;3,82781744;0,00000000
3,03170384;3,82781744;0,00000000
3,03180784;3,82781744;0,00000000
3,03191184;3,78429508;0,00000000
3,03201584;3,82781744;0,00000000
3,03211984;3,82781744;0,00000000
3,03222384;3,82781744;0,00000000
3,03232784;3,82781744;0,00000000
3,03243184;3,78429508;0,00000000
3,03253584;3,78429508;0,00000000
3,03263984;3,82781744;0,00000000
3,03274384;3,82781744;0,00000000
3,03284784;3,82781744;0,00000000
3,03295184;3,82781744;0,00000000
3,03305584;3,82781744;0,00000000
3,03315984;3,82781744;0,00000000
3,03326384;3,82781744;0,00000000
3,03336784;3,78429508;0,00000000
3,03347184;3,82781744;0,00000000
3,03357584;3,78429508;0,00000000
3,03367984;3,82781744;0,00000000
3,03378384;3,82781744;0,00000000
3,03388784;3,82781744;0,00000000
3,03399184;3,82781744;0,00000000
3,03409584;3,78429508;0,00000000
3,03419984;3,82781744;0,00000000
3,03430384;3,82781744;0,00000000
3,03440784;3,82781744;0,00000000
3,03451184;3,82781744;0,00000000
3,03461584;3,82781744;0,00000000
3,03471984;3,87133980;0,00000000
3,03482384;3,82781744;0,00000000
3,03492784;3,78429508;0,00000000
3,03503184;3,82781744;0,00000000
3,03513584;3,82781744;0,00000000
3,03523984;3,82781744;0,00000000
3,03534384;3,82781744;0,00000000
3,03544784;3,82781744;0,00000000
3,03555184;3,82781744;0,00000000
3,03565584;3,82781744;0,00000000
3,03575984;3,82781744;0,00000000
3,03586384;3,82781744;0,00000000
3,03596784;3,82781744;0,00000000
3,03607184;3,82781744;0,00000000
3,03617584;3,82781744;0,00000000
3,03627984;3,82781744;0,00000000
3,03638384;3,82781744;0,00000000
3,03648784;3,82781744;0,00000000
3,03659184;3,82781744;0,00000000
3,03669584;3,82781744;0,00000000
3,03679984;3,82781744;0,00000000
3,03690384;3,87133980;0,00000000
3,03700784;3,78429508;0,00000000
3,03711184;3,78429508;0,00000000
3,03721584;3,78429508;0,00000000
3,03731984;3,82781744;0,00000000
3,03742384;3,82781744;0,00000000
3,03752784;3,82781744;0,00000000
3,03763184;3,82781744;0,00000000
3,03773584;3,82781744;0,00000000
3,03783984;3,82781744;0,00000000
3,03794384;3,82781744;0,00000000
3,03804784;3,82781744;0,00000000
3,03815184;3,82781744;0,00000000
3,03825584;3,82781744;0,00000000
3,03835984;3,78429508;0,00000000
3,03846384;3,82781744;0,00000000
3,03856784;3,82781744;0,00000000
3,03867184;3,82781744;0,00000000
3,03877584;3,82781744;0,00000000
3,03887984;3,82781744;0,00000000
3,03898384;3,82781744;0,00000000
3,03908784;3,78429508;0,00000000
3,03919184;3,82781744;0,00000000
3,03929584;3,82781744;0,00000000
3,03939984;3,78429508;0,00000000
3,03950384;3,82781744;0,00000000
3,03960784;3,82781744;0,00000000
3,03971184;3,82781744;0,00000000
3,03981584;3,82781744;0,00000000
3,03991984;3,82781744;0,00000000
3,04002384;3,82781744;0,00000000
3,04012784;3,82781744;0,00000000
3,04023184;3,82781744;0,00000000
3,04033584;3,82781744;0,00000000
3,04043984;3,78429508;0,00000000
3,04054384;3,82781744;0,00000000
3,04064784;3,82781744;0,00000000
3,04075184;3,82781744;0,00000000
3,04085584;3,78429508;0,00000000
3,04095984;3,78429508;0,00000000
3,04106384;3,78429508;0,00000000
3,04116784;3,82781744;0,00000000
3,04127184;3,78429508;0,00000000
3,04137584;3,82781744;0,00000000
3,04147984;3,82781744;0,00000000
3,04158384;3,78429508;0,00000000
3,04168784;3,82781744;0,00000000
3,04179184;3,78429508;0,00000000
3,04189584;3,82781744;0,00000000
3,04199984;3,78429508;0,00000000
3,04210384;3,82781744;0,00000000
3,04220784;3,82781744;0,00000000
3,04231184;3,82781744;0,00000000
3,04241584;3,82781744;0,00000000
3,04251984;3,78429508;0,00000000
3,04262384;3,82781744;0,00000000
3,04272784;3,82781744;0,00000000
3,04283184;3,82781744;0,00000000
3,04293584;3,82781744;0,00000000
3,04303984;3,82781744;0,00000000
3,04314384;3,82781744;0,00000000
3,04324784;3,82781744;0,00000000
3,04335184;3,82781744;0,00000000
3,04345584;3,82781744;0,00000000
3,04355984;3,82781744;0,00000000
3,04366384;3,82781744;0,00000000
3,04376784;3,82781744;0,00000000
3,04387184;3,82781744;0,00000000
3,04397584;3,82781744;0,00000000
3,04407984;3,78429508;0,00000000
3,04418384;3,82781744;0,00000000
3,04428784;3,82781744;0,00000000
3,04439184;3,82781744;0,00000000
3,04449584;3,82781744;0,00000000
3,04459984;3,82781744;0,00000000
3,04470384;3,82781744;0,00000000
3,04480784;3,82781744;0,00000000
3,04491184;3,82781744;0,00000000
3,04501584;3,82781744;0,00000000
3,04511984;3,82781744;0,01734744
3,04522384;3,78429508;0,00000000
3,04532784;3,78429508;0,00000000
3,04543184;3,82781744;0,00000000
3,04553584;3,82781744;0,00000000
3,04563984;3,82781744;0,00000000
3,04574384;3,82781744;0,00000000
3,04584784;3,82781744;0,00000000
3,04595184;3,82781744;0,00000000
3,04605584;3,82781744;0,00000000
3,04615984;0,08689100;0,00000000
3,04626384;-0,17393577;0,00000000
3,04636784;0,08689100;0,00000000
3,04647184;0,00000000;0,00000000
3,04657584;-0,04336860;0,00000000
3,04667984;0,00000000;0,00000000
3,04678384;0,00000000;0,00000000
3,04688784;0,00000000;0,00000000
3,04699184;0,00000000;0,00000000
3,04709584;0,00000000;0,00000000
3,04719984;0,00000000;0,00000000
3,04730384;0,00000000;0,00000000
3,04740784;0,00000000;0,00000000
3,04751184;0,04336860;0,00000000
3,04761584;0,00000000;0,00000000
3,04771984;0,04336860;0,00000000
3,04782384;0,04336860;0,00000000
3,04792784;0,00000000;0,00000000
3,04803184;0,00000000;0,00000000
3,04813584;0,04336860;0,00000000
3,04823984;0,00000000;0,00000000
3,04834384;0,00000000;0,00000000
3,04844784;0,00000000;0,00000000
3,04855184;0,00000000;0,00000000
3,04865584;0,00000000;0,00000000
3,04875984;0,04336860;0,00000000
3,04886384;0,04336860;0,00000000
3,04896784;0,00000000;0,00000000
3,04907184;0,00000000;0,00000000
3,04917584;0,00000000;0,00000000
3,04927984;0,04336860;0,00000000
3,04938384;0,04336860;0,00000000
3,04948784;0,04336860;0,00000000
3,04959184;0,00000000;0,00000000
3,04969584;0,00000000;0,00000000
3,04979984;0,04336860;0,00000000
3,04990384;0,04336860;0,00000000
3,05000784;0,00000000;0,00000000
3,05011184;0,04336860;0,00000000
3,05021584;0,04336860;0,00000000
3,05031984;0,04336860;0,00000000
3,05042384;0,04336860;0,00000000
3,05052784;0,04336860;0,00000000
3,05063184;0,00000000;-0,01734744
3,05073584;0,04336860;0,00000000
3,05083984;0,00000000;0,00000000
3,05094384;0,04336860;0,00000000
3,05104784;0,00000000;0,00000000
3,05115184;0,04336860;0,00000000
3,05125584;0,04336860;0,00000000
3,05135984;0,00000000;0,00000000
3,05146384;0,04336860;0,00000000
3,05156784;0,00000000;0,00000000
3,05167184;0,04336860;0,00000000
3,05177584;0,04336860;0,00000000
3,05187984;0,00000000;0,00000000
3,05198384;0,04336860;0,00000000
3,05208784;0,04336860;0,00000000
3,05219184;0,04336860;0,00000000
3,05229584;0,04336860;0,00000000
3,05239984;0,00000000;0,00000000
3,05250384;0,04336860;0,00000000
3,05260784;0,04336860;0,00000000
3,05271184;0,00000000;0,00000000
3,05281584;0,04336860;-0,01734744
3,05291984;0,04336860;0,00000000
3,05302384;0,00000000;0,00000000
3,05312784;0,00000000;0,00000000
3,05323184;0,00000000;0,00000000
3,05333584;0,04336860;0,00000000
3,05343984;0,04336860;0,00000000
3,05354384;0,04336860;0,00000000
3,05364784;0,04336860;0,00000000
3,05375184;0,04336860;0,00000000
3,05385584;0,00000000;0,00000000
3,05395984;0,04336860;0,00000000
3,05406384;0,00000000;0,00000000
3,05416784;0,04336860;0,00000000
3,05427184;0,00000000;0,00000000
3,05437584;0,00000000;0,00000000
3,05447984;0,00000000;0,00000000
3,05458384;0,00000000;0,00000000
3,05468784;0,00000000;0,00000000
3,05479184;0,04336860;0,00000000
3,05489584;0,00000000;0,00000000
3,05499984;0,00000000;0,00000000
3,05510384;0,04336860;0,00000000
3,05520784;0,04336860;0,00000000
3,05531184;0,04336860;0,00000000
3,05541584;0,04336860;0,00000000
3,05551984;0,00000000;0,00000000
3,05562384;0,04336860;0,00000000
3,05572784;0,04336860;0,00000000
3,05583184;0,04336860;0,00000000
3,05593584;0,00000000;0,00000000
3,05603984;0,00000000;0,00000000
3,05614384;0,04336860;0,00000000
3,05624784;0,04336860;-0,01734744
3,05635184;0,04336860;0,00000000
3,05645584;0,00000000;0,00000000
3,05655984;0,04336860;0,00000000
3,05666384;0,04336860;0,00000000
3,05676784;0,00000000;0,00000000
3,05687184;0,00000000;0,00000000
3,05697584;0,00000000;0,00000000
3,05707984;0,04336860;0,00000000
3,05718384;0,04336860;0,00000000
3,05728784;0,04336860;0,00000000
3,05739184;0,00000000;0,00000000
3,05749584;0,00000000;0,00000000
3,05759984;0,04336860;0,00000000
3,05770384;0,00000000;0,00000000
3,05780784;0,04336860;0,00000000
3,05791184;0,00000000;0,00000000
3,05801584;0,04336860;0,00000000
3,05811984;0,00000000;0,00000000
3,05822384;0,04336860;0,00000000
3,05832784;0,00000000;0,00000000
3,05843184;0,00000000;0,00000000
3,05853584;0,04336860;0,00000000
3,05863984;0,04336860;0,00000000
3,05874384;0,04336860;0,00000000
3,05884784;0,00000000;0,00000000
3,05895184;0,04336860;0,00000000
3,05905584;0,04336860;0,00000000
3,05915984;0,00000000;0,00000000
3,05926384;0,04336860;0,00000000
3,05936784;0,04336860;0,00000000
3,05947184;0,04336860;0,00000000
3,05957584;0,04336860;-0,01734744
3,05967984;0,04336860;0,00000000
3,05978384;0,00000000;0,00000000
3,05988784;0,00000000;0,00000000
3,05999184;0,00000000;0,00000000
3,06009584;0,04336860;0,00000000
3,06019984;0,00000000;0,00000000
3,06030384;0,00000000;0,00000000
3,06040784;0,04336860;0,00000000
3,06051184;0,00000000;0,00000000
3,06061584;0,04336860;0,00000000
3,06071984;0,04336860;0,00000000
3,06082384;0,04336860;0,00000000
3,06092784;0,00000000;0,00000000
3,06103184;0,00000000;0,00000000
3,06113583;0,04336860;0,00000000
3,06123983;0,04336860;0,00000000
3,06134383;0,04336860;0,00000000
3,06144783;0,00000000;0,00000000
3,06155183;0,00000000;0,00000000
3,06165583;0,04336860;0,00000000
3,06175983;0,00000000;0,00000000
3,06186383;0,04336860;0,00000000
3,06196783;0,00000000;0,00000000
3,06207183;0,00000000;0,00000000
3,06217583;0,04336860;0,00000000
3,06227983;0,04336860;0,00000000
3,06238383;0,00000000;0,00000000
3,06248783;0,00000000;0,00000000
3,06259183;0,04336860;0,00000000
3,06269583;0,00000000;0,00000000
3,06279983;0,00000000;0,00000000
3,06290383;0,04336860;0,00000000
3,06300783;0,00000000;0,00000000
3,06311183;0,04336860;0,00000000
3,06321583;0,00000000;0,00000000
3,06331983;0,00000000;0,00000000
3,06342383;0,00000000;0,00000000
3,06352783;0,04336860;0,00000000
3,06363183;0,00000000;0,00000000
3,06373583;0,00000000;0,00000000
3,06383983;0,00000000;0,00000000
3,06394383;0,00000000;0,00000000
3,06404783;0,04336860;0,00000000
3,06415183;0,00000000;0,00000000
3,06425583;0,00000000;0,00000000
3,06435983;0,04336860;0,00000000
3,06446383;0,04336860;0,00000000
3,06456783;0,00000000;0,00000000
3,06467183;0,00000000;0,00000000
3,06477583;0,00000000;0,00000000
3,06487983;0,00000000;0,00000000
3,06498383;0,04336860;0,00000000
3,06508783;0,00000000;0,00000000
3,06519183;0,00000000;0,00000000
3,06529583;0,00000000;0,00000000
3,06539983;0,04336860;0,00000000
3,06550383;0,00000000;0,00000000
3,06560783;0,04336860;0,00000000
3,06571183;0,04336860;0,00000000
3,06581583;0,04336860;0,00000000
3,06591983;0,00000000;0,00000000
3,06602383;0,00000000;0,00000000
3,06612783;0,04336860;0,00000000
3,06623183;0,00000000;0,00000000
3,06633583;0,00000000;0,00000000
3,06643983;0,04336860;0,00000000
3,06654383;0,00000000;0,00000000
3,06664783;0,04336860;0,00000000
3,06675183;0,04336860;0,00000000
3,06685583;0,00000000;0,00000000
3,06695983;0,04336860;0,00000000
3,06706383;0,04336860;0,00000000
3,06716783;0,04336860;0,00000000
3,06727183;0,00000000;0,00000000
3,06737583;0,04336860;0,00000000
3,06747983;0,04336860;0,00000000
3,06758383;0,04336860;0,00000000
3,06768783;0,00000000;0,00000000
3,06779183;0,04336860;0,00000000
3,06789583;0,00000000;0,00000000
3,06799983;0,00000000;0,00000000
3,06810383;0,04336860;0,00000000
3,06820783;0,00000000;0,00000000
3,06831183;0,04336860;0,00000000
3,06841583;0,04336860;0,00000000
3,06851983;0,00000000;0,00000000
3,06862383;0,04336860;0,00000000
3,06872783;0,04336860;0,00000000
3,06883183;0,00000000;0,00000000
3,06893583;0,04336860;0,00000000
3,06903983;0,04336860;0,00000000
3,06914383;0,04336860;0,00000000
3,06924783;0,04336860;0,00000000
3,06935183;0,04336860;0,00000000
3,06945583;0,00000000;0,00000000
3,06955983;0,04336860;0,00000000
3,06966383;0,04336860;0,00000000
3,06976783;0,00000000;0,00000000
3,06987183;0,04336860;0,00000000
3,06997583;0,04336860;0,00000000
3,07007983;0,04336860;0,00000000
3,07018383;0,00000000;0,00000000
3,07028783;0,00000000;0,00000000
3,07039183;0,04336860;0,00000000
3,07049583;0,00000000;0,00000000
3,07059983;0,04336860;0,00000000
3,07070383;0,00000000;0,00000000
3,07080783;0,00000000;0,00000000
3,07091183;0,00000000;0,00000000
3,07101583;0,00000000;0,00000000
3,07111983;0,00000000;0,00000000
3,07122383;0,04336860;0,00000000
3,07132783;0,00000000;0,00000000
3,07143183;0,00000000;0,00000000
3,07153583;0,00000000;0,00000000
3,07163983;0,04336860;0,00000000
3,07174383;0,00000000;0,00000000
3,07184783;0,04336860;0,00000000
3,07195183;0,04336860;0,00000000
3,07205583;0,04336860;0,00000000
3,07215983;0,00000000;0,00000000
3,07226383;0,04336860;0,00000000
3,07236783;0,00000000;0,00000000
3,07247183;0,00000000;0,00000000
3,07257583;0,00000000;0,00000000
3,07267983;0,00000000;0,00000000
3,07278383;0,00000000;0,00000000
3,07288783;0,04336860;0,00000000
3,07299183;0,00000000;-0,01734744
3,07309583;0,04336860;0,00000000
3,07319983;0,04336860;0,00000000
3,07330383;0,00000000;-0,01734744
3,07340783;0,04336860;0,00000000
3,07351183;0,00000000;0,00000000
3,07361583;0,00000000;0,00000000
3,07371983;0,04336860;-0,01734744
3,07382383;0,00000000;-0,01734744
3,07392783;0,00000000;0,00000000
3,07403183;0,00000000;0,00000000
3,07413583;0,00000000;0,00000000
3,07423983;0,00000000;0,00000000
3,07434383;0,04336860;0,00000000
3,07444783;0,00000000;0,00000000
3,07455183;0,00000000;0,00000000
3,07465583;0,00000000;0,00000000
3,07475983;0,00000000;0,00000000
3,07486383;0,00000000;0,00000000
3,07496783;0,04336860;0,00000000
3,07507183;0,00000000;0,00000000
3,07517583;0,00000000;0,00000000
3,07527983;0,00000000;0,00000000
3,07538383;0,00000000;0,00000000
3,07548783;0,00000000;0,00000000
3,07559183;0,00000000;0,00000000
3,07569583;0,04336860;0,00000000
3,07579983;0,04336860;0,00000000
3,07590383;0,04336860;0,00000000
3,07600783;0,00000000;0,00000000
3,07611183;0,00000000;0,00000000
3,07621583;0,04336860;0,00000000
3,07631983;0,00000000;0,00000000
3,07642383;0,00000000;0,00000000
3,07652783;0,00000000;0,00000000
3,07663183;0,00000000;0,00000000
3,07673583;0,00000000;0,00000000
3,07683983;0,00000000;0,00000000
3,07694383;0,00000000;0,00000000
3,07704783;0,00000000;0,00000000
3,07715183;0,00000000;0,00000000
3,07725583;0,00000000;0,00000000
3,07735983;0,00000000;0,00000000
3,07746383;0,00000000;0,00000000
3,07756783;0,04336860;0,00000000
3,07767183;0,04336860;0,00000000
3,07777583;0,04336860;0,00000000
3,07787983;0,04336860;0,00000000
3,07798383;0,00000000;0,00000000
3,07808783;0,00000000;0,00000000
3,07819183;0,00000000;0,00000000
3,07829583;0,00000000;0,00000000
3,07839983;0,00000000;0,00000000
3,07850383;0,00000000;0,00000000
3,07860783;0,00000000;0,00000000
3,07871183;0,04336860;0,00000000
3,07881583;0,00000000;0,00000000
3,07891983;0,04336860;0,00000000
3,07902383;0,04336860;0,00000000
3,07912783;0,00000000;0,00000000
3,07923183;0,00000000;0,00000000
3,07933583;0,04336860;0,00000000
3,07943983;0,00000000;0,00000000
3,07954383;0,04336860;0,00000000
3,07964783;0,00000000;0,00000000
3,07975183;0,04336860;0,00000000
3,07985583;0,04336860;0,00000000
3,07995983;0,00000000;0,00000000
3,08006383;0,04336860;0,00000000
3,08016783;0,04336860;0,00000000
3,08027183;0,00000000;0,00000000
3,08037583;0,04336860;0,00000000
3,08047983;0,04336860;0,00000000
3,08058383;0,00000000;0,00000000
3,08068783;0,00000000;0,00000000
3,08079183;0,04336860;0,00000000
3,08089583;0,00000000;0,00000000
3,08099983;0,04336860;0,00000000
3,08110383;0,04336860;0,00000000
3,08120783;0,00000000;0,00000000
3,08131183;0,00000000;0,00000000
3,08141583;0,04336860;0,00000000
3,08151983;0,04336860;0,00000000
3,08162383;0,00000000;0,00000000
3,08172783;0,04336860;0,00000000
3,08183183;0,00000000;0,00000000
3,08193583;0,00000000;0,00000000
3,08203983;0,04336860;0,00000000
3,08214383;0,04336860;0,00000000
3,08224783;0,00000000;0,00000000
3,08235183;0,00000000;0,00000000
3,08245583;0,00000000;0,00000000
3,08255983;0,00000000;0,00000000
3,08266383;0,04336860;0,00000000
3,08276783;0,00000000;0,00000000
3,08287183;0,00000000;0,00000000
3,08297583;0,00000000;0,00000000
3,08307983;0,00000000;0,00000000
3,08318383;0,00000000;-0,01734744
3,08328783;0,00000000;0,00000000
3,08339183;0,00000000;0,00000000
3,08349583;0,04336860;0,00000000
3,08359983;0,00000000;0,00000000
3,08370383;0,00000000;0,00000000
3,08380783;0,00000000;0,00000000
3,08391183;0,00000000;0,00000000
3,08401583;0,00000000;0,00000000
3,08411983;0,00000000;0,00000000
3,08422383;0,00000000;0,00000000
3,08432783;0,00000000;0,00000000
3,08443183;0,00000000;0,00000000
3,08453583;0,04336860;0,00000000
3,08463983;0,04336860;0,00000000
3,08474383;0,00000000;0,00000000
3,08484783;0,00000000;0,00000000
3,08495183;0,00000000;0,00000000
3,08505583;0,00000000;0,00000000
3,08515983;0,04336860;0,00000000
3,08526383;0,04336860;0,00000000
3,08536783;0,00000000;0,00000000
3,08547183;0,04336860;0,00000000
3,08557583;0,00000000;0,00000000
3,08567983;0,04336860;0,00000000
3,08578383;0,00000000;0,00000000
3,08588783;0,04336860;0,00000000
3,08599183;0,00000000;0,00000000
3,08609583;0,00000000;0,00000000
3,08619983;0,00000000;0,00000000
3,08630383;0,00000000;0,00000000
3,08640783;0,04336860;0,00000000
3,08651183;0,00000000;0,00000000
3,08661583;0,00000000;0,00000000
3,08671983;0,00000000;0,00000000
3,08682383;0,04336860;0,00000000
3,08692783;0,00000000;0,00000000
3,08703183;0,00000000;0,00000000
3,08713583;0,00000000;0,00000000
3,08723983;0,00000000;0,00000000
3,08734383;0,04336860;0,00000000
3,08744783;0,00000000;0,00000000
3,08755183;0,04336860;0,00000000
3,08765583;0,00000000;0,00000000
3,08775983;0,00000000;0,00000000
3,08786383;0,00000000;0,00000000
3,08796783;0,00000000;0,00000000
3,08807183;0,00000000;0,00000000
3,08817583;0,04336860;0,00000000
3,08827983;0,04336860;0,00000000
3,08838383;0,00000000;0,00000000
3,08848783;0,04336860;0,00000000
3,08859183;0,00000000;0,00000000
3,08869583;0,04336860;0,00000000
3,08879983;0,00000000;0,00000000
3,08890383;0,00000000;0,00000000
3,08900783;0,00000000;0,00000000
3,08911183;0,04336860;0,00000000
3,08921583;0,00000000;0,00000000
3,08931983;0,04336860;0,00000000
3,08942383;0,00000000;0,00000000
3,08952783;0,00000000;0,00000000
3,08963183;0,00000000;0,00000000
3,08973583;0,04336860;0,00000000
3,08983983;0,00000000;0,00000000
3,08994383;0,00000000;0,00000000
3,09004783;0,00000000;0,00000000
3,09015183;0,00000000;0,00000000
3,09025583;0,04336860;0,00000000
3,09035983;0,00000000;0,00000000
3,09046383;0,00000000;0,00000000
3,09056783;0,00000000;0,00000000
3,09067183;0,00000000;0,00000000
3,09077583;0,00000000;0,00000000
3,09087983;0,00000000;0,00000000
3,09098383;0,04336860;0,00000000
3,09108783;0,00000000;0,00000000
3,09119183;0,00000000;0,00000000
3,09129583;0,00000000;0,00000000
3,09139983;0,00000000;0,00000000
3,09150383;0,00000000;0,00000000
3,09160783;0,04336860;0,00000000
3,09171183;0,00000000;0,00000000
3,09181583;0,04336860;0,00000000
3,09191983;0,00000000;0,00000000
3,09202383;0,00000000;0,00000000
3,09212783;0,00000000;0,00000000
3,09223183;0,04336860;0,00000000
3,09233583;0,00000000;0,00000000
3,09243983;0,00000000;0,00000000
3,09254383;0,00000000;0,00000000
3,09264783;0,00000000;0,00000000
3,09275183;0,00000000;0,00000000
3,09285583;0,00000000;-0,01734744
3,09295983;0,00000000;0,00000000
3,09306383;0,04336860;0,00000000
3,09316783;0,00000000;0,00000000
3,09327183;0,00000000;0,00000000
3,09337583;0,00000000;0,00000000
3,09347983;0,04336860;0,00000000
3,09358383;0,00000000;0,00000000
3,09368783;0,00000000;0,00000000
3,09379183;0,00000000;0,00000000
3,09389583;0,04336860;0,00000000
3,09399983;0,00000000;0,00000000
3,09410383;0,00000000;0,00000000
3,09420783;0,00000000;0,00000000
3,09431183;0,00000000;0,00000000
3,09441583;0,00000000;0,00000000
3,09451983;0,00000000;0,00000000
3,09462383;0,00000000;0,00000000
3,09472783;0,04336860;0,00000000
3,09483183;0,00000000;0,00000000
3,09493583;0,00000000;0,00000000
3,09503983;0,04336860;0,00000000
3,09514383;0,00000000;0,00000000
3,09524783;0,00000000;0,00000000
3,09535183;0,04336860;0,00000000
3,09545583;0,00000000;0,00000000
3,09555983;0,00000000;0,00000000
3,09566383;0,00000000;0,00000000
3,09576783;0,00000000;0,00000000
3,09587183;0,00000000;0,00000000
3,09597583;0,00000000;0,00000000
3,09607983;0,00000000;0,00000000
3,09618383;0,04336860;0,00000000
3,09628783;0,00000000;0,00000000
3,09639183;0,00000000;0,00000000
3,09649583;0,04336860;0,00000000
3,09659983;0,00000000;0,00000000
3,09670383;0,00000000;0,00000000
3,09680783;0,04336860;0,00000000
3,09691183;0,00000000;0,00000000
3,09701583;0,04336860;0,00000000
3,09711983;0,04336860;0,00000000
3,09722383;0,04336860;0,00000000
3,09732783;0,04336860;0,00000000
3,09743183;0,00000000;-0,01734744
3,09753583;0,00000000;0,00000000
3,09763983;0,00000000;0,00000000
3,09774383;0,04336860;0,00000000
3,09784783;0,00000000;0,00000000
3,09795183;0,00000000;0,00000000
3,09805583;0,04336860;0,00000000
3,09815983;0,00000000;0,00000000
3,09826383;0,00000000;0,00000000
3,09836783;0,04336860;0,00000000
3,09847183;0,00000000;0,00000000
3,09857583;0,00000000;0,00000000
3,09867983;0,00000000;0,00000000
3,09878383;0,00000000;0,00000000
3,09888783;0,00000000;0,00000000
3,09899183;0,00000000;0,00000000
3,09909583;0,04336860;0,00000000
3,09919983;0,04336860;0,00000000
3,09930383;0,04336860;0,00000000
3,09940783;0,00000000;0,00000000
3,09951183;0,04336860;0,00000000
3,09961583;0,04336860;0,00000000
3,09971983;0,04336860;0,00000000
3,09982383;0,00000000;0,00000000
3,09992783;0,04336860;0,00000000
3,10003183;0,00000000;0,00000000
3,10013583;0,00000000;0,00000000
3,10023983;0,00000000;0,00000000
3,10034383;0,04336860;0,00000000
3,10044783;0,04336860;0,00000000
3,10055183;0,04336860;0,00000000
3,10065583;0,04336860;0,00000000
3,10075983;0,04336860;0,00000000
3,10086383;0,00000000;0,00000000
3,10096783;0,00000000;-0,01734744
3,10107183;0,00000000;0,00000000
3,10117583;0,00000000;0,00000000
3,10127983;0,00000000;0,00000000
3,10138383;0,00000000;0,00000000
3,10148783;0,04336860;0,00000000
3,10159183;0,04336860;0,00000000
3,10169583;0,00000000;0,00000000
3,10179983;0,00000000;0,00000000
3,10190383;0,00000000;0,00000000
3,10200783;0,00000000;0,00000000
3,10211183;0,04336860;0,00000000
3,10221583;0,00000000;0,00000000
3,10231983;0,00000000;0,00000000
3,10242383;0,00000000;0,00000000
3,10252783;0,00000000;0,00000000
3,10263183;0,04336860;0,00000000
3,10273583;0,00000000;0,00000000
3,10283983;0,00000000;0,00000000
3,10294383;0,00000000;0,00000000
3,10304783;0,04336860;0,00000000
3,10315183;0,04336860;0,00000000
3,10325583;0,00000000;0,00000000
3,10335983;0,00000000;0,00000000
3,10346383;0,04336860;0,00000000
3,10356783;0,00000000;0,00000000
3,10367183;0,00000000;0,00000000
3,10377583;0,00000000;0,00000000
3,10387983;0,00000000;0,00000000
3,10398383;0,04336860;0,00000000
3,10408783;0,00000000;0,00000000
3,10419183;0,04336860;0,00000000
3,10429583;0,00000000;0,00000000
3,10439983;0,04336860;0,00000000
3,10450383;0,04336860;0,00000000
3,10460783;0,00000000;0,00000000
3,10471183;0,00000000;0,00000000
3,10481583;0,00000000;0,00000000
3,10491983;0,00000000;0,00000000
3,10502383;0,00000000;0,00000000
3,10512783;0,04336860;0,00000000
3,10523183;0,04336860;0,00000000
3,10533583;0,04336860;0,00000000
3,10543983;0,00000000;0,00000000
3,10554383;0,00000000;-0,01734744
3,10564783;0,00000000;0,00000000
3,10575183;0,00000000;0,00000000
3,10585583;0,00000000;0,00000000
3,10595983;0,00000000;0,00000000
3,10606383;0,00000000;0,00000000
3,10616783;0,00000000;0,00000000
3,10627183;0,00000000;0,00000000
3,10637583;0,00000000;0,00000000
3,10647983;0,00000000;0,00000000
3,10658383;0,00000000;0,00000000
3,10668783;0,04336860;0,00000000
3,10679183;0,00000000;0,00000000
3,10689583;0,04336860;0,00000000
3,10699983;0,04336860;0,00000000
3,10710383;0,00000000;0,00000000
3,10720783;0,00000000;0,00000000
3,10731183;0,00000000;0,00000000
3,10741583;0,00000000;0,00000000
3,10751983;0,04336860;0,00000000
3,10762383;0,00000000;0,00000000
3,10772783;0,00000000;0,00000000
3,10783183;0,00000000;0,00000000
3,10793583;0,00000000;0,00000000
3,10803983;0,00000000;0,00000000
3,10814383;0,00000000;0,00000000
3,10824783;0,00000000;0,00000000
3,10835183;0,00000000;-0,01734744
3,10845583;0,04336860;0,00000000
3,10855983;0,00000000;0,00000000
3,10866383;0,00000000;0,00000000
3,10876783;0,04336860;0,00000000
3,10887183;0,04336860;0,00000000
3,10897583;0,04336860;0,00000000
3,10907983;0,00000000;0,00000000
3,10918383;0,00000000;0,00000000
3,10928783;0,00000000;0,00000000
3,10939183;0,04336860;0,00000000
3,10949583;0,00000000;0,00000000
3,10959983;0,00000000;0,00000000
3,10970383;0,00000000;0,00000000
3,10980783;0,04336860;0,00000000
3,10991183;0,00000000;0,00000000
3,11001583;0,04336860;0,00000000
3,11011983;0,00000000;0,00000000
3,11022383;0,00000000;0,00000000
3,11032783;0,04336860;0,00000000
3,11043183;0,00000000;0,00000000
3,11053583;0,00000000;0,00000000
3,11063983;0,00000000;0,00000000
3,11074383;0,00000000;0,00000000
3,11084783;0,00000000;0,00000000
3,11095183;0,04336860;0,00000000
3,11105583;0,00000000;0,00000000
3,11115983;0,04336860;0,00000000
3,11126383;0,00000000;0,00000000
3,11136783;0,00000000;0,00000000
3,11147183;0,00000000;0,00000000
3,11157583;0,00000000;0,00000000
3,11167983;0,00000000;0,00000000
3,11178383;0,04336860;0,00000000
3,11188783;0,00000000;0,00000000
3,11199183;0,04336860;0,00000000
3,11209583;0,00000000;0,00000000
3,11219983;0,00000000;0,00000000
3,11230383;0,04336860;0,00000000
3,11240783;0,00000000;0,00000000
3,11251183;0,00000000;0,00000000
3,11261583;0,04336860;0,00000000
3,11271983;0,00000000;0,00000000
3,11282383;0,00000000;0,00000000
3,11292783;0,00000000;0,00000000
3,11303183;0,00000000;0,00000000
3,11313583;0,00000000;0,00000000
3,11323983;0,00000000;0,00000000
3,11334383;0,00000000;0,00000000
3,11344783;0,00000000;0,00000000
3,11355183;0,00000000;0,00000000
3,11365583;0,00000000;0,00000000
3,11375983;0,04336860;0,00000000
3,11386383;0,04336860;0,00000000
3,11396783;0,00000000;0,00000000
3,11407183;0,00000000;0,00000000
3,11417583;0,04336860;0,00000000
3,11427983;0,00000000;0,00000000
3,11438383;0,04336860;0,00000000
3,11448783;0,04336860;0,00000000
3,11459183;0,00000000;0,00000000
3,11469583;0,04336860;0,00000000
3,11479983;0,00000000;0,00000000
3,11490383;0,00000000;0,00000000
3,11500783;0,04336860;0,00000000
3,11511183;0,04336860;0,00000000
3,11521583;0,00000000;0,00000000
3,11531983;0,00000000;0,00000000
3,11542383;0,00000000;0,00000000
3,11552783;0,00000000;0,00000000
3,11563183;0,00000000;0,00000000
3,11573583;0,00000000;-0,01734744
3,11583983;0,00000000;0,00000000
3,11594383;0,00000000;0,00000000
3,11604783;0,00000000;0,00000000
3,11615183;0,04336860;0,00000000
3,11625583;0,00000000;0,00000000
3,11635983;0,04336860;0,00000000
3,11646383;0,00000000;0,00000000
3,11656783;0,00000000;0,00000000
3,11667183;0,00000000;0,00000000
3,11677583;0,04336860;0,00000000
3,11687983;0,00000000;0,00000000
3,11698383;0,04336860;0,00000000
3,11708783;0,00000000;0,00000000
3,11719183;0,00000000;0,00000000
3,11729583;0,04336860;0,00000000
3,11739983;0,04336860;0,00000000
3,11750383;0,00000000;0,00000000
3,11760783;0,04336860;0,00000000
3,11771183;0,04336860;0,00000000
3,11781583;0,00000000;0,00000000
3,11791983;0,00000000;0,00000000
3,11802383;0,00000000;0,00000000
3,11812783;0,00000000;0,00000000
3,11823183;0,00000000;0,00000000
3,11833583;0,00000000;0,00000000
3,11843983;0,04336860;0,00000000
3,11854383;0,00000000;0,00000000
3,11864783;0,00000000;0,00000000
3,11875183;0,04336860;0,00000000
3,11885583;0,00000000;0,00000000
3,11895983;0,04336860;0,00000000
3,11906383;0,00000000;0,00000000
3,11916783;0,00000000;0,00000000
3,11927183;0,00000000;0,00000000
3,11937583;0,00000000;0,00000000
3,11947983;0,00000000;0,00000000
3,11958383;0,04336860;0,00000000
3,11968783;0,00000000;0,00000000
3,11979183;0,00000000;0,00000000
3,11989583;0,00000000;0,00000000
3,11999983;0,00000000;0,00000000
3,12010383;0,00000000;0,00000000
3,12020783;0,00000000;0,00000000
3,12031183;0,00000000;0,00000000
3,12041583;0,04336860;0,00000000
3,12051983;0,00000000;0,00000000
3,12062383;0,04336860;0,00000000
3,12072783;0,00000000;0,00000000
3,12083183;0,00000000;0,00000000
3,12093583;0,00000000;0,00000000
3,12103983;0,00000000;0,00000000
3,12114383;0,00000000;0,00000000
3,12124783;0,00000000;0,00000000
3,12135183;0,00000000;0,00000000
3,12145583;0,00000000;0,00000000
3,12155983;0,00000000;0,00000000
3,12166383;0,00000000;0,00000000
3,12176783;0,04336860;0,00000000
3,12187183;0,04336860;0,00000000
3,12197583;0,00000000;0,00000000
3,12207983;0,00000000;0,00000000
3,12218383;0,00000000;0,00000000
3,12228783;0,00000000;0,00000000
3,12239183;0,00000000;0,00000000
3,12249583;0,00000000;0,00000000
3,12259983;0,00000000;0,00000000
3,12270383;0,00000000;0,00000000
3,12280783;0,00000000;0,00000000
3,12291183;0,00000000;0,00000000
3,12301583;0,04336860;0,00000000
3,12311983;0,00000000;0,00000000
3,12322383;0,00000000;0,00000000
3,12332783;0,00000000;0,00000000
3,12343183;0,04336860;0,00000000
3,12353583;0,00000000;-0,01734744
3,12363983;0,00000000;0,00000000
3,12374383;0,00000000;0,00000000
3,12384783;0,00000000;0,00000000
3,12395183;0,00000000;0,00000000
3,12405583;0,00000000;0,00000000
3,12415983;0,00000000;0,00000000
3,12426383;0,04336860;0,00000000
3,12436783;0,00000000;0,00000000
3,12447183;0,00000000;0,00000000
3,12457583;0,04336860;0,00000000
3,12467983;0,04336860;0,00000000
3,12478383;0,04336860;0,00000000
3,12488783;0,00000000;0,00000000
3,12499183;0,00000000;0,00000000
3,12509583;0,00000000;0,00000000
3,12519983;0,04336860;0,00000000
3,12530383;0,00000000;0,00000000
3,12540783;0,00000000;0,00000000
3,12551183;0,00000000;0,00000000
3,12561583;0,00000000;0,00000000
3,12571983;0,04336860;0,00000000
3,12582383;0,00000000;0,00000000
3,12592783;0,00000000;0,00000000
3,12603183;0,00000000;0,00000000
3,12613583;0,04336860;0,00000000
3,12623983;0,04336860;0,00000000
3,12634383;0,00000000;0,00000000
3,12644783;0,00000000;0,00000000
3,12655183;0,00000000;0,00000000
3,12665583;0,00000000;0,00000000
3,12675983;0,00000000;0,00000000
3,12686383;0,04336860;-0,01734744
3,12696783;0,00000000;0,00000000
3,12707183;0,00000000;0,00000000
3,12717583;0,04336860;0,00000000
3,12727983;0,00000000;0,00000000
3,12738383;0,04336860;0,00000000
3,12748783;0,00000000;0,00000000
3,12759183;0,04336860;0,00000000
3,12769583;0,00000000;0,00000000
3,12779983;0,04336860;0,00000000
3,12790383;0,04336860;0,00000000
3,12800783;0,04336860;0,00000000
3,12811183;0,00000000;0,00000000
3,12821583;0,04336860;0,00000000
3,12831983;0,00000000;0,00000000
3,12842383;0,00000000;0,00000000
3,12852783;0,00000000;0,00000000
3,12863183;0,00000000;-0,01734744
3,12873583;0,00000000;0,00000000
3,12883983;0,00000000;0,00000000
3,12894383;0,00000000;0,00000000
3,12904783;0,00000000;0,00000000
3,12915183;0,00000000;0,00000000
3,12925583;0,00000000;-0,01734744
3,12935983;0,00000000;0,00000000
3,12946383;0,00000000;0,00000000
3,12956783;0,00000000;0,00000000
3,12967183;0,04336860;0,00000000
3,12977583;0,00000000;0,00000000
3,12987983;0,00000000;0,00000000
3,12998383;0,00000000;0,00000000
3,13008783;0,00000000;0,00000000
3,13019183;0,04336860;-0,01734744
3,13029583;0,04336860;0,00000000
3,13039983;0,00000000;0,00000000
3,13050383;0,04336860;0,00000000
3,13060783;0,04336860;0,00000000
3,13071183;0,00000000;0,00000000
3,13081583;0,04336860;0,00000000
3,13091983;0,00000000;0,00000000
3,13102383;0,00000000;0,00000000
3,13112783;0,00000000;0,00000000
3,13123183;0,00000000;0,00000000
3,13133583;0,00000000;0,00000000
3,13143983;0,00000000;0,00000000
3,13154383;0,00000000;0,00000000
3,13164783;0,04336860;0,00000000
3,13175183;0,04336860;0,00000000
3,13185583;0,04336860;0,00000000
3,13195983;0,00000000;0,00000000
3,13206383;0,00000000;0,00000000
3,13216783;0,00000000;0,00000000
3,13227183;0,00000000;0,00000000
3,13237583;0,04336860;0,00000000
3,13247983;0,00000000;0,00000000
3,13258383;0,00000000;0,00000000
3,13268783;0,00000000;0,00000000
3,13279183;0,00000000;0,00000000
3,13289583;0,00000000;0,00000000
3,13299983;0,00000000;0,00000000
3,13310383;0,00000000;0,00000000
3,13320783;0,00000000;0,00000000
3,13331183;0,00000000;0,00000000
3,13341583;0,00000000;0,00000000
3,13351983;0,00000000;0,00000000
3,13362383;0,04336860;0,00000000
3,13372783;0,00000000;0,00000000
3,13383183;0,04336860;0,00000000
3,13393583;0,00000000;0,00000000
3,13403983;0,00000000;0,00000000
3,13414383;0,00000000;0,00000000
3,13424783;0,04336860;0,00000000
3,13435183;0,04336860;-0,01734744
3,13445583;0,04336860;0,00000000
3,13455983;0,00000000;-0,01734744
3,13466383;0,00000000;0,00000000
3,13476783;0,04336860;0,00000000
3,13487183;0,00000000;0,00000000
3,13497583;0,00000000;0,00000000
3,13507983;0,00000000;0,00000000
3,13518383;0,00000000;0,00000000
3,13528783;0,04336860;0,00000000
3,13539183;0,00000000;0,00000000
3,13549583;0,04336860;0,00000000
3,13559983;0,04336860;0,00000000
3,13570383;0,04336860;0,00000000
3,13580783;0,00000000;0,00000000
3,13591183;0,04336860;0,00000000
3,13601583;0,00000000;0,00000000
3,13611983;0,04336860;0,00000000
3,13622383;0,00000000;0,00000000
3,13632783;0,04336860;0,00000000
3,13643183;0,04336860;0,00000000
3,13653583;0,04336860;0,00000000
3,13663983;0,00000000;0,00000000
3,13674383;0,00000000;0,00000000
3,13684783;0,00000000;0,00000000
3,13695183;0,00000000;0,00000000
3,13705583;0,00000000;0,00000000
3,13715983;0,00000000;0,00000000
3,13726383;0,04336860;0,00000000
3,13736783;0,00000000;0,00000000
3,13747183;0,04336860;0,00000000
3,13757583;0,00000000;0,00000000
3,13767983;0,04336860;0,00000000
3,13778383;0,00000000;0,00000000
3,13788783;0,00000000;0,00000000
3,13799183;0,00000000;0,00000000
3,13809583;0,00000000;0,00000000
3,13819983;0,00000000;0,00000000
3,13830383;0,00000000;0,00000000
3,13840783;0,00000000;-0,01734744
3,13851183;0,00000000;0,00000000
3,13861583;0,00000000;0,00000000
3,13871983;0,04336860;0,00000000
3,13882383;0,00000000;0,00000000
3,13892783;0,00000000;0,00000000
3,13903183;0,04336860;0,00000000
3,13913583;0,00000000;0,00000000
3,13923983;0,04336860;0,00000000
3,13934383;0,00000000;0,00000000
3,13944783;0,00000000;0,00000000
3,13955183;0,00000000;0,00000000
3,13965583;0,00000000;0,00000000
3,13975983;0,04336860;0,00000000
3,13986383;0,00000000;0,00000000
3,13996783;0,04336860;0,00000000
3,14007183;0,04336860;0,00000000
3,14017583;0,04336860;0,00000000
3,14027983;0,00000000;0,00000000
3,14038383;0,00000000;0,00000000
3,14048783;0,04336860;0,00000000
3,14059183;0,00000000;0,00000000
3,14069583;0,04336860;0,00000000
3,14079983;0,04336860;0,00000000
3,14090383;0,04336860;0,00000000
3,14100783;0,00000000;0,00000000
3,14111183;0,04336860;0,00000000
3,14121583;0,00000000;0,00000000
3,14131983;0,00000000;0,00000000
3,14142383;0,04336860;0,00000000
3,14152783;0,04336860;0,00000000
3,14163183;0,04336860;0,00000000
3,14173583;0,04336860;0,00000000
3,14183983;0,04336860;0,00000000
3,14194383;0,00000000;0,00000000
3,14204783;0,04336860;0,00000000
3,14215183;0,00000000;0,00000000
3,14225583;0,04336860;0,00000000
3,14235983;0,04336860;0,00000000
3,14246383;0,00000000;0,00000000
3,14256783;0,04336860;0,00000000
3,14267183;0,00000000;0,00000000
3,14277583;0,00000000;0,00000000
3,14287983;0,00000000;0,00000000
3,14298383;0,00000000;0,00000000
3,14308783;0,00000000;0,00000000
3,14319183;0,00000000;0,00000000
3,14329583;0,04336860;0,00000000
3,14339983;0,00000000;0,00000000
3,14350383;0,00000000;0,00000000
3,14360783;0,00000000;0,00000000
3,14371183;0,00000000;0,00000000
3,14381583;0,00000000;0,00000000
3,14391983;0,00000000;0,00000000
3,14402383;0,00000000;0,00000000
3,14412783;0,00000000;0,00000000
3,14423183;0,00000000;0,00000000
3,14433583;0,00000000;0,00000000
3,14443983;0,04336860;0,00000000
3,14454383;0,00000000;0,00000000
3,14464783;0,04336860;0,00000000
3,14475183;0,00000000;0,00000000
3,14485583;0,00000000;0,00000000
3,14495983;0,00000000;0,00000000
3,14506383;0,00000000;0,00000000
3,14516783;0,00000000;0,00000000
3,14527183;0,00000000;0,00000000
3,14537583;0,00000000;0,00000000
3,14547983;0,04336860;0,00000000
3,14558383;0,04336860;0,00000000
3,14568783;0,04336860;-0,01734744
3,14579183;0,00000000;0,00000000
3,14589583;0,00000000;0,00000000
3,14599983;0,00000000;0,00000000
3,14610383;0,04336860;0,00000000
3,14620783;0,04336860;0,00000000
3,14631183;0,00000000;0,00000000
3,14641583;0,00000000;0,00000000
3,14651983;0,04336860;0,00000000
3,14662383;0,00000000;0,00000000
3,14672783;0,04336860;0,00000000
3,14683183;0,00000000;0,00000000
3,14693583;0,04336860;0,00000000
3,14703983;0,04336860;0,00000000
3,14714383;0,00000000;0,00000000
3,14724783;0,00000000;0,00000000
3,14735183;0,04336860;0,00000000
3,14745583;0,04336860;0,00000000
3,14755983;0,00000000;0,00000000
3,14766383;0,04336860;0,00000000
3,14776783;0,00000000;0,00000000
3,14787183;0,04336860;0,00000000
3,14797583;0,00000000;0,00000000
3,14807983;0,04336860;0,00000000
3,14818383;0,00000000;0,00000000
3,14828783;0,04336860;0,00000000
3,14839183;0,00000000;-0,01734744
3,14849583;0,00000000;0,00000000
3,14859983;0,04336860;0,00000000
3,14870383;0,00000000;0,00000000
3,14880783;0,00000000;0,00000000
3,14891183;0,00000000;0,00000000
3,14901583;0,00000000;0,00000000
3,14911983;0,00000000;0,00000000
3,14922383;0,00000000;0,00000000
3,14932783;0,04336860;0,00000000
3,14943183;0,00000000;0,00000000
3,14953583;0,04336860;0,00000000
3,14963983;0,04336860;0,00000000
3,14974383;0,00000000;0,00000000
3,14984783;0,00000000;0,00000000
3,14995183;0,04336860;0,00000000
3,15005583;0,04336860;0,00000000
3,15015983;0,04336860;0,00000000
3,15026383;0,04336860;-0,01734744
3,15036783;0,00000000;0,00000000
3,15047183;0,00000000;0,00000000
3,15057583;0,04336860;0,00000000
3,15067983;0,00000000;0,00000000
3,15078383;0,00000000;0,00000000
3,15088783;0,04336860;-0,01734744
3,15099183;0,04336860;0,00000000
3,15109583;0,00000000;0,00000000
3,15119983;0,04336860;0,00000000
3,15130383;0,00000000;0,00000000
3,15140783;0,00000000;0,00000000
3,15151183;0,00000000;0,00000000
3,15161583;0,04336860;0,00000000
3,15171983;0,04336860;0,00000000
3,15182383;0,04336860;0,00000000
3,15192783;0,00000000;0,00000000
3,15203183;0,00000000;0,00000000
3,15213583;0,00000000;0,00000000
3,15223983;0,04336860;0,00000000
3,15234383;0,00000000;0,00000000
3,15244783;0,00000000;0,00000000
3,15255183;0,00000000;0,00000000
3,15265583;0,00000000;0,00000000
3,15275983;0,04336860;0,00000000
3,15286383;0,00000000;0,00000000
3,15296783;0,00000000;0,00000000
3,15307183;0,00000000;0,00000000
3,15317583;0,00000000;0,00000000
3,15327983;0,00000000;0,00000000
3,15338383;0,00000000;0,00000000
3,15348783;0,04336860;0,00000000
3,15359183;0,00000000;0,00000000
3,15369583;0,04336860;0,00000000
3,15379983;0,00000000;0,00000000
3,15390383;0,00000000;0,00000000
3,15400783;0,04336860;0,00000000
3,15411183;0,00000000;0,00000000
3,15421583;0,04336860;0,00000000
3,15431983;0,00000000;0,00000000
3,15442383;0,04336860;0,00000000
3,15452783;0,00000000;0,00000000
3,15463183;0,00000000;0,00000000
3,15473583;0,00000000;0,00000000
3,15483983;0,04336860;0,00000000
3,15494383;0,04336860;0,00000000
3,15504783;0,00000000;0,00000000
3,15515183;0,00000000;0,00000000
3,15525583;0,00000000;0,00000000
3,15535983;0,04336860;0,00000000
3,15546383;0,00000000;0,00000000
3,15556783;0,00000000;0,00000000
3,15567183;0,00000000;0,00000000
3,15577583;0,04336860;0,00000000
3,15587983;0,00000000;0,00000000
3,15598383;0,04336860;0,00000000
3,15608783;0,00000000;0,00000000
3,15619183;0,00000000;0,00000000
3,15629583;0,04336860;0,00000000
3,15639983;0,00000000;0,00000000
3,15650383;0,00000000;0,00000000
3,15660783;0,04336860;0,00000000
3,15671183;0,00000000;0,00000000
3,15681583;0,04336860;0,00000000
3,15691983;0,00000000;0,00000000
3,15702383;0,00000000;0,00000000
3,15712783;0,00000000;0,00000000
3,15723183;0,04336860;0,00000000
3,15733583;0,00000000;0,00000000
3,15743983;0,00000000;0,00000000
3,15754383;0,00000000;0,00000000
3,15764783;0,00000000;0,00000000
3,15775183;0,00000000;-0,01734744
3,15785583;0,00000000;0,00000000
3,15795983;0,00000000;0,00000000
3,15806383;0,04336860;0,00000000
3,15816783;0,00000000;0,00000000
3,15827183;0,00000000;0,00000000
3,15837583;0,00000000;0,00000000
3,15847983;0,00000000;0,00000000
3,15858383;0,00000000;0,00000000
3,15868783;0,04336860;0,00000000
3,15879183;0,00000000;0,00000000
3,15889583;0,00000000;0,00000000
3,15899983;0,00000000;0,00000000
3,15910383;0,04336860;0,00000000
3,15920783;0,00000000;0,00000000
3,15931183;0,00000000;0,00000000
3,15941583;0,00000000;0,00000000
3,15951983;0,00000000;0,00000000
3,15962383;0,04336860;0,00000000
3,15972783;0,00000000;0,00000000
3,15983183;0,00000000;0,00000000
3,15993583;0,00000000;0,00000000
3,16003983;0,00000000;0,00000000
3,16014383;0,00000000;0,00000000
3,16024783;0,04336860;0,00000000
3,16035183;0,00000000;0,00000000
3,16045583;0,00000000;0,00000000
3,16055983;0,00000000;0,00000000
3,16066383;0,00000000;0,00000000
3,16076783;0,00000000;0,00000000
3,16087183;0,04336860;0,00000000
3,16097583;0,00000000;0,00000000
3,16107983;0,00000000;0,00000000
3,16118383;0,00000000;0,00000000
3,16128783;0,00000000;0,00000000
3,16139183;0,04336860;0,00000000
3,16149583;0,00000000;0,00000000
3,16159983;0,04336860;0,00000000
3,16170383;0,00000000;0,00000000
3,16180783;0,00000000;0,00000000
3,16191183;0,00000000;0,00000000
3,16201583;0,00000000;0,00000000
3,16211983;0,04336860;-0,01734744
3,16222383;0,00000000;0,00000000
3,16232783;0,00000000;0,00000000
3,16243183;0,04336860;0,00000000
3,16253583;0,04336860;0,00000000
3,16263983;0,00000000;0,00000000
3,16274383;0,00000000;-0,01734744
3,16284783;0,00000000;0,00000000
3,16295183;0,00000000;-0,01734744
3,16305583;0,00000000;0,00000000
3,16315983;0,04336860;0,00000000
3,16326383;0,00000000;0,00000000
3,16336783;0,00000000;0,00000000
3,16347183;0,00000000;0,00000000
3,16357583;0,00000000;0,00000000
3,16367983;0,00000000;0,00000000
3,16378383;0,00000000;0,00000000
3,16388783;0,00000000;0,00000000
3,16399183;0,00000000;0,00000000
3,16409583;0,00000000;0,00000000
3,16419983;0,00000000;0,00000000
3,16430383;0,00000000;0,00000000
3,16440783;0,04336860;0,00000000
3,16451183;0,04336860;0,00000000
3,16461583;0,00000000;0,00000000
3,16471983;0,04336860;0,00000000
3,16482383;0,04336860;0,00000000
3,16492783;0,00000000;0,00000000
3,16503183;0,00000000;0,00000000
3,16513583;0,00000000;0,00000000
3,16523983;0,00000000;0,00000000
3,16534383;0,00000000;0,00000000
3,16544783;0,00000000;0,00000000
3,16555183;0,00000000;0,00000000
3,16565583;0,00000000;0,00000000
3,16575983;0,00000000;0,00000000
3,16586383;0,00000000;0,00000000
3,16596783;0,00000000;0,00000000
3,16607183;0,04336860;0,00000000
3,16617583;0,04336860;0,00000000
3,16627983;0,00000000;0,00000000
3,16638383;0,00000000;0,00000000
3,16648783;0,00000000;0,00000000
3,16659183;0,00000000;0,00000000
3,16669583;0,00000000;0,00000000
3,16679983;0,04336860;0,00000000
3,16690383;0,00000000;0,00000000
3,16700783;0,00000000;0,00000000
3,16711183;0,04336860;0,00000000
3,16721583;0,04336860;0,00000000
3,16731983;0,00000000;0,00000000
3,16742383;0,04336860;0,00000000
3,16752783;0,04336860;0,00000000
3,16763183;0,00000000;0,00000000
3,16773583;0,00000000;0,00000000
3,16783983;0,00000000;0,00000000
3,16794383;0,04336860;0,00000000
3,16804783;0,04336860;0,00000000
3,16815183;0,00000000;0,00000000
3,16825583;0,04336860;0,00000000
3,16835983;0,00000000;0,00000000
3,16846383;0,00000000;0,00000000
3,16856783;0,00000000;0,00000000
3,16867183;0,00000000;0,00000000
3,16877583;0,00000000;0,00000000
3,16887983;0,04336860;0,00000000
3,16898383;0,04336860;0,00000000
3,16908783;0,00000000;0,00000000
3,16919183;0,04336860;0,00000000
3,16929583;0,00000000;0,00000000
3,16939983;0,00000000;0,00000000
3,16950383;0,00000000;0,00000000
3,16960783;0,04336860;0,00000000
3,16971183;0,00000000;0,00000000
3,16981583;0,00000000;0,00000000
3,16991983;0,00000000;0,00000000
3,17002383;0,00000000;0,00000000
3,17012783;0,00000000;0,00000000
3,17023183;0,00000000;0,00000000
3,17033583;0,00000000;0,00000000
3,17043983;0,00000000;0,00000000
3,17054383;0,04336860;0,00000000
3,17064783;0,00000000;0,00000000
3,17075183;0,00000000;-0,01734744
3,17085583;0,00000000;0,00000000
3,17095983;0,00000000;0,00000000
3,17106383;0,00000000;0,00000000
3,17116783;0,00000000;0,00000000
3,17127183;0,00000000;0,00000000
3,17137583;0,00000000;0,00000000
3,17147983;0,00000000;0,00000000
3,17158383;0,00000000;0,00000000
3,17168783;0,04336860;0,00000000
3,17179183;0,00000000;0,00000000
3,17189583;0,00000000;0,00000000
3,17199983;0,00000000;0,00000000
3,17210383;0,00000000;0,00000000
3,17220783;0,00000000;0,00000000
3,17231183;0,00000000;0,00000000
3,17241583;0,04336860;0,00000000
3,17251983;0,00000000;-0,01734744
3,17262383;0,04336860;0,00000000
3,17272783;0,00000000;0,00000000
3,17283183;0,00000000;0,00000000
3,17293583;0,04336860;0,00000000
3,17303983;0,04336860;0,00000000
3,17314383;0,00000000;0,00000000
3,17324783;0,00000000;0,00000000
3,17335183;0,00000000;0,00000000
3,17345583;0,00000000;-0,01734744
3,17355983;0,00000000;0,00000000
3,17366383;0,04336860;0,00000000
3,17376783;0,00000000;0,00000000
3,17387183;0,00000000;0,00000000
3,17397583;0,00000000;0,00000000
3,17407983;0,04336860;0,00000000
3,17418383;0,00000000;0,00000000
3,17428783;0,04336860;0,00000000
3,17439183;0,00000000;0,00000000
3,17449583;0,00000000;0,00000000
3,17459983;0,00000000;0,00000000
3,17470383;0,00000000;0,00000000
3,17480783;0,00000000;0,00000000
3,17491183;0,00000000;0,00000000
3,17501583;0,00000000;0,00000000
3,17511983;0,00000000;0,00000000
3,17522383;0,00000000;0,00000000
3,17532783;0,00000000;0,00000000
3,17543183;0,00000000;0,00000000
3,17553583;0,04336860;0,00000000
3,17563983;0,00000000;0,00000000
3,17574383;0,04336860;0,00000000
3,17584783;0,00000000;0,00000000
3,17595183;0,00000000;0,00000000
3,17605583;0,00000000;0,00000000
3,17615983;0,00000000;0,00000000
3,17626383;0,04336860;0,00000000
3,17636783;0,00000000;0,00000000
3,17647183;0,00000000;0,00000000
3,17657583;0,00000000;0,00000000
3,17667983;0,00000000;0,00000000
3,17678383;0,00000000;0,00000000
3,17688783;0,04336860;0,00000000
3,17699183;0,04336860;0,00000000
3,17709583;0,00000000;0,00000000
3,17719983;0,04336860;0,00000000
3,17730383;0,00000000;0,00000000
3,17740783;0,00000000;0,00000000
3,17751183;0,04336860;0,00000000
3,17761583;0,00000000;0,00000000
3,17771983;0,00000000;0,00000000
3,17782383;0,00000000;0,00000000
3,17792783;0,04336860;0,00000000
3,17803183;0,04336860;0,00000000
3,17813583;0,04336860;0,00000000
3,17823983;0,04336860;0,00000000
3,17834383;0,00000000;0,00000000
3,17844783;0,04336860;0,00000000
3,17855183;0,00000000;0,00000000
3,17865583;0,00000000;0,00000000
3,17875983;0,00000000;0,00000000
3,17886383;0,00000000;0,00000000
3,17896783;0,04336860;0,00000000
3,17907183;0,04336860;0,00000000
3,17917583;0,00000000;0,00000000
3,17927983;0,00000000;0,00000000
3,17938383;0,00000000;0,00000000
3,17948783;0,00000000;0,00000000
3,17959183;0,00000000;0,00000000
3,17969583;0,00000000;0,00000000
3,17979983;0,00000000;0,00000000
3,17990383;0,04336860;0,00000000
3,18000783;0,00000000;0,00000000
3,18011183;0,00000000;0,00000000
3,18021583;0,00000000;0,00000000
3,18031983;0,00000000;0,00000000
3,18042383;0,00000000;0,00000000
3,18052783;0,04336860;0,00000000
3,18063183;0,00000000;0,00000000
3,18073583;0,04336860;0,00000000
3,18083983;0,04336860;0,00000000
3,18094383;0,04336860;0,00000000
3,18104783;0,00000000;0,00000000
3,18115183;0,04336860;0,00000000
3,18125583;0,00000000;0,00000000
3,18135983;0,00000000;0,00000000
3,18146383;0,00000000;0,00000000
3,18156783;0,00000000;0,00000000
3,18167183;0,04336860;0,00000000
3,18177583;0,04336860;0,00000000
3,18187983;0,00000000;0,00000000
3,18198383;0,04336860;0,00000000
3,18208783;0,04336860;0,00000000
3,18219183;0,00000000;0,00000000
3,18229583;0,04336860;0,00000000
3,18239983;0,04336860;0,00000000
3,18250383;0,00000000;0,00000000
3,18260783;0,00000000;0,00000000
3,18271183;0,00000000;0,00000000
3,18281583;0,00000000;0,00000000
3,18291983;0,04336860;0,00000000
3,18302383;0,04336860;0,00000000
3,18312783;0,00000000;0,00000000
3,18323183;0,00000000;0,00000000
3,18333583;0,00000000;0,00000000
3,18343983;0,04336860;-0,01734744
3,18354383;0,00000000;0,00000000
3,18364783;0,00000000;0,00000000
3,18375183;0,00000000;0,00000000
3,18385583;0,00000000;0,00000000
3,18395983;0,00000000;-0,01734744
3,18406383;0,00000000;0,00000000
3,18416783;0,00000000;0,00000000
3,18427183;0,04336860;-0,01734744
3,18437583;0,04336860;0,00000000
3,18447983;0,00000000;0,00000000
3,18458383;0,00000000;0,00000000
3,18468783;0,04336860;0,00000000
3,18479183;0,00000000;0,00000000
3,18489583;0,00000000;0,00000000
3,18499983;0,00000000;0,00000000
3,18510383;0,00000000;0,00000000
3,18520783;0,00000000;0,00000000
3,18531183;0,00000000;0,00000000
3,18541583;0,04336860;0,00000000
3,18551983;0,00000000;0,00000000
3,18562383;0,04336860;0,00000000
3,18572783;0,00000000;0,00000000
3,18583183;0,00000000;0,00000000
3,18593583;0,00000000;0,00000000
3,18603983;0,00000000;0,00000000
3,18614383;0,00000000;0,00000000
3,18624783;0,04336860;0,00000000
3,18635183;0,04336860;0,00000000
3,18645583;0,00000000;-0,01734744
3,18655983;0,00000000;0,00000000
3,18666383;0,04336860;0,00000000
3,18676783;0,00000000;0,00000000
3,18687183;0,04336860;0,00000000
3,18697583;0,04336860;0,00000000
3,18707983;0,00000000;0,00000000
3,18718383;0,00000000;0,00000000
3,18728783;0,04336860;0,00000000
3,18739183;0,00000000;0,00000000
3,18749583;0,04336860;0,00000000
3,18759983;0,04336860;0,00000000
3,18770383;0,00000000;0,00000000
3,18780783;0,04336860;0,00000000
3,18791183;0,00000000;0,00000000
3,18801583;0,04336860;0,00000000
3,18811983;0,00000000;0,00000000
3,18822383;0,00000000;0,00000000
3,18832783;0,00000000;0,00000000
3,18843183;0,00000000;0,00000000
3,18853583;0,00000000;0,00000000
3,18863983;0,04336860;0,00000000
3,18874383;0,00000000;0,00000000
3,18884783;0,00000000;0,00000000
3,18895183;0,00000000;0,00000000
3,18905583;0,00000000;0,00000000
3,18915983;0,00000000;0,00000000
3,18926383;0,00000000;0,00000000
3,18936783;0,00000000;0,00000000
3,18947183;0,00000000;0,00000000
3,18957583;0,00000000;0,00000000
3,18967983;0,00000000;0,00000000
3,18978383;0,00000000;0,00000000
3,18988783;0,00000000;0,00000000
3,18999183;0,00000000;0,00000000
3,19009583;0,00000000;0,00000000
3,19019983;0,04336860;0,00000000
3,19030383;0,00000000;0,00000000
3,19040783;0,00000000;0,00000000
3,19051183;0,00000000;0,00000000
3,19061583;0,04336860;0,00000000
3,19071983;0,00000000;0,00000000
3,19082383;0,00000000;0,00000000
3,19092783;0,00000000;0,00000000
3,19103183;0,00000000;0,00000000
3,19113583;0,00000000;0,00000000
3,19123983;0,00000000;-0,01734744
3,19134383;0,04336860;0,00000000
3,19144783;0,00000000;-0,01734744
3,19155183;0,04336860;0,00000000
3,19165583;0,00000000;0,00000000
3,19175983;0,04336860;0,00000000
3,19186383;0,00000000;0,00000000
3,19196783;0,04336860;0,00000000
3,19207183;0,00000000;0,00000000
3,19217583;0,00000000;0,00000000
3,19227983;0,04336860;0,00000000
3,19238383;0,00000000;0,00000000
3,19248783;0,00000000;0,00000000
3,19259183;0,00000000;0,00000000
3,19269583;0,04336860;0,00000000
3,19279983;0,00000000;0,00000000
3,19290383;0,00000000;0,00000000
3,19300783;0,04336860;0,00000000
3,19311183;0,00000000;0,00000000
3,19321583;0,00000000;0,00000000
3,19331983;0,04336860;0,00000000
3,19342383;0,00000000;0,00000000
3,19352783;0,00000000;0,00000000
3,19363183;0,04336860;0,00000000
3,19373583;0,04336860;0,00000000
3,19383983;0,00000000;0,00000000
3,19394383;0,04336860;0,00000000
3,19404783;0,04336860;0,00000000
3,19415183;0,00000000;0,00000000
3,19425583;0,00000000;0,00000000
3,19435983;0,00000000;0,00000000
3,19446383;0,00000000;0,00000000
3,19456783;0,00000000;0,00000000
3,19467183;0,00000000;0,00000000
3,19477583;0,04336860;0,00000000
3,19487983;0,04336860;0,00000000
3,19498383;0,04336860;0,00000000
3,19508783;0,04336860;0,00000000
3,19519183;0,00000000;0,00000000
3,19529583;0,00000000;0,00000000
3,19539983;0,04336860;0,00000000
3,19550383;0,04336860;0,00000000
3,19560783;0,04336860;0,00000000
3,19571183;0,00000000;0,00000000
3,19581583;0,00000000;0,00000000
3,19591983;0,00000000;0,00000000
3,19602383;0,00000000;0,00000000
3,19612783;0,00000000;0,00000000
3,19623183;0,00000000;0,00000000
3,19633583;0,00000000;0,00000000
3,19643983;0,00000000;0,00000000
3,19654383;0,04336860;0,00000000
3,19664783;0,00000000;0,00000000
3,19675183;0,04336860;0,00000000
3,19685583;0,00000000;0,00000000
3,19695983;0,04336860;0,00000000
3,19706383;0,00000000;0,00000000
3,19716783;0,00000000;0,00000000
3,19727183;0,00000000;0,00000000
3,19737583;0,00000000;0,00000000
3,19747983;0,00000000;0,00000000
3,19758383;0,00000000;0,00000000
3,19768783;0,04336860;0,00000000
3,19779183;0,00000000;0,00000000
3,19789583;0,04336860;0,00000000
3,19799983;0,00000000;0,00000000
3,19810383;0,04336860;0,00000000
3,19820783;0,00000000;0,00000000
3,19831183;0,00000000;0,00000000
3,19841583;0,00000000;0,00000000
3,19851983;0,04336860;0,00000000
3,19862383;0,00000000;0,00000000
3,19872783;0,00000000;0,00000000
3,19883183;0,04336860;0,00000000
3,19893583;0,00000000;0,00000000
3,19903983;0,04336860;0,00000000
3,19914383;0,00000000;0,00000000
3,19924783;0,00000000;0,00000000
3,19935183;0,00000000;0,00000000
3,19945583;0,04336860;0,00000000
3,19955983;0,00000000;0,00000000
3,19966383;0,00000000;0,00000000
3,19976783;0,00000000;0,00000000
3,19987183;0,00000000;0,00000000
3,19997583;0,04336860;0,00000000
3,20007983;0,00000000;0,00000000
3,20018383;0,04336860;0,00000000
3,20028783;0,00000000;0,00000000
3,20039183;0,00000000;0,00000000
3,20049583;0,00000000;0,00000000
3,20059983;0,00000000;0,00000000
3,20070383;0,04336860;0,00000000
3,20080783;0,04336860;0,00000000
3,20091183;0,00000000;0,00000000
3,20101583;0,00000000;0,00000000
3,20111983;0,00000000;0,00000000
3,20122383;0,04336860;0,00000000
3,20132783;0,00000000;0,00000000
3,20143183;0,00000000;0,00000000
3,20153583;0,00000000;0,00000000
3,20163983;0,00000000;0,00000000
3,20174383;0,00000000;0,00000000
3,20184783;0,00000000;0,00000000
3,20195183;0,00000000;0,00000000
3,20205583;0,04336860;0,00000000
3,20215983;0,00000000;0,00000000
3,20226383;0,00000000;0,00000000
3,20236783;0,04336860;0,00000000
3,20247183;0,00000000;0,00000000
3,20257583;0,00000000;0,00000000
3,20267983;0,00000000;0,00000000
3,20278383;0,04336860;0,00000000
3,20288783;0,00000000;0,00000000
3,20299183;0,04336860;0,00000000
3,20309583;0,00000000;0,00000000
3,20319983;0,00000000;0,00000000
3,20330383;0,00000000;0,00000000
3,20340783;0,00000000;0,00000000
3,20351183;0,00000000;0,00000000
3,20361583;0,00000000;0,00000000
3,20371983;0,04336860;0,00000000
3,20382383;0,00000000;0,00000000
3,20392783;0,00000000;-0,01734744
3,20403183;0,00000000;0,00000000
3,20413583;0,00000000;0,00000000
3,20423983;0,00000000;0,00000000
3,20434383;0,00000000;0,00000000
3,20444783;0,00000000;0,00000000
3,20455183;0,04336860;0,00000000
3,20465583;0,04336860;0,00000000
3,20475983;0,00000000;0,00000000
3,20486383;0,00000000;0,00000000
3,20496783;0,04336860;0,00000000
3,20507183;0,04336860;0,00000000
3,20517583;0,00000000;0,00000000
3,20527983;0,04336860;0,00000000
3,20538383;0,00000000;0,00000000
3,20548783;0,04336860;0,00000000
3,20559183;0,04336860;0,00000000
3,20569583;0,00000000;0,00000000
3,20579983;0,04336860;0,00000000
3,20590383;0,04336860;0,00000000
3,20600783;0,00000000;0,00000000
3,20611183;0,00000000;0,00000000
3,20621583;0,04336860;0,00000000
3,20631983;0,04336860;0,00000000
3,20642383;0,00000000;0,00000000
3,20652783;0,00000000;0,00000000
3,20663183;0,00000000;0,00000000
3,20673583;0,00000000;0,00000000
3,20683983;0,04336860;0,00000000
3,20694383;0,00000000;-0,01734744
3,20704783;0,00000000;0,00000000
3,20715183;0,00000000;0,00000000
3,20725583;0,00000000;0,00000000
3,20735983;0,00000000;0,00000000
3,20746383;0,04336860;0,00000000
3,20756783;0,04336860;0,00000000
3,20767183;0,00000000;0,00000000
3,20777583;0,04336860;0,00000000
3,20787983;0,04336860;0,00000000
3,20798383;0,00000000;0,00000000
3,20808783;0,00000000;0,00000000
3,20819183;0,04336860;0,00000000
3,20829583;0,04336860;0,00000000
3,20839983;0,00000000;0,00000000
3,20850383;0,04336860;0,00000000
3,20860783;0,00000000;0,00000000
3,20871183;0,00000000;-0,01734744
3,20881583;0,00000000;0,00000000
3,20891983;0,00000000;0,00000000
3,20902383;0,00000000;0,00000000
3,20912783;0,04336860;0,00000000
3,20923183;0,04336860;0,00000000
3,20933583;0,00000000;0,00000000
3,20943983;0,00000000;0,00000000
3,20954383;0,00000000;0,00000000
3,20964783;0,00000000;0,00000000
3,20975183;0,00000000;0,00000000
3,20985583;0,00000000;0,00000000
3,20995983;0,00000000;0,00000000
3,21006383;0,00000000;0,00000000
3,21016783;0,00000000;0,00000000
3,21027183;0,00000000;0,00000000
3,21037583;0,00000000;0,00000000
3,21047983;0,04336860;0,00000000
3,21058383;0,00000000;0,00000000
3,21068783;0,00000000;0,00000000
3,21079183;0,04336860;0,00000000
3,21089583;0,00000000;0,00000000
3,21099983;0,00000000;0,00000000
3,21110383;0,04336860;0,00000000
3,21120783;0,00000000;0,00000000
3,21131183;0,00000000;0,00000000
3,21141583;0,00000000;0,00000000
3,21151983;0,00000000;0,00000000
3,21162383;0,00000000;0,00000000
3,21172783;0,00000000;0,00000000
3,21183183;0,00000000;0,00000000
3,21193583;0,04336860;0,00000000
3,21203983;0,04336860;0,00000000
3,21214383;0,00000000;0,00000000
3,21224783;0,04336860;0,00000000
3,21235183;0,00000000;0,00000000
3,21245583;0,04336860;0,00000000
3,21255983;0,04336860;0,00000000
3,21266383;0,00000000;0,00000000
3,21276783;0,00000000;0,00000000
3,21287183;0,04336860;0,00000000
3,21297583;0,00000000;0,00000000
3,21307983;0,04336860;0,00000000
3,21318383;0,00000000;0,00000000
3,21328783;0,04336860;0,00000000
3,21339183;0,00000000;0,00000000
3,21349583;0,04336860;0,00000000
3,21359983;0,00000000;0,00000000
3,21370383;0,00000000;0,00000000
3,21380783;0,04336860;0,00000000
3,21391183;0,00000000;0,00000000
3,21401583;0,04336860;0,00000000
3,21411983;0,00000000;0,00000000
3,21422383;0,00000000;0,00000000
3,21432783;0,00000000;0,00000000
3,21443183;0,00000000;0,00000000
3,21453583;0,00000000;0,00000000
3,21463983;0,00000000;0,00000000
3,21474383;0,00000000;0,00000000
3,21484783;0,00000000;0,00000000
3,21495183;0,00000000;0,00000000
3,21505583;0,00000000;0,00000000
3,21515983;0,00000000;0,00000000
3,21526383;0,00000000;0,00000000
3,21536783;0,00000000;0,00000000
3,21547183;0,00000000;0,00000000
3,21557583;0,00000000;0,00000000
3,21567983;0,00000000;0,00000000
3,21578383;0,00000000;0,00000000
3,21588783;0,00000000;0,00000000
3,21599183;0,00000000;-0,01734744
3,21609583;0,04336860;0,00000000
3,21619983;0,00000000;0,00000000
3,21630383;0,04336860;0,00000000
3,21640783;0,00000000;0,00000000
3,21651183;0,04336860;0,00000000
3,21661583;0,00000000;0,00000000
3,21671983;0,00000000;0,00000000
3,21682383;0,00000000;0,00000000
3,21692783;0,00000000;0,00000000
3,21703183;0,00000000;0,00000000
3,21713583;0,00000000;0,00000000
3,21723983;0,00000000;0,00000000
3,21734383;0,00000000;0,00000000
3,21744783;0,00000000;0,00000000
3,21755183;0,00000000;0,00000000
3,21765583;0,00000000;0,00000000
3,21775983;0,00000000;0,00000000
3,21786383;0,04336860;0,00000000
3,21796783;0,00000000;0,00000000
3,21807183;0,04336860;0,00000000
3,21817583;0,00000000;0,00000000
3,21827983;0,00000000;0,00000000
3,21838383;0,04336860;0,00000000
3,21848783;0,04336860;0,00000000
3,21859183;0,04336860;0,00000000
3,21869583;0,00000000;-0,01734744
3,21879983;0,00000000;0,00000000
3,21890383;0,04336860;0,00000000
3,21900783;0,00000000;0,00000000
3,21911183;0,04336860;0,00000000
3,21921583;0,04336860;0,00000000
3,21931983;0,00000000;0,00000000
3,21942383;0,00000000;0,00000000
3,21952783;0,00000000;0,00000000
3,21963183;0,00000000;0,00000000
3,21973583;0,00000000;0,00000000
3,21983983;0,00000000;0,00000000
3,21994383;0,00000000;0,00000000
3,22004783;0,04336860;0,00000000
3,22015183;0,00000000;0,00000000
3,22025583;0,00000000;0,00000000
3,22035983;0,00000000;0,00000000
3,22046383;0,00000000;0,00000000
3,22056783;0,04336860;0,00000000
3,22067183;0,04336860;0,00000000
3,22077583;0,00000000;0,00000000
3,22087983;0,00000000;0,00000000
3,22098383;0,04336860;0,00000000
3,22108783;0,00000000;0,00000000
3,22119183;0,00000000;0,00000000
3,22129583;0,00000000;0,00000000
3,22139983;0,00000000;0,00000000
3,22150383;0,00000000;0,00000000
3,22160783;0,04336860;0,00000000
3,22171183;0,00000000;0,00000000
3,22181583;0,00000000;0,00000000
3,22191983;0,04336860;0,00000000
3,22202383;0,04336860;0,00000000
3,22212783;0,00000000;0,00000000
3,22223183;0,00000000;0,00000000
3,22233583;0,00000000;0,00000000
3,22243983;0,00000000;0,00000000
3,22254383;0,04336860;0,00000000
3,22264783;0,04336860;0,00000000
3,22275183;0,00000000;0,00000000
3,22285583;0,00000000;0,00000000
3,22295983;0,00000000;0,00000000
3,22306383;0,00000000;0,00000000
3,22316783;0,04336860;0,00000000
3,22327183;0,04336860;0,00000000
3,22337583;0,00000000;0,00000000
3,22347983;0,00000000;0,00000000
3,22358383;0,04336860;0,00000000
3,22368783;0,04336860;-0,01734744
3,22379183;0,04336860;0,00000000
3,22389583;0,00000000;0,00000000
3,22399983;0,00000000;0,00000000
3,22410383;0,04336860;0,00000000
3,22420783;0,00000000;0,00000000
3,22431183;0,00000000;0,00000000
3,22441583;0,04336860;0,00000000
3,22451983;0,00000000;0,00000000
3,22462383;0,00000000;0,00000000
3,22472783;0,00000000;0,00000000
3,22483183;0,04336860;0,00000000
3,22493583;0,04336860;0,00000000
3,22503983;0,00000000;0,00000000
3,22514383;0,00000000;0,00000000
3,22524783;0,00000000;0,00000000
3,22535183;0,00000000;0,00000000
3,22545583;0,00000000;0,00000000
3,22555983;0,00000000;0,00000000
3,22566383;0,04336860;0,00000000
3,22576783;0,00000000;0,00000000
3,22587183;0,00000000;0,00000000
3,22597583;0,04336860;0,00000000
3,22607983;0,00000000;0,00000000
3,22618383;0,04336860;0,00000000
3,22628783;0,04336860;0,00000000
3,22639183;0,00000000;0,00000000
3,22649583;0,00000000;0,00000000
3,22659983;0,00000000;0,00000000
3,22670383;0,04336860;0,00000000
3,22680783;0,04336860;0,00000000
3,22691183;0,00000000;0,00000000
3,22701583;0,00000000;0,00000000
3,22711983;0,00000000;0,00000000
3,22722383;0,00000000;0,00000000
3,22732783;0,00000000;0,00000000
3,22743183;0,04336860;0,00000000
3,22753583;0,04336860;0,00000000
3,22763983;0,00000000;0,00000000
3,22774383;0,00000000;0,00000000
3,22784783;0,00000000;0,00000000
3,22795183;0,00000000;0,00000000
3,22805583;0,00000000;0,00000000
3,22815983;0,00000000;0,00000000
3,22826383;0,04336860;0,00000000
3,22836783;0,00000000;0,00000000
3,22847183;0,00000000;0,00000000
3,22857583;0,00000000;0,00000000
3,22867983;0,00000000;0,00000000
3,22878383;0,00000000;0,00000000
3,22888783;0,04336860;0,00000000
3,22899183;0,00000000;0,00000000
3,22909583;0,00000000;0,00000000
3,22919983;0,00000000;0,00000000
3,22930383;0,00000000;0,00000000
3,22940783;0,00000000;0,00000000
3,22951183;0,04336860;0,00000000
3,22961583;0,00000000;0,00000000
3,22971983;0,00000000;0,00000000
3,22982383;0,00000000;0,00000000
3,22992783;0,04336860;0,00000000
3,23003183;0,00000000;0,00000000
3,23013583;0,00000000;0,00000000
3,23023983;0,00000000;0,00000000
3,23034383;0,04336860;0,00000000
3,23044783;0,00000000;0,00000000
3,23055183;0,04336860;0,00000000
3,23065583;0,00000000;0,00000000
3,23075983;0,00000000;0,00000000
3,23086383;0,00000000;0,00000000
3,23096783;0,04336860;0,00000000
3,23107183;0,00000000;0,00000000
3,23117583;0,00000000;0,00000000
3,23127983;0,00000000;0,00000000
3,23138383;0,04336860;0,00000000
3,23148783;0,04336860;0,00000000
3,23159183;0,04336860;0,00000000
3,23169583;0,00000000;0,00000000
3,23179983;0,00000000;0,00000000
3,23190383;0,00000000;0,00000000
3,23200783;0,00000000;0,00000000
3,23211183;0,00000000;0,00000000
3,23221583;0,00000000;0,00000000
3,23231983;0,00000000;0,00000000
3,23242383;0,00000000;0,00000000
3,23252783;0,00000000;0,00000000
3,23263183;0,04336860;-0,01734744
3,23273583;0,04336860;0,00000000
3,23283983;0,04336860;0,00000000
3,23294383;0,00000000;0,00000000
3,23304783;0,00000000;0,00000000
3,23315183;0,00000000;0,00000000
3,23325583;0,00000000;0,00000000
3,23335983;0,00000000;0,00000000
3,23346383;0,00000000;0,00000000
3,23356783;0,00000000;0,00000000
3,23367183;0,04336860;0,00000000
3,23377583;0,04336860;0,00000000
3,23387983;0,00000000;0,00000000
3,23398383;0,00000000;0,00000000
3,23408783;0,04336860;0,00000000
3,23419183;0,00000000;0,00000000
3,23429583;0,00000000;-0,01734744
3,23439983;0,04336860;0,00000000
3,23450383;0,00000000;0,00000000
3,23460783;0,04336860;0,00000000
3,23471183;0,00000000;0,00000000
3,23481583;0,04336860;0,00000000
3,23491983;0,00000000;0,00000000
3,23502383;0,00000000;0,00000000
3,23512783;0,04336860;0,00000000
3,23523183;0,00000000;0,00000000
3,23533583;0,00000000;0,00000000
3,23543983;0,04336860;0,00000000
3,23554383;0,04336860;0,00000000
3,23564783;0,00000000;0,00000000
3,23575183;0,04336860;0,00000000
3,23585583;0,04336860;0,00000000
3,23595983;0,00000000;0,00000000
3,23606383;0,04336860;0,00000000
3,23616783;0,00000000;0,00000000
3,23627183;0,00000000;0,00000000
3,23637583;0,00000000;0,00000000
3,23647983;0,00000000;0,00000000
3,23658383;0,00000000;0,00000000
3,23668783;0,00000000;0,00000000
3,23679183;0,00000000;0,00000000
3,23689583;0,04336860;0,00000000
3,23699983;0,00000000;0,00000000
3,23710383;0,04336860;0,00000000
3,23720783;0,00000000;0,00000000
3,23731183;0,04336860;0,00000000
3,23741583;0,00000000;0,00000000
3,23751983;0,00000000;0,00000000
3,23762383;0,00000000;0,00000000
3,23772783;0,00000000;0,00000000
3,23783183;0,04336860;-0,01734744
3,23793583;0,00000000;0,00000000
3,23803983;0,00000000;0,00000000
3,23814383;0,00000000;0,00000000
3,23824783;0,00000000;0,00000000
3,23835183;0,00000000;0,00000000
3,23845583;0,04336860;0,00000000
3,23855983;0,00000000;0,00000000
3,23866383;0,00000000;0,00000000
3,23876783;0,00000000;0,00000000
3,23887183;0,00000000;0,00000000
3,23897583;0,04336860;0,00000000
3,23907983;0,00000000;0,00000000
3,23918383;0,00000000;0,00000000
3,23928783;0,00000000;0,00000000
3,23939183;0,00000000;0,00000000
3,23949583;0,00000000;0,00000000
3,23959983;0,00000000;0,00000000
3,23970383;0,00000000;0,00000000
3,23980783;0,00000000;0,00000000
3,23991183;0,00000000;0,00000000
3,24001583;0,00000000;0,00000000
3,24011983;0,00000000;0,00000000
3,24022383;0,04336860;0,00000000
3,24032783;0,00000000;0,00000000
3,24043183;0,00000000;0,00000000
3,24053583;0,00000000;0,00000000
3,24063983;0,04336860;0,00000000
3,24074383;0,04336860;0,00000000
3,24084783;0,00000000;0,00000000
3,24095183;0,00000000;0,00000000
3,24105583;0,00000000;0,00000000
3,24115983;0,00000000;0,00000000
3,24126383;0,00000000;0,00000000
3,24136783;0,00000000;0,00000000
3,24147183;0,04336860;0,00000000
3,24157583;0,00000000;0,00000000
3,24167983;0,00000000;0,00000000
3,24178383;0,04336860;0,00000000
3,24188783;0,00000000;0,00000000
3,24199183;0,00000000;0,00000000
3,24209583;0,00000000;0,00000000
3,24219983;0,00000000;0,00000000
3,24230383;0,00000000;0,00000000
3,24240783;0,00000000;0,00000000
3,24251183;0,00000000;0,00000000
3,24261583;0,00000000;0,00000000
3,24271983;0,00000000;0,00000000
3,24282383;0,04336860;-0,01734744
3,24292783;0,00000000;0,00000000
3,24303183;0,00000000;0,00000000
3,24313583;0,00000000;0,00000000
3,24323983;0,00000000;0,00000000
3,24334383;0,00000000;0,00000000
3,24344783;0,04336860;0,00000000
3,24355183;0,00000000;0,00000000
3,24365583;0,00000000;0,00000000
3,24375983;0,00000000;0,00000000
3,24386383;0,04336860;0,00000000
3,24396783;0,00000000;0,00000000
3,24407183;0,04336860;0,00000000
3,24417583;0,04336860;0,00000000
3,24427983;0,00000000;0,00000000
3,24438383;0,00000000;0,00000000
3,24448783;0,00000000;0,00000000
3,24459183;0,00000000;0,00000000
3,24469583;0,00000000;0,00000000
3,24479983;0,04336860;0,00000000
3,24490383;0,04336860;0,00000000
3,24500783;0,04336860;0,00000000
3,24511183;0,00000000;0,00000000
3,24521583;0,04336860;0,00000000
3,24531983;0,00000000;0,00000000
3,24542383;0,00000000;0,00000000
3,24552783;0,00000000;-0,01734744
3,24563183;0,00000000;0,00000000
3,24573583;0,00000000;0,00000000
3,24583983;0,00000000;0,00000000
3,24594383;0,00000000;0,00000000
3,24604783;0,00000000;0,00000000
3,24615183;0,00000000;0,00000000
3,24625583;0,04336860;0,00000000
3,24635983;0,00000000;0,00000000
3,24646383;0,00000000;0,00000000
3,24656783;0,04336860;0,00000000
3,24667182;0,00000000;0,00000000
3,24677582;0,00000000;0,00000000
3,24687982;0,04336860;0,00000000
3,24698382;0,00000000;0,00000000
3,24708782;0,04336860;0,00000000
3,24719182;0,00000000;0,00000000
3,24729582;0,00000000;0,00000000
3,24739982;0,00000000;0,00000000
3,24750382;0,00000000;0,00000000
3,24760782;0,00000000;0,00000000
3,24771182;0,00000000;0,00000000
3,24781582;0,00000000;0,00000000
3,24791982;0,00000000;0,00000000
3,24802382;0,00000000;0,00000000
3,24812782;0,00000000;0,00000000
3,24823182;0,00000000;0,00000000
3,24833582;0,00000000;0,00000000
3,24843982;0,00000000;0,00000000
3,24854382;0,00000000;0,00000000
3,24864782;0,00000000;0,00000000
3,24875182;0,04336860;0,00000000
3,24885582;0,00000000;0,00000000
3,24895982;0,00000000;0,00000000
3,24906382;0,00000000;0,00000000
3,24916782;0,00000000;0,00000000
3,24927182;0,00000000;0,00000000
3,24937582;0,00000000;0,00000000
3,24947982;0,00000000;0,00000000
3,24958382;0,04336860;0,00000000
3,24968782;0,00000000;0,00000000
3,24979182;0,00000000;0,00000000
3,24989582;0,00000000;0,00000000
3,24999982;0,04336860;0,00000000
3,25010382;0,00000000;0,00000000
3,25020782;0,00000000;0,00000000
3,25031182;0,00000000;0,00000000
3,25041582;0,00000000;0,00000000
3,25051982;0,00000000;0,00000000
3,25062382;0,00000000;0,00000000
3,25072782;0,00000000;0,00000000
3,25083182;0,00000000;0,00000000
3,25093582;0,04336860;0,00000000
3,25103982;0,04336860;0,00000000
3,25114382;0,04336860;0,00000000
3,25124782;0,00000000;0,00000000
3,25135182;0,00000000;0,00000000
3,25145582;0,04336860;0,00000000
3,25155982;0,00000000;0,00000000
3,25166382;0,00000000;0,00000000
3,25176782;0,00000000;0,00000000
3,25187182;0,00000000;0,00000000
3,25197582;0,00000000;0,00000000
3,25207982;0,00000000;0,00000000
3,25218382;0,04336860;0,00000000
3,25228782;0,00000000;0,00000000
3,25239182;0,04336860;0,00000000
3,25249582;0,04336860;0,00000000
3,25259982;0,00000000;0,00000000
3,25270382;0,00000000;0,00000000
3,25280782;0,00000000;-0,01734744
3,25291182;0,04336860;0,00000000
3,25301582;0,00000000;0,00000000
3,25311982;0,00000000;0,00000000
3,25322382;0,00000000;0,00000000
3,25332782;0,00000000;0,00000000
3,25343182;0,04336860;0,00000000
3,25353582;0,04336860;0,00000000
3,25363982;0,00000000;0,00000000
3,25374382;0,04336860;0,00000000
3,25384782;0,00000000;0,00000000
3,25395182;0,00000000;0,00000000
3,25405582;0,00000000;0,00000000
3,25415982;0,04336860;0,00000000
3,25426382;0,00000000;0,00000000
3,25436782;0,00000000;0,00000000
3,25447182;0,00000000;0,00000000
3,25457582;0,00000000;0,00000000
3,25467982;0,00000000;0,00000000
3,25478382;0,00000000;0,00000000
3,25488782;0,00000000;0,00000000
3,25499182;0,00000000;0,00000000
3,25509582;0,00000000;0,00000000
3,25519982;0,00000000;0,00000000
3,25530382;0,00000000;0,00000000
3,25540782;0,00000000;0,00000000
3,25551182;0,00000000;0,00000000
3,25561582;0,00000000;0,00000000
3,25571982;0,00000000;0,00000000
3,25582382;0,00000000;0,00000000
3,25592782;0,00000000;0,00000000
3,25603182;0,04336860;0,00000000
3,25613582;0,04336860;0,00000000
3,25623982;0,04336860;0,00000000
3,25634382;0,00000000;0,00000000
3,25644782;0,04336860;0,00000000
3,25655182;0,04336860;0,00000000
3,25665582;0,00000000;0,00000000
3,25675982;0,00000000;0,00000000
3,25686382;0,00000000;0,00000000
3,25696782;0,00000000;0,00000000
3,25707182;0,00000000;0,00000000
3,25717582;0,04336860;0,00000000
3,25727982;0,04336860;0,00000000
3,25738382;0,00000000;0,00000000
3,25748782;0,00000000;0,00000000
3,25759182;0,00000000;0,00000000
3,25769582;0,04336860;0,00000000
3,25779982;0,00000000;0,00000000
3,25790382;0,00000000;0,00000000
3,25800782;0,00000000;0,00000000
3,25811182;0,00000000;0,00000000
3,25821582;0,00000000;0,00000000
3,25831982;0,04336860;0,00000000
3,25842382;0,00000000;0,00000000
3,25852782;0,00000000;0,00000000
3,25863182;0,00000000;0,00000000
3,25873582;0,04336860;0,00000000
3,25883982;0,00000000;0,00000000
3,25894382;0,00000000;0,00000000
3,25904782;0,04336860;0,00000000
3,25915182;0,00000000;0,00000000
3,25925582;0,00000000;0,00000000
3,25935982;0,04336860;0,00000000
3,25946382;0,04336860;0,00000000
3,25956782;0,04336860;0,00000000
3,25967182;0,00000000;0,00000000
3,25977582;0,00000000;0,00000000
3,25987982;0,04336860;0,00000000
3,25998382;0,00000000;0,00000000
3,26008782;0,00000000;0,00000000
3,26019182;0,00000000;0,00000000
3,26029582;0,00000000;-0,01734744
3,26039982;0,00000000;0,00000000
3,26050382;0,00000000;0,00000000
3,26060782;0,00000000;0,00000000
3,26071182;0,00000000;0,00000000
3,26081582;0,04336860;0,00000000
3,26091982;0,00000000;0,00000000
3,26102382;0,00000000;0,00000000
3,26112782;0,00000000;0,00000000
3,26123182;0,00000000;0,00000000
3,26133582;0,00000000;0,00000000
3,26143982;0,00000000;0,00000000
3,26154382;0,00000000;0,00000000
3,26164782;0,00000000;0,00000000
3,26175182;0,00000000;0,00000000
3,26185582;0,00000000;0,00000000
3,26195982;0,00000000;0,00000000
3,26206382;0,04336860;0,00000000
3,26216782;0,04336860;0,00000000
3,26227182;0,00000000;0,00000000
3,26237582;0,00000000;0,00000000
3,26247982;0,04336860;0,00000000
3,26258382;0,00000000;0,00000000
3,26268782;0,00000000;0,00000000
3,26279182;0,00000000;0,00000000
3,26289582;0,00000000;0,00000000
3,26299982;0,00000000;0,00000000
3,26310382;0,00000000;0,00000000
3,26320782;0,00000000;0,00000000
3,26331182;0,00000000;0,00000000
3,26341582;0,04336860;0,00000000
3,26351982;0,00000000;0,00000000
3,26362382;0,00000000;0,00000000
3,26372782;0,00000000;0,00000000
3,26383182;0,00000000;0,00000000
3,26393582;0,04336860;0,00000000
3,26403982;0,00000000;-0,01734744
3,26414382;0,00000000;0,00000000
3,26424782;0,00000000;-0,01734744
3,26435182;0,00000000;0,00000000
3,26445582;0,04336860;0,00000000
3,26455982;0,00000000;0,00000000
3,26466382;0,00000000;0,00000000
3,26476782;0,00000000;0,00000000
3,26487182;0,00000000;0,00000000
3,26497582;0,00000000;0,00000000
3,26507982;0,00000000;0,00000000
3,26518382;0,00000000;0,00000000
3,26528782;0,00000000;0,00000000
3,26539182;0,04336860;0,00000000
3,26549582;0,04336860;0,00000000
3,26559982;0,04336860;0,00000000
3,26570382;0,00000000;0,00000000
3,26580782;0,04336860;0,00000000
3,26591182;0,00000000;0,00000000
3,26601582;0,04336860;0,00000000
3,26611982;0,00000000;0,00000000
3,26622382;0,00000000;0,00000000
3,26632782;0,04336860;0,00000000
3,26643182;0,04336860;0,00000000
3,26653582;0,00000000;0,00000000
3,26663982;0,00000000;0,00000000
3,26674382;0,04336860;0,00000000
3,26684782;0,04336860;0,00000000
3,26695182;0,00000000;0,00000000
3,26705582;0,00000000;0,00000000
3,26715982;0,04336860;0,00000000
3,26726382;0,00000000;0,00000000
3,26736782;0,00000000;0,00000000
3,26747182;0,00000000;-0,01734744
3,26757582;0,04336860;0,00000000
3,26767982;0,00000000;0,00000000
3,26778382;0,00000000;0,00000000
3,26788782;0,00000000;0,00000000
3,26799182;0,00000000;0,00000000
3,26809582;0,00000000;0,00000000
3,26819982;0,00000000;0,00000000
3,26830382;0,04336860;0,00000000
3,26840782;0,00000000;0,00000000
3,26851182;0,00000000;0,00000000
3,26861582;0,00000000;0,00000000
3,26871982;0,00000000;0,00000000
3,26882382;0,00000000;0,00000000
3,26892782;0,00000000;0,00000000
3,26903182;0,00000000;0,00000000
3,26913582;0,04336860;0,00000000
3,26923982;0,04336860;0,00000000
3,26934382;0,00000000;0,00000000
3,26944782;0,00000000;0,00000000
3,26955182;0,00000000;0,00000000
3,26965582;0,00000000;0,00000000
3,26975982;0,00000000;0,00000000
3,26986382;0,04336860;0,00000000
3,26996782;0,00000000;0,00000000
3,27007182;0,04336860;0,00000000
3,27017582;0,04336860;0,00000000
3,27027982;0,00000000;0,00000000
3,27038382;0,00000000;0,00000000
3,27048782;0,00000000;0,00000000
3,27059182;0,00000000;0,00000000
3,27069582;0,04336860;0,00000000
3,27079982;0,00000000;0,00000000
3,27090382;0,00000000;0,00000000
3,27100782;0,00000000;0,00000000
3,27111182;0,04336860;0,00000000
3,27121582;0,04336860;0,00000000
3,27131982;0,00000000;0,00000000
3,27142382;0,00000000;-0,01734744
3,27152782;0,00000000;0,00000000
3,27163182;0,04336860;0,00000000
3,27173582;0,04336860;0,00000000
3,27183982;0,00000000;0,00000000
3,27194382;0,00000000;0,00000000
3,27204782;0,04336860;0,00000000
3,27215182;0,00000000;0,00000000
3,27225582;0,00000000;0,00000000
3,27235982;0,00000000;0,00000000
3,27246382;0,00000000;0,00000000
3,27256782;0,04336860;0,00000000
3,27267182;0,04336860;0,00000000
3,27277582;0,00000000;0,00000000
3,27287982;0,00000000;0,00000000
3,27298382;0,00000000;0,00000000
3,27308782;0,04336860;0,00000000
3,27319182;0,00000000;0,00000000
3,27329582;0,04336860;0,00000000
3,27339982;0,00000000;0,00000000
3,27350382;0,04336860;0,00000000
3,27360782;0,00000000;0,00000000
3,27371182;0,00000000;0,00000000
3,27381582;0,04336860;0,00000000
3,27391982;0,00000000;0,00000000
3,27402382;0,04336860;0,00000000
3,27412782;0,00000000;0,00000000
3,27423182;0,04336860;0,00000000
3,27433582;0,00000000;0,00000000
3,27443982;0,00000000;0,00000000
3,27454382;0,00000000;0,00000000
3,27464782;0,00000000;0,00000000
3,27475182;0,00000000;0,00000000
3,27485582;0,00000000;0,00000000
3,27495982;0,04336860;0,00000000
3,27506382;0,00000000;0,00000000
3,27516782;0,00000000;0,00000000
3,27527182;0,00000000;0,00000000
3,27537582;0,00000000;0,00000000
3,27547982;0,04336860;0,00000000
3,27558382;0,00000000;0,00000000
3,27568782;0,00000000;0,00000000
3,27579182;0,00000000;0,00000000
3,27589582;0,04336860;0,00000000
3,27599982;0,00000000;0,00000000
3,27610382;0,00000000;0,00000000
3,27620782;0,00000000;0,00000000
3,27631182;0,00000000;0,00000000
3,27641582;0,00000000;0,00000000
3,27651982;0,04336860;0,00000000
3,27662382;0,00000000;0,00000000
3,27672782;0,04336860;0,00000000
3,27683182;0,04336860;0,00000000
3,27693582;0,00000000;0,00000000
3,27703982;0,00000000;0,00000000
3,27714382;0,04336860;0,00000000
3,27724782;0,00000000;0,00000000
3,27735182;0,00000000;0,00000000
3,27745582;0,00000000;0,00000000
3,27755982;0,00000000;0,00000000
3,27766382;0,00000000;0,00000000
3,27776782;0,00000000;0,00000000
3,27787182;0,04336860;0,00000000
3,27797582;0,00000000;0,00000000
3,27807982;0,00000000;0,00000000
3,27818382;0,00000000;0,00000000
3,27828782;0,04336860;0,00000000
3,27839182;0,00000000;0,00000000
3,27849582;0,00000000;0,00000000
3,27859982;0,00000000;0,00000000
3,27870382;0,00000000;0,00000000
3,27880782;0,00000000;0,00000000
3,27891182;0,00000000;0,00000000
3,27901582;0,04336860;0,00000000
3,27911982;0,04336860;0,00000000
3,27922382;0,00000000;0,00000000
3,27932782;0,00000000;0,00000000
3,27943182;0,00000000;0,00000000
3,27953582;0,04336860;0,00000000
3,27963982;0,04336860;0,00000000
3,27974382;0,04336860;0,00000000
3,27984782;0,04336860;0,00000000
3,27995182;0,04336860;0,00000000
3,28005582;0,00000000;0,00000000
3,28015982;0,04336860;0,00000000
3,28026382;0,00000000;0,00000000
3,28036782;0,04336860;0,00000000
3,28047182;0,00000000;-0,01734744
3,28057582;0,00000000;0,00000000
3,28067982;0,00000000;0,00000000
3,28078382;0,00000000;0,00000000
3,28088782;0,04336860;0,00000000
3,28099182;0,00000000;0,00000000
3,28109582;0,04336860;0,00000000
3,28119982;0,00000000;0,00000000
3,28130382;0,00000000;0,00000000
3,28140782;0,00000000;0,00000000
3,28151182;0,04336860;0,00000000
3,28161582;0,00000000;0,00000000
3,28171982;0,04336860;0,00000000
3,28182382;0,00000000;0,00000000
3,28192782;0,04336860;0,00000000
3,28203182;0,00000000;0,00000000
3,28213582;0,00000000;0,00000000
3,28223982;0,00000000;0,00000000
3,28234382;0,00000000;0,00000000
3,28244782;0,00000000;0,00000000
3,28255182;0,00000000;0,00000000
3,28265582;0,00000000;0,00000000
3,28275982;0,00000000;0,00000000
3,28286382;0,00000000;0,00000000
3,28296782;0,00000000;0,00000000
3,28307182;0,00000000;0,00000000
3,28317582;0,00000000;0,00000000
3,28327982;0,00000000;0,00000000
3,28338382;0,00000000;0,00000000
3,28348782;0,04336860;0,00000000
3,28359182;0,00000000;0,00000000
3,28369582;0,04336860;0,00000000
3,28379982;0,00000000;0,00000000
3,28390382;0,04336860;0,00000000
3,28400782;0,04336860;0,00000000
3,28411182;0,00000000;0,00000000
3,28421582;0,00000000;0,00000000
3,28431982;0,04336860;0,00000000
3,28442382;0,00000000;0,00000000
3,28452782;0,00000000;0,00000000
3,28463182;0,00000000;0,00000000
3,28473582;0,00000000;0,00000000
3,28483982;0,04336860;0,00000000
3,28494382;0,04336860;0,00000000
3,28504782;0,00000000;0,00000000
3,28515182;0,00000000;0,00000000
3,28525582;0,04336860;0,00000000
3,28535982;0,04336860;0,00000000
3,28546382;0,00000000;0,00000000
3,28556782;0,00000000;0,00000000
3,28567182;0,00000000;0,00000000
3,28577582;0,00000000;0,00000000
3,28587982;0,00000000;0,00000000
3,28598382;0,00000000;0,00000000
3,28608782;0,00000000;0,00000000
3,28619182;0,00000000;0,00000000
3,28629582;0,00000000;0,00000000
3,28639982;0,04336860;0,00000000
3,28650382;0,00000000;0,00000000
3,28660782;0,00000000;0,00000000
3,28671182;0,00000000;0,00000000
3,28681582;0,00000000;0,00000000
3,28691982;0,00000000;0,00000000
3,28702382;0,00000000;0,00000000
3,28712782;0,04336860;0,00000000
3,28723182;0,04336860;0,00000000
3,28733582;0,00000000;0,00000000
3,28743982;0,00000000;0,00000000
3,28754382;0,00000000;0,00000000
3,28764782;0,00000000;0,00000000
3,28775182;0,00000000;0,00000000
3,28785582;0,00000000;0,00000000
3,28795982;0,00000000;0,00000000
3,28806382;0,04336860;0,00000000
3,28816782;0,00000000;0,00000000
3,28827182;0,00000000;0,00000000
3,28837582;0,00000000;0,00000000
3,28847982;0,00000000;0,00000000
3,28858382;0,04336860;0,00000000
3,28868782;0,00000000;0,00000000
3,28879182;0,00000000;0,00000000
3,28889582;0,00000000;0,00000000
3,28899982;0,00000000;0,00000000
3,28910382;0,04336860;0,00000000
3,28920782;0,00000000;0,00000000
3,28931182;0,00000000;0,00000000
3,28941582;0,00000000;0,00000000
3,28951982;0,00000000;0,00000000
3,28962382;0,00000000;0,00000000
3,28972782;0,00000000;0,00000000
3,28983182;0,00000000;0,00000000
3,28993582;0,00000000;0,00000000
3,29003982;0,00000000;0,00000000
3,29014382;0,04336860;0,00000000
3,29024782;0,00000000;0,00000000
3,29035182;0,04336860;0,00000000
3,29045582;0,04336860;0,00000000
3,29055982;0,00000000;0,00000000
3,29066382;0,00000000;0,00000000
3,29076782;0,00000000;0,00000000
3,29087182;0,00000000;0,00000000
3,29097582;0,00000000;0,00000000
3,29107982;0,00000000;0,00000000
3,29118382;0,00000000;0,00000000
3,29128782;0,00000000;0,00000000
3,29139182;0,04336860;0,00000000
3,29149582;0,04336860;0,00000000
3,29159982;0,04336860;0,00000000
3,29170382;0,04336860;0,00000000
3,29180782;0,04336860;0,00000000
3,29191182;0,04336860;0,00000000
3,29201582;0,00000000;0,00000000
3,29211982;0,04336860;0,00000000
3,29222382;0,04336860;0,00000000
3,29232782;0,00000000;-0,01734744
3,29243182;0,00000000;0,00000000
3,29253582;0,00000000;0,00000000
3,29263982;0,00000000;0,00000000
3,29274382;0,04336860;0,00000000
3,29284782;0,00000000;0,00000000
3,29295182;0,04336860;0,00000000
3,29305582;0,00000000;0,00000000
3,29315982;0,04336860;0,00000000
3,29326382;0,04336860;0,00000000
3,29336782;0,04336860;0,00000000
3,29347182;0,00000000;0,00000000
3,29357582;0,04336860;0,00000000
3,29367982;0,00000000;0,00000000
3,29378382;0,00000000;0,00000000
3,29388782;0,00000000;0,00000000
3,29399182;0,04336860;0,00000000
3,29409582;0,00000000;0,00000000
3,29419982;0,00000000;0,00000000
3,29430382;0,00000000;0,00000000
3,29440782;0,00000000;0,00000000
3,29451182;0,00000000;0,00000000
3,29461582;0,00000000;0,00000000
3,29471982;0,00000000;0,00000000
3,29482382;0,00000000;0,00000000
3,29492782;0,00000000;0,00000000
3,29503182;0,00000000;0,00000000
3,29513582;0,00000000;0,00000000
3,29523982;0,00000000;0,00000000
3,29534382;0,00000000;0,00000000
3,29544782;0,00000000;0,00000000
3,29555182;0,00000000;0,00000000
3,29565582;0,04336860;0,00000000
3,29575982;0,00000000;0,00000000
3,29586382;0,04336860;0,00000000
3,29596782;0,04336860;0,00000000
3,29607182;0,04336860;0,00000000
3,29617582;0,04336860;0,00000000
3,29627982;0,00000000;0,00000000
3,29638382;0,04336860;0,00000000
3,29648782;0,04336860;0,00000000
3,29659182;0,04336860;0,00000000
3,29669582;0,04336860;0,00000000
3,29679982;0,00000000;0,00000000
3,29690382;0,00000000;0,00000000
3,29700782;0,00000000;0,00000000
3,29711182;0,04336860;0,00000000
3,29721582;0,04336860;0,00000000
3,29731982;0,00000000;0,00000000
3,29742382;0,04336860;0,00000000
3,29752782;0,00000000;0,00000000
3,29763182;0,04336860;0,00000000
3,29773582;0,00000000;0,00000000
3,29783982;0,00000000;0,00000000
3,29794382;0,00000000;0,00000000
3,29804782;0,04336860;0,00000000
3,29815182;0,00000000;0,00000000
3,29825582;0,00000000;0,00000000
3,29835982;0,04336860;0,00000000
3,29846382;0,00000000;0,00000000
3,29856782;0,00000000;0,00000000
3,29867182;0,04336860;0,00000000
3,29877582;0,00000000;0,00000000
3,29887982;0,04336860;0,00000000
3,29898382;0,00000000;0,00000000
3,29908782;0,00000000;0,00000000
3,29919182;0,00000000;0,00000000
3,29929582;0,04336860;0,00000000
3,29939982;0,00000000;0,00000000
3,29950382;0,04336860;0,00000000
3,29960782;0,04336860;0,00000000
3,29971182;0,04336860;0,00000000
3,29981582;0,00000000;0,00000000
3,29991982;0,04336860;0,00000000
3,30002382;0,00000000;0,00000000
3,30012782;0,00000000;0,00000000
3,30023182;0,00000000;0,00000000
3,30033582;0,00000000;0,00000000
3,30043982;0,00000000;-0,01734744
3,30054382;0,04336860;0,00000000
3,30064782;0,00000000;0,00000000
3,30075182;0,04336860;0,00000000
3,30085582;0,04336860;0,00000000
3,30095982;0,00000000;0,00000000
3,30106382;0,00000000;0,00000000
3,30116782;0,00000000;0,00000000
3,30127182;0,04336860;0,00000000
3,30137582;0,00000000;0,00000000
3,30147982;0,04336860;0,00000000
3,30158382;0,04336860;0,00000000
3,30168782;0,04336860;0,00000000
3,30179182;0,00000000;0,00000000
3,30189582;0,00000000;0,00000000
3,30199982;0,04336860;0,00000000
3,30210382;0,00000000;0,00000000
3,30220782;0,04336860;0,00000000
3,30231182;0,00000000;0,00000000
3,30241582;0,00000000;0,00000000
3,30251982;0,00000000;0,00000000
3,30262382;0,00000000;0,00000000
3,30272782;0,00000000;0,00000000
3,30283182;0,00000000;0,00000000
3,30293582;0,00000000;0,00000000
3,30303982;0,04336860;0,00000000
3,30314382;0,00000000;0,00000000
3,30324782;0,00000000;0,00000000
3,30335182;0,00000000;0,00000000
3,30345582;0,00000000;0,00000000
3,30355982;0,00000000;0,00000000
3,30366382;0,00000000;-0,01734744
3,30376782;0,00000000;0,00000000
3,30387182;0,00000000;0,00000000
3,30397582;0,00000000;0,00000000
3,30407982;0,00000000;0,00000000
3,30418382;0,00000000;0,00000000
3,30428782;0,00000000;0,00000000
3,30439182;0,00000000;0,00000000
3,30449582;0,00000000;0,00000000
3,30459982;0,00000000;0,00000000
3,30470382;0,04336860;0,00000000
3,30480782;0,00000000;-0,01734744
3,30491182;0,00000000;0,00000000
3,30501582;0,00000000;0,00000000
3,30511982;0,00000000;0,00000000
3,30522382;0,00000000;0,00000000
3,30532782;0,00000000;-0,01734744
3,30543182;0,00000000;0,00000000
3,30553582;0,00000000;0,00000000
3,30563982;0,00000000;0,00000000
3,30574382;0,00000000;0,00000000
3,30584782;0,00000000;0,00000000
3,30595182;0,04336860;0,00000000
3,30605582;0,00000000;0,00000000
3,30615982;0,00000000;0,00000000
3,30626382;0,00000000;0,00000000
3,30636782;0,00000000;0,00000000
3,30647182;0,04336860;0,00000000
3,30657582;0,04336860;0,00000000
3,30667982;0,04336860;0,00000000
3,30678382;0,00000000;0,00000000
3,30688782;0,00000000;0,00000000
3,30699182;0,00000000;0,00000000
3,30709582;0,04336860;0,00000000
3,30719982;0,00000000;0,00000000
3,30730382;0,04336860;0,00000000
3,30740782;0,00000000;0,00000000
3,30751182;0,04336860;0,00000000
3,30761582;0,00000000;0,00000000
3,30771982;0,00000000;0,00000000
3,30782382;0,04336860;0,00000000
3,30792782;0,00000000;0,00000000
3,30803182;0,04336860;0,00000000
3,30813582;0,00000000;0,00000000
3,30823982;0,00000000;0,00000000
3,30834382;0,04336860;0,00000000
3,30844782;0,00000000;0,00000000
3,30855182;0,00000000;0,00000000
3,30865582;0,04336860;0,00000000
3,30875982;0,00000000;-0,01734744
3,30886382;0,00000000;0,00000000
3,30896782;0,00000000;0,00000000
3,30907182;0,04336860;0,00000000
3,30917582;0,04336860;0,00000000
3,30927982;0,00000000;0,00000000
3,30938382;0,00000000;0,00000000
3,30948782;0,04336860;0,00000000
3,30959182;0,00000000;0,00000000
3,30969582;0,00000000;0,00000000
3,30979982;0,04336860;0,00000000
3,30990382;0,00000000;0,00000000
3,31000782;0,00000000;0,00000000
3,31011182;0,04336860;0,00000000
3,31021582;0,00000000;0,00000000
3,31031982;0,00000000;0,00000000
3,31042382;0,04336860;0,00000000
3,31052782;0,00000000;0,00000000
3,31063182;0,04336860;0,00000000
3,31073582;0,00000000;0,00000000
3,31083982;0,00000000;0,00000000
3,31094382;0,04336860;0,00000000
3,31104782;0,00000000;0,00000000
3,31115182;0,00000000;0,00000000
3,31125582;0,00000000;0,00000000
3,31135982;0,04336860;0,00000000
3,31146382;0,00000000;0,00000000
3,31156782;0,00000000;0,00000000
3,31167182;0,00000000;0,00000000
3,31177582;0,04336860;0,00000000
3,31187982;0,00000000;0,00000000
3,31198382;0,00000000;0,00000000
3,31208782;0,00000000;0,00000000
3,31219182;0,00000000;0,00000000
3,31229582;0,04336860;0,00000000
3,31239982;0,00000000;0,00000000
3,31250382;0,00000000;0,00000000
3,31260782;0,00000000;0,00000000
3,31271182;0,00000000;0,00000000
3,31281582;0,00000000;0,00000000
3,31291982;0,00000000;0,00000000
3,31302382;0,00000000;0,00000000
3,31312782;0,00000000;0,00000000
3,31323182;0,00000000;0,00000000
3,31333582;0,00000000;0,00000000
3,31343982;0,00000000;0,00000000
3,31354382;0,04336860;0,00000000
3,31364782;0,04336860;0,00000000
3,31375182;0,04336860;0,00000000
3,31385582;0,00000000;0,00000000
3,31395982;0,04336860;0,00000000
3,31406382;0,00000000;0,00000000
3,31416782;0,00000000;0,00000000
3,31427182;0,00000000;0,00000000
3,31437582;0,00000000;0,00000000
3,31447982;0,00000000;0,00000000
3,31458382;0,00000000;0,00000000
3,31468782;0,00000000;0,00000000
3,31479182;0,00000000;0,00000000
3,31489582;0,00000000;0,00000000
3,31499982;0,00000000;0,00000000
3,31510382;0,04336860;0,00000000
3,31520782;0,00000000;0,00000000
3,31531182;0,00000000;0,00000000
3,31541582;0,00000000;0,00000000
3,31551982;0,00000000;0,00000000
3,31562382;0,00000000;-0,01734744
3,31572782;0,00000000;0,00000000
3,31583182;0,00000000;0,00000000
3,31593582;0,04336860;0,00000000
3,31603982;0,00000000;0,00000000
3,31614382;0,04336860;0,00000000
3,31624782;0,04336860;0,00000000
3,31635182;0,00000000;0,00000000
3,31645582;0,04336860;0,00000000
3,31655982;0,04336860;0,00000000
3,31666382;0,00000000;0,00000000
3,31676782;0,00000000;0,00000000
3,31687182;0,00000000;0,00000000
3,31697582;0,00000000;0,00000000
3,31707982;0,04336860;0,00000000
3,31718382;0,00000000;0,00000000
3,31728782;0,00000000;0,00000000
3,31739182;0,00000000;0,00000000
3,31749582;0,04336860;0,00000000
3,31759982;0,04336860;0,00000000
3,31770382;0,00000000;0,00000000
3,31780782;0,04336860;0,00000000
3,31791182;0,04336860;0,00000000
3,31801582;0,00000000;0,00000000
3,31811982;0,04336860;0,00000000
3,31822382;0,00000000;0,00000000
3,31832782;0,00000000;-0,01734744
3,31843182;0,00000000;0,00000000
3,31853582;0,04336860;-0,01734744
3,31863982;0,00000000;0,00000000
3,31874382;0,04336860;0,00000000
3,31884782;0,00000000;0,00000000
3,31895182;0,00000000;0,00000000
3,31905582;0,04336860;0,00000000
3,31915982;0,00000000;0,00000000
3,31926382;0,00000000;0,00000000
3,31936782;0,04336860;0,00000000
3,31947182;0,00000000;0,00000000
3,31957582;0,00000000;0,00000000
3,31967982;0,00000000;0,00000000
3,31978382;0,00000000;0,00000000
3,31988782;0,00000000;0,00000000
3,31999182;0,00000000;0,00000000
3,32009582;0,04336860;0,00000000
3,32019982;0,00000000;0,00000000
3,32030382;0,00000000;0,00000000
3,32040782;0,00000000;0,00000000
3,32051182;0,00000000;0,00000000
3,32061582;0,04336860;0,00000000
3,32071982;0,00000000;0,00000000
3,32082382;0,00000000;0,00000000
3,32092782;0,04336860;0,00000000
3,32103182;0,00000000;0,00000000
3,32113582;0,00000000;0,00000000
3,32123982;0,04336860;0,00000000
3,32134382;0,00000000;0,00000000
3,32144782;0,00000000;0,00000000
3,32155182;0,00000000;0,00000000
3,32165582;0,00000000;0,00000000
3,32175982;0,04336860;0,00000000
3,32186382;0,00000000;-0,01734744
3,32196782;0,04336860;0,00000000
3,32207182;0,00000000;0,00000000
3,32217582;0,00000000;0,00000000
3,32227982;0,00000000;0,00000000
3,32238382;0,04336860;0,00000000
3,32248782;0,00000000;0,00000000
3,32259182;0,00000000;0,00000000
3,32269582;0,00000000;0,00000000
3,32279982;0,00000000;0,00000000
3,32290382;0,00000000;0,00000000
3,32300782;0,00000000;0,00000000
3,32311182;0,04336860;0,00000000
3,32321582;0,00000000;0,00000000
3,32331982;0,00000000;0,00000000
3,32342382;0,00000000;0,00000000
3,32352782;0,00000000;0,00000000
3,32363182;0,00000000;0,00000000
3,32373582;0,04336860;0,00000000
3,32383982;0,04336860;0,00000000
3,32394382;0,04336860;0,00000000
3,32404782;0,00000000;0,00000000
3,32415182;0,00000000;0,00000000
3,32425582;0,04336860;0,00000000
3,32435982;0,00000000;0,00000000
3,32446382;0,00000000;0,00000000
3,32456782;0,00000000;0,00000000
3,32467182;0,00000000;0,00000000
3,32477582;0,04336860;0,00000000
3,32487982;0,04336860;0,00000000
3,32498382;0,00000000;0,00000000
3,32508782;0,00000000;0,00000000
3,32519182;0,00000000;0,00000000
3,32529582;0,00000000;0,00000000
3,32539982;0,00000000;0,00000000
3,32550382;0,00000000;0,00000000
3,32560782;0,04336860;0,00000000
3,32571182;0,00000000;0,00000000
3,32581582;0,00000000;0,00000000
3,32591982;0,00000000;0,00000000
3,32602382;0,00000000;0,00000000
3,32612782;0,00000000;0,00000000
3,32623182;0,00000000;0,00000000
3,32633582;0,00000000;0,00000000
3,32643982;0,04336860;0,00000000
3,32654382;0,00000000;0,00000000
3,32664782;0,04336860;0,00000000
3,32675182;0,04336860;0,00000000
3,32685582;0,04336860;0,00000000
3,32695982;0,04336860;0,00000000
3,32706382;0,00000000;0,00000000
3,32716782;0,00000000;0,00000000
3,32727182;0,00000000;0,00000000
3,32737582;0,00000000;0,00000000
3,32747982;0,00000000;0,00000000
3,32758382;0,00000000;0,00000000
3,32768782;0,00000000;0,00000000
3,32779182;0,00000000;0,00000000
3,32789582;0,00000000;0,00000000
3,32799982;0,00000000;0,00000000
3,32810382;0,00000000;0,00000000
3,32820782;0,04336860;0,00000000
3,32831182;0,00000000;0,00000000
3,32841582;0,00000000;0,00000000
3,32851982;0,00000000;0,00000000
3,32862382;0,00000000;0,00000000
3,32872782;0,00000000;0,00000000
3,32883182;0,00000000;0,00000000
3,32893582;0,00000000;0,00000000
3,32903982;0,00000000;0,00000000
3,32914382;0,00000000;0,00000000
3,32924782;0,00000000;0,00000000
3,32935182;0,00000000;0,00000000
3,32945582;0,00000000;0,00000000
3,32955982;0,00000000;0,00000000
3,32966382;0,04336860;0,00000000
3,32976782;0,00000000;0,00000000
3,32987182;0,04336860;0,00000000
3,32997582;0,00000000;0,00000000
3,33007982;0,00000000;0,00000000
3,33018382;0,00000000;0,00000000
3,33028782;0,00000000;0,00000000
3,33039182;0,00000000;0,00000000
3,33049582;0,00000000;0,00000000
3,33059982;0,00000000;0,00000000
3,33070382;0,00000000;0,00000000
3,33080782;0,00000000;0,00000000
3,33091182;0,00000000;0,00000000
3,33101582;0,04336860;0,00000000
3,33111982;0,00000000;0,00000000
3,33122382;0,00000000;0,00000000
3,33132782;0,00000000;0,00000000
3,33143182;0,00000000;0,00000000
3,33153582;0,00000000;0,00000000
3,33163982;0,00000000;0,00000000
3,33174382;0,04336860;0,00000000
3,33184782;0,00000000;0,00000000
3,33195182;0,00000000;0,00000000
3,33205582;0,00000000;0,00000000
3,33215982;0,00000000;0,00000000
3,33226382;0,00000000;0,00000000
3,33236782;0,04336860;0,00000000
3,33247182;0,00000000;0,00000000
3,33257582;0,04336860;0,00000000
3,33267982;0,00000000;0,00000000
3,33278382;0,04336860;0,00000000
3,33288782;0,00000000;0,00000000
3,33299182;0,00000000;0,00000000
3,33309582;0,00000000;0,00000000
3,33319982;0,00000000;0,00000000
3,33330382;0,00000000;0,00000000
3,33340782;0,00000000;0,00000000
3,33351182;0,00000000;0,00000000
3,33361582;0,04336860;0,00000000
3,33371982;0,04336860;0,00000000
3,33382382;0,04336860;0,00000000
3,33392782;0,00000000;0,00000000
3,33403182;0,00000000;0,00000000
3,33413582;0,00000000;0,00000000
3,33423982;0,04336860;0,00000000
3,33434382;0,04336860;0,00000000
3,33444782;0,00000000;0,00000000
3,33455182;0,00000000;0,00000000
3,33465582;0,00000000;0,00000000
3,33475982;0,00000000;0,00000000
3,33486382;0,04336860;0,00000000
3,33496782;0,00000000;0,00000000
3,33507182;0,00000000;0,00000000
3,33517582;0,04336860;0,00000000
3,33527982;0,00000000;0,00000000
3,33538382;0,00000000;0,00000000
3,33548782;0,00000000;0,00000000
3,33559182;0,04336860;0,00000000
3,33569582;0,00000000;0,00000000
3,33579982;0,04336860;0,00000000
3,33590382;0,04336860;0,00000000
3,33600782;0,00000000;0,00000000
3,33611182;0,00000000;0,00000000
3,33621582;0,00000000;0,00000000
3,33631982;0,04336860;0,00000000
3,33642382;0,00000000;0,00000000
3,33652782;0,00000000;0,00000000
3,33663182;0,00000000;0,00000000
3,33673582;0,00000000;0,00000000
3,33683982;0,00000000;0,00000000
3,33694382;0,04336860;0,00000000
3,33704782;0,04336860;0,00000000
3,33715182;0,00000000;0,00000000
3,33725582;0,00000000;0,00000000
3,33735982;0,00000000;0,00000000
3,33746382;0,00000000;0,00000000
3,33756782;0,00000000;0,00000000
3,33767182;0,00000000;0,00000000
3,33777582;0,00000000;0,00000000
3,33787982;0,00000000;0,00000000
3,33798382;0,00000000;0,00000000
3,33808782;0,00000000;0,00000000
3,33819182;0,04336860;0,00000000
3,33829582;0,00000000;-0,01734744
3,33839982;0,04336860;0,00000000
3,33850382;0,04336860;0,00000000
3,33860782;0,00000000;0,00000000
3,33871182;0,00000000;0,00000000
3,33881582;0,04336860;0,00000000
3,33891982;0,00000000;0,00000000
3,33902382;0,00000000;0,00000000
3,33912782;0,00000000;0,00000000
3,33923182;0,00000000;0,00000000
3,33933582;0,00000000;0,00000000
3,33943982;0,00000000;0,00000000
3,33954382;0,00000000;-0,01734744
3,33964782;0,04336860;0,00000000
3,33975182;0,00000000;0,00000000
3,33985582;0,00000000;0,00000000
3,33995982;0,00000000;0,00000000
3,34006382;0,00000000;0,00000000
3,34016782;0,00000000;0,00000000
3,34027182;0,00000000;0,00000000
3,34037582;0,04336860;0,00000000
3,34047982;0,00000000;0,00000000
3,34058382;0,04336860;0,00000000
3,34068782;0,00000000;0,00000000
3,34079182;0,00000000;0,00000000
3,34089582;0,04336860;0,00000000
3,34099982;0,04336860;0,00000000
3,34110382;0,04336860;0,00000000
3,34120782;0,04336860;0,00000000
3,34131182;0,00000000;0,00000000
3,34141582;0,04336860;0,00000000
3,34151982;0,00000000;0,00000000
3,34162382;0,04336860;0,00000000
3,34172782;0,04336860;0,00000000
3,34183182;0,04336860;0,00000000
3,34193582;0,00000000;0,00000000
3,34203982;0,00000000;0,00000000
3,34214382;0,04336860;0,00000000
3,34224782;0,00000000;0,00000000
3,34235182;0,00000000;0,00000000
3,34245582;0,00000000;0,00000000
3,34255982;0,04336860;0,00000000
3,34266382;0,00000000;0,00000000
3,34276782;0,00000000;0,00000000
3,34287182;0,00000000;0,00000000
3,34297582;0,00000000;0,00000000
3,34307982;0,04336860;0,00000000
3,34318382;0,00000000;0,00000000
3,34328782;0,04336860;0,00000000
3,34339182;0,00000000;0,00000000
3,34349582;0,00000000;-0,01734744
3,34359982;0,00000000;0,00000000
3,34370382;0,04336860;0,00000000
3,34380782;0,00000000;0,00000000
3,34391182;0,00000000;0,00000000
3,34401582;0,00000000;0,00000000
3,34411982;0,04336860;0,00000000
3,34422382;0,00000000;0,00000000
3,34432782;0,00000000;0,00000000
3,34443182;0,00000000;0,00000000
3,34453582;0,00000000;0,00000000
3,34463982;0,00000000;0,00000000
3,34474382;0,00000000;-0,01734744
3,34484782;0,04336860;0,00000000
3,34495182;0,00000000;0,00000000
3,34505582;0,00000000;0,00000000
3,34515982;0,00000000;0,00000000
3,34526382;0,00000000;0,00000000
3,34536782;0,00000000;0,00000000
3,34547182;0,00000000;0,00000000
3,34557582;0,00000000;0,00000000
3,34567982;0,04336860;0,00000000
3,34578382;0,00000000;0,00000000
3,34588782;0,00000000;-0,01734744
3,34599182;0,00000000;0,00000000
3,34609582;0,00000000;0,00000000
3,34619982;0,04336860;0,00000000
3,34630382;0,00000000;0,00000000
3,34640782;0,00000000;0,00000000
3,34651182;0,00000000;0,00000000
3,34661582;0,00000000;0,00000000
3,34671982;0,04336860;0,00000000
3,34682382;0,00000000;0,00000000
3,34692782;0,00000000;0,00000000
3,34703182;0,00000000;0,00000000
3,34713582;0,00000000;0,00000000
3,34723982;0,00000000;0,00000000
3,34734382;0,00000000;0,00000000
3,34744782;0,00000000;0,00000000
3,34755182;0,00000000;0,00000000
3,34765582;0,00000000;0,00000000
3,34775982;0,04336860;0,00000000
3,34786382;0,00000000;0,00000000
3,34796782;0,00000000;0,00000000
3,34807182;0,00000000;0,00000000
3,34817582;0,00000000;0,00000000
3,34827982;0,04336860;0,00000000
3,34838382;0,04336860;0,00000000
3,34848782;0,00000000;0,00000000
3,34859182;0,00000000;0,00000000
3,34869582;0,00000000;0,00000000
3,34879982;0,00000000;0,00000000
3,34890382;0,00000000;-0,01734744
3,34900782;0,00000000;0,00000000
3,34911182;0,00000000;0,00000000
3,34921582;0,00000000;0,00000000
3,34931982;0,00000000;0,00000000
3,34942382;0,04336860;0,00000000
3,34952782;0,00000000;0,00000000
3,34963182;0,00000000;0,00000000
3,34973582;0,04336860;0,00000000
3,34983982;0,00000000;0,00000000
3,34994382;0,00000000;0,00000000
3,35004782;0,04336860;0,00000000
3,35015182;0,00000000;0,00000000
3,35025582;0,00000000;0,00000000
3,35035982;0,00000000;0,00000000
3,35046382;0,04336860;0,00000000
3,35056782;0,04336860;0,00000000
3,35067182;0,00000000;0,00000000
3,35077582;0,00000000;0,00000000
3,35087982;0,04336860;0,00000000
3,35098382;0,04336860;0,00000000
3,35108782;0,04336860;0,00000000
3,35119182;0,00000000;0,00000000
3,35129582;0,04336860;0,00000000
3,35139982;0,00000000;0,00000000
3,35150382;0,00000000;0,00000000
3,35160782;0,00000000;0,00000000
3,35171182;0,04336860;0,00000000
3,35181582;0,00000000;0,00000000
3,35191982;0,04336860;0,00000000
3,35202382;0,04336860;0,00000000
3,35212782;0,00000000;0,00000000
3,35223182;0,00000000;0,00000000
3,35233582;0,04336860;0,00000000
3,35243982;0,04336860;0,00000000
3,35254382;0,00000000;0,00000000
3,35264782;0,04336860;0,00000000
3,35275182;0,00000000;0,00000000
3,35285582;0,04336860;0,00000000
3,35295982;0,00000000;0,00000000
3,35306382;0,00000000;0,00000000
3,35316782;0,00000000;0,00000000
3,35327182;0,00000000;0,00000000
3,35337582;0,00000000;0,00000000
3,35347982;0,04336860;0,00000000
3,35358382;0,04336860;0,00000000
3,35368782;0,00000000;0,00000000
3,35379182;0,00000000;0,00000000
3,35389582;0,00000000;-0,01734744
3,35399982;0,00000000;-0,01734744
3,35410382;0,00000000;0,00000000
3,35420782;0,04336860;0,00000000
3,35431182;0,00000000;0,00000000
3,35441582;0,04336860;0,00000000
3,35451982;0,00000000;0,00000000
3,35462382;0,00000000;0,00000000
3,35472782;0,00000000;0,00000000
3,35483182;0,00000000;0,00000000
3,35493582;0,00000000;0,00000000
3,35503982;0,00000000;0,00000000
3,35514382;0,00000000;0,00000000
3,35524782;0,00000000;0,00000000
3,35535182;0,00000000;0,00000000
3,35545582;0,00000000;0,00000000
3,35555982;0,04336860;-0,01734744
3,35566382;0,04336860;0,00000000
3,35576782;0,00000000;0,00000000
3,35587182;0,00000000;0,00000000
3,35597582;0,00000000;0,00000000
3,35607982;0,00000000;0,00000000
3,35618382;0,00000000;0,00000000
3,35628782;0,00000000;0,00000000
3,35639182;0,04336860;0,00000000
3,35649582;0,00000000;0,00000000
3,35659982;0,04336860;0,00000000
3,35670382;0,04336860;0,00000000
3,35680782;0,00000000;0,00000000
3,35691182;0,00000000;0,00000000
3,35701582;0,00000000;0,00000000
3,35711982;0,04336860;0,00000000
3,35722382;0,00000000;0,00000000
3,35732782;0,04336860;0,00000000
3,35743182;0,00000000;0,00000000
3,35753582;0,00000000;0,00000000
3,35763982;0,00000000;0,00000000
3,35774382;0,00000000;0,00000000
3,35784782;0,00000000;0,00000000
3,35795182;0,04336860;0,00000000
3,35805582;0,04336860;0,00000000
3,35815982;0,00000000;0,00000000
3,35826382;0,00000000;0,00000000
3,35836782;0,00000000;0,00000000
3,35847182;0,00000000;-0,01734744
3,35857582;0,04336860;0,00000000
3,35867982;0,00000000;0,00000000
3,35878382;0,00000000;0,00000000
3,35888782;0,00000000;0,00000000
3,35899182;0,00000000;0,00000000
3,35909582;0,00000000;0,00000000
3,35919982;0,00000000;0,00000000
3,35930382;0,00000000;0,00000000
3,35940782;0,00000000;0,00000000
3,35951182;0,00000000;0,00000000
3,35961582;0,04336860;0,00000000
3,35971982;0,00000000;0,00000000
3,35982382;0,00000000;0,00000000
3,35992782;0,00000000;0,00000000
3,36003182;0,00000000;0,00000000
3,36013582;0,00000000;0,00000000
3,36023982;0,00000000;0,00000000
3,36034382;0,04336860;0,00000000
3,36044782;0,00000000;0,00000000
3,36055182;0,00000000;0,00000000
3,36065582;0,04336860;0,00000000
3,36075982;0,00000000;0,00000000
3,36086382;0,04336860;0,00000000
3,36096782;0,04336860;0,00000000
3,36107182;0,00000000;0,00000000
3,36117582;0,00000000;0,00000000
3,36127982;0,04336860;0,00000000
3,36138382;0,00000000;0,00000000
3,36148782;0,00000000;0,00000000
3,36159182;0,00000000;-0,01734744
3,36169582;0,00000000;0,00000000
3,36179982;0,00000000;0,00000000
3,36190382;0,04336860;0,00000000
3,36200782;0,00000000;0,00000000
3,36211182;0,00000000;0,00000000
3,36221582;0,00000000;0,00000000
3,36231982;0,00000000;0,00000000
3,36242382;0,00000000;0,00000000
3,36252782;0,00000000;0,00000000
3,36263182;0,00000000;0,00000000
3,36273582;0,00000000;0,00000000
3,36283982;0,00000000;-0,01734744
3,36294382;0,00000000;0,00000000
3,36304782;0,00000000;0,00000000
3,36315182;0,04336860;0,00000000
3,36325582;0,04336860;0,00000000
3,36335982;0,00000000;0,00000000
3,36346382;0,00000000;0,00000000
3,36356782;0,00000000;0,00000000
3,36367182;0,04336860;0,00000000
3,36377582;0,00000000;0,00000000
3,36387982;0,00000000;0,00000000
3,36398382;0,00000000;0,00000000
3,36408782;0,04336860;-0,01734744
3,36419182;0,00000000;0,00000000
3,36429582;0,00000000;0,00000000
3,36439982;0,00000000;0,00000000
3,36450382;0,00000000;0,00000000
3,36460782;0,04336860;0,00000000
3,36471182;0,00000000;0,00000000
3,36481582;0,00000000;0,00000000
3,36491982;0,04336860;0,00000000
3,36502382;0,00000000;0,00000000
3,36512782;0,04336860;0,00000000
3,36523182;0,00000000;0,00000000
3,36533582;0,00000000;0,00000000
3,36543982;0,04336860;0,00000000
3,36554382;0,00000000;0,00000000
3,36564782;0,04336860;0,00000000
3,36575182;0,00000000;0,00000000
3,36585582;0,00000000;0,00000000
3,36595982;0,00000000;0,00000000
3,36606382;0,00000000;0,00000000
3,36616782;0,04336860;0,00000000
3,36627182;0,00000000;0,00000000
3,36637582;0,04336860;0,00000000
3,36647982;0,04336860;0,00000000
3,36658382;0,00000000;0,00000000
3,36668782;0,04336860;0,00000000
3,36679182;0,04336860;0,00000000
3,36689582;0,00000000;0,00000000
3,36699982;0,00000000;0,00000000
3,36710382;0,00000000;0,00000000
3,36720782;0,04336860;0,00000000
3,36731182;0,04336860;0,00000000
3,36741582;0,00000000;0,00000000
3,36751982;0,04336860;0,00000000
3,36762382;0,04336860;0,00000000
3,36772782;0,04336860;0,00000000
3,36783182;0,00000000;0,00000000
3,36793582;0,00000000;0,00000000
3,36803982;0,00000000;0,00000000
3,36814382;0,00000000;0,00000000
3,36824782;0,04336860;0,00000000
3,36835182;0,04336860;0,00000000
3,36845582;0,00000000;0,00000000
3,36855982;0,00000000;0,00000000
3,36866382;0,04336860;0,00000000
3,36876782;0,00000000;0,00000000
3,36887182;0,00000000;0,00000000
3,36897582;0,04336860;0,00000000
3,36907982;0,00000000;0,00000000
3,36918382;0,00000000;0,00000000
3,36928782;0,00000000;0,00000000
3,36939182;0,00000000;0,00000000
3,36949582;0,04336860;0,00000000
3,36959982;0,00000000;0,00000000
3,36970382;0,00000000;0,00000000
3,36980782;0,00000000;0,00000000
3,36991182;0,00000000;0,00000000
3,37001582;0,00000000;0,00000000
3,37011982;0,04336860;0,00000000
3,37022382;0,04336860;0,00000000
3,37032782;0,00000000;0,00000000
3,37043182;0,00000000;0,00000000
3,37053582;0,04336860;0,00000000
3,37063982;0,00000000;-0,01734744
3,37074382;0,00000000;0,00000000
3,37084782;0,00000000;0,00000000
3,37095182;0,00000000;0,00000000
3,37105582;0,00000000;0,00000000
3,37115982;0,00000000;0,00000000
3,37126382;0,00000000;0,00000000
3,37136782;0,00000000;0,00000000
3,37147182;0,04336860;0,00000000
3,37157582;0,00000000;0,00000000
3,37167982;0,04336860;0,00000000
3,37178382;0,00000000;-0,01734744
3,37188782;0,00000000;0,00000000
3,37199182;0,00000000;0,00000000
3,37209582;0,00000000;0,00000000
3,37219982;0,04336860;0,00000000
3,37230382;0,04336860;0,00000000
3,37240782;0,00000000;0,00000000
3,37251182;0,04336860;0,00000000
3,37261582;0,00000000;0,00000000
3,37271982;0,00000000;0,00000000
3,37282382;0,00000000;0,00000000
3,37292782;0,00000000;0,00000000
3,37303182;0,04336860;0,00000000
3,37313582;0,00000000;0,00000000
3,37323982;0,00000000;0,00000000
3,37334382;0,00000000;0,00000000
3,37344782;0,00000000;0,00000000
3,37355182;0,00000000;0,00000000
3,37365582;0,00000000;0,00000000
3,37375982;0,00000000;0,00000000
3,37386382;0,00000000;0,00000000
3,37396782;0,00000000;0,00000000
3,37407182;0,00000000;0,00000000
3,37417582;0,04336860;0,00000000
3,37427982;0,00000000;-0,01734744
3,37438382;0,00000000;0,00000000
3,37448782;0,00000000;0,00000000
3,37459182;0,00000000;0,00000000
3,37469582;0,00000000;0,00000000
3,37479982;0,00000000;0,00000000
3,37490382;0,00000000;0,00000000
3,37500782;0,04336860;0,00000000
3,37511182;0,00000000;0,00000000
3,37521582;0,00000000;0,00000000
3,37531982;0,00000000;-0,01734744
3,37542382;0,00000000;0,00000000
3,37552782;0,00000000;-0,01734744
3,37563182;0,00000000;0,00000000
3,37573582;0,00000000;0,00000000
3,37583982;0,00000000;0,00000000
3,37594382;0,00000000;0,00000000
3,37604782;0,04336860;0,00000000
3,37615182;0,00000000;0,00000000
3,37625582;0,04336860;0,00000000
3,37635982;0,00000000;0,00000000
3,37646382;0,00000000;0,00000000
3,37656782;0,04336860;0,00000000
3,37667182;0,00000000;0,00000000
3,37677582;0,04336860;0,00000000
3,37687982;0,00000000;0,00000000
3,37698382;0,00000000;0,00000000
3,37708782;0,00000000;0,00000000
3,37719182;0,04336860;0,00000000
3,37729582;0,00000000;0,00000000
3,37739982;0,00000000;0,00000000
3,37750382;0,00000000;0,00000000
3,37760782;0,00000000;0,00000000
3,37771182;0,00000000;0,00000000
3,37781582;0,00000000;0,00000000
3,37791982;0,00000000;0,00000000
3,37802382;0,00000000;-0,01734744
3,37812782;0,00000000;0,00000000
3,37823182;0,00000000;0,00000000
3,37833582;0,00000000;0,00000000
3,37843982;0,00000000;0,00000000
3,37854382;0,00000000;0,00000000
3,37864782;0,04336860;-0,01734744
3,37875182;0,00000000;0,00000000
3,37885582;0,04336860;0,00000000
3,37895982;0,00000000;0,00000000
3,37906382;0,00000000;0,00000000
3,37916782;0,00000000;0,00000000
3,37927182;0,00000000;0,00000000
3,37937582;0,00000000;0,00000000
3,37947982;0,04336860;-0,01734744
3,37958382;0,04336860;0,00000000
3,37968782;0,00000000;0,00000000
3,37979182;0,00000000;0,00000000
3,37989582;0,04336860;0,00000000
3,37999982;0,04336860;0,00000000
3,38010382;0,00000000;-0,01734744
3,38020782;0,04336860;0,00000000
3,38031182;0,00000000;0,00000000
3,38041582;0,00000000;0,00000000
3,38051982;0,00000000;0,00000000
3,38062382;0,00000000;0,00000000
3,38072782;0,00000000;0,00000000
3,38083182;0,00000000;0,00000000
3,38093582;0,00000000;0,00000000
3,38103982;0,00000000;0,00000000
3,38114382;0,00000000;0,00000000
3,38124782;0,04336860;0,00000000
3,38135182;0,04336860;0,00000000
3,38145582;0,04336860;0,00000000
3,38155982;0,00000000;0,00000000
3,38166382;0,04336860;0,00000000
3,38176782;0,00000000;0,00000000
3,38187182;0,04336860;0,00000000
3,38197582;0,04336860;0,00000000
3,38207982;0,00000000;0,00000000
3,38218382;0,04336860;0,00000000
3,38228782;0,04336860;0,00000000
3,38239182;0,00000000;0,00000000
3,38249582;0,00000000;0,00000000
3,38259982;0,04336860;0,00000000
3,38270382;0,00000000;0,00000000
3,38280782;0,00000000;0,00000000
3,38291182;0,00000000;0,00000000
3,38301582;0,04336860;0,00000000
3,38311982;0,00000000;0,00000000
3,38322382;0,04336860;0,00000000
3,38332782;0,00000000;0,00000000
3,38343182;0,04336860;0,00000000
3,38353582;0,00000000;0,00000000
3,38363982;0,00000000;0,00000000
3,38374382;0,00000000;0,00000000
3,38384782;0,00000000;0,00000000
3,38395182;0,04336860;0,00000000
3,38405582;0,00000000;0,00000000
3,38415982;0,00000000;0,00000000
3,38426382;0,04336860;0,00000000
3,38436782;0,04336860;0,00000000
3,38447182;0,00000000;-0,01734744
3,38457582;0,00000000;0,00000000
3,38467982;0,00000000;0,00000000
3,38478382;0,04336860;0,00000000
3,38488782;0,00000000;0,00000000
3,38499182;0,00000000;0,00000000
3,38509582;0,04336860;0,00000000
3,38519982;0,04336860;0,00000000
3,38530382;0,04336860;0,00000000
3,38540782;0,04336860;0,00000000
3,38551182;0,00000000;0,00000000
3,38561582;0,04336860;0,00000000
3,38571982;0,00000000;0,00000000
3,38582382;0,00000000;0,00000000
3,38592782;0,00000000;0,00000000
3,38603182;0,00000000;0,00000000
3,38613582;0,00000000;0,00000000
3,38623982;0,00000000;0,00000000
3,38634382;0,04336860;0,00000000
3,38644782;0,00000000;0,00000000
3,38655182;0,04336860;0,00000000
3,38665582;0,04336860;0,00000000
3,38675982;0,00000000;0,00000000
3,38686382;0,04336860;0,00000000
3,38696782;0,00000000;0,00000000
3,38707182;0,00000000;0,00000000
3,38717582;0,00000000;0,00000000
3,38727982;0,04336860;0,00000000
3,38738382;0,04336860;0,00000000
3,38748782;0,04336860;0,00000000
3,38759182;0,00000000;-0,01734744
3,38769582;0,04336860;0,00000000
3,38779982;0,00000000;0,00000000
3,38790382;0,04336860;0,00000000
3,38800782;0,04336860;0,00000000
3,38811182;0,00000000;0,00000000
3,38821582;0,00000000;0,00000000
3,38831982;0,04336860;0,00000000
3,38842382;0,00000000;0,00000000
3,38852782;0,00000000;0,00000000
3,38863182;0,04336860;0,00000000
3,38873582;0,00000000;0,00000000
3,38883982;0,00000000;0,00000000
3,38894382;0,00000000;0,00000000
3,38904782;0,04336860;0,00000000
3,38915182;0,00000000;0,00000000
3,38925582;0,00000000;0,00000000
3,38935982;0,00000000;0,00000000
3,38946382;0,04336860;0,00000000
3,38956782;0,00000000;0,00000000
3,38967182;0,04336860;0,00000000
3,38977582;0,00000000;0,00000000
3,38987982;0,00000000;0,00000000
3,38998382;0,00000000;0,00000000
3,39008782;0,00000000;0,00000000
3,39019182;0,00000000;0,00000000
3,39029582;0,00000000;0,00000000
3,39039982;0,00000000;0,00000000
3,39050382;0,04336860;0,00000000
3,39060782;0,00000000;0,00000000
3,39071182;0,00000000;0,00000000
3,39081582;0,00000000;0,00000000
3,39091982;0,04336860;0,00000000
3,39102382;0,00000000;0,00000000
3,39112782;0,00000000;0,00000000
3,39123182;0,00000000;0,00000000
3,39133582;0,00000000;0,00000000
3,39143982;0,00000000;0,00000000
3,39154382;0,00000000;0,00000000
3,39164782;0,04336860;0,00000000
3,39175182;0,00000000;0,00000000
3,39185582;0,00000000;0,00000000
3,39195982;0,00000000;0,00000000
3,39206382;0,04336860;0,00000000
3,39216782;0,00000000;0,00000000
3,39227182;0,00000000;0,00000000
3,39237582;0,00000000;0,00000000
3,39247982;0,00000000;0,00000000
3,39258382;0,00000000;0,00000000
3,39268782;0,04336860;0,00000000
3,39279182;0,00000000;0,00000000
3,39289582;0,04336860;0,00000000
3,39299982;0,00000000;0,00000000
3,39310382;0,00000000;0,00000000
3,39320782;0,00000000;0,00000000
3,39331182;0,00000000;0,00000000
3,39341582;0,00000000;0,00000000
3,39351982;0,04336860;0,00000000
3,39362382;0,00000000;0,00000000
3,39372782;0,04336860;0,00000000
3,39383182;0,00000000;0,00000000
3,39393582;0,04336860;0,00000000
3,39403982;0,00000000;-0,01734744
3,39414382;0,00000000;0,00000000
3,39424782;0,00000000;0,00000000
3,39435182;0,00000000;0,00000000
3,39445582;0,00000000;0,00000000
3,39455982;0,04336860;0,00000000
3,39466382;0,00000000;0,00000000
3,39476782;0,00000000;0,00000000
3,39487182;0,00000000;0,00000000
3,39497582;0,00000000;0,00000000
3,39507982;0,00000000;0,00000000
3,39518382;0,00000000;0,00000000
3,39528782;0,04336860;0,00000000
3,39539182;0,04336860;0,00000000
3,39549582;0,00000000;0,00000000
3,39559982;0,04336860;0,00000000
3,39570382;0,00000000;0,00000000
3,39580782;0,00000000;0,00000000
3,39591182;0,00000000;0,00000000
3,39601582;0,04336860;0,00000000
3,39611982;0,04336860;0,00000000
3,39622382;0,04336860;0,00000000
3,39632782;0,04336860;0,00000000
3,39643182;0,00000000;0,00000000
3,39653582;0,00000000;0,00000000
3,39663982;0,04336860;0,00000000
3,39674382;0,04336860;0,00000000
3,39684782;0,00000000;0,00000000
3,39695182;0,04336860;0,00000000
3,39705582;0,00000000;0,00000000
3,39715982;0,00000000;0,00000000
3,39726382;0,00000000;0,00000000
3,39736782;0,00000000;-0,01734744
3,39747182;0,00000000;0,00000000
3,39757582;0,00000000;0,00000000
3,39767982;0,00000000;0,00000000
3,39778382;0,00000000;-0,01734744
3,39788782;0,04336860;0,00000000
3,39799182;0,00000000;0,00000000
3,39809582;0,00000000;0,00000000
3,39819982;0,00000000;0,00000000
3,39830382;0,04336860;0,00000000
3,39840782;0,00000000;0,00000000
3,39851182;0,00000000;0,00000000
3,39861582;0,04336860;0,00000000
3,39871982;0,04336860;0,00000000
3,39882382;0,00000000;0,00000000
3,39892782;0,04336860;0,00000000
3,39903182;0,00000000;0,00000000
3,39913582;0,00000000;0,00000000
3,39923982;0,04336860;0,00000000
3,39934382;0,00000000;0,00000000
3,39944782;0,04336860;0,00000000
3,39955182;0,00000000;0,00000000
3,39965582;0,00000000;0,00000000
3,39975982;0,00000000;0,00000000
3,39986382;0,00000000;0,00000000
3,39996782;0,00000000;0,00000000
3,40007182;0,00000000;0,00000000
3,40017582;0,04336860;0,00000000
3,40027982;0,00000000;0,00000000
3,40038382;0,04336860;0,00000000
3,40048782;0,00000000;0,00000000
3,40059182;0,00000000;0,00000000
3,40069582;0,00000000;0,00000000
3,40079982;0,00000000;0,00000000
3,40090382;0,00000000;0,00000000
3,40100782;0,00000000;0,00000000
3,40111182;0,00000000;0,00000000
3,40121582;0,00000000;0,00000000
3,40131982;0,04336860;0,00000000
3,40142382;0,00000000;0,00000000
3,40152782;0,00000000;0,00000000
3,40163182;0,04336860;0,00000000
3,40173582;0,04336860;0,00000000
3,40183982;0,00000000;0,00000000
3,40194382;0,00000000;0,00000000
3,40204782;0,00000000;0,00000000
3,40215182;0,00000000;0,00000000
3,40225582;0,00000000;0,00000000
3,40235982;0,00000000;0,00000000
3,40246382;0,00000000;0,00000000
3,40256782;0,00000000;0,00000000
3,40267182;0,00000000;0,00000000
3,40277582;0,00000000;0,00000000
3,40287982;0,00000000;0,00000000
3,40298382;0,00000000;0,00000000
3,40308782;0,00000000;0,00000000
3,40319182;0,04336860;0,00000000
3,40329582;0,00000000;0,00000000
3,40339982;0,04336860;0,00000000
3,40350382;0,00000000;0,00000000
3,40360782;0,00000000;0,00000000
3,40371182;0,00000000;0,00000000
3,40381582;0,04336860;0,00000000
3,40391982;0,00000000;0,00000000
3,40402382;0,00000000;0,00000000
3,40412782;0,00000000;0,00000000
3,40423182;0,00000000;0,00000000
3,40433582;0,04336860;0,00000000
3,40443982;0,04336860;0,00000000
3,40454382;0,00000000;0,00000000
3,40464782;0,04336860;0,00000000
3,40475182;0,00000000;0,00000000
3,40485582;0,00000000;0,00000000
3,40495982;0,00000000;0,00000000
3,40506382;0,00000000;0,00000000
3,40516782;0,00000000;0,00000000
3,40527182;0,00000000;0,00000000
3,40537582;0,00000000;0,00000000
3,40547982;0,00000000;0,00000000
3,40558382;0,04336860;0,00000000
3,40568782;0,00000000;0,00000000
3,40579182;0,00000000;0,00000000
3,40589582;0,00000000;0,00000000
3,40599982;0,00000000;0,00000000
3,40610382;0,00000000;0,00000000
3,40620782;0,00000000;0,00000000
3,40631182;0,00000000;0,00000000
3,40641582;0,04336860;0,00000000
3,40651982;0,04336860;0,00000000
3,40662382;0,04336860;-0,01734744
3,40672782;0,00000000;-0,01734744
3,40683182;0,00000000;0,00000000
3,40693582;0,00000000;0,00000000
3,40703982;0,00000000;0,00000000
3,40714382;0,00000000;0,00000000
3,40724782;0,00000000;0,00000000
3,40735182;0,04336860;0,00000000
3,40745582;0,04336860;0,00000000
3,40755982;0,00000000;0,00000000
3,40766382;0,00000000;0,00000000
3,40776782;0,00000000;0,00000000
3,40787182;0,04336860;0,00000000
3,40797582;0,00000000;0,00000000
3,40807982;0,00000000;0,00000000
3,40818382;0,00000000;0,00000000
3,40828782;0,00000000;0,00000000
3,40839182;0,00000000;0,00000000
3,40849582;0,00000000;0,00000000
3,40859982;0,00000000;0,00000000
3,40870382;0,04336860;0,00000000
3,40880782;0,00000000;0,00000000
3,40891182;0,00000000;0,00000000
3,40901582;0,00000000;0,00000000
3,40911982;0,00000000;0,00000000
3,40922382;0,00000000;0,00000000
3,40932782;0,00000000;0,00000000
3,40943182;0,00000000;-0,01734744
3,40953582;0,00000000;0,00000000
3,40963982;0,04336860;0,00000000
3,40974382;0,00000000;0,00000000
3,40984782;0,00000000;0,00000000
3,40995182;0,00000000;0,00000000
3,41005582;0,04336860;0,00000000
3,41015982;0,00000000;0,00000000
3,41026382;0,00000000;0,00000000
3,41036782;0,00000000;0,00000000
3,41047182;0,00000000;0,00000000
3,41057582;0,00000000;0,00000000
3,41067982;0,00000000;0,00000000
3,41078382;0,04336860;0,00000000
3,41088782;0,04336860;0,00000000
3,41099182;0,00000000;0,00000000
3,41109582;0,00000000;0,00000000
3,41119982;0,00000000;0,00000000
3,41130382;0,00000000;0,00000000
3,41140782;0,00000000;0,00000000
3,41151182;0,04336860;0,00000000
3,41161582;0,00000000;0,00000000
3,41171982;0,00000000;0,00000000
3,41182382;0,04336860;0,00000000
3,41192782;0,00000000;0,00000000
3,41203182;0,04336860;0,00000000
3,41213582;0,04336860;-0,01734744
3,41223982;0,04336860;0,00000000
3,41234382;0,00000000;0,00000000
3,41244782;0,00000000;0,00000000
3,41255182;0,00000000;0,00000000
3,41265582;0,00000000;0,00000000
3,41275982;0,00000000;0,00000000
3,41286382;0,00000000;-0,01734744
3,41296782;0,00000000;0,00000000
3,41307182;0,00000000;0,00000000
3,41317582;0,04336860;0,00000000
3,41327982;0,00000000;0,00000000
3,41338382;0,00000000;0,00000000
3,41348782;0,04336860;0,00000000
3,41359182;0,00000000;0,00000000
3,41369582;0,00000000;0,00000000
3,41379982;0,00000000;0,00000000
3,41390382;0,00000000;0,00000000
3,41400782;0,00000000;0,00000000
3,41411182;0,04336860;0,00000000
3,41421582;0,00000000;0,00000000
3,41431982;0,04336860;0,00000000
3,41442382;0,00000000;0,00000000
3,41452782;0,00000000;0,00000000
3,41463182;0,00000000;0,00000000
3,41473582;0,00000000;0,00000000
3,41483982;0,04336860;0,00000000
3,41494382;0,04336860;-0,01734744
3,41504782;0,00000000;0,00000000
3,41515182;0,04336860;0,00000000
3,41525582;0,00000000;0,00000000
3,41535982;0,00000000;0,00000000
3,41546382;0,00000000;0,00000000
3,41556782;0,00000000;0,00000000
3,41567182;0,00000000;0,00000000
3,41577582;0,00000000;0,00000000
3,41587982;0,04336860;0,00000000
3,41598382;0,00000000;0,00000000
3,41608782;0,00000000;0,00000000
3,41619182;0,00000000;0,00000000
3,41629582;0,00000000;0,00000000
3,41639982;0,00000000;0,00000000
3,41650382;0,00000000;0,00000000
3,41660782;0,00000000;0,00000000
3,41671182;0,04336860;0,00000000
3,41681582;0,00000000;0,00000000
3,41691982;0,04336860;0,00000000
3,41702382;0,00000000;0,00000000
3,41712782;0,00000000;0,00000000
3,41723182;0,00000000;0,00000000
3,41733582;0,00000000;0,00000000
3,41743982;0,00000000;0,00000000
3,41754382;0,00000000;0,00000000
3,41764782;0,00000000;0,00000000
3,41775182;0,04336860;0,00000000
3,41785582;0,00000000;0,00000000
3,41795982;0,00000000;0,00000000
3,41806382;0,04336860;0,00000000
3,41816782;0,04336860;0,00000000
3,41827182;0,04336860;0,00000000
3,41837582;0,00000000;0,00000000
3,41847982;0,00000000;0,00000000
3,41858382;0,00000000;0,00000000
3,41868782;0,04336860;0,00000000
3,41879182;0,00000000;0,00000000
3,41889582;0,00000000;0,00000000
3,41899982;0,04336860;0,00000000
3,41910382;0,00000000;0,00000000
3,41920782;0,00000000;0,00000000
3,41931182;0,04336860;0,00000000
3,41941582;0,00000000;0,00000000
3,41951982;0,00000000;0,00000000
3,41962382;0,00000000;-0,01734744
3,41972782;0,00000000;0,00000000
3,41983182;0,00000000;0,00000000
3,41993582;0,00000000;0,00000000
3,42003982;0,00000000;0,00000000
3,42014382;0,04336860;0,00000000
3,42024782;0,04336860;0,00000000
3,42035182;0,00000000;0,00000000
3,42045582;0,00000000;0,00000000
3,42055982;0,00000000;0,00000000
3,42066382;0,00000000;0,00000000
3,42076782;0,00000000;0,00000000
3,42087182;0,00000000;-0,01734744
3,42097582;0,00000000;0,00000000
3,42107982;0,04336860;0,00000000
3,42118382;0,04336860;0,00000000
3,42128782;0,04336860;0,00000000
3,42139182;0,04336860;0,00000000
3,42149582;0,00000000;0,00000000
3,42159982;0,00000000;0,00000000
3,42170382;0,04336860;0,00000000
3,42180782;0,00000000;0,00000000
3,42191182;0,04336860;-0,01734744
3,42201582;0,00000000;0,00000000
3,42211982;0,00000000;0,00000000
3,42222382;0,00000000;0,00000000
3,42232782;0,00000000;0,00000000
3,42243182;0,00000000;0,00000000
3,42253582;0,00000000;0,00000000
3,42263982;0,04336860;0,00000000
3,42274382;0,04336860;0,00000000
3,42284782;0,00000000;0,00000000
3,42295182;0,00000000;0,00000000
3,42305582;0,00000000;0,00000000
3,42315982;0,00000000;0,00000000
3,42326382;0,00000000;0,00000000
3,42336782;0,00000000;0,00000000
3,42347182;0,00000000;0,00000000
3,42357582;0,00000000;0,00000000
3,42367982;0,00000000;0,00000000
3,42378382;0,00000000;0,00000000
3,42388782;0,00000000;0,00000000
3,42399182;0,00000000;0,00000000
3,42409582;0,00000000;0,00000000
3,42419982;0,00000000;0,00000000
3,42430382;0,04336860;0,00000000
3,42440782;0,00000000;0,00000000
3,42451182;0,04336860;0,00000000
3,42461582;0,04336860;0,00000000
3,42471982;0,00000000;0,00000000
3,42482382;0,00000000;0,00000000
3,42492782;0,00000000;0,00000000
3,42503182;0,00000000;0,00000000
3,42513582;0,00000000;0,00000000
3,42523982;0,00000000;0,00000000
3,42534382;0,00000000;0,00000000
3,42544782;0,00000000;-0,01734744
3,42555182;0,00000000;0,00000000
3,42565582;0,00000000;0,00000000
3,42575982;0,04336860;0,00000000
3,42586382;0,04336860;0,00000000
3,42596782;0,00000000;0,00000000
3,42607182;0,00000000;0,00000000
3,42617582;0,00000000;0,00000000
3,42627982;0,00000000;0,00000000
3,42638382;0,04336860;0,00000000
3,42648782;0,00000000;0,00000000
3,42659182;0,04336860;0,00000000
3,42669582;0,00000000;0,00000000
3,42679982;0,04336860;0,00000000
3,42690382;0,00000000;0,00000000
3,42700782;0,00000000;0,00000000
3,42711182;0,00000000;0,00000000
3,42721582;0,00000000;0,00000000
3,42731982;0,00000000;0,00000000
3,42742382;0,00000000;0,00000000
3,42752782;0,00000000;0,00000000
3,42763182;0,00000000;0,00000000
3,42773582;0,04336860;0,00000000
3,42783982;0,00000000;0,00000000
3,42794382;0,04336860;-0,01734744
3,42804782;0,04336860;0,00000000
3,42815182;0,00000000;0,00000000
3,42825582;0,00000000;0,00000000
3,42835982;0,00000000;0,00000000
3,42846382;0,00000000;0,00000000
3,42856782;0,00000000;0,00000000
3,42867182;0,00000000;0,00000000
3,42877582;0,00000000;0,00000000
3,42887982;0,00000000;0,00000000
3,42898382;0,04336860;0,00000000
3,42908782;0,04336860;0,00000000
3,42919182;0,00000000;0,00000000
3,42929582;0,00000000;-0,01734744
3,42939982;0,00000000;0,00000000
3,42950382;0,04336860;0,00000000
3,42960782;0,00000000;0,00000000
3,42971182;0,00000000;0,00000000
3,42981582;0,00000000;-0,01734744
3,42991982;0,00000000;0,00000000
3,43002382;0,00000000;0,00000000
3,43012782;0,04336860;0,00000000
3,43023182;0,00000000;0,00000000
3,43033582;0,04336860;0,00000000
3,43043982;0,00000000;0,00000000
3,43054382;0,00000000;0,00000000
3,43064782;0,00000000;0,00000000
3,43075182;0,04336860;0,00000000
3,43085582;0,00000000;0,00000000
3,43095982;0,04336860;0,00000000
3,43106382;0,00000000;0,00000000
3,43116782;0,00000000;0,00000000
3,43127182;0,00000000;0,00000000
3,43137582;0,04336860;0,00000000
3,43147982;0,00000000;0,00000000
3,43158382;0,00000000;0,00000000
3,43168782;0,00000000;0,00000000
3,43179182;0,00000000;0,00000000
3,43189582;0,00000000;0,00000000
3,43199982;0,00000000;0,00000000
3,43210382;0,04336860;0,00000000
3,43220781;0,04336860;0,00000000
3,43231181;0,00000000;0,00000000
3,43241581;0,00000000;0,00000000
3,43251981;0,00000000;0,00000000
3,43262381;0,00000000;0,00000000
3,43272781;0,00000000;0,00000000
3,43283181;0,00000000;0,00000000
3,43293581;0,00000000;0,00000000
3,43303981;0,00000000;0,00000000
3,43314381;0,00000000;0,00000000
3,43324781;0,00000000;0,00000000
3,43335181;0,00000000;0,00000000
3,43345581;0,00000000;0,00000000
3,43355981;0,00000000;0,00000000
3,43366381;0,00000000;0,00000000
3,43376781;0,04336860;0,00000000
3,43387181;0,00000000;0,00000000
3,43397581;0,04336860;0,00000000
3,43407981;0,00000000;0,00000000
3,43418381;0,00000000;0,00000000
3,43428781;0,00000000;0,00000000
3,43439181;0,00000000;0,00000000
3,43449581;0,00000000;0,00000000
3,43459981;0,00000000;0,00000000
3,43470381;0,00000000;0,00000000
3,43480781;0,00000000;0,00000000
3,43491181;0,00000000;0,00000000
3,43501581;0,00000000;0,00000000
3,43511981;0,00000000;0,00000000
3,43522381;0,00000000;0,00000000
3,43532781;0,00000000;0,00000000
3,43543181;0,00000000;0,00000000
3,43553581;0,00000000;0,00000000
3,43563981;0,00000000;0,00000000
3,43574381;0,00000000;0,00000000
3,43584781;0,00000000;0,00000000
3,43595181;0,00000000;0,00000000
3,43605581;0,00000000;0,00000000
3,43615981;0,00000000;0,00000000
3,43626381;0,00000000;0,00000000
3,43636781;0,00000000;0,00000000
3,43647181;0,00000000;0,00000000
3,43657581;0,00000000;0,00000000
3,43667981;0,00000000;0,00000000
3,43678381;0,00000000;0,00000000
3,43688781;0,00000000;0,00000000
3,43699181;0,00000000;0,00000000
3,43709581;0,04336860;0,00000000
3,43719981;0,04336860;0,00000000
3,43730381;0,00000000;0,00000000
3,43740781;0,00000000;0,00000000
3,43751181;0,00000000;0,00000000
3,43761581;0,04336860;0,00000000
3,43771981;0,00000000;0,00000000
3,43782381;0,04336860;0,00000000
3,43792781;0,00000000;0,00000000
3,43803181;0,00000000;0,00000000
3,43813581;0,00000000;0,00000000
3,43823981;0,00000000;0,00000000
3,43834381;0,04336860;0,00000000
3,43844781;0,04336860;0,00000000
3,43855181;0,04336860;0,00000000
3,43865581;0,00000000;0,00000000
3,43875981;0,00000000;0,00000000
3,43886381;0,04336860;0,00000000
3,43896781;0,04336860;0,00000000
3,43907181;0,00000000;0,00000000
3,43917581;0,00000000;0,00000000
3,43927981;0,00000000;0,00000000
3,43938381;0,00000000;0,00000000
3,43948781;0,00000000;0,00000000
3,43959181;0,00000000;0,00000000
3,43969581;0,00000000;0,00000000
3,43979981;0,00000000;0,00000000
3,43990381;0,00000000;0,00000000
3,44000781;0,00000000;0,00000000
3,44011181;0,00000000;0,00000000
3,44021581;0,04336860;0,00000000
3,44031981;0,00000000;0,00000000
3,44042381;0,04336860;0,00000000
3,44052781;0,00000000;0,00000000
3,44063181;0,00000000;0,00000000
3,44073581;0,04336860;0,00000000
3,44083981;0,04336860;0,00000000
3,44094381;0,00000000;0,00000000
3,44104781;0,00000000;0,00000000
3,44115181;0,04336860;0,00000000
3,44125581;0,00000000;0,00000000
3,44135981;0,00000000;-0,01734744
3,44146381;0,00000000;0,00000000
3,44156781;0,00000000;0,00000000
3,44167181;0,00000000;0,00000000
3,44177581;0,00000000;0,00000000
3,44187981;0,00000000;0,00000000
3,44198381;0,00000000;0,00000000
3,44208781;0,04336860;0,00000000
3,44219181;0,00000000;0,00000000
3,44229581;0,00000000;0,00000000
3,44239981;0,00000000;0,00000000
3,44250381;0,00000000;0,00000000
3,44260781;0,00000000;0,00000000
3,44271181;0,00000000;0,00000000
3,44281581;0,00000000;0,00000000
3,44291981;0,00000000;0,00000000
3,44302381;0,00000000;0,00000000
3,44312781;0,00000000;0,00000000
3,44323181;0,04336860;0,00000000
3,44333581;0,00000000;0,00000000
3,44343981;0,00000000;0,00000000
3,44354381;0,00000000;0,00000000
3,44364781;0,00000000;0,00000000
3,44375181;0,00000000;0,00000000
3,44385581;0,00000000;0,00000000
3,44395981;0,00000000;0,00000000
3,44406381;0,00000000;0,00000000
3,44416781;0,00000000;0,00000000
3,44427181;0,00000000;0,00000000
3,44437581;0,00000000;0,00000000
3,44447981;0,00000000;0,00000000
3,44458381;0,00000000;0,00000000
3,44468781;0,00000000;0,00000000
3,44479181;0,00000000;0,00000000
3,44489581;0,00000000;0,00000000
3,44499981;0,00000000;0,00000000
3,44510381;0,04336860;0,00000000
3,44520781;0,00000000;0,00000000
3,44531181;0,00000000;0,00000000
3,44541581;0,04336860;0,00000000
3,44551981;0,00000000;0,00000000
3,44562381;0,00000000;0,00000000
3,44572781;0,00000000;0,00000000
3,44583181;0,00000000;0,00000000
3,44593581;0,00000000;0,00000000
3,44603981;0,00000000;0,00000000
3,44614381;0,04336860;0,00000000
3,44624781;0,00000000;0,00000000
3,44635181;0,04336860;0,00000000
3,44645581;0,04336860;0,00000000
3,44655981;0,00000000;0,00000000
3,44666381;0,00000000;0,00000000
3,44676781;0,00000000;0,00000000
3,44687181;0,04336860;0,00000000
3,44697581;0,04336860;0,00000000
3,44707981;0,00000000;0,00000000
3,44718381;0,04336860;0,00000000
3,44728781;0,04336860;0,00000000
3,44739181;0,00000000;0,00000000
3,44749581;0,00000000;0,00000000
3,44759981;0,00000000;0,00000000
3,44770381;0,00000000;0,00000000
3,44780781;0,00000000;0,00000000
3,44791181;0,00000000;0,00000000
3,44801581;0,04336860;0,00000000
3,44811981;0,00000000;0,00000000
3,44822381;0,00000000;0,00000000
3,44832781;0,04336860;0,00000000
3,44843181;0,00000000;0,00000000
3,44853581;0,00000000;0,00000000
3,44863981;0,00000000;0,00000000
3,44874381;0,00000000;0,00000000
3,44884781;0,00000000;0,00000000
3,44895181;0,04336860;-0,01734744
3,44905581;0,00000000;0,00000000
3,44915981;0,00000000;0,00000000
3,44926381;0,00000000;0,00000000
3,44936781;0,04336860;0,00000000
3,44947181;0,04336860;0,00000000
3,44957581;0,00000000;0,00000000
3,44967981;0,00000000;0,00000000
3,44978381;0,00000000;-0,01734744
3,44988781;0,04336860;0,00000000
3,44999181;0,00000000;0,00000000
3,45009581;0,04336860;0,00000000
3,45019981;0,00000000;0,00000000
3,45030381;0,00000000;0,00000000
3,45040781;0,04336860;0,00000000
3,45051181;0,00000000;0,00000000
3,45061581;0,04336860;0,00000000
3,45071981;0,04336860;0,00000000
3,45082381;0,00000000;0,00000000
3,45092781;0,04336860;0,00000000
3,45103181;0,00000000;0,00000000
3,45113581;0,04336860;-0,01734744
3,45123981;0,00000000;0,00000000
3,45134381;0,00000000;0,00000000
3,45144781;0,04336860;0,00000000
3,45155181;0,04336860;0,00000000
3,45165581;0,00000000;0,00000000
3,45175981;0,04336860;0,00000000
3,45186381;0,00000000;0,00000000
3,45196781;0,04336860;-0,01734744
3,45207181;0,00000000;0,00000000
3,45217581;0,00000000;0,00000000
3,45227981;0,00000000;0,00000000
3,45238381;0,00000000;0,00000000
3,45248781;0,04336860;0,00000000
3,45259181;0,00000000;0,00000000
3,45269581;0,00000000;0,00000000
3,45279981;0,00000000;0,00000000
3,45290381;0,00000000;-0,01734744
3,45300781;0,04336860;0,00000000
3,45311181;0,00000000;0,00000000
3,45321581;0,00000000;0,00000000
3,45331981;0,00000000;0,00000000
3,45342381;0,00000000;0,00000000
3,45352781;0,00000000;-0,01734744
3,45363181;0,00000000;0,00000000
3,45373581;0,00000000;0,00000000
3,45383981;0,00000000;0,00000000
3,45394381;0,00000000;0,00000000
3,45404781;0,04336860;0,00000000
3,45415181;0,00000000;0,00000000
3,45425581;0,00000000;0,00000000
3,45435981;0,00000000;0,00000000
3,45446381;0,00000000;0,00000000
3,45456781;0,00000000;0,00000000
3,45467181;0,00000000;0,00000000
3,45477581;0,00000000;0,00000000
3,45487981;0,00000000;0,00000000
3,45498381;0,00000000;0,00000000
3,45508781;0,00000000;0,00000000
3,45519181;0,00000000;0,00000000
3,45529581;0,00000000;0,00000000
3,45539981;0,00000000;-0,01734744
3,45550381;0,00000000;0,00000000
3,45560781;0,00000000;0,00000000
3,45571181;0,04336860;0,00000000
3,45581581;0,00000000;0,00000000
3,45591981;0,04336860;0,00000000
3,45602381;0,00000000;0,00000000
3,45612781;0,00000000;0,00000000
3,45623181;0,00000000;0,00000000
3,45633581;0,00000000;0,00000000
3,45643981;0,04336860;0,00000000
3,45654381;0,04336860;0,00000000
3,45664781;0,00000000;0,00000000
3,45675181;0,04336860;0,00000000
3,45685581;0,00000000;0,00000000
3,45695981;0,04336860;0,00000000
3,45706381;0,00000000;0,00000000
3,45716781;0,00000000;0,00000000
3,45727181;0,00000000;0,00000000
3,45737581;0,04336860;0,00000000
3,45747981;0,00000000;0,00000000
3,45758381;0,00000000;0,00000000
3,45768781;0,00000000;0,00000000
3,45779181;0,00000000;0,00000000
3,45789581;0,00000000;-0,01734744
3,45799981;0,00000000;0,00000000
3,45810381;0,00000000;0,00000000
3,45820781;0,00000000;0,00000000
3,45831181;0,00000000;0,00000000
3,45841581;0,00000000;0,00000000
3,45851981;0,00000000;0,00000000
3,45862381;0,04336860;0,00000000
3,45872781;0,00000000;0,00000000
3,45883181;0,04336860;0,00000000
3,45893581;0,00000000;-0,01734744
3,45903981;0,00000000;0,00000000
3,45914381;0,00000000;0,00000000
3,45924781;0,04336860;0,00000000
3,45935181;0,04336860;0,00000000
3,45945581;0,04336860;0,00000000
3,45955981;0,00000000;0,00000000
3,45966381;0,04336860;0,00000000
3,45976781;0,04336860;0,00000000
3,45987181;0,00000000;0,00000000
3,45997581;0,00000000;0,00000000
3,46007981;0,00000000;0,00000000
3,46018381;0,00000000;0,00000000
3,46028781;0,00000000;0,00000000
3,46039181;0,04336860;0,00000000
3,46049581;0,00000000;0,00000000
3,46059981;0,00000000;0,00000000
3,46070381;0,04336860;0,00000000
3,46080781;0,00000000;0,00000000
3,46091181;0,00000000;0,00000000
3,46101581;0,04336860;0,00000000
3,46111981;0,00000000;0,00000000
3,46122381;0,00000000;0,00000000
3,46132781;0,00000000;0,00000000
3,46143181;0,00000000;0,00000000
3,46153581;0,00000000;0,00000000
3,46163981;0,00000000;0,00000000
3,46174381;0,00000000;0,00000000
3,46184781;0,00000000;0,00000000
3,46195181;0,04336860;0,00000000
3,46205581;0,00000000;0,00000000
3,46215981;0,00000000;0,00000000
3,46226381;0,00000000;0,00000000
3,46236781;0,04336860;0,00000000
3,46247181;0,00000000;0,00000000
3,46257581;0,04336860;0,00000000
3,46267981;0,04336860;0,00000000
3,46278381;0,00000000;-0,01734744
3,46288781;0,00000000;0,00000000
3,46299181;0,04336860;0,00000000
3,46309581;0,00000000;0,00000000
3,46319981;0,00000000;0,00000000
3,46330381;0,04336860;0,00000000
3,46340781;0,04336860;0,00000000
3,46351181;0,00000000;0,00000000
3,46361581;0,04336860;0,00000000
3,46371981;0,00000000;0,00000000
3,46382381;0,04336860;0,00000000
3,46392781;0,00000000;0,00000000
3,46403181;0,00000000;0,00000000
3,46413581;0,04336860;0,00000000
3,46423981;0,00000000;0,00000000
3,46434381;0,00000000;0,00000000
3,46444781;0,00000000;0,00000000
3,46455181;0,00000000;0,00000000
3,46465581;0,00000000;0,00000000
3,46475981;0,00000000;0,00000000
3,46486381;0,00000000;0,00000000
3,46496781;0,00000000;0,00000000
3,46507181;0,00000000;0,00000000
3,46517581;0,00000000;0,00000000
3,46527981;0,00000000;0,00000000
3,46538381;0,00000000;0,00000000
3,46548781;0,00000000;0,00000000
3,46559181;0,04336860;0,00000000
3,46569581;0,00000000;0,00000000
3,46579981;0,00000000;0,00000000
3,46590381;0,00000000;0,00000000
3,46600781;0,00000000;0,00000000
3,46611181;0,04336860;0,00000000
3,46621581;0,00000000;0,00000000
3,46631981;0,00000000;0,00000000
3,46642381;0,04336860;0,00000000
3,46652781;0,04336860;0,00000000
3,46663181;0,00000000;0,00000000
3,46673581;0,04336860;0,00000000
3,46683981;0,00000000;0,00000000
3,46694381;0,00000000;0,00000000
3,46704781;0,04336860;0,00000000
3,46715181;0,00000000;0,00000000
3,46725581;0,04336860;0,00000000
3,46735981;0,00000000;0,00000000
3,46746381;0,00000000;0,00000000
3,46756781;0,04336860;0,00000000
3,46767181;0,00000000;0,00000000
3,46777581;0,00000000;0,00000000
3,46787981;0,00000000;0,00000000
3,46798381;0,00000000;0,00000000
3,46808781;0,04336860;0,00000000
3,46819181;0,00000000;0,00000000
3,46829581;0,00000000;0,00000000
3,46839981;0,00000000;0,00000000
3,46850381;0,00000000;0,00000000
3,46860781;0,00000000;0,00000000
3,46871181;0,00000000;0,00000000
3,46881581;0,00000000;0,00000000
3,46891981;0,00000000;0,00000000
3,46902381;0,00000000;0,00000000
3,46912781;0,00000000;0,00000000
3,46923181;0,00000000;0,00000000
3,46933581;0,00000000;0,00000000
3,46943981;0,00000000;0,00000000
3,46954381;0,04336860;0,00000000
3,46964781;0,00000000;0,00000000
3,46975181;0,04336860;0,00000000
3,46985581;0,00000000;0,00000000
3,46995981;0,00000000;0,00000000
3,47006381;0,04336860;0,00000000
3,47016781;0,00000000;0,00000000
3,47027181;0,00000000;0,00000000
3,47037581;0,00000000;0,00000000
3,47047981;0,00000000;0,00000000
3,47058381;0,00000000;0,00000000
3,47068781;0,00000000;0,00000000
3,47079181;0,00000000;0,00000000
3,47089581;0,00000000;-0,01734744
3,47099981;0,04336860;0,00000000
3,47110381;0,04336860;0,00000000
3,47120781;0,00000000;0,00000000
3,47131181;0,00000000;0,00000000
3,47141581;0,00000000;0,00000000
3,47151981;0,00000000;0,00000000
3,47162381;0,00000000;0,00000000
3,47172781;0,00000000;0,00000000
3,47183181;0,00000000;0,00000000
3,47193581;0,00000000;0,00000000
3,47203981;0,00000000;0,00000000
3,47214381;0,00000000;0,00000000
3,47224781;0,00000000;0,00000000
3,47235181;0,00000000;0,00000000
3,47245581;0,00000000;0,00000000
3,47255981;0,00000000;0,00000000
3,47266381;0,00000000;0,00000000
3,47276781;0,00000000;0,00000000
3,47287181;0,00000000;0,00000000
3,47297581;0,04336860;0,00000000
3,47307981;0,00000000;0,00000000
3,47318381;0,04336860;0,00000000
3,47328781;0,00000000;0,00000000
3,47339181;0,00000000;0,00000000
3,47349581;0,00000000;0,00000000
3,47359981;0,04336860;0,00000000
3,47370381;0,00000000;0,00000000
3,47380781;0,00000000;0,00000000
3,47391181;0,00000000;0,00000000
3,47401581;0,00000000;0,00000000
3,47411981;0,00000000;0,00000000
3,47422381;0,00000000;0,00000000
3,47432781;0,00000000;0,00000000
3,47443181;0,00000000;0,00000000
3,47453581;0,00000000;0,00000000
3,47463981;0,00000000;0,00000000
3,47474381;0,00000000;0,00000000
3,47484781;0,00000000;0,00000000
3,47495181;0,00000000;0,00000000
3,47505581;0,00000000;0,00000000
3,47515981;0,00000000;-0,01734744
3,47526381;0,00000000;0,00000000
3,47536781;0,00000000;0,00000000
3,47547181;0,00000000;0,00000000
3,47557581;0,00000000;0,00000000
3,47567981;0,00000000;0,00000000
3,47578381;0,00000000;0,00000000
3,47588781;0,00000000;0,00000000
3,47599181;0,00000000;0,00000000
3,47609581;0,04336860;0,00000000
3,47619981;0,00000000;0,00000000
3,47630381;0,04336860;0,00000000
3,47640781;0,00000000;0,00000000
3,47651181;0,00000000;0,00000000
3,47661581;0,00000000;0,00000000
3,47671981;0,00000000;0,00000000
3,47682381;0,00000000;0,00000000
3,47692781;0,00000000;0,00000000
3,47703181;0,00000000;0,00000000
3,47713581;0,00000000;0,00000000
3,47723981;0,04336860;0,00000000
3,47734381;0,00000000;0,00000000
3,47744781;0,00000000;0,00000000
3,47755181;0,00000000;0,00000000
3,47765581;0,00000000;0,00000000
3,47775981;0,00000000;0,00000000
3,47786381;0,00000000;0,00000000
3,47796781;0,00000000;0,00000000
3,47807181;0,00000000;0,00000000
3,47817581;0,00000000;0,00000000
3,47827981;0,00000000;0,00000000
3,47838381;0,00000000;0,00000000
3,47848781;0,00000000;0,00000000
3,47859181;0,00000000;0,00000000
3,47869581;0,00000000;0,00000000
3,47879981;0,00000000;0,00000000
3,47890381;0,00000000;0,00000000
3,47900781;0,00000000;0,00000000
3,47911181;0,00000000;0,00000000
3,47921581;0,00000000;0,00000000
3,47931981;0,00000000;0,00000000
3,47942381;0,00000000;0,00000000
3,47952781;0,00000000;0,00000000
3,47963181;0,04336860;0,00000000
3,47973581;0,00000000;0,00000000
3,47983981;0,04336860;0,00000000
3,47994381;0,04336860;0,00000000
3,48004781;0,00000000;0,00000000
3,48015181;0,04336860;0,00000000
3,48025581;0,00000000;0,00000000
3,48035981;0,00000000;0,00000000
3,48046381;0,00000000;0,00000000
3,48056781;0,00000000;0,00000000
3,48067181;0,00000000;0,00000000
3,48077581;0,04336860;0,00000000
3,48087981;0,00000000;0,00000000
3,48098381;0,00000000;0,00000000
3,48108781;0,00000000;0,00000000
3,48119181;0,00000000;0,00000000
3,48129581;0,00000000;0,00000000
3,48139981;0,00000000;0,00000000
3,48150381;0,04336860;0,00000000
3,48160781;0,00000000;0,00000000
3,48171181;0,00000000;0,00000000
3,48181581;0,00000000;0,00000000
3,48191981;0,00000000;0,00000000
3,48202381;0,04336860;-0,01734744
3,48212781;0,00000000;0,00000000
3,48223181;0,00000000;0,00000000
3,48233581;0,00000000;0,00000000
3,48243981;0,00000000;0,00000000
3,48254381;0,04336860;0,00000000
3,48264781;0,00000000;0,00000000
3,48275181;0,00000000;0,00000000
3,48285581;0,04336860;0,00000000
3,48295981;0,00000000;0,00000000
3,48306381;0,00000000;0,00000000
3,48316781;0,00000000;0,00000000
3,48327181;0,00000000;0,00000000
3,48337581;0,04336860;0,00000000
3,48347981;0,00000000;0,00000000
3,48358381;0,00000000;0,00000000
3,48368781;0,00000000;0,00000000
3,48379181;0,00000000;0,00000000
3,48389581;0,00000000;-0,01734744
3,48399981;0,04336860;0,00000000
3,48410381;0,04336860;0,00000000
3,48420781;0,04336860;0,00000000
3,48431181;0,00000000;0,00000000
3,48441581;0,00000000;0,00000000
3,48451981;0,00000000;0,00000000
3,48462381;0,00000000;0,00000000
3,48472781;0,00000000;0,00000000
3,48483181;0,00000000;0,00000000
3,48493581;0,00000000;0,00000000
3,48503981;0,04336860;0,00000000
3,48514381;0,00000000;0,00000000
3,48524781;0,04336860;0,00000000
3,48535181;0,00000000;0,00000000
3,48545581;0,00000000;0,00000000
3,48555981;0,00000000;0,00000000
3,48566381;0,00000000;0,00000000
3,48576781;0,00000000;0,00000000
3,48587181;0,00000000;0,00000000
3,48597581;0,00000000;0,00000000
3,48607981;0,00000000;0,00000000
3,48618381;0,00000000;0,00000000
3,48628781;0,04336860;0,00000000
3,48639181;0,00000000;0,00000000
3,48649581;0,00000000;0,00000000
3,48659981;0,00000000;0,00000000
3,48670381;0,00000000;0,00000000
3,48680781;0,00000000;0,00000000
3,48691181;0,00000000;0,00000000
3,48701581;0,00000000;0,00000000
3,48711981;0,04336860;0,00000000
3,48722381;0,04336860;0,00000000
3,48732781;0,00000000;0,00000000
3,48743181;0,00000000;0,00000000
3,48753581;0,04336860;0,00000000
3,48763981;0,00000000;0,00000000
3,48774381;0,00000000;0,00000000
3,48784781;0,00000000;0,00000000
3,48795181;0,04336860;0,00000000
3,48805581;0,00000000;0,00000000
3,48815981;0,00000000;0,00000000
3,48826381;0,00000000;0,00000000
3,48836781;0,00000000;0,00000000
3,48847181;0,00000000;0,00000000
3,48857581;0,00000000;-0,01734744
3,48867981;0,00000000;0,00000000
3,48878381;0,00000000;0,00000000
3,48888781;0,04336860;0,00000000
3,48899181;0,04336860;0,00000000
3,48909581;0,00000000;0,00000000
3,48919981;0,00000000;0,00000000
3,48930381;0,00000000;0,00000000
3,48940781;0,00000000;-0,01734744
3,48951181;0,00000000;0,00000000
3,48961581;0,04336860;0,00000000
3,48971981;0,00000000;0,00000000
3,48982381;0,00000000;0,00000000
3,48992781;0,00000000;0,00000000
3,49003181;0,04336860;0,00000000
3,49013581;0,04336860;0,00000000
3,49023981;0,00000000;0,00000000
3,49034381;0,00000000;0,00000000
3,49044781;0,04336860;0,00000000
3,49055181;0,00000000;0,00000000
3,49065581;0,04336860;0,00000000
3,49075981;0,00000000;0,00000000
3,49086381;0,00000000;0,00000000
3,49096781;0,00000000;0,00000000
3,49107181;0,00000000;0,00000000
3,49117581;0,00000000;-0,01734744
3,49127981;0,00000000;0,00000000
3,49138381;0,04336860;0,00000000
3,49148781;0,04336860;0,00000000
3,49159181;0,00000000;0,00000000
3,49169581;0,04336860;0,00000000
3,49179981;0,00000000;0,00000000
3,49190381;0,00000000;0,00000000
3,49200781;0,00000000;0,00000000
3,49211181;0,04336860;0,00000000
3,49221581;0,00000000;0,00000000
3,49231981;0,00000000;0,00000000
3,49242381;0,00000000;0,00000000
3,49252781;0,00000000;0,00000000
3,49263181;0,00000000;0,00000000
3,49273581;0,00000000;0,00000000
3,49283981;0,00000000;0,00000000
3,49294381;0,00000000;0,00000000
3,49304781;0,00000000;0,00000000
3,49315181;0,04336860;0,00000000
3,49325581;0,00000000;0,00000000
3,49335981;0,04336860;0,00000000
3,49346381;0,00000000;0,00000000
3,49356781;0,04336860;0,00000000
3,49367181;0,00000000;0,00000000
3,49377581;0,00000000;0,00000000
3,49387981;0,00000000;0,00000000
3,49398381;0,04336860;0,00000000
3,49408781;0,00000000;0,00000000
3,49419181;0,00000000;0,00000000
3,49429581;0,00000000;0,00000000
3,49439981;0,00000000;0,00000000
3,49450381;0,00000000;0,00000000
3,49460781;0,00000000;0,00000000
3,49471181;0,00000000;0,00000000
3,49481581;0,04336860;0,00000000
3,49491981;0,00000000;0,00000000
3,49502381;0,00000000;0,00000000
3,49512781;0,00000000;0,00000000
3,49523181;0,04336860;0,00000000
3,49533581;0,00000000;0,00000000
3,49543981;0,04336860;0,00000000
3,49554381;0,00000000;0,00000000
3,49564781;0,00000000;0,00000000
3,49575181;0,00000000;0,00000000
3,49585581;0,00000000;0,00000000
3,49595981;0,04336860;0,00000000
3,49606381;0,00000000;0,00000000
3,49616781;0,00000000;0,00000000
3,49627181;0,04336860;0,00000000
3,49637581;0,00000000;0,00000000
3,49647981;0,00000000;0,00000000
3,49658381;0,00000000;0,00000000
3,49668781;0,00000000;0,00000000
3,49679181;0,00000000;0,00000000
3,49689581;0,00000000;0,00000000
3,49699981;0,00000000;0,00000000
3,49710381;0,04336860;0,00000000
3,49720781;0,00000000;0,00000000
3,49731181;0,00000000;0,00000000
3,49741581;0,04336860;0,00000000
3,49751981;0,00000000;0,00000000
3,49762381;0,00000000;-0,01734744
3,49772781;0,00000000;0,00000000
3,49783181;0,00000000;0,00000000
3,49793581;0,00000000;0,00000000
3,49803981;0,00000000;0,00000000
3,49814381;0,00000000;0,00000000
3,49824781;0,00000000;0,00000000
3,49835181;0,04336860;0,00000000
3,49845581;0,04336860;0,00000000
3,49855981;0,04336860;0,00000000
3,49866381;0,00000000;0,00000000
3,49876781;0,04336860;0,00000000
3,49887181;0,00000000;0,00000000
3,49897581;0,00000000;0,00000000
3,49907981;0,00000000;0,00000000
3,49918381;0,00000000;0,00000000
3,49928781;0,00000000;0,00000000
3,49939181;0,00000000;0,00000000
3,49949581;0,00000000;0,00000000
3,49959981;0,00000000;0,00000000
3,49970381;0,00000000;0,00000000
3,49980781;0,00000000;0,00000000
3,49991181;0,00000000;0,00000000
3,50001581;0,04336860;0,00000000
3,50011981;0,00000000;0,00000000
3,50022381;0,04336860;0,00000000
3,50032781;0,00000000;0,00000000
3,50043181;0,00000000;0,00000000
3,50053581;0,00000000;0,00000000
3,50063981;0,00000000;0,00000000
3,50074381;0,00000000;0,00000000
3,50084781;0,00000000;-0,01734744
3,50095181;0,00000000;0,00000000
3,50105581;0,00000000;0,00000000
3,50115981;0,00000000;-0,01734744
3,50126381;0,04336860;0,00000000
3,50136781;0,04336860;0,00000000
3,50147181;0,00000000;0,00000000
3,50157581;0,00000000;0,00000000
3,50167981;0,04336860;0,00000000
3,50178381;0,00000000;0,00000000
3,50188781;0,00000000;0,00000000
3,50199181;0,00000000;0,00000000
3,50209581;0,00000000;0,00000000
3,50219981;0,00000000;0,00000000
3,50230381;0,00000000;0,00000000
3,50240781;0,00000000;0,00000000
3,50251181;0,00000000;0,00000000
3,50261581;0,00000000;0,00000000
3,50271981;0,00000000;0,00000000
3,50282381;0,00000000;0,00000000
3,50292781;0,00000000;0,00000000
3,50303181;0,00000000;0,00000000
3,50313581;0,00000000;0,00000000
3,50323981;0,00000000;0,00000000
3,50334381;0,00000000;0,00000000
3,50344781;0,00000000;0,00000000
3,50355181;0,00000000;0,00000000
3,50365581;0,00000000;0,00000000
3,50375981;0,00000000;0,00000000
3,50386381;0,04336860;0,00000000
3,50396781;0,00000000;0,00000000
3,50407181;0,00000000;0,00000000
3,50417581;0,00000000;0,00000000
3,50427981;0,00000000;0,00000000
3,50438381;0,04336860;0,00000000
3,50448781;0,00000000;0,00000000
3,50459181;0,04336860;0,00000000
3,50469581;0,04336860;0,00000000
3,50479981;0,00000000;0,00000000
3,50490381;0,00000000;0,00000000
3,50500781;0,04336860;0,00000000
3,50511181;0,00000000;0,00000000
3,50521581;0,00000000;0,00000000
3,50531981;0,00000000;0,00000000
3,50542381;0,00000000;0,00000000
3,50552781;0,00000000;0,00000000
3,50563181;0,04336860;0,00000000
3,50573581;0,04336860;0,00000000
3,50583981;0,00000000;0,00000000
3,50594381;0,00000000;0,00000000
3,50604781;0,00000000;0,00000000
3,50615181;0,00000000;0,00000000
3,50625581;0,00000000;0,00000000
3,50635981;0,00000000;0,00000000
3,50646381;0,04336860;0,00000000
3,50656781;0,04336860;0,00000000
3,50667181;0,00000000;0,00000000
3,50677581;0,00000000;0,00000000
3,50687981;0,00000000;0,00000000
3,50698381;0,00000000;0,00000000
3,50708781;0,00000000;0,00000000
3,50719181;0,00000000;0,00000000
3,50729581;0,00000000;0,00000000
3,50739981;0,00000000;0,00000000
3,50750381;0,00000000;0,00000000
3,50760781;0,00000000;0,00000000
3,50771181;0,04336860;0,00000000
3,50781581;0,00000000;0,00000000
3,50791981;0,00000000;0,00000000
3,50802381;0,00000000;0,00000000
3,50812781;0,00000000;0,00000000
3,50823181;0,00000000;0,00000000
3,50833581;0,04336860;0,00000000
3,50843981;0,00000000;0,00000000
3,50854381;0,04336860;-0,01734744
3,50864781;0,00000000;0,00000000
3,50875181;0,00000000;0,00000000
3,50885581;0,00000000;0,00000000
3,50895981;0,00000000;0,00000000
3,50906381;0,00000000;0,00000000
3,50916781;0,04336860;0,00000000
3,50927181;0,00000000;0,00000000
3,50937581;0,00000000;0,00000000
3,50947981;0,04336860;0,00000000
3,50958381;0,04336860;0,00000000
3,50968781;0,00000000;0,00000000
3,50979181;0,00000000;0,00000000
3,50989581;0,00000000;0,00000000
3,50999981;0,00000000;0,00000000
3,51010381;0,00000000;0,00000000
3,51020781;0,00000000;0,00000000
3,51031181;0,04336860;0,00000000
3,51041581;0,00000000;0,00000000
3,51051981;0,04336860;0,00000000
3,51062381;0,00000000;0,00000000
3,51072781;0,00000000;0,00000000
3,51083181;0,00000000;0,00000000
3,51093581;0,00000000;0,00000000
3,51103981;0,00000000;0,00000000
3,51114381;0,00000000;0,00000000
3,51124781;0,00000000;0,00000000
3,51135181;0,00000000;0,00000000
3,51145581;0,04336860;0,00000000
3,51155981;0,00000000;0,00000000
3,51166381;0,04336860;0,00000000
3,51176781;0,00000000;0,00000000
3,51187181;0,00000000;0,00000000
3,51197581;0,04336860;0,00000000
3,51207981;0,00000000;0,00000000
3,51218381;0,04336860;0,00000000
3,51228781;0,00000000;0,00000000
3,51239181;0,00000000;0,00000000
3,51249581;0,00000000;0,00000000
3,51259981;0,00000000;0,00000000
3,51270381;0,00000000;0,00000000
3,51280781;0,04336860;0,00000000
3,51291181;0,00000000;0,00000000
3,51301581;0,04336860;0,00000000
3,51311981;0,00000000;0,00000000
3,51322381;0,00000000;0,00000000
3,51332781;0,00000000;0,00000000
3,51343181;0,04336860;0,00000000
3,51353581;0,00000000;0,00000000
3,51363981;0,00000000;0,00000000
3,51374381;0,00000000;0,00000000
3,51384781;0,00000000;0,00000000
3,51395181;0,00000000;0,00000000
3,51405581;0,00000000;0,00000000
3,51415981;0,00000000;0,00000000
3,51426381;0,00000000;0,00000000
3,51436781;0,04336860;0,00000000
3,51447181;0,00000000;0,00000000
3,51457581;0,00000000;0,00000000
3,51467981;0,00000000;0,00000000
3,51478381;0,00000000;0,00000000
3,51488781;0,00000000;0,00000000
3,51499181;0,00000000;0,00000000
3,51509581;0,04336860;0,00000000
3,51519981;0,00000000;0,00000000
3,51530381;0,00000000;0,00000000
3,51540781;0,00000000;0,00000000
3,51551181;0,00000000;-0,01734744
3,51561581;0,00000000;0,00000000
3,51571981;0,00000000;0,00000000
3,51582381;0,00000000;0,00000000
3,51592781;0,00000000;0,00000000
3,51603181;0,04336860;0,00000000
3,51613581;0,00000000;0,00000000
3,51623981;0,00000000;0,00000000
3,51634381;0,00000000;0,00000000
3,51644781;0,00000000;0,00000000
3,51655181;0,00000000;0,00000000
3,51665581;0,00000000;0,00000000
3,51675981;0,00000000;0,00000000
3,51686381;0,00000000;0,00000000
3,51696781;0,00000000;0,00000000
3,51707181;0,00000000;0,00000000
3,51717581;0,00000000;0,00000000
3,51727981;0,00000000;0,00000000
3,51738381;0,00000000;0,00000000
3,51748781;0,00000000;0,00000000
3,51759181;0,04336860;0,00000000
3,51769581;0,04336860;0,00000000
3,51779981;0,00000000;0,00000000
3,51790381;0,04336860;0,00000000
3,51800781;0,00000000;0,00000000
3,51811181;0,00000000;0,00000000
3,51821581;0,00000000;0,00000000
3,51831981;0,00000000;0,00000000
3,51842381;0,00000000;-0,01734744
3,51852781;0,00000000;0,00000000
3,51863181;0,00000000;0,00000000
3,51873581;0,00000000;0,00000000
3,51883981;0,00000000;0,00000000
3,51894381;0,04336860;0,00000000
3,51904781;0,00000000;0,00000000
3,51915181;0,00000000;0,00000000
3,51925581;0,00000000;0,00000000
3,51935981;0,00000000;0,00000000
3,51946381;0,00000000;0,00000000
3,51956781;0,00000000;0,00000000
3,51967181;0,04336860;0,00000000
3,51977581;0,04336860;0,00000000
3,51987981;0,00000000;0,00000000
3,51998381;0,00000000;0,00000000
3,52008781;0,04336860;0,00000000
3,52019181;0,00000000;0,00000000
3,52029581;0,00000000;0,00000000
3,52039981;0,04336860;0,00000000
3,52050381;0,00000000;0,00000000
3,52060781;0,00000000;0,00000000
3,52071181;0,00000000;0,00000000
3,52081581;0,04336860;0,00000000
3,52091981;0,04336860;0,00000000
3,52102381;0,00000000;0,00000000
3,52112781;0,04336860;0,00000000
3,52123181;0,04336860;0,00000000
3,52133581;0,00000000;0,00000000
3,52143981;0,04336860;0,00000000
3,52154381;0,04336860;0,00000000
3,52164781;0,00000000;0,00000000
3,52175181;0,00000000;0,00000000
3,52185581;0,00000000;0,00000000
3,52195981;0,00000000;0,00000000
3,52206381;0,04336860;0,00000000
3,52216781;0,00000000;0,00000000
3,52227181;0,00000000;0,00000000
3,52237581;0,00000000;0,00000000
3,52247981;0,00000000;0,00000000
3,52258381;0,00000000;0,00000000
3,52268781;0,00000000;0,00000000
3,52279181;0,00000000;0,00000000
3,52289581;0,00000000;0,00000000
3,52299981;0,04336860;0,00000000
3,52310381;0,04336860;-0,01734744
3,52320781;0,00000000;0,00000000
3,52331181;0,00000000;0,00000000
3,52341581;0,00000000;0,00000000
3,52351981;0,00000000;0,00000000
3,52362381;0,00000000;0,00000000
3,52372781;0,00000000;0,00000000
3,52383181;0,04336860;0,00000000
3,52393581;0,04336860;0,00000000
3,52403981;0,00000000;0,00000000
3,52414381;0,04336860;0,00000000
3,52424781;0,00000000;0,00000000
3,52435181;0,00000000;0,00000000
3,52445581;0,00000000;0,00000000
3,52455981;0,04336860;0,00000000
3,52466381;0,00000000;0,00000000
3,52476781;0,04336860;0,00000000
3,52487181;0,04336860;0,00000000
3,52497581;0,04336860;0,00000000
3,52507981;0,00000000;0,00000000
3,52518381;0,00000000;0,00000000
3,52528781;0,00000000;0,00000000
3,52539181;0,00000000;0,00000000
3,52549581;0,00000000;0,00000000
3,52559981;0,00000000;0,00000000
3,52570381;0,00000000;0,00000000
3,52580781;0,04336860;0,00000000
3,52591181;0,00000000;0,00000000
3,52601581;0,00000000;0,00000000
3,52611981;0,00000000;0,00000000
3,52622381;0,00000000;0,00000000
3,52632781;0,00000000;0,00000000
3,52643181;0,00000000;0,00000000
3,52653581;0,04336860;0,00000000
3,52663981;0,00000000;0,00000000
3,52674381;0,00000000;0,00000000
3,52684781;0,00000000;0,00000000
3,52695181;0,00000000;0,00000000
3,52705581;0,04336860;0,00000000
3,52715981;0,00000000;0,00000000
3,52726381;0,00000000;0,00000000
3,52736781;0,04336860;0,00000000
3,52747181;0,00000000;0,00000000
3,52757581;0,00000000;0,00000000
3,52767981;0,00000000;0,00000000
3,52778381;0,00000000;0,00000000
3,52788781;0,04336860;0,00000000
3,52799181;0,04336860;0,00000000
3,52809581;0,00000000;0,00000000
3,52819981;0,00000000;0,00000000
3,52830381;0,04336860;0,00000000
3,52840781;0,00000000;0,00000000
3,52851181;0,00000000;0,00000000
3,52861581;0,04336860;0,00000000
3,52871981;0,04336860;0,00000000
3,52882381;0,00000000;0,00000000
3,52892781;0,04336860;0,00000000
3,52903181;0,00000000;0,00000000
3,52913581;0,04336860;0,00000000
3,52923981;0,00000000;0,00000000
3,52934381;0,00000000;0,00000000
3,52944781;0,04336860;0,00000000
3,52955181;0,00000000;0,00000000
3,52965581;0,04336860;0,00000000
3,52975981;0,00000000;0,00000000
3,52986381;0,00000000;0,00000000
3,52996781;0,00000000;0,00000000
3,53007181;0,00000000;0,00000000
3,53017581;0,00000000;0,00000000
3,53027981;0,00000000;0,00000000
3,53038381;0,00000000;0,00000000
3,53048781;0,00000000;0,00000000
3,53059181;0,00000000;0,00000000
3,53069581;0,00000000;0,00000000
3,53079981;0,00000000;0,00000000
3,53090381;0,00000000;0,00000000
3,53100781;0,00000000;0,00000000
3,53111181;0,00000000;0,00000000
3,53121581;0,00000000;0,00000000
3,53131981;0,00000000;0,00000000
3,53142381;0,04336860;0,00000000
3,53152781;0,04336860;0,00000000
3,53163181;0,00000000;0,00000000
3,53173581;0,00000000;0,00000000
3,53183981;0,00000000;0,00000000
3,53194381;0,00000000;0,00000000
3,53204781;0,00000000;0,00000000
3,53215181;0,00000000;0,00000000
3,53225581;0,04336860;0,00000000
3,53235981;0,00000000;0,00000000
3,53246381;0,04336860;0,00000000
3,53256781;0,00000000;0,00000000
3,53267181;0,00000000;0,00000000
3,53277581;0,00000000;0,00000000
3,53287981;0,00000000;0,00000000
3,53298381;0,00000000;0,00000000
3,53308781;0,00000000;0,00000000
3,53319181;0,04336860;0,00000000
3,53329581;0,00000000;0,00000000
3,53339981;0,00000000;0,00000000
3,53350381;0,00000000;0,00000000
3,53360781;0,04336860;0,00000000
3,53371181;0,04336860;0,00000000
3,53381581;0,00000000;0,00000000
3,53391981;0,00000000;0,00000000
3,53402381;0,00000000;0,00000000
3,53412781;0,04336860;0,00000000
3,53423181;0,04336860;0,00000000
3,53433581;0,04336860;0,00000000
3,53443981;0,00000000;0,00000000
3,53454381;0,00000000;0,00000000
3,53464781;0,04336860;0,00000000
3,53475181;0,00000000;0,00000000
3,53485581;0,04336860;0,00000000
3,53495981;0,00000000;0,00000000
3,53506381;0,00000000;-0,01734744
3,53516781;0,00000000;0,00000000
3,53527181;0,00000000;0,00000000
3,53537581;0,00000000;0,00000000
3,53547981;0,00000000;0,00000000
3,53558381;0,00000000;-0,01734744
3,53568781;0,00000000;0,00000000
3,53579181;0,04336860;0,00000000
3,53589581;0,00000000;0,00000000
3,53599981;0,00000000;0,00000000
3,53610381;0,00000000;0,00000000
3,53620781;0,00000000;0,00000000
3,53631181;0,00000000;0,00000000
3,53641581;0,04336860;0,00000000
3,53651981;0,00000000;0,00000000
3,53662381;0,00000000;0,00000000
3,53672781;0,00000000;0,00000000
3,53683181;0,00000000;0,00000000
3,53693581;0,00000000;0,00000000
3,53703981;0,00000000;0,00000000
3,53714381;0,00000000;0,00000000
3,53724781;0,04336860;0,00000000
3,53735181;0,04336860;0,00000000
3,53745581;0,04336860;0,00000000
3,53755981;0,00000000;0,00000000
3,53766381;0,04336860;0,00000000
3,53776781;0,04336860;0,00000000
3,53787181;0,00000000;0,00000000
3,53797581;0,04336860;0,00000000
3,53807981;0,04336860;0,00000000
3,53818381;0,00000000;0,00000000
3,53828781;0,04336860;0,00000000
3,53839181;0,00000000;0,00000000
3,53849581;0,00000000;0,00000000
3,53859981;0,04336860;0,00000000
3,53870381;0,04336860;0,00000000
3,53880781;0,04336860;0,00000000
3,53891181;0,00000000;0,00000000
3,53901581;0,04336860;0,00000000
3,53911981;0,04336860;0,00000000
3,53922381;0,00000000;-0,01734744
3,53932781;0,00000000;0,00000000
3,53943181;0,00000000;0,00000000
3,53953581;0,00000000;0,00000000
3,53963981;0,04336860;-0,01734744
3,53974381;0,00000000;0,00000000
3,53984781;0,00000000;0,00000000
3,53995181;0,00000000;0,00000000
3,54005581;0,00000000;0,00000000
3,54015981;0,00000000;0,00000000
3,54026381;0,00000000;0,00000000
3,54036781;0,00000000;0,00000000
3,54047181;0,00000000;0,00000000
3,54057581;0,00000000;0,00000000
3,54067981;0,00000000;0,00000000
3,54078381;0,04336860;0,00000000
3,54088781;0,00000000;0,00000000
3,54099181;0,04336860;0,00000000
3,54109581;0,04336860;0,00000000
3,54119981;0,04336860;0,00000000
3,54130381;0,00000000;0,00000000
3,54140781;0,04336860;0,00000000
3,54151181;0,00000000;0,00000000
3,54161581;0,00000000;0,00000000
3,54171981;0,00000000;0,00000000
3,54182381;0,04336860;0,00000000
3,54192781;0,04336860;0,00000000
3,54203181;0,00000000;0,00000000
3,54213581;0,00000000;0,00000000
3,54223981;0,00000000;0,00000000
3,54234381;0,00000000;0,00000000
3,54244781;0,00000000;0,00000000
3,54255181;0,00000000;0,00000000
3,54265581;0,00000000;0,00000000
3,54275981;0,00000000;0,00000000
3,54286381;0,00000000;0,00000000
3,54296781;0,04336860;0,00000000
3,54307181;0,04336860;0,00000000
3,54317581;0,00000000;0,00000000
3,54327981;0,00000000;0,00000000
3,54338381;0,00000000;0,00000000
3,54348781;0,00000000;0,00000000
3,54359181;0,00000000;0,00000000
3,54369581;0,04336860;0,00000000
3,54379981;0,04336860;0,00000000
3,54390381;0,04336860;0,00000000
3,54400781;0,00000000;0,00000000
3,54411181;0,00000000;0,00000000
3,54421581;0,04336860;0,00000000
3,54431981;0,00000000;0,00000000
3,54442381;0,00000000;0,00000000
3,54452781;0,00000000;0,00000000
3,54463181;0,00000000;0,00000000
3,54473581;0,00000000;0,00000000
3,54483981;0,00000000;0,00000000
3,54494381;0,04336860;0,00000000
3,54504781;0,00000000;0,00000000
3,54515181;0,00000000;0,00000000
3,54525581;0,04336860;0,00000000
3,54535981;0,00000000;0,00000000
3,54546381;0,00000000;0,00000000
3,54556781;0,00000000;0,00000000
3,54567181;0,00000000;-0,01734744
3,54577581;0,00000000;0,00000000
3,54587981;0,00000000;0,00000000
3,54598381;0,00000000;0,00000000
3,54608781;0,04336860;0,00000000
3,54619181;4,21921158;0,00000000
3,54629581;3,78429508;0,00000000
3,54639981;3,78429508;0,00000000
3,54650381;3,87133980;0,00000000
3,54660781;3,82781744;0,00000000
3,54671181;3,82781744;0,00000000
3,54681581;3,82781744;0,00000000
3,54691981;3,82781744;0,00000000
3,54702381;3,82781744;0,00000000
3,54712781;3,78429508;0,00000000
3,54723181;3,82781744;0,00000000
3,54733581;3,82781744;0,00000000
3,54743981;3,82781744;0,00000000
3,54754381;3,78429508;0,00000000
3,54764781;3,78429508;0,00000000
3,54775181;3,78429508;0,00000000
3,54785581;3,78429508;0,00000000
3,54795981;3,82781744;0,00000000
3,54806381;3,78429508;0,00000000
3,54816781;3,82781744;0,00000000
3,54827181;3,82781744;0,00000000
3,54837581;3,82781744;0,00000000
3,54847981;3,82781744;0,00000000
3,54858381;3,82781744;0,00000000
3,54868781;3,82781744;0,00000000
3,54879181;3,82781744;0,00000000
3,54889581;3,82781744;0,00000000
3,54899981;3,78429508;0,00000000
3,54910381;3,78429508;0,00000000
3,54920781;3,82781744;0,00000000
3,54931181;3,82781744;0,00000000
3,54941581;3,78429508;0,00000000
3,54951981;3,78429508;0,00000000
3,54962381;3,78429508;0,00000000
3,54972781;3,82781744;0,00000000
3,54983181;3,78429508;0,00000000
3,54993581;3,78429508;0,00000000
3,55003981;3,78429508;0,00000000
3,55014381;3,82781744;0,00000000
3,55024781;3,78429508;0,00000000
3,55035181;3,82781744;0,00000000
3,55045581;3,82781744;0,00000000
3,55055981;3,78429508;0,00000000
3,55066381;3,82781744;0,00000000
3,55076781;3,82781744;0,00000000
3,55087181;3,78429508;0,00000000
3,55097581;3,82781744;0,00000000
3,55107981;3,78429508;0,00000000
3,55118381;3,78429508;0,00000000
3,55128781;3,78429508;0,00000000
3,55139181;3,78429508;0,00000000
3,55149581;3,78429508;0,00000000
3,55159981;3,78429508;0,00000000
3,55170381;3,78429508;0,00000000
3,55180781;3,78429508;0,00000000
3,55191181;3,78429508;0,00000000
3,55201581;3,82781744;0,00000000
3,55211981;3,78429508;0,00000000
3,55222381;3,78429508;0,00000000
3,55232781;3,82781744;0,00000000
3,55243181;3,82781744;0,00000000
3,55253581;3,78429508;0,00000000
3,55263981;3,82781744;0,00000000
3,55274381;3,78429508;0,00000000
3,55284781;3,82781744;0,00000000
3,55295181;3,82781744;0,00000000
3,55305581;3,78429508;0,00000000
3,55315981;3,78429508;0,00000000
3,55326381;3,78429508;0,00000000
3,55336781;3,78429508;0,00000000
3,55347181;3,78429508;0,00000000
3,55357581;3,82781744;0,00000000
3,55367981;3,78429508;0,00000000
3,55378381;3,82781744;0,00000000
3,55388781;3,78429508;0,00000000
3,55399181;3,78429508;0,00000000
3,55409581;3,78429508;0,00000000
3,55419981;3,78429508;0,00000000
3,55430381;3,78429508;0,00000000
3,55440781;3,82781744;0,00000000
3,55451181;3,82781744;0,00000000
3,55461581;3,78429508;0,00000000
3,55471981;3,78429508;0,00000000
3,55482381;3,82781744;0,00000000
3,55492781;3,78429508;0,00000000
3,55503181;3,82781744;0,00000000
3,55513581;3,78429508;0,00000000
3,55523981;3,78429508;0,00000000
3,55534381;3,78429508;0,00000000
3,55544781;3,78429508;0,00000000
3,55555181;3,78429508;0,00000000
3,55565581;3,78429508;0,00000000
3,55575981;3,82781744;0,00000000
3,55586381;3,82781744;0,00000000
3,55596781;3,82781744;0,00000000
3,55607181;3,78429508;0,00000000
3,55617581;3,78429508;0,00000000
3,55627981;3,78429508;0,00000000
3,55638381;3,82781744;0,00000000
3,55648781;3,78429508;0,00000000
3,55659181;3,78429508;0,00000000
3,55669581;3,78429508;0,00000000
3,55679981;3,82781744;0,00000000
3,55690381;3,82781744;0,00000000
3,55700781;3,82781744;0,00000000
3,55711181;3,78429508;0,00000000
3,55721581;3,78429508;0,00000000
3,55731981;3,82781744;0,00000000
3,55742381;3,78429508;0,00000000
3,55752781;3,82781744;0,00000000
3,55763181;3,82781744;0,00000000
3,55773581;3,82781744;0,00000000
3,55783981;3,78429508;0,00000000
3,55794381;3,78429508;0,00000000
3,55804781;3,82781744;0,00000000
3,55815181;3,78429508;0,00000000
3,55825581;3,82781744;0,00000000
3,55835981;3,78429508;0,00000000
3,55846381;3,78429508;0,00000000
3,55856781;3,78429508;0,00000000
3,55867181;3,82781744;0,00000000
3,55877581;3,78429508;0,00000000
3,55887981;3,82781744;0,00000000
3,55898381;3,78429508;0,00000000
3,55908781;3,78429508;0,00000000
3,55919181;3,78429508;0,00000000
3,55929581;3,78429508;0,00000000
3,55939981;3,78429508;0,00000000
3,55950381;3,78429508;0,00000000
3,55960781;3,78429508;0,00000000
3,55971181;3,78429508;0,00000000
3,55981581;3,78429508;0,00000000
3,55991981;3,78429508;0,00000000
3,56002381;3,82781744;0,00000000
3,56012781;3,82781744;0,00000000
3,56023181;3,78429508;0,00000000
3,56033581;3,78429508;0,00000000
3,56043981;3,78429508;0,00000000
3,56054381;3,78429508;0,01734744
3,56064781;3,78429508;0,00000000
3,56075181;3,78429508;0,00000000
3,56085581;3,82781744;0,00000000
3,56095981;3,82781744;0,00000000
3,56106381;3,82781744;0,00000000
3,56116781;3,78429508;0,00000000
3,56127181;3,78429508;0,00000000
3,56137581;3,78429508;0,00000000
3,56147981;3,78429508;0,00000000
3,56158381;3,78429508;0,00000000
3,56168781;3,78429508;0,00000000
3,56179181;3,78429508;0,00000000
3,56189581;3,82781744;0,00000000
3,56199981;3,82781744;0,00000000
3,56210381;3,82781744;0,00000000
3,56220781;3,78429508;0,00000000
3,56231181;3,78429508;0,00000000
3,56241581;3,78429508;0,00000000
3,56251981;3,78429508;0,00000000
3,56262381;3,82781744;0,00000000
3,56272781;3,82781744;0,00000000
3,56283181;3,78429508;0,00000000
3,56293581;3,78429508;0,00000000
3,56303981;3,78429508;0,00000000
3,56314381;3,82781744;0,00000000
3,56324781;3,78429508;0,00000000
3,56335181;3,82781744;0,00000000
3,56345581;3,82781744;0,00000000
3,56355981;3,82781744;0,00000000
3,56366381;3,82781744;0,00000000
3,56376781;3,78429508;0,00000000
3,56387181;3,78429508;0,00000000
3,56397581;3,82781744;0,00000000
3,56407981;3,78429508;0,00000000
3,56418381;3,82781744;0,00000000
3,56428781;3,82781744;0,00000000
3,56439181;3,78429508;0,00000000
3,56449581;3,82781744;0,00000000
3,56459981;3,78429508;0,00000000
3,56470381;3,82781744;0,00000000
3,56480781;3,78429508;0,00000000
3,56491181;3,82781744;0,00000000
3,56501581;3,82781744;0,00000000
3,56511981;3,82781744;0,00000000
3,56522381;3,82781744;0,00000000
3,56532781;3,82781744;0,01734744
3,56543181;3,82781744;0,00000000
3,56553581;3,78429508;0,00000000
3,56563981;3,78429508;0,00000000
3,56574381;3,82781744;0,00000000
3,56584781;3,82781744;0,00000000
3,56595181;3,78429508;0,00000000
3,56605581;3,82781744;0,00000000
3,56615981;3,82781744;0,00000000
3,56626381;3,82781744;0,00000000
3,56636781;3,82781744;0,00000000
3,56647181;3,82781744;0,00000000
3,56657581;3,82781744;0,00000000
3,56667981;3,82781744;0,00000000
3,56678381;3,82781744;0,00000000
3,56688781;3,82781744;0,00000000
3,56699181;3,82781744;0,00000000
3,56709581;3,82781744;0,00000000
3,56719981;3,78429508;0,00000000
3,56730381;3,82781744;0,00000000
3,56740781;3,82781744;0,00000000
3,56751181;3,82781744;0,00000000
3,56761581;3,82781744;0,00000000
3,56771981;3,82781744;0,00000000
3,56782381;3,78429508;0,00000000
3,56792781;3,82781744;0,00000000
3,56803181;3,82781744;0,00000000
3,56813581;3,82781744;0,00000000
3,56823981;3,82781744;0,00000000
3,56834381;3,82781744;0,00000000
3,56844781;3,82781744;0,00000000
3,56855181;3,82781744;0,00000000
3,56865581;3,82781744;0,00000000
3,56875981;3,82781744;0,00000000
3,56886381;3,78429508;0,00000000
3,56896781;3,78429508;0,00000000
3,56907181;3,82781744;0,00000000
3,56917581;3,82781744;0,00000000
3,56927981;3,82781744;0,00000000
3,56938381;3,82781744;0,00000000
3,56948781;3,82781744;0,00000000
3,56959181;3,82781744;0,00000000
3,56969581;3,82781744;0,00000000
3,56979981;3,82781744;0,00000000
3,56990381;3,82781744;0,00000000
3,57000781;3,78429508;0,00000000
3,57011181;3,82781744;0,00000000
3,57021581;3,82781744;0,00000000
3,57031981;3,82781744;0,00000000
3,57042381;3,82781744;0,00000000
3,57052781;3,82781744;0,00000000
3,57063181;3,78429508;0,00000000
3,57073581;3,78429508;0,00000000
3,57083981;3,78429508;0,00000000
3,57094381;3,78429508;0,00000000
3,57104781;3,82781744;0,00000000
3,57115181;3,82781744;0,00000000
3,57125581;3,82781744;0,00000000
3,57135981;3,82781744;0,00000000
3,57146381;3,82781744;0,00000000
3,57156781;3,82781744;0,00000000
3,57167181;3,82781744;0,00000000
3,57177581;3,82781744;0,00000000
3,57187981;3,82781744;0,00000000
3,57198381;3,82781744;0,00000000
3,57208781;3,78429508;0,00000000
3,57219181;3,78429508;0,00000000
3,57229581;3,82781744;0,00000000
3,57239981;3,82781744;0,00000000
3,57250381;3,82781744;0,00000000
3,57260781;3,82781744;0,00000000
3,57271181;3,82781744;0,00000000
3,57281581;3,82781744;0,00000000
3,57291981;3,78429508;0,00000000
3,57302381;3,82781744;0,00000000
3,57312781;3,82781744;0,00000000
3,57323181;3,78429508;0,00000000
3,57333581;3,82781744;0,00000000
3,57343981;3,82781744;0,00000000
3,57354381;3,78429508;0,00000000
3,57364781;3,82781744;0,00000000
3,57375181;3,82781744;0,00000000
3,57385581;3,82781744;0,00000000
3,57395981;3,82781744;0,00000000
3,57406381;3,82781744;0,00000000
3,57416781;3,82781744;0,00000000
3,57427181;3,78429508;0,00000000
3,57437581;3,82781744;0,00000000
3,57447981;3,82781744;0,00000000
3,57458381;3,78429508;0,00000000
3,57468781;3,82781744;0,00000000
3,57479181;3,78429508;0,00000000
3,57489581;3,82781744;0,00000000
3,57499981;3,82781744;0,00000000
3,57510381;3,82781744;0,00000000
3,57520781;3,82781744;0,00000000
3,57531181;3,82781744;0,00000000
3,57541581;3,82781744;0,00000000
3,57551981;3,82781744;0,00000000
3,57562381;3,82781744;0,00000000
3,57572781;3,78429508;0,00000000
3,57583181;3,82781744;0,00000000
3,57593581;3,82781744;0,00000000
3,57603981;3,82781744;0,00000000
3,57614381;3,78429508;0,00000000
3,57624781;3,82781744;0,00000000
3,57635181;3,82781744;0,01734744
3,57645581;3,82781744;0,00000000
3,57655981;3,82781744;0,00000000
3,57666381;3,78429508;0,00000000
3,57676781;3,82781744;0,00000000
3,57687181;3,82781744;0,00000000
3,57697581;3,82781744;0,00000000
3,57707981;3,82781744;0,00000000
3,57718381;3,82781744;0,00000000
3,57728781;3,82781744;0,00000000
3,57739181;3,82781744;0,00000000
3,57749581;3,78429508;0,00000000
3,57759981;3,82781744;0,00000000
3,57770381;3,82781744;0,00000000
3,57780781;3,82781744;0,00000000
3,57791181;3,82781744;0,00000000
3,57801581;3,82781744;0,00000000
3,57811981;3,78429508;0,00000000
3,57822381;3,82781744;0,00000000
3,57832781;3,78429508;0,00000000
3,57843181;3,82781744;0,00000000
3,57853581;3,78429508;0,00000000
3,57863981;3,82781744;0,00000000
3,57874381;3,78429508;0,00000000
3,57884781;3,82781744;0,00000000
3,57895181;3,82781744;0,00000000
3,57905581;3,82781744;0,00000000
3,57915981;3,82781744;0,00000000
3,57926381;3,82781744;0,00000000
3,57936781;3,82781744;0,00000000
3,57947181;3,78429508;0,00000000
3,57957581;3,82781744;0,00000000
3,57967981;3,82781744;0,00000000
3,57978381;3,82781744;0,00000000
3,57988781;3,82781744;0,00000000
3,57999181;3,82781744;0,00000000
3,58009581;3,82781744;0,00000000
3,58019981;3,82781744;0,00000000
3,58030381;3,82781744;0,00000000
3,58040781;3,78429508;0,00000000
3,58051181;3,82781744;0,00000000
3,58061581;3,78429508;0,00000000
3,58071981;3,82781744;0,00000000
3,58082381;3,78429508;0,00000000
3,58092781;3,78429508;0,00000000
3,58103181;3,78429508;0,00000000
3,58113581;3,82781744;0,00000000
3,58123981;3,82781744;0,00000000
3,58134381;3,78429508;0,00000000
3,58144781;3,82781744;0,00000000
3,58155181;3,78429508;0,00000000
3,58165581;3,82781744;0,00000000
3,58175981;3,82781744;0,00000000
3,58186381;3,78429508;0,00000000
3,58196781;3,78429508;0,00000000
3,58207181;3,82781744;0,00000000
3,58217581;3,78429508;0,00000000
3,58227981;3,78429508;0,00000000
3,58238381;3,82781744;0,00000000
3,58248781;3,78429508;0,00000000
3,58259181;3,82781744;0,00000000
3,58269581;3,82781744;0,00000000
3,58279981;3,82781744;0,00000000
3,58290381;3,82781744;0,00000000
3,58300781;3,82781744;0,00000000
3,58311181;3,82781744;0,00000000
3,58321581;3,82781744;0,00000000
3,58331981;3,78429508;0,00000000
3,58342381;3,78429508;0,00000000
3,58352781;3,78429508;0,00000000
3,58363181;3,82781744;0,00000000
3,58373581;3,78429508;0,00000000
3,58383981;3,78429508;0,00000000
3,58394381;3,82781744;0,00000000
3,58404781;3,82781744;0,00000000
3,58415181;3,78429508;0,00000000
3,58425581;3,78429508;0,00000000
3,58435981;3,82781744;0,00000000
3,58446381;3,82781744;0,00000000
3,58456781;3,78429508;0,00000000
3,58467181;3,82781744;0,00000000
3,58477581;3,78429508;0,00000000
3,58487981;3,82781744;0,00000000
3,58498381;3,78429508;0,00000000
3,58508781;3,82781744;0,00000000
3,58519181;3,82781744;0,00000000
3,58529581;3,82781744;0,00000000
3,58539981;3,78429508;0,00000000
3,58550381;3,78429508;0,00000000
3,58560781;3,78429508;0,00000000
3,58571181;3,78429508;0,00000000
3,58581581;3,78429508;0,00000000
3,58591981;3,82781744;0,00000000
3,58602381;3,78429508;0,00000000
3,58612781;3,82781744;0,00000000
3,58623181;3,78429508;0,00000000
3,58633581;3,82781744;0,00000000
3,58643981;3,78429508;0,00000000
3,58654381;3,82781744;0,00000000
3,58664781;3,82781744;0,00000000
3,58675181;3,82781744;0,00000000
3,58685581;3,78429508;0,00000000
3,58695981;3,82781744;0,00000000
3,58706381;3,78429508;0,00000000
3,58716781;3,82781744;0,00000000
3,58727181;3,78429508;0,00000000
3,58737581;3,82781744;0,00000000
3,58747981;3,82781744;0,00000000
3,58758381;3,82781744;0,00000000
3,58768781;3,78429508;0,00000000
3,58779181;3,78429508;0,00000000
3,58789581;3,82781744;0,00000000
3,58799981;3,78429508;0,00000000
3,58810381;3,82781744;0,00000000
3,58820781;3,82781744;0,00000000
3,58831181;3,82781744;0,00000000
3,58841581;3,78429508;0,00000000
3,58851981;3,78429508;0,00000000
3,58862381;3,82781744;0,00000000
3,58872781;3,82781744;0,00000000
3,58883181;3,78429508;0,00000000
3,58893581;3,82781744;0,00000000
3,58903981;3,82781744;0,00000000
3,58914381;3,82781744;0,00000000
3,58924781;3,82781744;0,00000000
3,58935181;3,82781744;0,00000000
3,58945581;3,82781744;0,00000000
3,58955981;3,78429508;0,00000000
3,58966381;3,82781744;0,00000000
3,58976781;3,82781744;0,00000000
3,58987181;3,78429508;0,00000000
3,58997581;3,78429508;0,00000000
3,59007981;3,82781744;0,00000000
3,59018381;3,78429508;0,00000000
3,59028781;3,82781744;0,00000000
3,59039181;3,78429508;0,00000000
3,59049581;3,82781744;0,00000000
3,59059981;3,78429508;0,00000000
3,59070381;3,82781744;0,00000000
3,59080781;3,78429508;0,00000000
3,59091181;3,82781744;0,00000000
3,59101581;3,82781744;0,00000000
3,59111981;3,82781744;0,00000000
3,59122381;3,82781744;0,00000000
3,59132781;3,82781744;0,00000000
3,59143181;3,78429508;0,00000000
3,59153581;3,78429508;0,00000000
3,59163981;3,82781744;0,00000000
3,59174381;3,78429508;0,00000000
3,59184781;3,78429508;0,00000000
3,59195181;3,82781744;0,00000000
3,59205581;3,82781744;0,00000000
3,59215981;3,82781744;0,00000000
3,59226381;3,82781744;0,00000000
3,59236781;3,82781744;0,00000000
3,59247181;3,78429508;0,00000000
3,59257581;3,82781744;0,00000000
3,59267981;3,78429508;0,00000000
3,59278381;3,82781744;0,00000000
3,59288781;3,78429508;0,00000000
3,59299181;3,82781744;0,00000000
3,59309581;3,82781744;0,00000000
3,59319981;3,82781744;0,00000000
3,59330381;3,78429508;0,00000000
3,59340781;3,82781744;0,00000000
3,59351181;3,82781744;0,00000000
3,59361581;3,78429508;0,00000000
3,59371981;3,82781744;0,00000000
3,59382381;3,82781744;0,00000000
3,59392781;3,78429508;0,00000000
3,59403181;3,78429508;0,00000000
3,59413581;3,82781744;0,00000000
3,59423981;3,82781744;0,00000000
3,59434381;3,82781744;0,00000000
3,59444781;3,82781744;0,00000000
3,59455181;3,78429508;0,00000000
3,59465581;3,82781744;0,00000000
3,59475981;3,78429508;0,01734744
3,59486381;3,82781744;0,00000000
3,59496781;3,78429508;0,00000000
3,59507181;3,82781744;0,00000000
3,59517581;3,82781744;0,00000000
3,59527981;3,82781744;0,00000000
3,59538381;3,82781744;0,00000000
3,59548781;3,82781744;0,00000000
3,59559181;3,82781744;0,00000000
3,59569581;3,78429508;0,00000000
3,59579981;3,82781744;0,00000000
3,59590381;3,82781744;0,00000000
3,59600781;3,78429508;0,00000000
3,59611181;3,82781744;0,00000000
3,59621581;3,78429508;0,00000000
3,59631981;3,82781744;0,00000000
3,59642381;3,82781744;0,00000000
3,59652781;3,78429508;0,00000000
3,59663181;3,82781744;0,00000000
3,59673581;3,82781744;0,00000000
3,59683981;3,82781744;0,00000000
3,59694381;3,82781744;0,00000000
3,59704781;3,78429508;0,00000000
3,59715181;3,82781744;0,00000000
3,59725581;3,78429508;0,00000000
3,59735981;3,78429508;0,00000000
3,59746381;3,82781744;0,00000000
3,59756781;3,82781744;0,00000000
3,59767181;3,82781744;0,00000000
3,59777581;3,82781744;0,00000000
3,59787981;3,78429508;0,00000000
3,59798381;3,82781744;0,00000000
3,59808781;3,82781744;0,00000000
3,59819181;3,82781744;0,00000000
3,59829581;3,82781744;0,00000000
3,59839981;3,82781744;0,00000000
3,59850381;3,82781744;0,00000000
3,59860781;3,78429508;0,00000000
3,59871181;3,78429508;0,00000000
3,59881581;3,82781744;0,00000000
3,59891981;3,82781744;0,00000000
3,59902381;3,82781744;0,00000000
3,59912781;3,82781744;0,00000000
3,59923181;3,82781744;0,00000000
3,59933581;3,78429508;0,00000000
3,59943981;3,82781744;0,00000000
3,59954381;3,78429508;0,00000000
3,59964781;3,82781744;0,00000000
3,59975181;3,82781744;0,00000000
3,59985581;3,78429508;0,00000000
3,59995981;3,82781744;0,00000000
3,60006381;3,78429508;0,00000000
3,60016781;3,82781744;0,00000000
3,60027181;3,82781744;0,00000000
3,60037581;3,82781744;0,00000000
3,60047981;3,82781744;0,00000000
3,60058381;3,82781744;0,00000000
3,60068781;3,78429508;0,00000000
3,60079181;3,78429508;0,00000000
3,60089581;3,82781744;0,00000000
3,60099981;3,78429508;0,00000000
3,60110381;3,82781744;0,00000000
3,60120781;3,82781744;0,00000000
3,60131181;3,82781744;0,00000000
3,60141581;3,78429508;0,00000000
3,60151981;3,78429508;0,00000000
3,60162381;3,78429508;0,00000000
3,60172781;3,82781744;0,00000000
3,60183181;3,82781744;0,00000000
3,60193581;3,82781744;0,00000000
3,60203981;3,78429508;0,00000000
3,60214381;3,78429508;0,00000000
3,60224781;3,82781744;0,00000000
3,60235181;3,82781744;0,00000000
3,60245581;3,78429508;0,00000000
3,60255981;3,78429508;0,00000000
3,60266381;3,78429508;0,00000000
3,60276781;3,78429508;0,00000000
3,60287181;3,78429508;0,00000000
3,60297581;3,82781744;0,00000000
3,60307981;3,82781744;0,00000000
3,60318381;3,82781744;0,00000000
3,60328781;3,82781744;0,00000000
3,60339181;3,82781744;0,00000000
3,60349581;3,78429508;0,00000000
3,60359981;3,82781744;0,00000000
3,60370381;3,78429508;0,00000000
3,60380781;3,78429508;0,00000000
3,60391181;3,82781744;0,00000000
3,60401581;3,82781744;0,00000000
3,60411981;3,82781744;0,00000000
3,60422381;3,82781744;0,00000000
3,60432781;3,82781744;0,00000000
3,60443181;3,82781744;0,00000000
3,60453581;3,78429508;0,00000000
3,60463981;3,78429508;0,00000000
3,60474381;3,78429508;0,00000000
3,60484781;3,82781744;0,00000000
3,60495181;3,82781744;0,00000000
3,60505581;3,82781744;0,00000000
3,60515981;3,78429508;0,00000000
3,60526381;3,82781744;0,00000000
3,60536781;3,78429508;0,00000000
3,60547181;3,78429508;0,00000000
3,60557581;3,82781744;0,00000000
3,60567981;3,82781744;0,00000000
3,60578381;3,82781744;0,00000000
3,60588781;3,78429508;0,00000000
3,60599181;3,82781744;0,00000000
3,60609581;3,82781744;0,00000000
3,60619981;3,82781744;0,00000000
3,60630381;3,78429508;0,00000000
3,60640781;3,82781744;0,00000000
3,60651181;3,82781744;0,00000000
3,60661581;3,78429508;0,00000000
3,60671981;3,78429508;0,00000000
3,60682381;3,82781744;0,00000000
3,60692781;3,78429508;0,00000000
3,60703181;3,82781744;0,00000000
3,60713581;3,82781744;0,00000000
3,60723981;3,82781744;0,00000000
3,60734381;3,87133980;0,00000000
3,60744781;3,82781744;0,00000000
3,60755181;3,82781744;0,00000000
3,60765581;3,78429508;0,00000000
3,60775981;3,82781744;0,00000000
3,60786381;3,82781744;0,00000000
3,60796781;3,78429508;0,00000000
3,60807181;3,82781744;0,00000000
3,60817581;3,78429508;0,00000000
3,60827981;3,82781744;0,00000000
3,60838381;3,78429508;0,00000000
3,60848781;3,82781744;0,00000000
3,60859181;3,82781744;0,00000000
3,60869581;3,82781744;0,00000000
3,60879981;3,82781744;0,00000000
3,60890381;3,82781744;0,00000000
3,60900781;3,82781744;0,00000000
3,60911181;3,82781744;0,00000000
3,60921581;3,78429508;0,00000000
3,60931981;3,82781744;0,00000000
3,60942381;3,78429508;0,00000000
3,60952781;3,82781744;0,00000000
3,60963181;3,82781744;0,00000000
3,60973581;3,82781744;0,00000000
3,60983981;3,82781744;0,00000000
3,60994381;3,78429508;0,00000000
3,61004781;3,78429508;0,00000000
3,61015181;3,78429508;0,00000000
3,61025581;3,82781744;0,00000000
3,61035981;3,82781744;0,00000000
3,61046381;3,82781744;0,00000000
3,61056781;3,78429508;0,00000000
3,61067181;3,78429508;0,00000000
3,61077581;3,78429508;0,00000000
3,61087981;3,82781744;0,00000000
3,61098381;3,78429508;0,00000000
3,61108781;3,82781744;0,00000000
3,61119181;3,82781744;0,00000000
3,61129581;3,78429508;0,00000000
3,61139981;3,82781744;0,00000000
3,61150381;3,82781744;0,00000000
3,61160781;3,82781744;0,00000000
3,61171181;3,82781744;0,00000000
3,61181581;3,82781744;0,00000000
3,61191981;3,78429508;0,00000000
3,61202381;3,78429508;0,00000000
3,61212781;3,82781744;0,00000000
3,61223181;3,82781744;0,01734744
3,61233581;3,78429508;0,00000000
3,61243981;3,78429508;0,00000000
3,61254381;3,82781744;0,00000000
3,61264781;3,82781744;0,00000000
3,61275181;3,78429508;0,00000000
3,61285581;3,82781744;0,00000000
3,61295981;3,78429508;0,00000000
3,61306381;3,78429508;0,00000000
3,61316781;3,82781744;0,00000000
3,61327181;3,82781744;0,00000000
3,61337581;3,82781744;0,00000000
3,61347981;3,78429508;0,00000000
3,61358381;3,82781744;0,00000000
3,61368781;3,82781744;0,01734744
3,61379181;3,78429508;0,00000000
3,61389581;3,82781744;0,00000000
3,61399981;3,78429508;0,00000000
3,61410381;3,78429508;0,00000000
3,61420781;3,78429508;0,00000000
3,61431181;3,82781744;0,00000000
3,61441581;3,82781744;0,00000000
3,61451981;3,78429508;0,00000000
3,61462381;3,78429508;0,00000000
3,61472781;3,78429508;0,00000000
3,61483181;3,82781744;0,00000000
3,61493581;3,82781744;0,00000000
3,61503981;3,82781744;0,00000000
3,61514381;3,78429508;0,00000000
3,61524781;3,82781744;0,00000000
3,61535181;3,82781744;0,00000000
3,61545581;3,82781744;0,00000000
3,61555981;3,82781744;0,00000000
3,61566381;3,78429508;0,00000000
3,61576781;3,82781744;0,00000000
3,61587181;3,82781744;0,00000000
3,61597581;3,82781744;0,00000000
3,61607981;3,82781744;0,00000000
3,61618381;3,78429508;0,00000000
3,61628781;3,78429508;0,00000000
3,61639181;3,78429508;0,00000000
3,61649581;3,82781744;0,00000000
3,61659981;3,78429508;0,00000000
3,61670381;3,82781744;0,00000000
3,61680781;3,78429508;0,00000000
3,61691181;3,78429508;0,00000000
3,61701581;3,82781744;0,00000000
3,61711981;3,82781744;0,00000000
3,61722381;3,82781744;0,00000000
3,61732781;3,82781744;0,01734744
3,61743181;3,78429508;0,00000000
3,61753581;3,78429508;0,00000000
3,61763981;3,82781744;0,00000000
3,61774380;3,82781744;0,00000000
3,61784780;3,82781744;0,00000000
3,61795180;3,82781744;0,00000000
3,61805580;3,78429508;0,00000000
3,61815980;3,82781744;0,00000000
3,61826380;3,82781744;0,00000000
3,61836780;3,82781744;0,00000000
3,61847180;3,82781744;0,00000000
3,61857580;3,82781744;0,00000000
3,61867980;3,82781744;0,00000000
3,61878380;3,78429508;0,00000000
3,61888780;3,82781744;0,00000000
3,61899180;3,78429508;0,00000000
3,61909580;3,82781744;0,00000000
3,61919980;3,82781744;0,00000000
3,61930380;3,82781744;0,00000000
3,61940780;3,82781744;0,00000000
3,61951180;3,78429508;0,00000000
3,61961580;3,78429508;0,00000000
3,61971980;3,82781744;0,00000000
3,61982380;3,82781744;0,00000000
3,61992780;3,82781744;0,00000000
3,62003180;3,82781744;0,00000000
3,62013580;3,78429508;0,00000000
3,62023980;3,82781744;0,00000000
3,62034380;3,82781744;0,00000000
3,62044780;3,82781744;0,00000000
3,62055180;3,82781744;0,00000000
3,62065580;3,82781744;0,00000000
3,62075980;3,82781744;0,00000000
3,62086380;3,82781744;0,00000000
3,62096780;3,82781744;0,00000000
3,62107180;3,82781744;0,00000000
3,62117580;3,82781744;0,00000000
3,62127980;3,82781744;0,00000000
3,62138380;3,78429508;0,00000000
3,62148780;3,82781744;0,00000000
3,62159180;3,78429508;0,00000000
3,62169580;3,82781744;0,00000000
3,62179980;3,82781744;0,00000000
3,62190380;3,78429508;0,00000000
3,62200780;3,78429508;0,00000000
3,62211180;3,82781744;0,00000000
3,62221580;3,78429508;0,00000000
3,62231980;3,82781744;0,00000000
3,62242380;3,78429508;0,00000000
3,62252780;3,82781744;0,00000000
3,62263180;3,78429508;0,00000000
3,62273580;3,82781744;0,00000000
3,62283980;3,82781744;0,00000000
3,62294380;3,82781744;0,00000000
3,62304780;3,82781744;0,00000000
3,62315180;3,82781744;0,00000000
3,62325580;3,82781744;0,00000000
3,62335980;3,78429508;0,00000000
3,62346380;3,82781744;0,00000000
3,62356780;3,82781744;0,00000000
3,62367180;3,78429508;0,00000000
3,62377580;3,82781744;0,00000000
3,62387980;3,78429508;0,00000000
3,62398380;3,82781744;0,00000000
3,62408780;3,78429508;0,00000000
3,62419180;3,82781744;0,00000000
3,62429580;3,82781744;0,00000000
3,62439980;3,78429508;0,00000000
3,62450380;3,82781744;0,00000000
3,62460780;3,82781744;0,00000000
3,62471180;3,78429508;0,00000000
3,62481580;3,82781744;0,00000000
3,62491980;3,82781744;0,00000000
3,62502380;3,82781744;0,00000000
3,62512780;3,78429508;0,00000000
3,62523180;3,78429508;0,00000000
3,62533580;3,78429508;0,00000000
3,62543980;3,82781744;0,00000000
3,62554380;3,82781744;0,00000000
3,62564780;3,78429508;0,00000000
3,62575180;3,82781744;0,00000000
3,62585580;3,82781744;0,00000000
3,62595980;3,82781744;0,00000000
3,62606380;3,82781744;0,00000000
3,62616780;3,78429508;0,00000000
3,62627180;3,82781744;0,00000000
3,62637580;3,82781744;0,00000000
3,62647980;3,82781744;0,00000000
3,62658380;3,82781744;0,00000000
3,62668780;3,82781744;0,00000000
3,62679180;3,82781744;0,00000000
3,62689580;3,82781744;0,00000000
3,62699980;3,82781744;0,00000000
3,62710380;3,82781744;0,00000000
3,62720780;3,78429508;0,00000000
3,62731180;3,82781744;0,00000000
3,62741580;3,82781744;0,00000000
3,62751980;3,78429508;0,00000000
3,62762380;3,82781744;0,00000000
3,62772780;3,78429508;0,00000000
3,62783180;3,82781744;0,00000000
3,62793580;3,82781744;0,00000000
3,62803980;3,82781744;0,00000000
3,62814380;3,82781744;0,00000000
3,62824780;3,82781744;0,00000000
3,62835180;3,82781744;0,00000000
3,62845580;3,78429508;0,00000000
3,62855980;3,82781744;0,00000000
3,62866380;3,82781744;0,00000000
3,62876780;3,82781744;0,00000000
3,62887180;3,78429508;0,00000000
3,62897580;3,78429508;0,00000000
3,62907980;3,82781744;0,00000000
3,62918380;3,82781744;0,00000000
3,62928780;3,78429508;0,00000000
3,62939180;3,82781744;0,00000000
3,62949580;3,78429508;0,00000000
3,62959980;3,82781744;0,00000000
3,62970380;3,82781744;0,00000000
3,62980780;3,82781744;0,00000000
3,62991180;3,78429508;0,00000000
3,63001580;3,78429508;0,00000000
3,63011980;3,78429508;0,00000000
3,63022380;3,82781744;0,00000000
3,63032780;3,82781744;0,00000000
3,63043180;3,82781744;0,00000000
3,63053580;3,82781744;0,00000000
3,63063980;3,82781744;0,00000000
3,63074380;3,78429508;0,00000000
3,63084780;3,78429508;0,00000000
3,63095180;3,78429508;0,00000000
3,63105580;3,82781744;0,00000000
3,63115980;3,78429508;0,00000000
3,63126380;3,82781744;0,00000000
3,63136780;3,78429508;0,00000000
3,63147180;3,82781744;0,00000000
3,63157580;3,78429508;0,00000000
3,63167980;3,82781744;0,00000000
3,63178380;3,82781744;0,00000000
3,63188780;3,82781744;0,00000000
3,63199180;3,78429508;0,00000000
3,63209580;3,82781744;0,00000000
3,63219980;3,78429508;0,00000000
3,63230380;3,78429508;0,00000000
3,63240780;3,82781744;0,00000000
3,63251180;3,82781744;0,00000000
3,63261580;3,82781744;0,00000000
3,63271980;3,82781744;0,00000000
3,63282380;3,82781744;0,00000000
3,63292780;3,78429508;0,00000000
3,63303180;3,78429508;0,00000000
3,63313580;3,82781744;0,00000000
3,63323980;3,78429508;0,00000000
3,63334380;3,78429508;0,00000000
3,63344780;3,82781744;0,00000000
3,63355180;3,82781744;0,00000000
3,63365580;3,82781744;0,00000000
3,63375980;3,82781744;0,00000000
3,63386380;3,82781744;0,00000000
3,63396780;3,82781744;0,00000000
3,63407180;3,78429508;0,00000000
3,63417580;3,82781744;0,00000000
3,63427980;3,78429508;0,00000000
3,63438380;3,78429508;0,00000000
3,63448780;3,78429508;0,00000000
3,63459180;3,78429508;0,00000000
3,63469580;3,78429508;0,00000000
3,63479980;3,78429508;0,00000000
3,63490380;3,82781744;0,00000000
3,63500780;3,82781744;0,00000000
3,63511180;3,82781744;0,00000000
3,63521580;3,82781744;0,00000000
3,63531980;3,82781744;0,00000000
3,63542380;3,82781744;0,00000000
3,63552780;3,78429508;0,00000000
3,63563180;3,82781744;0,00000000
3,63573580;3,82781744;0,00000000
3,63583980;3,82781744;0,00000000
3,63594380;3,82781744;0,00000000
3,63604780;3,82781744;0,01734744
3,63615180;3,78429508;0,00000000
3,63625580;3,78429508;0,00000000
3,63635980;3,82781744;0,00000000
3,63646380;3,78429508;0,00000000
3,63656780;3,78429508;0,00000000
3,63667180;3,78429508;0,00000000
3,63677580;3,78429508;0,00000000
3,63687980;3,82781744;0,00000000
3,63698380;3,82781744;0,00000000
3,63708780;3,78429508;0,00000000
3,63719180;3,78429508;0,00000000
3,63729580;3,82781744;0,00000000
3,63739980;3,78429508;0,00000000
3,63750380;3,82781744;0,00000000
3,63760780;3,82781744;0,00000000
3,63771180;3,78429508;0,00000000
3,63781580;3,82781744;0,00000000
3,63791980;3,82781744;0,00000000
3,63802380;3,82781744;0,00000000
3,63812780;3,78429508;0,00000000
3,63823180;3,82781744;0,00000000
3,63833580;3,82781744;0,00000000
3,63843980;3,78429508;0,00000000
3,63854380;3,82781744;0,00000000
3,63864780;3,78429508;0,00000000
3,63875180;3,82781744;0,00000000
3,63885580;3,82781744;0,00000000
3,63895980;3,82781744;0,00000000
3,63906380;3,82781744;0,00000000
3,63916780;3,78429508;0,00000000
3,63927180;3,82781744;0,00000000
3,63937580;3,82781744;0,00000000
3,63947980;3,78429508;0,00000000
3,63958380;3,82781744;0,00000000
3,63968780;3,78429508;0,00000000
3,63979180;3,82781744;0,00000000
3,63989580;3,78429508;0,00000000
3,63999980;3,82781744;0,00000000
3,64010380;3,82781744;0,00000000
3,64020780;3,82781744;0,00000000
3,64031180;3,78429508;0,00000000
3,64041580;3,78429508;0,00000000
3,64051980;3,82781744;0,00000000
3,64062380;3,82781744;0,00000000
3,64072780;3,82781744;0,00000000
3,64083180;3,82781744;0,00000000
3,64093580;3,82781744;0,00000000
3,64103980;3,82781744;0,00000000
3,64114380;3,82781744;0,00000000
3,64124780;3,82781744;0,00000000
3,64135180;3,78429508;0,00000000
3,64145580;3,82781744;0,00000000
3,64155980;3,78429508;0,00000000
3,64166380;3,82781744;0,00000000
3,64176780;3,78429508;0,00000000
3,64187180;3,82781744;0,00000000
3,64197580;3,82781744;0,00000000
3,64207980;3,82781744;0,00000000
3,64218380;3,82781744;0,00000000
3,64228780;3,78429508;0,00000000
3,64239180;3,78429508;0,00000000
3,64249580;3,78429508;0,00000000
3,64259980;3,78429508;0,00000000
3,64270380;3,82781744;0,00000000
3,64280780;3,82781744;0,00000000
3,64291180;3,82781744;0,00000000
3,64301580;3,78429508;0,00000000
3,64311980;3,82781744;0,00000000
3,64322380;3,78429508;0,00000000
3,64332780;3,82781744;0,00000000
3,64343180;3,82781744;0,00000000
3,64353580;3,82781744;0,00000000
3,64363980;3,82781744;0,00000000
3,64374380;3,82781744;0,00000000
3,64384780;3,82781744;0,00000000
3,64395180;3,82781744;0,00000000
3,64405580;3,82781744;0,00000000
3,64415980;3,78429508;0,00000000
3,64426380;3,82781744;0,00000000
3,64436780;3,82781744;0,00000000
3,64447180;3,82781744;0,00000000
3,64457580;3,78429508;0,00000000
3,64467980;3,82781744;0,00000000
3,64478380;3,78429508;0,00000000
3,64488780;3,82781744;0,00000000
3,64499180;3,82781744;0,00000000
3,64509580;3,82781744;0,00000000
3,64519980;3,82781744;0,00000000
3,64530380;3,82781744;0,00000000
3,64540780;3,78429508;0,00000000
3,64551180;3,78429508;0,00000000
3,64561580;3,78429508;0,00000000
3,64571980;3,82781744;0,00000000
3,64582380;3,78429508;0,00000000
3,64592780;3,82781744;0,00000000
3,64603180;3,82781744;0,00000000
3,64613580;3,82781744;0,00000000
3,64623980;3,82781744;0,00000000
3,64634380;3,82781744;0,00000000
3,64644780;3,82781744;0,00000000
3,64655180;3,82781744;0,00000000
3,64665580;3,82781744;0,00000000
3,64675980;3,82781744;0,00000000
3,64686380;3,78429508;0,00000000
3,64696780;3,78429508;0,00000000
3,64707180;3,82781744;0,00000000
3,64717580;3,82781744;0,00000000
3,64727980;3,82781744;0,00000000
3,64738380;3,82781744;0,00000000
3,64748780;3,82781744;0,00000000
3,64759180;3,82781744;0,00000000
3,64769580;3,82781744;0,00000000
3,64779980;3,82781744;0,00000000
3,64790380;3,82781744;0,00000000
3,64800780;3,82781744;0,00000000
3,64811180;3,82781744;0,00000000
3,64821580;3,78429508;0,00000000
3,64831980;3,78429508;0,00000000
3,64842380;3,82781744;0,00000000
3,64852780;3,82781744;0,00000000
3,64863180;3,82781744;0,00000000
3,64873580;3,82781744;0,00000000
3,64883980;3,82781744;0,00000000
3,64894380;3,78429508;0,00000000
3,64904780;3,78429508;0,00000000
3,64915180;3,82781744;0,00000000
3,64925580;3,82781744;0,00000000
3,64935980;3,78429508;0,00000000
3,64946380;3,78429508;0,00000000
3,64956780;3,82781744;0,00000000
3,64967180;3,82781744;0,00000000
3,64977580;3,78429508;0,00000000
3,64987980;3,78429508;0,00000000
3,64998380;3,78429508;0,00000000
3,65008780;3,82781744;0,00000000
3,65019180;3,78429508;0,00000000
3,65029580;3,82781744;0,00000000
3,65039980;3,78429508;0,00000000
3,65050380;3,82781744;0,00000000
3,65060780;3,78429508;0,00000000
3,65071180;3,82781744;0,00000000
3,65081580;3,82781744;0,00000000
3,65091980;3,78429508;0,00000000
3,65102380;3,78429508;0,00000000
3,65112780;3,82781744;0,00000000
3,65123180;3,78429508;0,00000000
3,65133580;3,82781744;0,00000000
3,65143980;3,82781744;0,00000000
3,65154380;3,82781744;0,00000000
3,65164780;3,82781744;0,00000000
3,65175180;3,82781744;0,00000000
3,65185580;3,78429508;0,00000000
3,65195980;3,78429508;0,00000000
3,65206380;3,82781744;0,00000000
3,65216780;3,82781744;0,00000000
3,65227180;3,82781744;0,00000000
3,65237580;3,82781744;0,00000000
3,65247980;3,78429508;0,00000000
3,65258380;3,82781744;0,00000000
3,65268780;3,82781744;0,00000000
3,65279180;3,82781744;0,00000000
3,65289580;3,82781744;0,00000000
3,65299980;3,78429508;0,00000000
3,65310380;3,82781744;0,00000000
3,65320780;3,82781744;0,00000000
3,65331180;3,82781744;0,00000000
3,65341580;3,78429508;0,00000000
3,65351980;3,82781744;0,00000000
3,65362380;3,78429508;0,00000000
3,65372780;3,82781744;0,00000000
3,65383180;3,78429508;0,00000000
3,65393580;3,82781744;0,00000000
3,65403980;3,82781744;0,00000000
3,65414380;3,78429508;0,00000000
3,65424780;3,82781744;0,00000000
3,65435180;3,78429508;0,00000000
3,65445580;3,82781744;0,00000000
3,65455980;3,82781744;0,00000000
3,65466380;3,82781744;0,00000000
3,65476780;3,82781744;0,00000000
3,65487180;3,82781744;0,00000000
3,65497580;3,82781744;0,00000000
3,65507980;3,82781744;0,00000000
3,65518380;3,82781744;0,00000000
3,65528780;3,82781744;0,00000000
3,65539180;3,78429508;0,00000000
3,65549580;3,78429508;0,00000000
3,65559980;3,82781744;0,00000000
3,65570380;3,82781744;0,00000000
3,65580780;3,82781744;0,00000000
3,65591180;3,82781744;0,00000000
3,65601580;3,82781744;0,00000000
3,65611980;3,82781744;0,00000000
3,65622380;3,82781744;0,00000000
3,65632780;3,82781744;0,00000000
3,65643180;3,87133980;0,00000000
3,65653580;3,78429508;0,00000000
3,65663980;3,82781744;0,00000000
3,65674380;3,78429508;0,00000000
3,65684780;3,82781744;0,00000000
3,65695180;3,82781744;0,00000000
3,65705580;3,78429508;0,00000000
3,65715980;3,82781744;0,00000000
3,65726380;3,82781744;0,00000000
3,65736780;3,82781744;0,00000000
3,65747180;3,78429508;0,00000000
3,65757580;3,82781744;0,00000000
3,65767980;3,82781744;0,00000000
3,65778380;3,82781744;0,00000000
3,65788780;3,82781744;0,00000000
3,65799180;3,82781744;0,00000000
3,65809580;3,78429508;0,00000000
3,65819980;3,78429508;0,00000000
3,65830380;3,82781744;0,00000000
3,65840780;3,82781744;0,00000000
3,65851180;3,78429508;0,00000000
3,65861580;3,78429508;0,00000000
3,65871980;3,82781744;0,00000000
3,65882380;3,78429508;0,00000000
3,65892780;3,78429508;0,00000000
3,65903180;3,82781744;0,00000000
3,65913580;3,78429508;0,00000000
3,65923980;3,82781744;0,00000000
3,65934380;3,82781744;0,00000000
3,65944780;3,78429508;0,00000000
3,65955180;3,78429508;0,00000000
3,65965580;3,78429508;0,00000000
3,65975980;3,82781744;0,00000000
3,65986380;3,82781744;0,00000000
3,65996780;3,78429508;0,00000000
3,66007180;3,82781744;0,00000000
3,66017580;3,82781744;0,00000000
3,66027980;3,82781744;0,00000000
3,66038380;3,82781744;0,00000000
3,66048780;3,82781744;0,00000000
3,66059180;3,78429508;0,00000000
3,66069580;3,78429508;0,00000000
3,66079980;3,82781744;0,00000000
3,66090380;3,78429508;0,00000000
3,66100780;3,82781744;0,00000000
3,66111180;3,78429508;0,00000000
3,66121580;3,82781744;0,00000000
3,66131980;3,78429508;0,00000000
3,66142380;3,78429508;0,00000000
3,66152780;3,82781744;0,00000000
3,66163180;3,82781744;0,00000000
3,66173580;3,78429508;0,00000000
3,66183980;3,78429508;0,00000000
3,66194380;3,82781744;0,00000000
3,66204780;3,78429508;0,00000000
3,66215180;3,78429508;0,00000000
3,66225580;3,82781744;0,00000000
3,66235980;3,82781744;0,00000000
3,66246380;3,82781744;0,00000000
3,66256780;3,78429508;0,00000000
3,66267180;3,78429508;0,00000000
3,66277580;3,82781744;0,00000000
3,66287980;3,82781744;0,00000000
3,66298380;3,78429508;0,00000000
3,66308780;3,82781744;0,00000000
3,66319180;3,82781744;0,00000000
3,66329580;3,78429508;0,00000000
3,66339980;3,82781744;0,00000000
3,66350380;3,82781744;0,00000000
3,66360780;3,78429508;0,00000000
3,66371180;3,82781744;0,00000000
3,66381580;3,82781744;0,00000000
3,66391980;3,82781744;0,00000000
3,66402380;3,82781744;0,00000000
3,66412780;3,82781744;0,00000000
3,66423180;3,78429508;0,00000000
3,66433580;3,82781744;0,00000000
3,66443980;3,78429508;0,00000000
3,66454380;3,82781744;0,00000000
3,66464780;3,82781744;0,00000000
3,66475180;3,82781744;0,00000000
3,66485580;3,82781744;0,00000000
3,66495980;3,82781744;0,00000000
3,66506380;3,78429508;0,00000000
3,66516780;3,82781744;0,00000000
3,66527180;3,82781744;0,00000000
3,66537580;3,82781744;0,00000000
3,66547980;3,82781744;0,00000000
3,66558380;3,82781744;0,00000000
3,66568780;3,78429508;0,00000000
3,66579180;3,82781744;0,00000000
3,66589580;3,78429508;0,00000000
3,66599980;3,82781744;0,00000000
3,66610380;3,82781744;0,00000000
3,66620780;3,82781744;0,00000000
3,66631180;3,82781744;0,00000000
3,66641580;3,82781744;0,00000000
3,66651980;3,78429508;0,00000000
3,66662380;3,82781744;0,00000000
3,66672780;3,82781744;0,00000000
3,66683180;3,78429508;0,00000000
3,66693580;3,82781744;0,00000000
3,66703980;3,82781744;0,00000000
3,66714380;3,82781744;0,00000000
3,66724780;3,78429508;0,00000000
3,66735180;3,82781744;0,00000000
3,66745580;3,82781744;0,00000000
3,66755980;3,82781744;0,00000000
3,66766380;3,82781744;0,00000000
3,66776780;3,82781744;0,00000000
3,66787180;3,82781744;0,00000000
3,66797580;3,82781744;0,00000000
3,66807980;3,82781744;0,00000000
3,66818380;3,78429508;0,00000000
3,66828780;3,78429508;0,00000000
3,66839180;3,82781744;0,00000000
3,66849580;3,78429508;0,00000000
3,66859980;3,82781744;0,00000000
3,66870380;3,82781744;0,00000000
3,66880780;3,82781744;0,00000000
3,66891180;3,82781744;0,00000000
3,66901580;3,82781744;0,00000000
3,66911980;3,78429508;0,00000000
3,66922380;3,82781744;0,00000000
3,66932780;3,82781744;0,00000000
3,66943180;3,82781744;0,00000000
3,66953580;3,78429508;0,00000000
3,66963980;3,78429508;0,00000000
3,66974380;3,82781744;0,00000000
3,66984780;3,82781744;0,00000000
3,66995180;3,82781744;0,00000000
3,67005580;3,82781744;0,00000000
3,67015980;3,78429508;0,00000000
3,67026380;3,82781744;0,00000000
3,67036780;3,82781744;0,00000000
3,67047180;3,82781744;0,00000000
3,67057580;3,82781744;0,00000000
3,67067980;3,78429508;0,00000000
3,67078380;3,82781744;0,00000000
3,67088780;3,78429508;0,00000000
3,67099180;3,82781744;0,00000000
3,67109580;3,82781744;0,00000000
3,67119980;3,82781744;0,00000000
3,67130380;3,82781744;0,00000000
3,67140780;3,82781744;0,00000000
3,67151180;3,78429508;0,00000000
3,67161580;3,82781744;0,00000000
3,67171980;3,82781744;0,00000000
3,67182380;3,82781744;0,00000000
3,67192780;3,82781744;0,00000000
3,67203180;3,82781744;0,00000000
3,67213580;3,82781744;0,00000000
3,67223980;3,82781744;0,00000000
3,67234380;3,78429508;0,00000000
3,67244780;3,82781744;0,00000000
3,67255180;3,78429508;0,00000000
3,67265580;3,82781744;0,00000000
3,67275980;3,82781744;0,00000000
3,67286380;3,78429508;0,00000000
3,67296780;3,78429508;0,00000000
3,67307180;3,78429508;0,00000000
3,67317580;3,82781744;0,00000000
3,67327980;3,82781744;0,00000000
3,67338380;3,78429508;0,00000000
3,67348780;3,82781744;0,00000000
3,67359180;3,82781744;0,00000000
3,67369580;3,82781744;0,00000000
3,67379980;3,78429508;0,00000000
3,67390380;3,82781744;0,00000000
3,67400780;3,82781744;0,00000000
3,67411180;3,82781744;0,00000000
3,67421580;3,78429508;0,00000000
3,67431980;3,82781744;0,00000000
3,67442380;3,82781744;0,00000000
3,67452780;3,82781744;0,00000000
3,67463180;3,78429508;0,00000000
3,67473580;3,78429508;0,00000000
3,67483980;3,82781744;0,00000000
3,67494380;3,82781744;0,00000000
3,67504780;3,82781744;0,00000000
3,67515180;3,82781744;0,00000000
3,67525580;3,82781744;0,00000000
3,67535980;3,82781744;0,00000000
3,67546380;3,82781744;0,00000000
3,67556780;3,82781744;0,00000000
3,67567180;3,82781744;0,00000000
3,67577580;3,82781744;0,00000000
3,67587980;3,78429508;0,00000000
3,67598380;3,82781744;0,00000000
3,67608780;3,82781744;0,00000000
3,67619180;3,82781744;0,00000000
3,67629580;3,82781744;0,00000000
3,67639980;3,82781744;0,00000000
3,67650380;3,78429508;0,00000000
3,67660780;3,78429508;0,00000000
3,67671180;3,82781744;0,00000000
3,67681580;3,82781744;0,00000000
3,67691980;3,82781744;0,00000000
3,67702380;3,78429508;0,00000000
3,67712780;3,78429508;0,00000000
3,67723180;3,78429508;0,00000000
3,67733580;3,78429508;0,00000000
3,67743980;3,78429508;0,00000000
3,67754380;3,82781744;0,00000000
3,67764780;3,82781744;0,00000000
3,67775180;3,78429508;0,00000000
3,67785580;3,82781744;0,00000000
3,67795980;3,78429508;0,00000000
3,67806380;3,82781744;0,00000000
3,67816780;3,82781744;0,00000000
3,67827180;3,82781744;0,00000000
3,67837580;3,82781744;0,00000000
3,67847980;3,78429508;0,00000000
3,67858380;3,82781744;0,00000000
3,67868780;3,78429508;0,00000000
3,67879180;3,82781744;0,00000000
3,67889580;3,82781744;0,00000000
3,67899980;3,82781744;0,00000000
3,67910380;3,82781744;0,00000000
3,67920780;3,82781744;0,00000000
3,67931180;3,82781744;0,00000000
3,67941580;3,82781744;0,00000000
3,67951980;3,82781744;0,00000000
3,67962380;3,78429508;0,00000000
3,67972780;3,82781744;0,00000000
3,67983180;3,82781744;0,00000000
3,67993580;3,78429508;0,00000000
3,68003980;3,82781744;0,00000000
3,68014380;3,82781744;0,00000000
3,68024780;3,78429508;0,00000000
3,68035180;3,82781744;0,00000000
3,68045580;3,82781744;0,00000000
3,68055980;3,82781744;0,00000000
3,68066380;3,82781744;0,00000000
3,68076780;3,82781744;0,00000000
3,68087180;3,78429508;0,00000000
3,68097580;3,78429508;0,00000000
3,68107980;3,82781744;0,00000000
3,68118380;3,82781744;0,01734744
3,68128780;3,78429508;0,00000000
3,68139180;3,78429508;0,00000000
3,68149580;3,82781744;0,00000000
3,68159980;3,82781744;0,00000000
3,68170380;3,82781744;0,00000000
3,68180780;3,82781744;0,00000000
3,68191180;3,82781744;0,00000000
3,68201580;3,82781744;0,00000000
3,68211980;3,82781744;0,00000000
3,68222380;3,78429508;0,00000000
3,68232780;3,78429508;0,00000000
3,68243180;3,82781744;0,00000000
3,68253580;3,82781744;0,00000000
3,68263980;3,82781744;0,00000000
3,68274380;3,78429508;0,00000000
3,68284780;3,82781744;0,00000000
3,68295180;3,82781744;0,00000000
3,68305580;3,82781744;0,00000000
3,68315980;3,82781744;0,00000000
3,68326380;3,82781744;0,00000000
3,68336780;3,82781744;0,00000000
3,68347180;3,78429508;0,00000000
3,68357580;3,82781744;0,00000000
3,68367980;3,82781744;0,00000000
3,68378380;3,78429508;0,00000000
3,68388780;3,78429508;0,00000000
3,68399180;3,82781744;0,00000000
3,68409580;3,82781744;0,00000000
3,68419980;3,82781744;0,00000000
3,68430380;3,82781744;0,00000000
3,68440780;3,78429508;0,00000000
3,68451180;3,82781744;0,00000000
3,68461580;3,82781744;0,00000000
3,68471980;3,82781744;0,00000000
3,68482380;3,82781744;0,00000000
3,68492780;3,82781744;0,00000000
3,68503180;3,78429508;0,00000000
3,68513580;3,82781744;0,00000000
3,68523980;3,78429508;0,00000000
3,68534380;3,78429508;0,00000000
3,68544780;3,82781744;0,00000000
3,68555180;3,82781744;0,00000000
3,68565580;3,82781744;0,00000000
3,68575980;3,82781744;0,00000000
3,68586380;3,78429508;0,00000000
3,68596780;3,82781744;0,00000000
3,68607180;3,82781744;0,00000000
3,68617580;3,82781744;0,00000000
3,68627980;3,82781744;0,00000000
3,68638380;3,82781744;0,00000000
3,68648780;3,82781744;0,00000000
3,68659180;3,87133980;0,00000000
3,68669580;3,82781744;0,00000000
3,68679980;3,82781744;0,00000000
3,68690380;3,82781744;0,00000000
3,68700780;3,82781744;0,00000000
3,68711180;3,82781744;0,00000000
3,68721580;3,82781744;0,00000000
3,68731980;3,82781744;0,00000000
3,68742380;3,82781744;0,00000000
3,68752780;3,78429508;0,00000000
3,68763180;3,78429508;0,00000000
3,68773580;3,82781744;0,00000000
3,68783980;3,78429508;0,00000000
3,68794380;3,82781744;0,00000000
3,68804780;3,82781744;0,00000000
3,68815180;3,82781744;0,00000000
3,68825580;3,82781744;0,00000000
3,68835980;3,78429508;0,00000000
3,68846380;3,82781744;0,00000000
3,68856780;3,82781744;0,00000000
3,68867180;3,82781744;0,00000000
3,68877580;3,82781744;0,00000000
3,68887980;3,82781744;0,00000000
3,68898380;3,78429508;0,00000000
3,68908780;3,82781744;0,00000000
3,68919180;3,82781744;0,00000000
3,68929580;3,82781744;0,00000000
3,68939980;3,78429508;0,00000000
3,68950380;3,82781744;0,00000000
3,68960780;3,82781744;0,00000000
3,68971180;3,78429508;0,00000000
3,68981580;3,82781744;0,00000000
3,68991980;3,82781744;0,00000000
3,69002380;3,82781744;0,00000000
3,69012780;3,82781744;0,00000000
3,69023180;3,78429508;0,00000000
3,69033580;3,82781744;0,00000000
3,69043980;3,82781744;0,00000000
3,69054380;3,82781744;0,00000000
3,69064780;3,78429508;0,00000000
3,69075180;3,82781744;0,00000000
3,69085580;3,78429508;0,00000000
3,69095980;3,82781744;0,00000000
3,69106380;3,82781744;0,00000000
3,69116780;3,82781744;0,00000000
3,69127180;3,78429508;0,00000000
3,69137580;3,82781744;0,00000000
3,69147980;3,78429508;0,00000000
3,69158380;3,82781744;0,00000000
3,69168780;3,82781744;0,00000000
3,69179180;3,82781744;0,00000000
3,69189580;3,78429508;0,00000000
3,69199980;3,78429508;0,00000000
3,69210380;3,82781744;0,00000000
3,69220780;3,82781744;0,00000000
3,69231180;3,82781744;0,00000000
3,69241580;3,82781744;0,00000000
3,69251980;3,78429508;0,00000000
3,69262380;3,82781744;0,00000000
3,69272780;3,78429508;0,00000000
3,69283180;3,82781744;0,00000000
3,69293580;3,78429508;0,00000000
3,69303980;3,82781744;0,00000000
3,69314380;3,82781744;0,00000000
3,69324780;3,82781744;0,00000000
3,69335180;3,82781744;0,00000000
3,69345580;3,82781744;0,00000000
3,69355980;3,78429508;0,00000000
3,69366380;3,82781744;0,00000000
3,69376780;3,82781744;0,00000000
3,69387180;3,82781744;0,00000000
3,69397580;3,78429508;0,00000000
3,69407980;3,82781744;0,00000000
3,69418380;3,82781744;0,00000000
3,69428780;3,82781744;0,00000000
3,69439180;3,78429508;0,00000000
3,69449580;3,82781744;0,00000000
3,69459980;3,78429508;0,00000000
3,69470380;3,82781744;0,00000000
3,69480780;3,78429508;0,00000000
3,69491180;3,82781744;0,00000000
3,69501580;3,78429508;0,00000000
3,69511980;3,78429508;0,00000000
3,69522380;3,82781744;0,00000000
3,69532780;3,82781744;0,00000000
3,69543180;3,82781744;0,00000000
3,69553580;3,82781744;0,00000000
3,69563980;3,82781744;0,00000000
3,69574380;3,82781744;0,00000000
3,69584780;3,82781744;0,00000000
3,69595180;3,82781744;0,00000000
3,69605580;3,78429508;0,00000000
3,69615980;3,82781744;0,00000000
3,69626380;3,82781744;0,00000000
3,69636780;3,78429508;0,00000000
3,69647180;3,82781744;0,00000000
3,69657580;3,82781744;0,00000000
3,69667980;3,82781744;0,00000000
3,69678380;3,82781744;0,00000000
3,69688780;3,82781744;0,00000000
3,69699180;3,82781744;0,00000000
3,69709580;3,82781744;0,00000000
3,69719980;3,82781744;0,00000000
3,69730380;3,82781744;0,00000000
3,69740780;3,82781744;0,00000000
3,69751180;3,78429508;0,00000000
3,69761580;3,82781744;0,00000000
3,69771980;3,82781744;0,00000000
3,69782380;3,82781744;0,00000000
3,69792780;3,82781744;0,00000000
3,69803180;3,82781744;0,00000000
3,69813580;3,82781744;0,00000000
3,69823980;3,82781744;0,00000000
3,69834380;3,82781744;0,00000000
3,69844780;3,82781744;0,00000000
3,69855180;3,82781744;0,00000000
3,69865580;3,82781744;0,00000000
3,69875980;3,82781744;0,00000000
3,69886380;3,82781744;0,00000000
3,69896780;3,82781744;0,00000000
3,69907180;3,82781744;0,00000000
3,69917580;3,82781744;0,00000000
3,69927980;3,82781744;0,00000000
3,69938380;3,82781744;0,00000000
3,69948780;3,78429508;0,00000000
3,69959180;3,78429508;0,00000000
3,69969580;3,82781744;0,00000000
3,69979980;3,78429508;0,00000000
3,69990380;3,82781744;0,00000000
3,70000780;3,82781744;0,00000000
3,70011180;3,82781744;0,00000000
3,70021580;3,78429508;0,00000000
3,70031980;3,78429508;0,00000000
3,70042380;3,82781744;0,00000000
3,70052780;3,78429508;0,00000000
3,70063180;3,82781744;0,00000000
3,70073580;3,78429508;0,00000000
3,70083980;3,78429508;0,00000000
3,70094380;3,82781744;0,00000000
3,70104780;3,78429508;0,00000000
3,70115180;3,78429508;0,00000000
3,70125580;3,78429508;0,00000000
3,70135980;3,78429508;0,00000000
3,70146380;3,78429508;0,00000000
3,70156780;3,82781744;0,00000000
3,70167180;3,82781744;0,00000000
3,70177580;3,82781744;0,00000000
3,70187980;3,78429508;0,00000000
3,70198380;3,82781744;0,00000000
3,70208780;3,78429508;0,00000000
3,70219180;3,78429508;0,00000000
3,70229580;3,78429508;0,00000000
3,70239980;3,78429508;0,00000000
3,70250380;3,78429508;0,00000000
3,70260780;3,82781744;0,00000000
3,70271180;3,82781744;0,00000000
3,70281580;3,82781744;0,00000000
3,70291980;3,82781744;0,00000000
3,70302380;3,78429508;0,00000000
3,70312780;3,82781744;0,00000000
3,70323180;3,82781744;0,00000000
3,70333580;3,82781744;0,00000000
3,70343980;3,82781744;0,00000000
3,70354380;3,82781744;0,00000000
3,70364780;3,82781744;0,00000000
3,70375180;3,78429508;0,00000000
3,70385580;3,78429508;0,00000000
3,70395980;3,82781744;0,00000000
3,70406380;3,82781744;0,00000000
3,70416780;3,82781744;0,00000000
3,70427180;3,82781744;0,00000000
3,70437580;3,82781744;0,00000000
3,70447980;3,82781744;0,00000000
3,70458380;3,82781744;0,00000000
3,70468780;3,78429508;0,00000000
3,70479180;3,82781744;0,00000000
3,70489580;3,82781744;0,00000000
3,70499980;3,82781744;0,00000000
3,70510380;3,78429508;0,00000000
3,70520780;3,82781744;0,00000000
3,70531180;3,78429508;0,00000000
3,70541580;3,82781744;0,00000000
3,70551980;3,78429508;0,00000000
3,70562380;3,82781744;0,00000000
3,70572780;3,82781744;0,00000000
3,70583180;3,82781744;0,00000000
3,70593580;3,82781744;0,00000000
3,70603980;3,82781744;0,00000000
3,70614380;3,82781744;0,00000000
3,70624780;3,82781744;0,00000000
3,70635180;3,82781744;0,00000000
3,70645580;3,82781744;0,00000000
3,70655980;3,82781744;0,00000000
3,70666380;3,78429508;0,00000000
3,70676780;3,82781744;0,00000000
3,70687180;3,82781744;0,00000000
3,70697580;3,82781744;0,00000000
3,70707980;3,78429508;0,00000000
3,70718380;3,78429508;0,00000000
3,70728780;3,82781744;0,00000000
3,70739180;3,78429508;0,00000000
3,70749580;3,78429508;0,00000000
3,70759980;3,78429508;0,00000000
3,70770380;3,78429508;0,00000000
3,70780780;3,82781744;0,00000000
3,70791180;3,78429508;0,00000000
3,70801580;3,82781744;0,00000000
3,70811980;3,82781744;0,00000000
3,70822380;3,78429508;0,00000000
3,70832780;3,78429508;0,00000000
3,70843180;3,82781744;0,00000000
3,70853580;3,82781744;0,00000000
3,70863980;3,82781744;0,00000000
3,70874380;3,82781744;0,00000000
3,70884780;3,82781744;0,00000000
3,70895180;3,78429508;0,00000000
3,70905580;3,78429508;0,00000000
3,70915980;3,82781744;0,00000000
3,70926380;3,82781744;0,00000000
3,70936780;3,82781744;0,00000000
3,70947180;3,78429508;0,00000000
3,70957580;3,78429508;0,00000000
3,70967980;3,82781744;0,00000000
3,70978380;3,78429508;0,00000000
3,70988780;3,82781744;0,00000000
3,70999180;3,78429508;0,00000000
3,71009580;3,78429508;0,00000000
3,71019980;3,78429508;0,00000000
3,71030380;3,82781744;0,00000000
3,71040780;3,82781744;0,00000000
3,71051180;3,82781744;0,00000000
3,71061580;3,82781744;0,00000000
3,71071980;3,82781744;0,00000000
3,71082380;3,82781744;0,00000000
3,71092780;3,82781744;0,00000000
3,71103180;3,82781744;0,00000000
3,71113580;3,78429508;0,00000000
3,71123980;3,82781744;0,00000000
3,71134380;3,78429508;0,00000000
3,71144780;3,78429508;0,00000000
3,71155180;3,82781744;0,00000000
3,71165580;3,82781744;0,00000000
3,71175980;3,78429508;0,00000000
3,71186380;3,82781744;0,00000000
3,71196780;3,82781744;0,00000000
3,71207180;3,82781744;0,00000000
3,71217580;3,82781744;0,00000000
3,71227980;3,82781744;0,00000000
3,71238380;3,82781744;0,00000000
3,71248780;3,82781744;0,00000000
3,71259180;3,82781744;0,00000000
3,71269580;3,82781744;0,00000000
3,71279980;3,82781744;0,01734744
3,71290380;3,82781744;0,00000000
3,71300780;3,82781744;0,00000000
3,71311180;3,78429508;0,00000000
3,71321580;3,82781744;0,00000000
3,71331980;3,82781744;0,00000000
3,71342380;3,82781744;0,00000000
3,71352780;3,82781744;0,00000000
3,71363180;3,82781744;0,00000000
3,71373580;3,82781744;0,00000000
3,71383980;3,78429508;0,00000000
3,71394380;3,82781744;0,00000000
3,71404780;3,82781744;0,00000000
3,71415180;3,82781744;0,00000000
3,71425580;3,82781744;0,00000000
3,71435980;3,82781744;0,00000000
3,71446380;3,82781744;0,00000000
3,71456780;3,82781744;0,00000000
3,71467180;3,82781744;0,00000000
3,71477580;3,82781744;0,00000000
3,71487980;3,78429508;0,00000000
3,71498380;3,78429508;0,00000000
3,71508780;3,82781744;0,00000000
3,71519180;3,82781744;0,00000000
3,71529580;3,82781744;0,00000000
3,71539980;3,78429508;0,00000000
3,71550380;3,82781744;0,00000000
3,71560780;3,82781744;0,00000000
3,71571180;3,82781744;0,00000000
3,71581580;3,82781744;0,00000000
3,71591980;3,82781744;0,00000000
3,71602380;3,78429508;0,00000000
3,71612780;3,82781744;0,00000000
3,71623180;3,82781744;0,00000000
3,71633580;3,82781744;0,00000000
3,71643980;3,82781744;0,00000000
3,71654380;3,82781744;0,00000000
3,71664780;3,78429508;0,00000000
3,71675180;3,82781744;0,00000000
3,71685580;3,78429508;0,00000000
3,71695980;3,82781744;0,00000000
3,71706380;3,78429508;0,00000000
3,71716780;3,82781744;0,00000000
3,71727180;3,82781744;0,00000000
3,71737580;3,82781744;0,00000000
3,71747980;3,82781744;0,00000000
3,71758380;3,82781744;0,00000000
3,71768780;3,78429508;0,00000000
3,71779180;3,82781744;0,00000000
3,71789580;3,82781744;0,00000000
3,71799980;3,82781744;0,00000000
3,71810380;3,82781744;0,00000000
3,71820780;3,78429508;0,00000000
3,71831180;3,78429508;0,00000000
3,71841580;3,78429508;0,00000000
3,71851980;3,78429508;0,00000000
3,71862380;3,82781744;0,00000000
3,71872780;3,82781744;0,00000000
3,71883180;3,82781744;0,00000000
3,71893580;3,82781744;0,00000000
3,71903980;3,82781744;0,00000000
3,71914380;3,78429508;0,00000000
3,71924780;3,82781744;0,00000000
3,71935180;3,82781744;0,00000000
3,71945580;3,82781744;0,00000000
3,71955980;3,78429508;0,00000000
3,71966380;3,82781744;0,00000000
3,71976780;3,82781744;0,00000000
3,71987180;3,82781744;0,00000000
3,71997580;3,78429508;0,00000000
3,72007980;3,82781744;0,00000000
3,72018380;3,82781744;0,00000000
3,72028780;3,82781744;0,00000000
3,72039180;3,82781744;0,00000000
3,72049580;3,82781744;0,00000000
3,72059980;3,82781744;0,00000000
3,72070380;3,78429508;0,00000000
3,72080780;3,78429508;0,00000000
3,72091180;3,82781744;0,00000000
3,72101580;3,78429508;0,00000000
3,72111980;3,82781744;0,00000000
3,72122380;3,78429508;0,00000000
3,72132780;3,82781744;0,00000000
3,72143180;3,82781744;0,00000000
3,72153580;3,78429508;0,00000000
3,72163980;3,78429508;0,00000000
3,72174380;3,78429508;0,00000000
3,72184780;3,82781744;0,00000000
3,72195180;3,82781744;0,00000000
3,72205580;3,82781744;0,00000000
3,72215980;3,82781744;0,00000000
3,72226380;3,82781744;0,00000000
3,72236780;3,82781744;0,00000000
3,72247180;3,82781744;0,00000000
3,72257580;3,78429508;0,00000000
3,72267980;3,78429508;0,00000000
3,72278380;3,82781744;0,00000000
3,72288780;3,78429508;0,00000000
3,72299180;3,78429508;0,00000000
3,72309580;3,82781744;0,00000000
3,72319980;3,82781744;0,00000000
3,72330380;3,82781744;0,00000000
3,72340780;3,82781744;0,00000000
3,72351180;3,82781744;0,00000000
3,72361580;3,82781744;0,00000000
3,72371980;3,78429508;0,00000000
3,72382380;3,78429508;0,00000000
3,72392780;3,82781744;0,00000000
3,72403180;3,82781744;0,00000000
3,72413580;3,82781744;0,00000000
3,72423980;3,78429508;0,00000000
3,72434380;3,82781744;0,00000000
3,72444780;3,82781744;0,00000000
3,72455180;3,82781744;0,00000000
3,72465580;3,78429508;0,00000000
3,72475980;3,82781744;0,00000000
3,72486380;3,82781744;0,00000000
3,72496780;3,78429508;0,00000000
3,72507180;3,82781744;0,00000000
3,72517580;3,78429508;0,00000000
3,72527980;3,78429508;0,00000000
3,72538380;3,82781744;0,00000000
3,72548780;3,82781744;0,00000000
3,72559180;3,78429508;0,00000000
3,72569580;3,82781744;0,00000000
3,72579980;3,82781744;0,00000000
3,72590380;3,78429508;0,00000000
3,72600780;3,82781744;0,00000000
3,72611180;3,82781744;0,00000000
3,72621580;3,82781744;0,00000000
3,72631980;3,78429508;0,00000000
3,72642380;3,78429508;0,00000000
3,72652780;3,82781744;0,00000000
3,72663180;3,82781744;0,00000000
3,72673580;3,82781744;0,00000000
3,72683980;3,82781744;0,00000000
3,72694380;3,82781744;0,00000000
3,72704780;3,82781744;0,00000000
3,72715180;3,78429508;0,00000000
3,72725580;3,82781744;0,00000000
3,72735980;3,82781744;0,00000000
3,72746380;3,78429508;0,00000000
3,72756780;3,78429508;0,00000000
3,72767180;3,82781744;0,00000000
3,72777580;3,82781744;0,00000000
3,72787980;3,82781744;0,00000000
3,72798380;3,78429508;0,00000000
3,72808780;3,82781744;0,00000000
3,72819180;3,82781744;0,00000000
3,72829580;3,82781744;0,00000000
3,72839980;3,82781744;0,00000000
3,72850380;3,82781744;0,00000000
3,72860780;3,82781744;0,00000000
3,72871180;3,82781744;0,00000000
3,72881580;3,82781744;0,00000000
3,72891980;3,82781744;0,00000000
3,72902380;3,82781744;0,00000000
3,72912780;3,82781744;0,00000000
3,72923180;3,82781744;0,00000000
3,72933580;3,78429508;0,00000000
3,72943980;3,82781744;0,00000000
3,72954380;3,82781744;0,00000000
3,72964780;3,82781744;0,00000000
3,72975180;3,82781744;0,00000000
3,72985580;3,82781744;0,00000000
3,72995980;3,82781744;0,00000000
3,73006380;3,82781744;0,00000000
3,73016780;3,78429508;0,00000000
3,73027180;3,78429508;0,00000000
3,73037580;3,82781744;0,00000000
3,73047980;3,82781744;0,00000000
3,73058380;3,82781744;0,00000000
3,73068780;3,82781744;0,00000000
3,73079180;3,82781744;0,00000000
3,73089580;3,82781744;0,00000000
3,73099980;3,82781744;0,00000000
3,73110380;3,82781744;0,00000000
3,73120780;3,82781744;0,00000000
3,73131180;3,82781744;0,00000000
3,73141580;3,82781744;0,00000000
3,73151980;3,78429508;0,00000000
3,73162380;3,82781744;0,00000000
3,73172780;3,82781744;0,00000000
3,73183180;3,82781744;0,00000000
3,73193580;3,82781744;0,00000000
3,73203980;3,78429508;0,00000000
3,73214380;3,82781744;0,00000000
3,73224780;3,78429508;0,00000000
3,73235180;3,82781744;0,00000000
3,73245580;3,78429508;0,00000000
3,73255980;3,82781744;0,00000000
3,73266380;3,78429508;0,00000000
3,73276780;3,78429508;0,00000000
3,73287180;3,82781744;0,00000000
3,73297580;3,82781744;0,00000000
3,73307980;3,82781744;0,00000000
3,73318380;3,82781744;0,00000000
3,73328780;3,82781744;0,00000000
3,73339180;3,82781744;0,00000000
3,73349580;3,82781744;0,00000000
3,73359980;3,82781744;0,00000000
3,73370380;3,82781744;0,00000000
3,73380780;3,82781744;0,00000000
3,73391180;3,82781744;0,00000000
3,73401580;3,78429508;0,00000000
3,73411980;3,78429508;0,00000000
3,73422380;3,82781744;0,00000000
3,73432780;3,82781744;0,00000000
3,73443180;3,82781744;0,00000000
3,73453580;3,82781744;0,00000000
3,73463980;3,78429508;0,00000000
3,73474380;3,82781744;0,00000000
3,73484780;3,82781744;0,00000000
3,73495180;3,82781744;0,00000000
3,73505580;3,82781744;0,00000000
3,73515980;3,78429508;0,00000000
3,73526380;3,82781744;0,00000000
3,73536780;3,78429508;0,00000000
3,73547180;3,82781744;0,00000000
3,73557580;3,78429508;0,00000000
3,73567980;3,78429508;0,00000000
3,73578380;3,82781744;0,00000000
3,73588780;3,82781744;0,00000000
3,73599180;3,82781744;0,00000000
3,73609580;3,78429508;0,00000000
3,73619980;3,82781744;0,00000000
3,73630380;3,82781744;0,00000000
3,73640780;3,82781744;0,00000000
3,73651180;3,82781744;0,00000000
3,73661580;3,82781744;0,00000000
3,73671980;3,82781744;0,00000000
3,73682380;3,82781744;0,00000000
3,73692780;3,78429508;0,00000000
3,73703180;3,78429508;0,00000000
3,73713580;3,82781744;0,00000000
3,73723980;3,78429508;0,00000000
3,73734380;3,78429508;0,00000000
3,73744780;3,78429508;0,00000000
3,73755180;3,82781744;0,00000000
3,73765580;3,82781744;0,00000000
3,73775980;3,78429508;0,00000000
3,73786380;3,82781744;0,00000000
3,73796780;3,78429508;0,00000000
3,73807180;3,82781744;0,00000000
3,73817580;3,82781744;0,00000000
3,73827980;3,82781744;0,00000000
3,73838380;3,78429508;0,00000000
3,73848780;3,82781744;0,00000000
3,73859180;3,78429508;0,00000000
3,73869580;3,82781744;0,00000000
3,73879980;3,82781744;0,00000000
3,73890380;3,78429508;0,00000000
3,73900780;3,78429508;0,00000000
3,73911180;3,78429508;0,00000000
3,73921580;3,78429508;0,00000000
3,73931980;3,78429508;0,00000000
3,73942380;3,82781744;0,00000000
3,73952780;3,82781744;0,00000000
3,73963180;3,78429508;0,00000000
3,73973580;3,82781744;0,00000000
3,73983980;3,82781744;0,00000000
3,73994380;3,78429508;0,00000000
3,74004780;3,82781744;0,00000000
3,74015180;3,82781744;0,00000000
3,74025580;3,82781744;0,00000000
3,74035980;3,78429508;0,00000000
3,74046380;3,82781744;0,00000000
3,74056780;3,78429508;0,00000000
3,74067180;3,82781744;0,00000000
3,74077580;3,78429508;0,00000000
3,74087980;3,82781744;0,00000000
3,74098380;3,82781744;0,00000000
3,74108780;3,82781744;0,00000000
3,74119180;3,82781744;0,00000000
3,74129580;3,82781744;0,00000000
3,74139980;3,82781744;0,00000000
3,74150380;3,82781744;0,00000000
3,74160780;3,82781744;0,00000000
3,74171180;3,82781744;0,00000000
3,74181580;3,78429508;0,00000000
3,74191980;3,82781744;0,00000000
3,74202380;3,78429508;0,00000000
3,74212780;3,78429508;0,00000000
3,74223180;3,82781744;0,00000000
3,74233580;3,78429508;0,00000000
3,74243980;3,78429508;0,00000000
3,74254380;3,82781744;0,00000000
3,74264780;3,82781744;0,00000000
3,74275180;3,82781744;0,00000000
3,74285580;3,82781744;0,00000000
3,74295980;3,78429508;0,00000000
3,74306380;3,78429508;0,00000000
3,74316780;3,82781744;0,00000000
3,74327180;3,82781744;0,00000000
3,74337580;3,82781744;0,00000000
3,74347980;3,82781744;0,00000000
3,74358380;3,82781744;0,00000000
3,74368780;3,82781744;0,00000000
3,74379180;3,82781744;0,00000000
3,74389580;3,82781744;0,00000000
3,74399980;3,82781744;0,00000000
3,74410380;3,78429508;0,00000000
3,74420780;3,82781744;0,00000000
3,74431180;3,82781744;0,00000000
3,74441580;3,82781744;0,00000000
3,74451980;3,82781744;0,00000000
3,74462380;3,82781744;0,00000000
3,74472780;3,82781744;0,00000000
3,74483180;3,78429508;0,00000000
3,74493580;3,82781744;0,00000000
3,74503980;3,82781744;0,00000000
3,74514380;3,82781744;0,00000000
3,74524780;3,82781744;0,00000000
3,74535180;3,78429508;0,00000000
3,74545580;3,82781744;0,00000000
3,74555980;3,82781744;0,00000000
3,74566380;3,82781744;0,00000000
3,74576780;3,82781744;0,00000000
3,74587180;3,82781744;0,00000000
3,74597580;3,78429508;0,00000000
3,74607980;3,82781744;0,00000000
3,74618380;3,82781744;0,00000000
3,74628780;3,82781744;0,00000000
3,74639180;3,82781744;0,00000000
3,74649580;3,82781744;0,00000000
3,74659980;3,82781744;0,00000000
3,74670380;3,82781744;0,00000000
3,74680780;3,82781744;0,00000000
3,74691180;3,82781744;0,00000000
3,74701580;3,78429508;0,00000000
3,74711980;3,82781744;0,00000000
3,74722380;3,78429508;0,00000000
3,74732780;3,82781744;0,00000000
3,74743180;3,82781744;0,00000000
3,74753580;3,82781744;0,00000000
3,74763980;3,82781744;0,00000000
3,74774380;3,82781744;0,01734744
3,74784780;3,82781744;0,00000000
3,74795180;3,78429508;0,00000000
3,74805580;3,82781744;0,00000000
3,74815980;3,82781744;0,00000000
3,74826380;3,78429508;0,00000000
3,74836780;3,82781744;0,00000000
3,74847180;3,82781744;0,00000000
3,74857580;3,82781744;0,00000000
3,74867980;3,82781744;0,00000000
3,74878380;3,78429508;0,00000000
3,74888780;3,82781744;0,00000000
3,74899180;3,78429508;0,00000000
3,74909580;3,82781744;0,00000000
3,74919980;3,82781744;0,00000000
3,74930380;3,78429508;0,00000000
3,74940780;3,82781744;0,00000000
3,74951180;3,82781744;0,00000000
3,74961580;3,78429508;0,00000000
3,74971980;3,78429508;0,00000000
3,74982380;3,82781744;0,00000000
3,74992780;3,82781744;0,00000000
3,75003180;3,78429508;0,00000000
3,75013580;3,82781744;0,00000000
3,75023980;3,82781744;0,00000000
3,75034380;3,82781744;0,00000000
3,75044780;3,78429508;0,00000000
3,75055180;3,82781744;0,00000000
3,75065580;3,78429508;0,00000000
3,75075980;3,82781744;0,00000000
3,75086380;3,78429508;0,00000000
3,75096780;3,78429508;0,00000000
3,75107180;3,82781744;0,00000000
3,75117580;3,82781744;0,00000000
3,75127980;3,78429508;0,00000000
3,75138380;3,82781744;0,00000000
3,75148780;3,82781744;0,00000000
3,75159180;3,82781744;0,00000000
3,75169580;3,82781744;0,00000000
3,75179980;3,82781744;0,00000000
3,75190380;3,78429508;0,00000000
3,75200780;3,82781744;0,00000000
3,75211180;3,82781744;0,00000000
3,75221580;3,78429508;0,00000000
3,75231980;3,78429508;0,00000000
3,75242380;3,82781744;0,00000000
3,75252780;3,78429508;0,00000000
3,75263180;3,82781744;0,00000000
3,75273580;3,82781744;0,00000000
3,75283980;3,82781744;0,00000000
3,75294380;3,78429508;0,00000000
3,75304780;3,78429508;0,00000000
3,75315180;3,78429508;0,00000000
3,75325580;3,78429508;0,00000000
3,75335980;3,82781744;0,00000000
3,75346380;3,82781744;0,00000000
3,75356780;3,82781744;0,00000000
3,75367180;3,78429508;0,00000000
3,75377580;3,82781744;0,00000000
3,75387980;3,82781744;0,00000000
3,75398380;3,82781744;0,00000000
3,75408780;3,82781744;0,00000000
3,75419180;3,82781744;0,00000000
3,75429580;3,82781744;0,00000000
3,75439980;3,82781744;0,00000000
3,75450380;3,82781744;0,00000000
3,75460780;3,82781744;0,00000000
3,75471180;3,82781744;0,00000000
3,75481580;3,82781744;0,00000000
3,75491980;3,78429508;0,00000000
3,75502380;3,82781744;0,00000000
3,75512780;3,82781744;0,00000000
3,75523180;3,82781744;0,00000000
3,75533580;3,82781744;0,00000000
3,75543980;3,82781744;0,00000000
3,75554380;3,78429508;0,00000000
3,75564780;3,82781744;0,00000000
3,75575180;3,78429508;0,00000000
3,75585580;3,82781744;0,00000000
3,75595980;3,78429508;0,00000000
3,75606380;3,78429508;0,00000000
3,75616780;3,82781744;0,00000000
3,75627180;3,82781744;0,00000000
3,75637580;3,82781744;0,00000000
3,75647980;3,82781744;0,00000000
3,75658380;3,82781744;0,00000000
3,75668780;3,82781744;0,00000000
3,75679180;3,82781744;0,00000000
3,75689580;3,82781744;0,00000000
3,75699980;3,78429508;0,00000000
3,75710380;3,82781744;0,00000000
3,75720780;3,78429508;0,00000000
3,75731180;3,82781744;0,00000000
3,75741580;3,82781744;0,00000000
3,75751980;3,82781744;0,00000000
3,75762380;3,82781744;0,00000000
3,75772780;3,82781744;0,00000000
3,75783180;3,78429508;0,00000000
3,75793580;3,82781744;0,00000000
3,75803980;3,82781744;0,00000000
3,75814380;3,82781744;0,00000000
3,75824780;3,78429508;0,00000000
3,75835180;3,82781744;0,00000000
3,75845580;3,82781744;0,00000000
3,75855980;3,82781744;0,00000000
3,75866380;3,82781744;0,00000000
3,75876780;3,82781744;0,00000000
3,75887180;3,78429508;0,00000000
3,75897580;3,82781744;0,00000000
3,75907980;3,82781744;0,00000000
3,75918380;3,82781744;0,00000000
3,75928780;3,78429508;0,00000000
3,75939180;3,82781744;0,00000000
3,75949580;3,82781744;0,00000000
3,75959980;3,82781744;0,00000000
3,75970380;3,82781744;0,00000000
3,75980780;3,82781744;0,00000000
3,75991180;3,82781744;0,00000000
3,76001580;3,82781744;0,00000000
3,76011980;3,82781744;0,00000000
3,76022380;3,78429508;0,00000000
3,76032780;3,82781744;0,00000000
3,76043180;3,82781744;0,00000000
3,76053580;3,82781744;0,00000000
3,76063980;3,82781744;0,00000000
3,76074380;3,82781744;0,00000000
3,76084780;3,82781744;0,00000000
3,76095180;3,78429508;0,00000000
3,76105580;3,78429508;0,00000000
3,76115980;3,82781744;0,00000000
3,76126380;3,78429508;0,00000000
3,76136780;3,82781744;0,00000000
3,76147180;3,78429508;0,00000000
3,76157580;3,78429508;0,00000000
3,76167980;3,87133980;0,00000000
3,76178380;3,82781744;0,00000000
3,76188780;3,82781744;0,00000000
3,76199180;3,82781744;0,00000000
3,76209580;3,82781744;0,00000000
3,76219980;3,82781744;0,00000000
3,76230380;3,78429508;0,00000000
3,76240780;3,82781744;0,00000000
3,76251180;3,82781744;0,00000000
3,76261580;3,82781744;0,00000000
3,76271980;3,82781744;0,00000000
3,76282380;3,82781744;0,00000000
3,76292780;3,78429508;0,00000000
3,76303180;3,78429508;0,00000000
3,76313580;3,82781744;0,00000000
3,76323980;3,82781744;0,00000000
3,76334380;3,82781744;0,00000000
3,76344780;3,78429508;0,00000000
3,76355180;3,78429508;0,00000000
3,76365580;3,82781744;0,00000000
3,76375980;3,78429508;0,00000000
3,76386380;3,82781744;0,00000000
3,76396780;3,78429508;0,00000000
3,76407180;3,82781744;0,00000000
3,76417580;3,82781744;0,00000000
3,76427980;3,78429508;0,00000000
3,76438380;3,82781744;0,00000000
3,76448780;3,78429508;0,00000000
3,76459180;3,82781744;0,00000000
3,76469580;3,82781744;0,00000000
3,76479980;3,82781744;0,00000000
3,76490380;3,82781744;0,00000000
3,76500780;3,82781744;0,00000000
3,76511180;3,82781744;0,00000000
3,76521580;3,78429508;0,00000000
3,76531980;3,82781744;0,00000000
3,76542380;3,82781744;0,00000000
3,76552780;3,78429508;0,00000000
3,76563180;3,78429508;0,00000000
3,76573580;3,82781744;0,00000000
3,76583980;3,78429508;0,00000000
3,76594380;3,82781744;0,00000000
3,76604780;3,82781744;0,00000000
3,76615180;3,78429508;0,00000000
3,76625580;3,82781744;0,01734744
3,76635980;3,78429508;0,00000000
3,76646380;3,82781744;0,00000000
3,76656780;3,82781744;0,00000000
3,76667180;3,82781744;0,00000000
3,76677580;3,78429508;0,00000000
3,76687980;3,82781744;0,00000000
3,76698380;3,82781744;0,00000000
3,76708780;3,82781744;0,00000000
3,76719180;3,82781744;0,00000000
3,76729580;3,82781744;0,00000000
3,76739980;3,82781744;0,00000000
3,76750380;3,78429508;0,00000000
3,76760780;3,78429508;0,00000000
3,76771180;3,82781744;0,00000000
3,76781580;3,82781744;0,00000000
3,76791980;3,82781744;0,00000000
3,76802380;3,82781744;0,00000000
3,76812780;3,82781744;0,00000000
3,76823180;3,78429508;0,00000000
3,76833580;3,82781744;0,00000000
3,76843980;3,82781744;0,00000000
3,76854380;3,82781744;0,00000000
3,76864780;3,82781744;0,00000000
3,76875180;3,78429508;0,00000000
3,76885580;3,82781744;0,00000000
3,76895980;3,82781744;0,00000000
3,76906380;3,82781744;0,00000000
3,76916780;3,78429508;0,00000000
3,76927180;3,82781744;0,00000000
3,76937580;3,82781744;0,00000000
3,76947980;3,78429508;0,00000000
3,76958380;3,78429508;0,00000000
3,76968780;3,82781744;0,00000000
3,76979180;3,78429508;0,00000000
3,76989580;3,82781744;0,00000000
3,76999980;3,78429508;0,00000000
3,77010380;3,78429508;0,00000000
3,77020780;3,78429508;0,00000000
3,77031180;3,78429508;0,00000000
3,77041580;3,82781744;0,00000000
3,77051980;3,78429508;0,00000000
3,77062380;3,82781744;0,00000000
3,77072780;3,82781744;0,00000000
3,77083180;3,78429508;0,00000000
3,77093580;3,78429508;0,00000000
3,77103980;3,78429508;0,00000000
3,77114380;3,82781744;0,00000000
3,77124780;3,78429508;0,00000000
3,77135180;3,78429508;0,00000000
3,77145580;3,78429508;0,00000000
3,77155980;3,78429508;0,00000000
3,77166380;3,82781744;0,00000000
3,77176780;3,78429508;0,00000000
3,77187180;3,82781744;0,00000000
3,77197580;3,82781744;0,00000000
3,77207980;3,78429508;0,00000000
3,77218380;3,78429508;0,00000000
3,77228780;3,82781744;0,00000000
3,77239180;3,82781744;0,00000000
3,77249580;3,82781744;0,00000000
3,77259980;3,82781744;0,00000000
3,77270380;3,78429508;0,00000000
3,77280780;3,82781744;0,00000000
3,77291180;3,82781744;0,00000000
3,77301580;3,78429508;0,00000000
3,77311980;3,82781744;0,00000000
3,77322380;3,78429508;0,00000000
3,77332780;3,82781744;0,00000000
3,77343180;3,78429508;0,00000000
3,77353580;3,82781744;0,00000000
3,77363980;3,78429508;0,00000000
3,77374380;3,78429508;0,00000000
3,77384780;3,82781744;0,00000000
3,77395180;3,82781744;0,00000000
3,77405580;3,82781744;0,00000000
3,77415980;3,82781744;0,00000000
3,77426380;3,82781744;0,00000000
3,77436780;3,82781744;0,00000000
3,77447180;3,82781744;0,00000000
3,77457580;3,78429508;0,00000000
3,77467980;3,82781744;0,00000000
3,77478380;3,82781744;0,00000000
3,77488780;3,82781744;0,00000000
3,77499180;3,82781744;0,00000000
3,77509580;3,82781744;0,00000000
3,77519980;3,82781744;0,00000000
3,77530380;3,78429508;0,00000000
3,77540780;3,78429508;0,00000000
3,77551180;3,82781744;0,00000000
3,77561580;3,78429508;0,00000000
3,77571980;3,78429508;0,00000000
3,77582380;3,82781744;0,00000000
3,77592780;3,82781744;0,00000000
3,77603180;3,82781744;0,00000000
3,77613580;3,78429508;0,00000000
3,77623980;3,82781744;0,00000000
3,77634380;3,78429508;0,00000000
3,77644780;3,78429508;0,00000000
3,77655180;3,82781744;0,00000000
3,77665580;3,78429508;0,00000000
3,77675980;3,78429508;0,00000000
3,77686380;3,82781744;0,00000000
3,77696780;3,82781744;0,00000000
3,77707180;3,82781744;0,00000000
3,77717580;3,82781744;0,00000000
3,77727980;3,82781744;0,00000000
3,77738380;3,78429508;0,00000000
3,77748780;3,78429508;0,00000000
3,77759180;3,82781744;0,00000000
3,77769580;3,78429508;0,00000000
3,77779980;3,82781744;0,00000000
3,77790380;3,78429508;0,00000000
3,77800780;3,82781744;0,00000000
3,77811180;3,82781744;0,00000000
3,77821580;3,82781744;0,00000000
3,77831980;3,82781744;0,00000000
3,77842380;3,78429508;0,00000000
3,77852780;3,78429508;0,00000000
3,77863180;3,82781744;0,00000000
3,77873580;3,82781744;0,00000000
3,77883980;3,82781744;0,00000000
3,77894380;3,82781744;0,00000000
3,77904780;3,82781744;0,00000000
3,77915180;3,78429508;0,00000000
3,77925580;3,78429508;0,00000000
3,77935980;3,82781744;0,00000000
3,77946380;3,78429508;0,00000000
3,77956780;3,82781744;0,00000000
3,77967180;3,78429508;0,00000000
3,77977580;3,82781744;0,00000000
3,77987980;3,78429508;0,00000000
3,77998380;3,82781744;0,00000000
3,78008780;3,82781744;0,00000000
3,78019180;3,82781744;0,00000000
3,78029580;3,78429508;0,00000000
3,78039980;3,82781744;0,00000000
3,78050380;3,82781744;0,00000000
3,78060780;3,82781744;0,00000000
3,78071180;3,82781744;0,00000000
3,78081580;3,82781744;0,00000000
3,78091980;3,82781744;0,00000000
3,78102380;3,82781744;0,00000000
3,78112780;3,82781744;0,00000000
3,78123180;3,82781744;0,00000000
3,78133580;3,82781744;0,00000000
3,78143980;3,82781744;0,00000000
3,78154380;3,82781744;0,00000000
3,78164780;3,78429508;0,00000000
3,78175180;3,78429508;0,00000000
3,78185580;3,82781744;0,00000000
3,78195980;3,78429508;0,00000000
3,78206380;3,82781744;0,00000000
3,78216780;3,78429508;0,00000000
3,78227180;3,82781744;0,00000000
3,78237580;3,82781744;0,00000000
3,78247980;3,82781744;0,00000000
3,78258380;3,82781744;0,00000000
3,78268780;3,82781744;0,00000000
3,78279180;3,82781744;0,00000000
3,78289580;3,78429508;0,00000000
3,78299980;3,78429508;0,00000000
3,78310380;3,78429508;0,00000000
3,78320780;3,82781744;0,00000000
3,78331180;3,78429508;0,00000000
3,78341580;3,78429508;0,00000000
3,78351980;3,82781744;0,00000000
3,78362380;3,82781744;0,00000000
3,78372780;3,78429508;0,00000000
3,78383180;3,78429508;0,00000000
3,78393580;3,82781744;0,00000000
3,78403980;3,82781744;0,00000000
3,78414380;3,78429508;0,00000000
3,78424780;3,82781744;0,00000000
3,78435180;3,82781744;0,00000000
3,78445580;3,78429508;0,00000000
3,78455980;3,82781744;0,00000000
3,78466380;3,78429508;0,00000000
3,78476780;3,82781744;0,00000000
3,78487180;3,78429508;0,00000000
3,78497580;3,82781744;0,00000000
3,78507980;3,78429508;0,00000000
3,78518380;3,78429508;0,00000000
3,78528780;3,82781744;0,00000000
3,78539180;3,78429508;0,00000000
3,78549580;3,78429508;0,00000000
3,78559980;3,78429508;0,00000000
3,78570380;3,82781744;0,00000000
3,78580780;3,82781744;0,00000000
3,78591180;3,78429508;0,00000000
3,78601580;3,82781744;0,00000000
3,78611980;3,82781744;0,00000000
3,78622380;3,82781744;0,00000000
3,78632780;3,78429508;0,00000000
3,78643180;3,82781744;0,00000000
3,78653580;3,82781744;0,00000000
3,78663980;3,82781744;0,00000000
3,78674380;3,82781744;0,00000000
3,78684780;3,78429508;0,00000000
3,78695180;3,82781744;0,00000000
3,78705580;3,82781744;0,00000000
3,78715980;3,78429508;0,00000000
3,78726380;3,82781744;0,00000000
3,78736780;3,82781744;0,00000000
3,78747180;3,78429508;0,00000000
3,78757580;3,82781744;0,00000000
3,78767980;3,78429508;0,00000000
3,78778380;3,82781744;0,00000000
3,78788780;3,82781744;0,00000000
3,78799180;3,82781744;0,00000000
3,78809580;3,82781744;0,00000000
3,78819980;3,82781744;0,00000000
3,78830380;3,82781744;0,00000000
3,78840780;3,82781744;0,00000000
3,78851180;3,82781744;0,00000000
3,78861580;3,78429508;0,00000000
3,78871980;3,78429508;0,00000000
3,78882380;3,82781744;0,00000000
3,78892780;3,82781744;0,00000000
3,78903180;3,78429508;0,00000000
3,78913580;3,82781744;0,00000000
3,78923980;3,78429508;0,00000000
3,78934380;3,78429508;0,00000000
3,78944780;3,82781744;0,00000000
3,78955180;3,82781744;0,00000000
3,78965580;3,82781744;0,00000000
3,78975980;3,82781744;0,00000000
3,78986380;3,82781744;0,00000000
3,78996780;3,82781744;0,00000000
3,79007180;3,78429508;0,00000000
3,79017580;3,82781744;0,00000000
3,79027980;3,78429508;0,00000000
3,79038380;3,82781744;0,00000000
3,79048780;3,78429508;0,00000000
3,79059180;3,82781744;0,00000000
3,79069580;3,78429508;0,00000000
3,79079980;3,82781744;0,00000000
3,79090380;3,78429508;0,00000000
3,79100780;3,82781744;0,00000000
3,79111180;3,82781744;0,00000000
3,79121580;3,82781744;0,00000000
3,79131980;3,82781744;0,00000000
3,79142380;3,82781744;0,00000000
3,79152780;3,82781744;0,00000000
3,79163180;3,78429508;0,00000000
3,79173580;3,82781744;0,00000000
3,79183980;3,82781744;0,00000000
3,79194380;3,82781744;0,00000000
3,79204780;3,82781744;0,00000000
3,79215180;3,82781744;0,00000000
3,79225580;3,82781744;0,00000000
3,79235980;3,78429508;0,00000000
3,79246380;3,82781744;0,00000000
3,79256780;3,78429508;0,00000000
3,79267180;3,78429508;0,00000000
3,79277580;3,82781744;0,00000000
3,79287980;3,82781744;0,00000000
3,79298380;3,78429508;0,00000000
3,79308780;3,82781744;0,00000000
3,79319180;3,82781744;0,00000000
3,79329580;3,78429508;0,00000000
3,79339980;3,82781744;0,00000000
3,79350380;3,78429508;0,00000000
3,79360780;3,82781744;0,00000000
3,79371180;3,78429508;0,00000000
3,79381580;3,82781744;0,00000000
3,79391980;3,82781744;0,00000000
3,79402380;3,78429508;0,00000000
3,79412780;3,82781744;0,00000000
3,79423180;3,82781744;0,00000000
3,79433580;3,82781744;0,00000000
3,79443980;3,78429508;0,00000000
3,79454380;3,82781744;0,00000000
3,79464780;3,78429508;0,00000000
3,79475180;3,78429508;0,00000000
3,79485580;3,82781744;0,00000000
3,79495980;3,82781744;0,00000000
3,79506380;3,82781744;0,00000000
3,79516780;3,78429508;0,00000000
3,79527180;3,82781744;0,00000000
3,79537580;3,78429508;0,00000000
3,79547980;3,78429508;0,00000000
3,79558380;3,78429508;0,00000000
3,79568780;3,82781744;0,00000000
3,79579180;3,82781744;0,00000000
3,79589580;3,78429508;0,00000000
3,79599980;3,82781744;0,00000000
3,79610380;3,82781744;0,00000000
3,79620780;3,82781744;0,00000000
3,79631180;3,78429508;0,00000000
3,79641580;3,78429508;0,00000000
3,79651980;3,78429508;0,00000000
3,79662380;3,78429508;0,00000000
3,79672780;3,78429508;0,00000000
3,79683180;3,82781744;0,00000000
3,79693580;3,78429508;0,00000000
3,79703980;3,82781744;0,00000000
3,79714380;3,82781744;0,00000000
3,79724780;3,82781744;0,00000000
3,79735180;3,78429508;0,00000000
3,79745580;3,82781744;0,00000000
3,79755980;3,78429508;0,00000000
3,79766380;3,78429508;0,00000000
3,79776780;3,82781744;0,00000000
3,79787180;3,82781744;0,00000000
3,79797580;3,78429508;0,00000000
3,79807980;3,82781744;0,00000000
3,79818380;3,78429508;0,00000000
3,79828780;3,78429508;0,00000000
3,79839180;3,82781744;0,00000000
3,79849580;3,82781744;0,00000000
3,79859980;3,82781744;0,00000000
3,79870380;3,82781744;0,00000000
3,79880780;3,82781744;0,00000000
3,79891180;3,82781744;0,00000000
3,79901580;3,82781744;0,00000000
3,79911980;3,78429508;0,00000000
3,79922380;3,78429508;0,00000000
3,79932780;3,78429508;0,00000000
3,79943180;3,82781744;0,00000000
3,79953580;3,82781744;0,00000000
3,79963980;3,82781744;0,00000000
3,79974380;3,82781744;0,00000000
3,79984780;3,82781744;0,00000000
3,79995180;3,82781744;0,00000000
3,80005580;3,82781744;0,00000000
3,80015980;3,78429508;0,00000000
3,80026380;3,78429508;0,00000000
3,80036780;3,82781744;0,00000000
3,80047180;3,78429508;0,00000000
3,80057580;3,78429508;0,00000000
3,80067980;3,82781744;0,00000000
3,80078380;3,82781744;0,00000000
3,80088780;3,78429508;0,00000000
3,80099180;3,78429508;0,00000000
3,80109580;3,78429508;0,00000000
3,80119980;3,82781744;0,00000000
3,80130380;3,82781744;0,00000000
3,80140780;3,82781744;0,00000000
3,80151180;3,78429508;0,00000000
3,80161580;3,78429508;0,00000000
3,80171980;3,82781744;0,00000000
3,80182380;3,82781744;0,00000000
3,80192780;3,82781744;0,00000000
3,80203180;3,82781744;0,00000000
3,80213580;3,82781744;0,00000000
3,80223980;3,78429508;0,00000000
3,80234380;3,82781744;0,00000000
3,80244780;3,82781744;0,00000000
3,80255180;3,82781744;0,00000000
3,80265580;3,82781744;0,00000000
3,80275980;3,78429508;0,00000000
3,80286380;3,82781744;0,00000000
3,80296780;3,82781744;0,00000000
3,80307180;3,78429508;0,00000000
3,80317579;3,82781744;0,00000000
3,80327979;3,82781744;0,00000000
3,80338379;3,78429508;0,00000000
3,80348779;3,82781744;0,00000000
3,80359179;3,78429508;0,00000000
3,80369579;3,82781744;0,00000000
3,80379979;3,78429508;0,00000000
3,80390379;3,82781744;0,00000000
3,80400779;3,82781744;0,00000000
3,80411179;3,82781744;0,00000000
3,80421579;3,82781744;0,00000000
3,80431979;3,78429508;0,00000000
3,80442379;3,82781744;0,00000000
3,80452779;3,78429508;0,00000000
3,80463179;3,78429508;0,00000000
3,80473579;3,82781744;0,00000000
3,80483979;3,78429508;0,00000000
3,80494379;3,82781744;0,00000000
3,80504779;3,82781744;0,00000000
3,80515179;3,82781744;0,00000000
3,80525579;3,82781744;0,00000000
3,80535979;3,78429508;0,00000000
3,80546379;3,82781744;0,00000000
3,80556779;3,82781744;0,00000000
3,80567179;3,82781744;0,00000000
3,80577579;3,82781744;0,00000000
3,80587979;3,82781744;0,00000000
3,80598379;3,78429508;0,00000000
3,80608779;3,82781744;0,00000000
3,80619179;3,82781744;0,00000000
3,80629579;3,82781744;0,00000000
3,80639979;3,82781744;0,00000000
3,80650379;3,82781744;0,00000000
3,80660779;3,82781744;0,00000000
3,80671179;3,82781744;0,00000000
3,80681579;3,78429508;0,00000000
3,80691979;3,78429508;0,00000000
3,80702379;3,82781744;0,00000000
3,80712779;3,82781744;0,00000000
3,80723179;3,82781744;0,00000000
3,80733579;3,82781744;0,00000000
3,80743979;3,82781744;0,00000000
3,80754379;3,82781744;0,00000000
3,80764779;3,78429508;0,00000000
3,80775179;3,82781744;0,00000000
3,80785579;3,82781744;0,00000000
3,80795979;3,78429508;0,00000000
3,80806379;3,78429508;0,00000000
3,80816779;3,82781744;0,01734744
3,80827179;3,82781744;0,01734744
3,80837579;3,78429508;0,00000000
3,80847979;3,78429508;0,00000000
3,80858379;3,82781744;0,00000000
3,80868779;3,78429508;0,00000000
3,80879179;3,82781744;0,00000000
3,80889579;3,82781744;0,00000000
3,80899979;3,82781744;0,00000000
3,80910379;3,82781744;0,00000000
3,80920779;3,82781744;0,00000000
3,80931179;3,82781744;0,00000000
3,80941579;3,82781744;0,00000000
3,80951979;3,82781744;0,00000000
3,80962379;3,82781744;0,00000000
3,80972779;3,78429508;0,00000000
3,80983179;3,82781744;0,00000000
3,80993579;3,82781744;0,00000000
3,81003979;3,82781744;0,00000000
3,81014379;3,82781744;0,00000000
3,81024779;3,82781744;0,00000000
3,81035179;3,82781744;0,00000000
3,81045579;3,82781744;0,00000000
3,81055979;3,78429508;0,00000000
3,81066379;3,78429508;0,00000000
3,81076779;3,82781744;0,00000000
3,81087179;3,78429508;0,00000000
3,81097579;3,82781744;0,00000000
3,81107979;3,82781744;0,00000000
3,81118379;3,82781744;0,00000000
3,81128779;3,78429508;0,00000000
3,81139179;3,82781744;0,00000000
3,81149579;3,82781744;0,00000000
3,81159979;3,78429508;0,00000000
3,81170379;3,82781744;0,00000000
3,81180779;3,82781744;0,00000000
3,81191179;3,78429508;0,00000000
3,81201579;3,82781744;0,00000000
3,81211979;3,82781744;0,00000000
3,81222379;3,82781744;0,00000000
3,81232779;3,82781744;0,00000000
3,81243179;3,82781744;0,00000000
3,81253579;3,82781744;0,00000000
3,81263979;3,82781744;0,00000000
3,81274379;3,78429508;0,00000000
3,81284779;3,82781744;0,00000000
3,81295179;3,78429508;0,00000000
3,81305579;3,82781744;0,00000000
3,81315979;3,82781744;0,00000000
3,81326379;3,78429508;0,00000000
3,81336779;3,82781744;0,00000000
3,81347179;3,78429508;0,00000000
3,81357579;3,82781744;0,00000000
3,81367979;3,87133980;0,00000000
3,81378379;3,82781744;0,00000000
3,81388779;3,82781744;0,00000000
3,81399179;3,78429508;0,00000000
3,81409579;3,82781744;0,00000000
3,81419979;3,78429508;0,00000000
3,81430379;3,82781744;0,00000000
3,81440779;3,82781744;0,00000000
3,81451179;3,82781744;0,00000000
3,81461579;3,82781744;0,00000000
3,81471979;3,78429508;0,00000000
3,81482379;3,78429508;0,00000000
3,81492779;3,82781744;0,00000000
3,81503179;3,82781744;0,00000000
3,81513579;3,78429508;0,00000000
3,81523979;3,78429508;0,00000000
3,81534379;3,82781744;0,00000000
3,81544779;3,82781744;0,00000000
3,81555179;3,82781744;0,00000000
3,81565579;3,82781744;0,00000000
3,81575979;3,78429508;0,00000000
3,81586379;3,82781744;0,00000000
3,81596779;3,78429508;0,00000000
3,81607179;3,78429508;0,00000000
3,81617579;3,82781744;0,00000000
3,81627979;3,78429508;0,00000000
3,81638379;3,82781744;0,00000000
3,81648779;3,78429508;0,00000000
3,81659179;3,82781744;0,00000000
3,81669579;3,82781744;0,00000000
3,81679979;3,82781744;0,00000000
3,81690379;3,82781744;0,00000000
3,81700779;3,78429508;0,00000000
3,81711179;3,82781744;0,00000000
3,81721579;3,82781744;0,00000000
3,81731979;3,78429508;0,00000000
3,81742379;3,78429508;0,00000000
3,81752779;3,78429508;0,00000000
3,81763179;3,82781744;0,00000000
3,81773579;3,82781744;0,00000000
3,81783979;3,82781744;0,00000000
3,81794379;3,82781744;0,00000000
3,81804779;3,82781744;0,00000000
3,81815179;3,78429508;0,00000000
3,81825579;3,82781744;0,00000000
3,81835979;3,82781744;0,00000000
3,81846379;3,82781744;0,00000000
3,81856779;3,82781744;0,00000000
3,81867179;3,78429508;0,00000000
3,81877579;3,82781744;0,00000000
3,81887979;3,78429508;0,00000000
3,81898379;3,82781744;0,00000000
3,81908779;3,82781744;0,00000000
3,81919179;3,82781744;0,00000000
3,81929579;3,82781744;0,00000000
3,81939979;3,78429508;0,00000000
3,81950379;3,82781744;0,00000000
3,81960779;3,82781744;0,00000000
3,81971179;3,82781744;0,00000000
3,81981579;3,78429508;0,00000000
3,81991979;3,82781744;0,00000000
3,82002379;3,82781744;0,00000000
3,82012779;3,82781744;0,00000000
3,82023179;3,82781744;0,00000000
3,82033579;3,78429508;0,00000000
3,82043979;3,82781744;0,00000000
3,82054379;3,82781744;0,00000000
3,82064779;3,82781744;0,00000000
3,82075179;3,78429508;0,00000000
3,82085579;3,82781744;0,00000000
3,82095979;3,82781744;0,00000000
3,82106379;3,82781744;0,00000000
3,82116779;3,82781744;0,00000000
3,82127179;3,78429508;0,00000000
3,82137579;3,78429508;0,00000000
3,82147979;3,78429508;0,00000000
3,82158379;3,82781744;0,00000000
3,82168779;3,82781744;0,00000000
3,82179179;3,82781744;0,00000000
3,82189579;3,82781744;0,00000000
3,82199979;3,78429508;0,00000000
3,82210379;3,82781744;0,00000000
3,82220779;3,78429508;0,00000000
3,82231179;3,82781744;0,00000000
3,82241579;3,78429508;0,00000000
3,82251979;3,78429508;0,00000000
3,82262379;3,82781744;0,00000000
3,82272779;3,82781744;0,00000000
3,82283179;3,78429508;0,00000000
3,82293579;3,82781744;0,00000000
3,82303979;3,78429508;0,00000000
3,82314379;3,78429508;0,00000000
3,82324779;3,82781744;0,00000000
3,82335179;3,82781744;0,00000000
3,82345579;3,82781744;0,00000000
3,82355979;3,78429508;0,00000000
3,82366379;3,82781744;0,00000000
3,82376779;3,78429508;0,00000000
3,82387179;3,82781744;0,00000000
3,82397579;3,82781744;0,00000000
3,82407979;3,82781744;0,00000000
3,82418379;3,82781744;0,00000000
3,82428779;3,78429508;0,00000000
3,82439179;3,78429508;0,00000000
3,82449579;3,78429508;0,00000000
3,82459979;3,78429508;0,00000000
3,82470379;3,82781744;0,00000000
3,82480779;3,82781744;0,00000000
3,82491179;3,82781744;0,00000000
3,82501579;3,82781744;0,00000000
3,82511979;3,78429508;0,00000000
3,82522379;3,78429508;0,00000000
3,82532779;3,82781744;0,00000000
3,82543179;3,78429508;0,00000000
3,82553579;3,82781744;0,00000000
3,82563979;3,82781744;0,00000000
3,82574379;3,78429508;0,00000000
3,82584779;3,82781744;0,00000000
3,82595179;3,82781744;0,00000000
3,82605579;3,78429508;0,00000000
3,82615979;3,78429508;0,00000000
3,82626379;3,82781744;0,00000000
3,82636779;3,82781744;0,00000000
3,82647179;3,82781744;0,00000000
3,82657579;3,82781744;0,00000000
3,82667979;3,78429508;0,00000000
3,82678379;3,78429508;0,00000000
3,82688779;3,82781744;0,00000000
3,82699179;3,82781744;0,00000000
3,82709579;3,78429508;0,00000000
3,82719979;3,78429508;0,00000000
3,82730379;3,82781744;0,00000000
3,82740779;3,78429508;0,00000000
3,82751179;3,82781744;0,00000000
3,82761579;3,82781744;0,00000000
3,82771979;3,78429508;0,00000000
3,82782379;3,82781744;0,00000000
3,82792779;3,82781744;0,00000000
3,82803179;3,82781744;0,00000000
3,82813579;3,82781744;0,00000000
3,82823979;3,82781744;0,00000000
3,82834379;3,78429508;0,00000000
3,82844779;3,82781744;0,00000000
3,82855179;3,78429508;0,00000000
3,82865579;3,82781744;0,00000000
3,82875979;3,78429508;0,00000000
3,82886379;3,82781744;0,00000000
3,82896779;3,82781744;0,00000000
3,82907179;3,82781744;0,00000000
3,82917579;3,82781744;0,00000000
3,82927979;3,82781744;0,00000000
3,82938379;3,82781744;0,00000000
3,82948779;3,82781744;0,00000000
3,82959179;3,82781744;0,00000000
3,82969579;3,82781744;0,00000000
3,82979979;3,82781744;0,00000000
3,82990379;3,78429508;0,00000000
3,83000779;3,82781744;0,00000000
3,83011179;3,78429508;0,00000000
3,83021579;3,78429508;0,00000000
3,83031979;3,82781744;0,00000000
3,83042379;3,82781744;0,00000000
3,83052779;3,82781744;0,00000000
3,83063179;3,78429508;0,00000000
3,83073579;3,82781744;0,00000000
3,83083979;3,82781744;0,00000000
3,83094379;3,82781744;0,00000000
3,83104779;3,78429508;0,00000000
3,83115179;3,78429508;0,00000000
3,83125579;3,78429508;0,00000000
3,83135979;3,82781744;0,00000000
3,83146379;3,78429508;0,00000000
3,83156779;3,82781744;0,00000000
3,83167179;3,78429508;0,00000000
3,83177579;3,82781744;0,00000000
3,83187979;3,78429508;0,00000000
3,83198379;3,82781744;0,00000000
3,83208779;3,78429508;0,00000000
3,83219179;3,82781744;0,00000000
3,83229579;3,82781744;0,00000000
3,83239979;3,82781744;0,00000000
3,83250379;3,78429508;0,00000000
3,83260779;3,78429508;0,00000000
3,83271179;3,82781744;0,00000000
3,83281579;3,78429508;0,00000000
3,83291979;3,78429508;0,00000000
3,83302379;3,82781744;0,00000000
3,83312779;3,82781744;0,00000000
3,83323179;3,82781744;0,00000000
3,83333579;3,82781744;0,00000000
3,83343979;3,82781744;0,00000000
3,83354379;3,82781744;0,00000000
3,83364779;3,78429508;0,00000000
3,83375179;3,78429508;0,00000000
3,83385579;3,78429508;0,00000000
3,83395979;3,78429508;0,00000000
3,83406379;3,78429508;0,00000000
3,83416779;3,78429508;0,00000000
3,83427179;3,78429508;0,00000000
3,83437579;3,78429508;0,00000000
3,83447979;3,78429508;0,00000000
3,83458379;3,82781744;0,00000000
3,83468779;3,82781744;0,00000000
3,83479179;3,82781744;0,00000000
3,83489579;3,82781744;0,00000000
3,83499979;3,82781744;0,00000000
3,83510379;3,78429508;0,00000000
3,83520779;3,78429508;0,00000000
3,83531179;3,82781744;0,00000000
3,83541579;3,82781744;0,00000000
3,83551979;3,82781744;0,00000000
3,83562379;3,78429508;0,00000000
3,83572779;3,78429508;0,00000000
3,83583179;3,78429508;0,00000000
3,83593579;3,78429508;0,00000000
3,83603979;3,82781744;0,00000000
3,83614379;3,82781744;0,00000000
3,83624779;3,78429508;0,00000000
3,83635179;3,78429508;0,00000000
3,83645579;3,82781744;0,00000000
3,83655979;3,78429508;0,00000000
3,83666379;3,82781744;0,00000000
3,83676779;3,82781744;0,00000000
3,83687179;3,82781744;0,00000000
3,83697579;3,82781744;0,00000000
3,83707979;3,82781744;0,00000000
3,83718379;3,78429508;0,00000000
3,83728779;3,82781744;0,00000000
3,83739179;3,82781744;0,00000000
3,83749579;3,82781744;0,00000000
3,83759979;3,82781744;0,00000000
3,83770379;3,78429508;0,00000000
3,83780779;3,78429508;0,00000000
3,83791179;3,82781744;0,00000000
3,83801579;3,78429508;0,00000000
3,83811979;3,78429508;0,00000000
3,83822379;3,78429508;0,00000000
3,83832779;3,78429508;0,00000000
3,83843179;3,82781744;0,00000000
3,83853579;3,82781744;0,00000000
3,83863979;3,82781744;0,00000000
3,83874379;3,78429508;0,00000000
3,83884779;3,82781744;0,00000000
3,83895179;3,82781744;0,00000000
3,83905579;3,78429508;0,00000000
3,83915979;3,78429508;0,00000000
3,83926379;3,82781744;0,00000000
3,83936779;3,82781744;0,00000000
3,83947179;3,82781744;0,00000000
3,83957579;3,78429508;0,00000000
3,83967979;3,82781744;0,00000000
3,83978379;3,82781744;0,00000000
3,83988779;3,82781744;0,00000000
3,83999179;3,82781744;0,00000000
3,84009579;3,82781744;0,00000000
3,84019979;3,78429508;0,00000000
3,84030379;3,82781744;0,00000000
3,84040779;3,82781744;0,00000000
3,84051179;3,82781744;0,00000000
3,84061579;3,82781744;0,00000000
3,84071979;3,82781744;0,00000000
3,84082379;3,78429508;0,00000000
3,84092779;3,82781744;0,00000000
3,84103179;3,82781744;0,00000000
3,84113579;3,82781744;0,00000000
3,84123979;3,82781744;0,00000000
3,84134379;3,78429508;0,00000000
3,84144779;3,82781744;0,00000000
3,84155179;3,82781744;0,00000000
3,84165579;3,82781744;0,00000000
3,84175979;3,82781744;0,00000000
3,84186379;3,82781744;0,00000000
3,84196779;3,82781744;0,00000000
3,84207179;3,82781744;0,00000000
3,84217579;3,82781744;0,00000000
3,84227979;3,82781744;0,00000000
3,84238379;3,82781744;0,00000000
3,84248779;3,78429508;0,00000000
3,84259179;3,82781744;0,00000000
3,84269579;3,82781744;0,00000000
3,84279979;3,82781744;0,00000000
3,84290379;3,82781744;0,00000000
3,84300779;3,82781744;0,00000000
3,84311179;3,82781744;0,00000000
3,84321579;3,82781744;0,00000000
3,84331979;3,82781744;0,00000000
3,84342379;3,78429508;0,00000000
3,84352779;3,82781744;0,00000000
3,84363179;3,82781744;0,00000000
3,84373579;3,78429508;0,00000000
3,84383979;3,82781744;0,00000000
3,84394379;3,82781744;0,00000000
3,84404779;3,82781744;0,00000000
3,84415179;3,82781744;0,00000000
3,84425579;3,82781744;0,00000000
3,84435979;3,78429508;0,00000000
3,84446379;3,82781744;0,00000000
3,84456779;3,82781744;0,00000000
3,84467179;3,78429508;0,00000000
3,84477579;3,82781744;0,00000000
3,84487979;3,82781744;0,00000000
3,84498379;3,82781744;0,00000000
3,84508779;3,78429508;0,00000000
3,84519179;3,78429508;0,00000000
3,84529579;3,82781744;0,00000000
3,84539979;3,78429508;0,00000000
3,84550379;3,82781744;0,00000000
3,84560779;3,82781744;0,00000000
3,84571179;3,78429508;0,00000000
3,84581579;3,78429508;0,00000000
3,84591979;3,78429508;0,00000000
3,84602379;3,82781744;0,00000000
3,84612779;3,82781744;0,00000000
3,84623179;3,82781744;0,00000000
3,84633579;3,82781744;0,00000000
3,84643979;3,82781744;0,00000000
3,84654379;3,82781744;0,00000000
3,84664779;3,82781744;0,00000000
3,84675179;3,82781744;0,00000000
3,84685579;3,82781744;0,00000000
3,84695979;3,78429508;0,00000000
3,84706379;3,82781744;0,00000000
3,84716779;3,78429508;0,01734744
3,84727179;3,82781744;0,00000000
3,84737579;3,78429508;0,00000000
3,84747979;3,82781744;0,00000000
3,84758379;3,82781744;0,00000000
3,84768779;3,82781744;0,00000000
3,84779179;3,78429508;0,00000000
3,84789579;3,82781744;0,00000000
3,84799979;3,82781744;0,00000000
3,84810379;3,82781744;0,00000000
3,84820779;3,82781744;0,00000000
3,84831179;3,82781744;0,00000000
3,84841579;3,82781744;0,00000000
3,84851979;3,78429508;0,00000000
3,84862379;3,78429508;0,00000000
3,84872779;3,78429508;0,00000000
3,84883179;3,82781744;0,00000000
3,84893579;3,82781744;0,00000000
3,84903979;3,82781744;0,00000000
3,84914379;3,82781744;0,00000000
3,84924779;3,78429508;0,00000000
3,84935179;3,78429508;0,00000000
3,84945579;3,82781744;0,00000000
3,84955979;3,78429508;0,00000000
3,84966379;3,82781744;0,00000000
3,84976779;3,82781744;0,00000000
3,84987179;3,78429508;0,01734744
3,84997579;3,82781744;0,00000000
3,85007979;3,82781744;0,00000000
3,85018379;3,78429508;0,00000000
3,85028779;3,78429508;0,00000000
3,85039179;3,78429508;0,00000000
3,85049579;3,82781744;0,00000000
3,85059979;3,78429508;0,00000000
3,85070379;3,82781744;0,00000000
3,85080779;3,78429508;0,00000000
3,85091179;3,82781744;0,00000000
3,85101579;3,82781744;0,00000000
3,85111979;3,82781744;0,00000000
3,85122379;3,78429508;0,00000000
3,85132779;3,78429508;0,00000000
3,85143179;3,78429508;0,00000000
3,85153579;3,82781744;0,00000000
3,85163979;3,78429508;0,00000000
3,85174379;3,78429508;0,00000000
3,85184779;3,82781744;0,00000000
3,85195179;3,82781744;0,00000000
3,85205579;3,82781744;0,00000000
3,85215979;3,82781744;0,00000000
3,85226379;3,82781744;0,00000000
3,85236779;3,82781744;0,00000000
3,85247179;3,82781744;0,00000000
3,85257579;3,82781744;0,00000000
3,85267979;3,82781744;0,00000000
3,85278379;3,82781744;0,00000000
3,85288779;3,78429508;0,00000000
3,85299179;3,82781744;0,00000000
3,85309579;3,82781744;0,00000000
3,85319979;3,78429508;0,00000000
3,85330379;3,78429508;0,00000000
3,85340779;3,82781744;0,00000000
3,85351179;3,82781744;0,00000000
3,85361579;3,82781744;0,00000000
3,85371979;3,82781744;0,00000000
3,85382379;3,82781744;0,00000000
3,85392779;3,78429508;0,00000000
3,85403179;3,78429508;0,00000000
3,85413579;3,78429508;0,00000000
3,85423979;3,82781744;0,00000000
3,85434379;3,82781744;0,00000000
3,85444779;3,82781744;0,00000000
3,85455179;3,82781744;0,00000000
3,85465579;3,78429508;0,00000000
3,85475979;3,82781744;0,00000000
3,85486379;3,78429508;0,00000000
3,85496779;3,78429508;0,00000000
3,85507179;3,82781744;0,00000000
3,85517579;3,82781744;0,00000000
3,85527979;3,82781744;0,00000000
3,85538379;3,78429508;0,00000000
3,85548779;3,82781744;0,00000000
3,85559179;3,78429508;0,00000000
3,85569579;3,82781744;0,00000000
3,85579979;3,78429508;0,00000000
3,85590379;3,82781744;0,00000000
3,85600779;3,82781744;0,00000000
3,85611179;3,78429508;0,00000000
3,85621579;3,82781744;0,00000000
3,85631979;3,82781744;0,00000000
3,85642379;3,82781744;0,00000000
3,85652779;3,82781744;0,00000000
3,85663179;3,78429508;0,00000000
3,85673579;3,82781744;0,00000000
3,85683979;3,78429508;0,00000000
3,85694379;3,82781744;0,00000000
3,85704779;3,82781744;0,00000000
3,85715179;3,78429508;0,00000000
3,85725579;3,82781744;0,00000000
3,85735979;3,82781744;0,00000000
3,85746379;3,82781744;0,00000000
3,85756779;3,82781744;0,00000000
3,85767179;3,78429508;0,00000000
3,85777579;3,78429508;0,00000000
3,85787979;3,82781744;0,00000000
3,85798379;3,82781744;0,00000000
3,85808779;3,82781744;0,00000000
3,85819179;3,82781744;0,00000000
3,85829579;3,82781744;0,00000000
3,85839979;3,82781744;0,00000000
3,85850379;3,82781744;0,00000000
3,85860779;3,82781744;0,00000000
3,85871179;3,82781744;0,00000000
3,85881579;3,78429508;0,00000000
3,85891979;3,82781744;0,00000000
3,85902379;3,82781744;0,00000000
3,85912779;3,82781744;0,00000000
3,85923179;3,82781744;0,00000000
3,85933579;3,82781744;0,00000000
3,85943979;3,82781744;0,00000000
3,85954379;3,82781744;0,00000000
3,85964779;3,78429508;0,00000000
3,85975179;3,82781744;0,00000000
3,85985579;3,82781744;0,00000000
3,85995979;3,78429508;0,00000000
3,86006379;3,82781744;0,00000000
3,86016779;3,78429508;0,00000000
3,86027179;3,82781744;0,00000000
3,86037579;3,82781744;0,00000000
3,86047979;3,82781744;0,00000000
3,86058379;3,78429508;0,00000000
3,86068779;3,78429508;0,00000000
3,86079179;3,82781744;0,00000000
3,86089579;3,82781744;0,00000000
3,86099979;3,78429508;0,00000000
3,86110379;3,82781744;0,00000000
3,86120779;3,78429508;0,00000000
3,86131179;3,82781744;0,00000000
3,86141579;3,78429508;0,00000000
3,86151979;3,82781744;0,00000000
3,86162379;3,82781744;0,00000000
3,86172779;3,82781744;0,00000000
3,86183179;3,82781744;0,00000000
3,86193579;3,82781744;0,00000000
3,86203979;3,78429508;0,00000000
3,86214379;3,82781744;0,00000000
3,86224779;3,82781744;0,00000000
3,86235179;3,82781744;0,00000000
3,86245579;3,82781744;0,00000000
3,86255979;3,82781744;0,00000000
3,86266379;3,82781744;0,00000000
3,86276779;3,82781744;0,00000000
3,86287179;3,82781744;0,00000000
3,86297579;3,78429508;0,00000000
3,86307979;3,82781744;0,00000000
3,86318379;3,78429508;0,00000000
3,86328779;3,78429508;0,00000000
3,86339179;3,82781744;0,00000000
3,86349579;3,82781744;0,00000000
3,86359979;3,82781744;0,00000000
3,86370379;3,82781744;0,00000000
3,86380779;3,82781744;0,00000000
3,86391179;3,82781744;0,00000000
3,86401579;3,82781744;0,00000000
3,86411979;3,82781744;0,00000000
3,86422379;3,82781744;0,00000000
3,86432779;3,82781744;0,00000000
3,86443179;3,82781744;0,00000000
3,86453579;3,82781744;0,00000000
3,86463979;3,82781744;0,00000000
3,86474379;3,82781744;0,00000000
3,86484779;3,82781744;0,00000000
3,86495179;3,82781744;0,00000000
3,86505579;3,78429508;0,00000000
3,86515979;3,78429508;0,00000000
3,86526379;3,78429508;0,00000000
3,86536779;3,82781744;0,00000000
3,86547179;3,82781744;0,00000000
3,86557579;3,82781744;0,00000000
3,86567979;3,82781744;0,00000000
3,86578379;3,78429508;0,00000000
3,86588779;3,82781744;0,00000000
3,86599179;3,78429508;0,00000000
3,86609579;3,82781744;0,00000000
3,86619979;3,78429508;0,00000000
3,86630379;3,78429508;0,00000000
3,86640779;3,78429508;0,00000000
3,86651179;3,82781744;0,00000000
3,86661579;3,82781744;0,00000000
3,86671979;3,82781744;0,00000000
3,86682379;3,82781744;0,00000000
3,86692779;3,82781744;0,00000000
3,86703179;3,78429508;0,00000000
3,86713579;3,82781744;0,00000000
3,86723979;3,78429508;0,00000000
3,86734379;3,82781744;0,00000000
3,86744779;3,78429508;0,00000000
3,86755179;3,82781744;0,00000000
3,86765579;3,82781744;0,00000000
3,86775979;3,82781744;0,00000000
3,86786379;3,78429508;0,00000000
3,86796779;3,82781744;0,00000000
3,86807179;3,82781744;0,00000000
3,86817579;3,78429508;0,00000000
3,86827979;3,78429508;0,00000000
3,86838379;3,82781744;0,00000000
3,86848779;3,82781744;0,00000000
3,86859179;3,82781744;0,00000000
3,86869579;3,78429508;0,00000000
3,86879979;3,82781744;0,00000000
3,86890379;3,78429508;0,00000000
3,86900779;3,82781744;0,00000000
3,86911179;3,82781744;0,00000000
3,86921579;3,82781744;0,00000000
3,86931979;3,82781744;0,00000000
3,86942379;3,78429508;0,00000000
3,86952779;3,82781744;0,00000000
3,86963179;3,82781744;0,00000000
3,86973579;3,82781744;0,00000000
3,86983979;3,82781744;0,00000000
3,86994379;3,82781744;0,00000000
3,87004779;3,82781744;0,00000000
3,87015179;3,82781744;0,00000000
3,87025579;3,82781744;0,00000000
3,87035979;3,82781744;0,00000000
3,87046379;3,82781744;0,00000000
3,87056779;3,78429508;0,00000000
3,87067179;3,82781744;0,00000000
3,87077579;3,82781744;0,00000000
3,87087979;3,82781744;0,00000000
3,87098379;3,78429508;0,00000000
3,87108779;3,82781744;0,00000000
3,87119179;3,82781744;0,00000000
3,87129579;3,82781744;0,00000000
3,87139979;3,82781744;0,00000000
3,87150379;3,82781744;0,00000000
3,87160779;3,82781744;0,00000000
3,87171179;3,82781744;0,00000000
3,87181579;3,78429508;0,00000000
3,87191979;3,78429508;0,00000000
3,87202379;3,82781744;0,00000000
3,87212779;3,82781744;0,00000000
3,87223179;3,82781744;0,00000000
3,87233579;3,82781744;0,00000000
3,87243979;3,82781744;0,00000000
3,87254379;3,82781744;0,00000000
3,87264779;3,78429508;0,00000000
3,87275179;3,82781744;0,00000000
3,87285579;3,82781744;0,00000000
3,87295979;3,78429508;0,00000000
3,87306379;3,78429508;0,00000000
3,87316779;3,82781744;0,00000000
3,87327179;3,82781744;0,00000000
3,87337579;3,82781744;0,00000000
3,87347979;3,82781744;0,00000000
3,87358379;3,82781744;0,00000000
3,87368779;3,82781744;0,00000000
3,87379179;3,82781744;0,00000000
3,87389579;3,78429508;0,00000000
3,87399979;3,82781744;0,00000000
3,87410379;3,82781744;0,00000000
3,87420779;3,82781744;0,00000000
3,87431179;3,82781744;0,00000000
3,87441579;3,78429508;0,00000000
3,87451979;3,78429508;0,00000000
3,87462379;3,78429508;0,00000000
3,87472779;3,82781744;0,00000000
3,87483179;3,82781744;0,00000000
3,87493579;3,78429508;0,00000000
3,87503979;3,82781744;0,00000000
3,87514379;3,82781744;0,00000000
3,87524779;3,82781744;0,00000000
3,87535179;3,78429508;0,00000000
3,87545579;3,82781744;0,00000000
3,87555979;3,78429508;0,00000000
3,87566379;3,82781744;0,00000000
3,87576779;3,82781744;0,00000000
3,87587179;3,82781744;0,00000000
3,87597579;3,82781744;0,00000000
3,87607979;3,82781744;0,00000000
3,87618379;3,82781744;0,00000000
3,87628779;3,82781744;0,00000000
3,87639179;3,78429508;0,00000000
3,87649579;3,78429508;0,00000000
3,87659979;3,82781744;0,00000000
3,87670379;3,82781744;0,00000000
3,87680779;3,78429508;0,00000000
3,87691179;3,82781744;0,00000000
3,87701579;3,82781744;0,00000000
3,87711979;3,82781744;0,00000000
3,87722379;3,82781744;0,00000000
3,87732779;3,78429508;0,00000000
3,87743179;3,82781744;0,00000000
3,87753579;3,78429508;0,00000000
3,87763979;3,78429508;0,00000000
3,87774379;3,82781744;0,00000000
3,87784779;3,82781744;0,00000000
3,87795179;3,82781744;0,00000000
3,87805579;3,82781744;0,00000000
3,87815979;3,78429508;0,00000000
3,87826379;3,82781744;0,00000000
3,87836779;3,82781744;0,00000000
3,87847179;3,82781744;0,00000000
3,87857579;3,82781744;0,00000000
3,87867979;3,82781744;0,00000000
3,87878379;3,82781744;0,00000000
3,87888779;3,82781744;0,00000000
3,87899179;3,82781744;0,00000000
3,87909579;3,78429508;0,00000000
3,87919979;3,82781744;0,00000000
3,87930379;3,82781744;0,00000000
3,87940779;3,82781744;0,00000000
3,87951179;3,82781744;0,00000000
3,87961579;3,82781744;0,00000000
3,87971979;3,78429508;0,00000000
3,87982379;3,82781744;0,00000000
3,87992779;3,82781744;0,00000000
3,88003179;3,82781744;0,00000000
3,88013579;3,78429508;0,00000000
3,88023979;3,82781744;0,00000000
3,88034379;3,82781744;0,00000000
3,88044779;3,78429508;0,00000000
3,88055179;3,78429508;0,00000000
3,88065579;3,82781744;0,00000000
3,88075979;3,82781744;0,00000000
3,88086379;3,82781744;0,00000000
3,88096779;3,78429508;0,00000000
3,88107179;3,82781744;0,00000000
3,88117579;3,82781744;0,00000000
3,88127979;3,82781744;0,00000000
3,88138379;3,78429508;0,00000000
3,88148779;3,82781744;0,00000000
3,88159179;3,82781744;0,00000000
3,88169579;3,82781744;0,00000000
3,88179979;3,82781744;0,00000000
3,88190379;3,82781744;0,00000000
3,88200779;3,82781744;0,00000000
3,88211179;3,78429508;0,00000000
3,88221579;3,82781744;0,00000000
3,88231979;3,82781744;0,00000000
3,88242379;3,82781744;0,00000000
3,88252779;3,82781744;0,00000000
3,88263179;3,82781744;0,00000000
3,88273579;3,78429508;0,00000000
3,88283979;3,82781744;0,00000000
3,88294379;3,78429508;0,00000000
3,88304779;3,82781744;0,00000000
3,88315179;3,82781744;0,00000000
3,88325579;3,78429508;0,00000000
3,88335979;3,82781744;0,00000000
3,88346379;3,78429508;0,00000000
3,88356779;3,78429508;0,00000000
3,88367179;3,78429508;0,00000000
3,88377579;3,82781744;0,00000000
3,88387979;3,82781744;0,00000000
3,88398379;3,82781744;0,00000000
3,88408779;3,82781744;0,00000000
3,88419179;3,82781744;0,00000000
3,88429579;3,78429508;0,00000000
3,88439979;3,82781744;0,00000000
3,88450379;3,82781744;0,00000000
3,88460779;3,82781744;0,00000000
3,88471179;3,82781744;0,00000000
3,88481579;3,82781744;0,00000000
3,88491979;3,78429508;0,00000000
3,88502379;3,82781744;0,00000000
3,88512779;3,82781744;0,00000000
3,88523179;3,82781744;0,00000000
3,88533579;3,82781744;0,00000000
3,88543979;3,82781744;0,00000000
3,88554379;3,78429508;0,00000000
3,88564779;3,82781744;0,00000000
3,88575179;3,78429508;0,00000000
3,88585579;3,78429508;0,00000000
3,88595979;3,82781744;0,00000000
3,88606379;3,82781744;0,00000000
3,88616779;3,82781744;0,00000000
3,88627179;3,78429508;0,00000000
3,88637579;3,78429508;0,00000000
3,88647979;3,82781744;0,00000000
3,88658379;3,82781744;0,00000000
3,88668779;3,78429508;0,00000000
3,88679179;3,82781744;0,00000000
3,88689579;3,82781744;0,00000000
3,88699979;3,82781744;0,00000000
3,88710379;3,82781744;0,00000000
3,88720779;3,82781744;0,00000000
3,88731179;3,82781744;0,00000000
3,88741579;3,82781744;0,00000000
3,88751979;3,82781744;0,00000000
3,88762379;3,82781744;0,00000000
3,88772779;3,82781744;0,00000000
3,88783179;3,78429508;0,00000000
3,88793579;3,78429508;0,00000000
3,88803979;3,82781744;0,00000000
3,88814379;3,82781744;0,00000000
3,88824779;3,82781744;0,00000000
3,88835179;3,82781744;0,00000000
3,88845579;3,78429508;0,00000000
3,88855979;3,82781744;0,00000000
3,88866379;3,78429508;0,00000000
3,88876779;3,82781744;0,00000000
3,88887179;3,82781744;0,00000000
3,88897579;3,82781744;0,00000000
3,88907979;3,82781744;0,00000000
3,88918379;3,82781744;0,00000000
3,88928779;3,78429508;0,00000000
3,88939179;3,82781744;0,00000000
3,88949579;3,78429508;0,00000000
3,88959979;3,82781744;0,00000000
3,88970379;3,82781744;0,00000000
3,88980779;3,82781744;0,00000000
3,88991179;3,82781744;0,00000000
3,89001579;3,82781744;0,00000000
3,89011979;3,82781744;0,00000000
3,89022379;3,78429508;0,00000000
3,89032779;3,78429508;0,00000000
3,89043179;3,82781744;0,00000000
3,89053579;3,82781744;0,00000000
3,89063979;3,78429508;0,00000000
3,89074379;3,82781744;0,00000000
3,89084779;3,82781744;0,00000000
3,89095179;3,82781744;0,00000000
3,89105579;3,82781744;0,00000000
3,89115979;3,82781744;0,00000000
3,89126379;3,78429508;0,00000000
3,89136779;3,82781744;0,00000000
3,89147179;3,78429508;0,00000000
3,89157579;3,82781744;0,00000000
3,89167979;3,78429508;0,00000000
3,89178379;3,82781744;0,00000000
3,89188779;3,82781744;0,00000000
3,89199179;3,82781744;0,00000000
3,89209579;3,78429508;0,00000000
3,89219979;3,82781744;0,00000000
3,89230379;3,82781744;0,00000000
3,89240779;3,78429508;0,00000000
3,89251179;3,82781744;0,00000000
3,89261579;3,82781744;0,00000000
3,89271979;3,82781744;0,00000000
3,89282379;3,82781744;0,00000000
3,89292779;3,78429508;0,00000000
3,89303179;3,82781744;0,00000000
3,89313579;3,82781744;0,00000000
3,89323979;3,82781744;0,00000000
3,89334379;3,82781744;0,00000000
3,89344779;3,82781744;0,00000000
3,89355179;3,82781744;0,00000000
3,89365579;3,82781744;0,00000000
3,89375979;3,82781744;0,00000000
3,89386379;3,82781744;0,00000000
3,89396779;3,78429508;0,00000000
3,89407179;3,82781744;0,00000000
3,89417579;3,82781744;0,00000000
3,89427979;3,82781744;0,00000000
3,89438379;3,78429508;0,00000000
3,89448779;3,82781744;0,00000000
3,89459179;3,78429508;0,00000000
3,89469579;3,78429508;0,00000000
3,89479979;3,82781744;0,00000000
3,89490379;3,82781744;0,00000000
3,89500779;3,82781744;0,00000000
3,89511179;3,78429508;0,00000000
3,89521579;3,78429508;0,00000000
3,89531979;3,82781744;0,00000000
3,89542379;3,82781744;0,00000000
3,89552779;3,78429508;0,00000000
3,89563179;3,82781744;0,00000000
3,89573579;3,82781744;0,00000000
3,89583979;3,82781744;0,00000000
3,89594379;3,82781744;0,00000000
3,89604779;3,82781744;0,00000000
3,89615179;3,82781744;0,00000000
3,89625579;3,82781744;0,00000000
3,89635979;3,82781744;0,00000000
3,89646379;3,82781744;0,00000000
3,89656779;3,82781744;0,00000000
3,89667179;3,82781744;0,00000000
3,89677579;3,82781744;0,00000000
3,89687979;3,82781744;0,00000000
3,89698379;3,78429508;0,00000000
3,89708779;3,82781744;0,00000000
3,89719179;3,82781744;0,00000000
3,89729579;3,82781744;0,00000000
3,89739979;3,78429508;0,00000000
3,89750379;3,78429508;0,00000000
3,89760779;3,82781744;0,00000000
3,89771179;3,82781744;0,00000000
3,89781579;3,82781744;0,00000000
3,89791979;3,82781744;0,00000000
3,89802379;3,78429508;0,00000000
3,89812779;3,82781744;0,00000000
3,89823179;3,78429508;0,00000000
3,89833579;3,78429508;0,00000000
3,89843979;3,78429508;0,00000000
3,89854379;3,82781744;0,00000000
3,89864779;3,82781744;0,00000000
3,89875179;3,82781744;0,00000000
3,89885579;3,82781744;0,00000000
3,89895979;3,82781744;0,00000000
3,89906379;3,82781744;0,00000000
3,89916779;3,82781744;0,01734744
3,89927179;3,82781744;0,00000000
3,89937579;3,82781744;0,00000000
3,89947979;3,82781744;0,00000000
3,89958379;3,82781744;0,00000000
3,89968779;3,82781744;0,00000000
3,89979179;3,82781744;0,00000000
3,89989579;3,82781744;0,00000000
3,89999979;3,82781744;0,00000000
3,90010379;3,78429508;0,00000000
3,90020779;3,82781744;0,00000000
3,90031179;3,82781744;0,00000000
3,90041579;3,78429508;0,00000000
3,90051979;3,78429508;0,00000000
3,90062379;3,78429508;0,00000000
3,90072779;3,78429508;0,00000000
3,90083179;3,82781744;0,00000000
3,90093579;3,82781744;0,00000000
3,90103979;3,82781744;0,00000000
3,90114379;3,82781744;0,00000000
3,90124779;3,78429508;0,00000000
3,90135179;3,78429508;0,00000000
3,90145579;3,78429508;0,00000000
3,90155979;3,78429508;0,00000000
3,90166379;3,82781744;0,00000000
3,90176779;3,82781744;0,01734744
3,90187179;3,78429508;0,00000000
3,90197579;3,78429508;0,00000000
3,90207979;3,78429508;0,00000000
3,90218379;3,78429508;0,00000000
3,90228779;3,78429508;0,00000000
3,90239179;3,78429508;0,00000000
3,90249579;3,78429508;0,00000000
3,90259979;3,82781744;0,00000000
3,90270379;3,82781744;0,00000000
3,90280779;3,78429508;0,00000000
3,90291179;3,82781744;0,00000000
3,90301579;3,78429508;0,00000000
3,90311979;3,82781744;0,00000000
3,90322379;3,82781744;0,00000000
3,90332779;3,78429508;0,00000000
3,90343179;3,82781744;0,00000000
3,90353579;3,82781744;0,00000000
3,90363979;3,78429508;0,00000000
3,90374379;3,82781744;0,00000000
3,90384779;3,78429508;0,00000000
3,90395179;3,82781744;0,00000000
3,90405579;3,82781744;0,00000000
3,90415979;3,82781744;0,00000000
3,90426379;3,78429508;0,00000000
3,90436779;3,82781744;0,00000000
3,90447179;3,82781744;0,00000000
3,90457579;3,82781744;0,00000000
3,90467979;3,82781744;0,00000000
3,90478379;3,82781744;0,00000000
3,90488779;3,78429508;0,00000000
3,90499179;3,82781744;0,00000000
3,90509579;3,78429508;0,00000000
3,90519979;3,82781744;0,00000000
3,90530379;3,82781744;0,00000000
3,90540779;3,82781744;0,00000000
3,90551179;3,78429508;0,00000000
3,90561579;3,78429508;0,00000000
3,90571979;3,82781744;0,00000000
3,90582379;3,82781744;0,00000000
3,90592779;3,82781744;0,00000000
3,90603179;3,82781744;0,00000000
3,90613579;3,82781744;0,00000000
3,90623979;3,82781744;0,00000000
3,90634379;3,82781744;0,00000000
3,90644779;3,82781744;0,00000000
3,90655179;3,82781744;0,00000000
3,90665579;3,82781744;0,00000000
3,90675979;3,82781744;0,00000000
3,90686379;3,82781744;0,00000000
3,90696779;3,82781744;0,00000000
3,90707179;3,82781744;0,00000000
3,90717579;3,82781744;0,00000000
3,90727979;3,82781744;0,00000000
3,90738379;3,82781744;0,00000000
3,90748779;3,82781744;0,00000000
3,90759179;3,82781744;0,00000000
3,90769579;3,82781744;0,00000000
3,90779979;3,78429508;0,00000000
3,90790379;3,82781744;0,00000000
3,90800779;3,82781744;0,00000000
3,90811179;3,82781744;0,00000000
3,90821579;3,82781744;0,00000000
3,90831979;3,82781744;0,00000000
3,90842379;3,82781744;0,00000000
3,90852779;3,82781744;0,00000000
3,90863179;3,78429508;0,00000000
3,90873579;3,82781744;0,00000000
3,90883979;3,82781744;0,00000000
3,90894379;3,82781744;0,00000000
3,90904779;3,82781744;0,00000000
3,90915179;3,82781744;0,00000000
3,90925579;3,82781744;0,00000000
3,90935979;3,82781744;0,00000000
3,90946379;3,82781744;0,00000000
3,90956779;3,82781744;0,00000000
3,90967179;3,82781744;0,00000000
3,90977579;3,82781744;0,00000000
3,90987979;3,82781744;0,00000000
3,90998379;3,82781744;0,00000000
3,91008779;3,82781744;0,00000000
3,91019179;3,82781744;0,00000000
3,91029579;3,78429508;0,00000000
3,91039979;3,82781744;0,00000000
3,91050379;3,82781744;0,00000000
3,91060779;3,82781744;0,00000000
3,91071179;3,82781744;0,00000000
3,91081579;3,78429508;0,00000000
3,91091979;3,82781744;0,00000000
3,91102379;3,78429508;0,00000000
3,91112779;3,82781744;0,00000000
3,91123179;3,78429508;0,00000000
3,91133579;3,82781744;0,00000000
3,91143979;3,78429508;0,00000000
3,91154379;3,82781744;0,00000000
3,91164779;3,82781744;0,00000000
3,91175179;3,82781744;0,00000000
3,91185579;3,78429508;0,00000000
3,91195979;3,82781744;0,00000000
3,91206379;3,82781744;0,00000000
3,91216779;3,82781744;0,00000000
3,91227179;3,82781744;0,00000000
3,91237579;3,82781744;0,00000000
3,91247979;3,82781744;0,00000000
3,91258379;3,82781744;0,00000000
3,91268779;3,82781744;0,00000000
3,91279179;3,82781744;0,00000000
3,91289579;3,82781744;0,00000000
3,91299979;3,78429508;0,00000000
3,91310379;3,82781744;0,00000000
3,91320779;3,78429508;0,00000000
3,91331179;3,82781744;0,00000000
3,91341579;3,82781744;0,00000000
3,91351979;3,78429508;0,00000000
3,91362379;3,82781744;0,00000000
3,91372779;3,82781744;0,00000000
3,91383179;3,82781744;0,00000000
3,91393579;3,82781744;0,00000000
3,91403979;3,78429508;0,00000000
3,91414379;3,82781744;0,00000000
3,91424779;3,82781744;0,00000000
3,91435179;3,82781744;0,00000000
3,91445579;3,82781744;0,00000000
3,91455979;3,82781744;0,00000000
3,91466379;3,82781744;0,00000000
3,91476779;3,82781744;0,00000000
3,91487179;3,78429508;0,00000000
3,91497579;3,78429508;0,00000000
3,91507979;3,82781744;0,00000000
3,91518379;3,82781744;0,00000000
3,91528779;3,78429508;0,00000000
3,91539179;3,78429508;0,00000000
3,91549579;3,82781744;0,00000000
3,91559979;3,82781744;0,00000000
3,91570379;3,78429508;0,00000000
3,91580779;3,78429508;0,00000000
3,91591179;3,78429508;0,00000000
3,91601579;3,78429508;0,00000000
3,91611979;3,82781744;0,00000000
3,91622379;3,82781744;0,00000000
3,91632779;3,78429508;0,00000000
3,91643179;3,82781744;0,00000000
3,91653579;3,82781744;0,00000000
3,91663979;3,82781744;0,00000000
3,91674379;3,82781744;0,00000000
3,91684779;3,82781744;0,00000000
3,91695179;3,78429508;0,00000000
3,91705579;3,82781744;0,00000000
3,91715979;3,82781744;0,00000000
3,91726379;3,82781744;0,00000000
3,91736779;3,82781744;0,00000000
3,91747179;3,82781744;0,00000000
3,91757579;3,78429508;0,00000000
3,91767979;3,82781744;0,00000000
3,91778379;3,82781744;0,00000000
3,91788779;3,82781744;0,00000000
3,91799179;3,82781744;0,00000000
3,91809579;3,82781744;0,00000000
3,91819979;3,82781744;0,00000000
3,91830379;3,78429508;0,00000000
3,91840779;3,78429508;0,00000000
3,91851179;3,78429508;0,00000000
3,91861579;3,82781744;0,00000000
3,91871979;3,82781744;0,00000000
3,91882379;3,82781744;0,00000000
3,91892779;3,82781744;0,00000000
3,91903179;3,87133980;0,00000000
3,91913579;3,82781744;0,00000000
3,91923979;3,78429508;0,00000000
3,91934379;3,82781744;0,00000000
3,91944779;3,82781744;0,00000000
3,91955179;3,82781744;0,00000000
3,91965579;3,78429508;0,00000000
3,91975979;3,82781744;0,00000000
3,91986379;3,82781744;0,00000000
3,91996779;3,82781744;0,00000000
3,92007179;3,82781744;0,00000000
3,92017579;3,78429508;0,00000000
3,92027979;3,82781744;0,00000000
3,92038379;3,82781744;0,00000000
3,92048779;3,82781744;0,00000000
3,92059179;3,78429508;0,00000000
3,92069579;3,82781744;0,00000000
3,92079979;3,78429508;0,00000000
3,92090379;3,82781744;0,00000000
3,92100779;3,82781744;0,00000000
3,92111179;3,78429508;0,00000000
3,92121579;3,82781744;0,00000000
3,92131979;3,82781744;0,00000000
3,92142379;3,82781744;0,00000000
3,92152779;3,82781744;0,00000000
3,92163179;3,78429508;0,00000000
3,92173579;3,82781744;0,00000000
3,92183979;3,82781744;0,00000000
3,92194379;3,78429508;0,00000000
3,92204779;3,82781744;0,00000000
3,92215179;3,78429508;0,00000000
3,92225579;3,82781744;0,00000000
3,92235979;3,78429508;0,00000000
3,92246379;3,82781744;0,00000000
3,92256779;3,82781744;0,00000000
3,92267179;3,78429508;0,00000000
3,92277579;3,82781744;0,00000000
3,92287979;3,82781744;0,00000000
3,92298379;3,82781744;0,00000000
3,92308779;3,82781744;0,00000000
3,92319179;3,82781744;0,00000000
3,92329579;3,82781744;0,00000000
3,92339979;3,82781744;0,00000000
3,92350379;3,82781744;0,00000000
3,92360779;3,78429508;0,00000000
3,92371179;3,82781744;0,00000000
3,92381579;3,78429508;0,00000000
3,92391979;3,82781744;0,00000000
3,92402379;3,82781744;0,00000000
3,92412779;3,82781744;0,00000000
3,92423179;3,82781744;0,00000000
3,92433579;3,82781744;0,00000000
3,92443979;3,82781744;0,00000000
3,92454379;3,82781744;0,00000000
3,92464779;3,82781744;0,00000000
3,92475179;3,82781744;0,00000000
3,92485579;3,82781744;0,00000000
3,92495979;3,82781744;0,00000000
3,92506379;3,82781744;0,00000000
3,92516779;3,82781744;0,00000000
3,92527179;3,82781744;0,00000000
3,92537579;3,82781744;0,00000000
3,92547979;3,82781744;0,00000000
3,92558379;3,78429508;0,00000000
3,92568779;3,82781744;0,00000000
3,92579179;3,82781744;0,00000000
3,92589579;3,82781744;0,00000000
3,92599979;3,82781744;0,00000000
3,92610379;3,82781744;0,00000000
3,92620779;3,82781744;0,00000000
3,92631179;3,82781744;0,00000000
3,92641579;3,82781744;0,00000000
3,92651979;3,82781744;0,00000000
3,92662379;3,78429508;0,00000000
3,92672779;3,82781744;0,00000000
3,92683179;3,82781744;0,00000000
3,92693579;3,78429508;0,00000000
3,92703979;3,82781744;0,00000000
3,92714379;3,82781744;0,00000000
3,92724779;3,82781744;0,00000000
3,92735179;3,82781744;0,00000000
3,92745579;3,82781744;0,00000000
3,92755979;3,82781744;0,00000000
3,92766379;3,82781744;0,00000000
3,92776779;3,82781744;0,00000000
3,92787179;3,82781744;0,00000000
3,92797579;3,82781744;0,00000000
3,92807979;3,82781744;0,00000000
3,92818379;3,82781744;0,00000000
3,92828779;3,82781744;0,00000000
3,92839179;3,82781744;0,00000000
3,92849579;3,82781744;0,00000000
3,92859979;3,82781744;0,00000000
3,92870379;3,82781744;0,00000000
3,92880779;3,82781744;0,00000000
3,92891179;3,82781744;0,00000000
3,92901579;3,78429508;0,00000000
3,92911979;3,82781744;0,00000000
3,92922379;3,82781744;0,00000000
3,92932779;3,82781744;0,00000000
3,92943179;3,82781744;0,00000000
3,92953579;3,82781744;0,00000000
3,92963979;3,82781744;0,00000000
3,92974379;3,82781744;0,00000000
3,92984779;3,82781744;0,00000000
3,92995179;3,82781744;0,00000000
3,93005579;3,82781744;0,00000000
3,93015979;3,82781744;0,00000000
3,93026379;3,82781744;0,00000000
3,93036779;3,82781744;0,00000000
3,93047179;3,82781744;0,00000000
3,93057579;3,82781744;0,00000000
3,93067979;3,82781744;0,00000000
3,93078379;3,82781744;0,00000000
3,93088779;3,82781744;0,00000000
3,93099179;3,82781744;0,00000000
3,93109579;3,78429508;0,00000000
3,93119979;3,78429508;0,00000000
3,93130379;3,82781744;0,00000000
3,93140779;3,78429508;0,00000000
3,93151179;3,82781744;0,00000000
3,93161579;3,82781744;0,00000000
3,93171979;3,82781744;0,00000000
3,93182379;3,82781744;0,00000000
3,93192779;3,78429508;0,00000000
3,93203179;3,82781744;0,00000000
3,93213579;3,82781744;0,00000000
3,93223979;3,82781744;0,00000000
3,93234379;3,82781744;0,00000000
3,93244779;3,82781744;0,00000000
3,93255179;3,82781744;0,00000000
3,93265579;3,82781744;0,00000000
3,93275979;3,82781744;0,00000000
3,93286379;3,78429508;0,00000000
3,93296779;3,82781744;0,00000000
3,93307179;3,82781744;0,00000000
3,93317579;3,82781744;0,00000000
3,93327979;3,87133980;0,00000000
3,93338379;3,82781744;0,00000000
3,93348779;3,82781744;0,00000000
3,93359179;3,82781744;0,00000000
3,93369579;3,78429508;0,00000000
3,93379979;3,82781744;0,00000000
3,93390379;3,82781744;0,00000000
3,93400779;3,82781744;0,00000000
3,93411179;3,82781744;0,00000000
3,93421579;3,82781744;0,00000000
3,93431979;3,82781744;0,00000000
3,93442379;3,82781744;0,00000000
3,93452779;3,82781744;0,00000000
3,93463179;3,87133980;0,00000000
3,93473579;3,82781744;0,00000000
3,93483979;3,82781744;0,00000000
3,93494379;3,82781744;0,00000000
3,93504779;3,82781744;0,00000000
3,93515179;3,82781744;0,00000000
3,93525579;3,78429508;0,00000000
3,93535979;3,82781744;0,00000000
3,93546379;3,82781744;0,00000000
3,93556779;3,82781744;0,00000000
3,93567179;3,78429508;0,00000000
3,93577579;3,82781744;0,00000000
3,93587979;3,78429508;0,00000000
3,93598379;3,82781744;0,00000000
3,93608779;3,82781744;0,00000000
3,93619179;3,82781744;0,00000000
3,93629579;3,82781744;0,00000000
3,93639979;3,82781744;0,00000000
3,93650379;3,78429508;0,00000000
3,93660779;3,82781744;0,00000000
3,93671179;3,78429508;0,00000000
3,93681579;3,82781744;0,00000000
3,93691979;3,82781744;0,00000000
3,93702379;3,82781744;0,00000000
3,93712779;3,82781744;0,00000000
3,93723179;3,82781744;0,00000000
3,93733579;3,78429508;0,00000000
3,93743979;3,82781744;0,00000000
3,93754379;3,82781744;0,00000000
3,93764779;3,82781744;0,00000000
3,93775179;3,82781744;0,00000000
3,93785579;3,82781744;0,00000000
3,93795979;3,78429508;0,00000000
3,93806379;3,78429508;0,00000000
3,93816779;3,78429508;0,00000000
3,93827179;3,82781744;0,00000000
3,93837579;3,78429508;0,00000000
3,93847979;3,82781744;0,00000000
3,93858379;3,82781744;0,00000000
3,93868779;3,82781744;0,00000000
3,93879179;3,78429508;0,00000000
3,93889579;3,82781744;0,00000000
3,93899979;3,82781744;0,00000000
3,93910379;3,78429508;0,00000000
3,93920779;3,78429508;0,00000000
3,93931179;3,78429508;0,00000000
3,93941579;3,82781744;0,00000000
3,93951979;3,82781744;0,00000000
3,93962379;3,78429508;0,00000000
3,93972779;3,82781744;0,00000000
3,93983179;3,82781744;0,00000000
3,93993579;3,82781744;0,00000000
3,94003979;3,82781744;0,00000000
3,94014379;3,78429508;0,00000000
3,94024779;3,82781744;0,00000000
3,94035179;3,78429508;0,00000000
3,94045579;3,82781744;0,00000000
3,94055979;3,82781744;0,00000000
3,94066379;3,82781744;0,00000000
3,94076779;3,82781744;0,00000000
3,94087179;3,82781744;0,00000000
3,94097579;3,82781744;0,00000000
3,94107979;3,82781744;0,00000000
3,94118379;3,78429508;0,00000000
3,94128779;3,78429508;0,00000000
3,94139179;3,82781744;0,00000000
3,94149579;3,82781744;0,00000000
3,94159979;3,82781744;0,00000000
3,94170379;3,82781744;0,00000000
3,94180779;3,78429508;0,00000000
3,94191179;3,82781744;0,00000000
3,94201579;3,82781744;0,00000000
3,94211979;3,82781744;0,00000000
3,94222379;3,78429508;0,00000000
3,94232779;3,82781744;0,00000000
3,94243179;3,82781744;0,00000000
3,94253579;3,82781744;0,00000000
3,94263979;3,82781744;0,00000000
3,94274379;3,82781744;0,00000000
3,94284779;3,78429508;0,00000000
3,94295179;3,82781744;0,00000000
3,94305579;3,82781744;0,00000000
3,94315979;3,78429508;0,00000000
3,94326379;3,82781744;0,00000000
3,94336779;3,78429508;0,00000000
3,94347179;3,78429508;0,00000000
3,94357579;3,82781744;0,00000000
3,94367979;3,82781744;0,00000000
3,94378379;3,82781744;0,00000000
3,94388779;3,82781744;0,00000000
3,94399179;3,78429508;0,00000000
3,94409579;3,78429508;0,00000000
3,94419979;3,82781744;0,00000000
3,94430379;3,82781744;0,00000000
3,94440779;3,78429508;0,00000000
3,94451179;3,82781744;0,00000000
3,94461579;3,78429508;0,00000000
3,94471979;3,78429508;0,00000000
3,94482379;3,82781744;0,00000000
3,94492779;3,82781744;0,00000000
3,94503179;3,82781744;0,00000000
3,94513579;3,82781744;0,00000000
3,94523979;3,78429508;0,00000000
3,94534379;3,82781744;0,00000000
3,94544779;3,78429508;0,00000000
3,94555179;3,82781744;0,00000000
3,94565579;3,82781744;0,00000000
3,94575979;3,82781744;0,00000000
3,94586379;3,82781744;0,00000000
3,94596779;3,82781744;0,00000000
3,94607179;3,82781744;0,00000000
3,94617579;3,82781744;0,00000000
3,94627979;3,82781744;0,00000000
3,94638379;3,78429508;0,00000000
3,94648779;3,82781744;0,00000000
3,94659179;3,82781744;0,00000000
3,94669579;3,82781744;0,00000000
3,94679979;3,82781744;0,00000000
3,94690379;3,82781744;0,00000000
3,94700779;3,78429508;0,00000000
3,94711179;3,82781744;0,00000000
3,94721579;3,82781744;0,00000000
3,94731979;3,78429508;0,00000000
3,94742379;3,78429508;0,00000000
3,94752779;3,82781744;0,00000000
3,94763179;3,82781744;0,00000000
3,94773579;3,78429508;0,00000000
3,94783979;3,82781744;0,00000000
3,94794379;3,82781744;0,00000000
3,94804779;3,87133980;0,00000000
3,94815179;3,82781744;0,00000000
3,94825579;3,82781744;0,00000000
3,94835979;3,82781744;0,00000000
3,94846379;3,82781744;0,00000000
3,94856779;3,82781744;0,00000000
3,94867179;3,82781744;0,00000000
3,94877579;3,82781744;0,00000000
3,94887979;3,82781744;0,00000000
3,94898379;3,82781744;0,00000000
3,94908779;3,82781744;0,00000000
3,94919179;3,82781744;0,00000000
3,94929579;3,82781744;0,00000000
3,94939979;3,82781744;0,00000000
3,94950379;3,82781744;0,00000000
3,94960779;3,78429508;0,00000000
3,94971179;3,82781744;0,00000000
3,94981579;3,82781744;0,00000000
3,94991979;3,82781744;0,00000000
3,95002379;3,82781744;0,00000000
3,95012779;3,82781744;0,00000000
3,95023179;3,82781744;0,00000000
3,95033579;3,82781744;0,00000000
3,95043979;3,82781744;0,00000000
3,95054379;3,82781744;0,00000000
3,95064779;3,82781744;0,00000000
3,95075179;3,82781744;0,00000000
3,95085579;3,78429508;0,00000000
3,95095979;3,82781744;0,00000000
3,95106379;3,78429508;0,00000000
3,95116779;3,78429508;0,00000000
3,95127179;3,78429508;0,00000000
3,95137579;3,82781744;0,00000000
3,95147979;3,82781744;0,00000000
3,95158379;3,82781744;0,00000000
3,95168779;3,78429508;0,00000000
3,95179179;3,82781744;0,00000000
3,95189579;3,82781744;0,00000000
3,95199979;3,82781744;0,00000000
3,95210379;3,78429508;0,00000000
3,95220779;3,82781744;0,00000000
3,95231179;3,82781744;0,00000000
3,95241579;3,82781744;0,00000000
3,95251979;3,82781744;0,00000000
3,95262379;3,82781744;0,00000000
3,95272779;3,78429508;0,00000000
3,95283179;3,82781744;0,00000000
3,95293579;3,82781744;0,00000000
3,95303979;3,78429508;0,00000000
3,95314379;3,82781744;0,00000000
3,95324779;3,82781744;0,00000000
3,95335179;3,82781744;0,00000000
3,95345579;3,78429508;0,00000000
3,95355979;3,78429508;0,00000000
3,95366379;3,82781744;0,00000000
3,95376779;3,82781744;0,00000000
3,95387179;3,82781744;0,00000000
3,95397579;3,82781744;0,00000000
3,95407979;3,82781744;0,00000000
3,95418379;3,82781744;0,00000000
3,95428779;3,82781744;0,00000000
3,95439179;3,82781744;0,00000000
3,95449579;3,82781744;0,00000000
3,95459979;3,82781744;0,00000000
3,95470379;3,82781744;0,00000000
3,95480779;3,82781744;0,00000000
3,95491179;3,82781744;0,00000000
3,95501579;3,82781744;0,00000000
3,95511979;3,82781744;0,00000000
3,95522379;3,82781744;0,00000000
3,95532779;3,82781744;0,00000000
3,95543179;3,78429508;0,00000000
3,95553579;3,78429508;0,00000000
3,95563979;3,78429508;0,00000000
3,95574379;3,82781744;0,00000000
3,95584779;3,82781744;0,00000000
3,95595179;3,82781744;0,00000000
3,95605579;3,82781744;0,00000000
3,95615979;3,82781744;0,00000000
3,95626379;3,82781744;0,00000000
3,95636779;3,82781744;0,00000000
3,95647179;3,82781744;0,00000000
3,95657579;3,82781744;0,00000000
3,95667979;3,82781744;0,00000000
3,95678379;3,82781744;0,00000000
3,95688779;3,82781744;0,00000000
3,95699179;3,78429508;0,00000000
3,95709579;3,82781744;0,00000000
3,95719979;3,82781744;0,00000000
3,95730379;3,78429508;0,00000000
3,95740779;3,82781744;0,00000000
3,95751179;3,82781744;0,00000000
3,95761579;3,82781744;0,00000000
3,95771979;3,78429508;0,00000000
3,95782379;3,82781744;0,00000000
3,95792779;3,78429508;0,00000000
3,95803179;3,82781744;0,00000000
3,95813579;3,78429508;0,00000000
3,95823979;3,78429508;0,00000000
3,95834379;3,78429508;0,00000000
3,95844779;3,82781744;0,00000000
3,95855179;3,82781744;0,00000000
3,95865579;3,82781744;0,00000000
3,95875979;3,82781744;0,00000000
3,95886379;3,82781744;0,00000000
3,95896779;3,82781744;0,00000000
3,95907179;3,82781744;0,00000000
3,95917579;3,78429508;0,00000000
3,95927979;3,78429508;0,00000000
3,95938379;3,82781744;0,00000000
3,95948779;3,82781744;0,00000000
3,95959179;3,78429508;0,00000000
3,95969579;3,82781744;0,00000000
3,95979979;3,82781744;0,00000000
3,95990379;3,82781744;0,00000000
3,96000779;3,78429508;0,00000000
3,96011179;3,82781744;0,00000000
3,96021579;3,78429508;0,00000000
3,96031979;3,78429508;0,00000000
3,96042379;3,82781744;0,00000000
3,96052779;3,82781744;0,00000000
3,96063179;3,82781744;0,00000000
3,96073579;3,78429508;0,00000000
3,96083979;3,78429508;0,00000000
3,96094379;3,78429508;0,00000000
3,96104779;3,82781744;0,00000000
3,96115179;3,82781744;0,00000000
3,96125579;3,78429508;0,00000000
3,96135979;3,82781744;0,00000000
3,96146379;3,78429508;0,00000000
3,96156779;3,82781744;0,00000000
3,96167179;3,82781744;0,00000000
3,96177579;3,78429508;0,00000000
3,96187979;3,82781744;0,00000000
3,96198379;3,82781744;0,00000000
3,96208779;3,78429508;0,00000000
3,96219179;3,82781744;0,00000000
3,96229579;3,78429508;0,00000000
3,96239979;3,82781744;0,00000000
3,96250379;3,78429508;0,00000000
3,96260779;3,82781744;0,00000000
3,96271179;3,82781744;0,00000000
3,96281579;3,82781744;0,00000000
3,96291979;3,78429508;0,00000000
3,96302379;3,82781744;0,00000000
3,96312779;3,78429508;0,00000000
3,96323179;3,78429508;0,00000000
3,96333579;3,82781744;0,00000000
3,96343979;3,87133980;0,00000000
3,96354379;3,82781744;0,00000000
3,96364779;3,82781744;0,00000000
3,96375179;3,82781744;0,00000000
3,96385579;3,82781744;0,00000000
3,96395979;3,82781744;0,00000000
3,96406379;3,82781744;0,00000000
3,96416779;3,78429508;0,00000000
3,96427179;3,82781744;0,00000000
3,96437579;3,82781744;0,00000000
3,96447979;3,82781744;0,00000000
3,96458379;3,82781744;0,00000000
3,96468779;3,82781744;0,00000000
3,96479179;3,82781744;0,00000000
3,96489579;3,82781744;0,00000000
3,96499979;3,82781744;0,00000000
3,96510379;3,82781744;0,00000000
3,96520779;3,82781744;0,00000000
3,96531179;3,82781744;0,00000000
3,96541579;3,82781744;0,00000000
3,96551979;3,82781744;0,00000000
3,96562379;3,82781744;0,00000000
3,96572779;3,78429508;0,00000000
3,96583179;3,82781744;0,00000000
3,96593579;3,82781744;0,00000000
3,96603979;3,82781744;0,00000000
3,96614379;3,82781744;0,00000000
3,96624779;3,82781744;0,00000000
3,96635179;3,82781744;0,00000000
3,96645579;3,82781744;0,00000000
3,96655979;3,78429508;0,00000000
3,96666379;3,82781744;0,00000000
3,96676779;3,78429508;0,00000000
3,96687179;3,78429508;0,00000000
3,96697579;3,82781744;0,00000000
3,96707979;3,82781744;0,00000000
3,96718379;3,82781744;0,00000000
3,96728779;3,82781744;0,00000000
3,96739179;3,82781744;0,00000000
3,96749579;3,82781744;0,00000000
3,96759979;3,78429508;0,00000000
3,96770379;3,82781744;0,00000000
3,96780779;3,82781744;0,00000000
3,96791179;3,82781744;0,00000000
3,96801579;3,78429508;0,00000000
3,96811979;3,82781744;0,00000000
3,96822379;3,82781744;0,00000000
3,96832779;3,82781744;0,00000000
3,96843179;3,82781744;0,00000000
3,96853579;3,82781744;0,00000000
3,96863979;3,82781744;0,00000000
3,96874379;3,82781744;0,00000000
3,96884779;3,82781744;0,00000000
3,96895179;3,82781744;0,00000000
3,96905579;3,82781744;0,00000000
3,96915979;3,82781744;0,00000000
3,96926379;3,82781744;0,00000000
3,96936779;3,82781744;0,00000000
3,96947179;3,82781744;0,00000000
3,96957579;3,82781744;0,00000000
3,96967979;3,78429508;0,00000000
3,96978379;3,82781744;0,00000000
3,96988779;3,82781744;0,00000000
3,96999179;3,82781744;0,00000000
3,97009579;3,82781744;0,00000000
3,97019979;3,78429508;0,00000000
3,97030379;3,78429508;0,00000000
3,97040779;3,82781744;0,00000000
3,97051179;3,82781744;0,00000000
3,97061579;3,78429508;0,00000000
3,97071979;3,82781744;0,00000000
3,97082379;3,82781744;0,00000000
3,97092779;3,82781744;0,00000000
3,97103179;3,78429508;0,00000000
3,97113579;3,82781744;0,00000000
3,97123979;3,82781744;0,00000000
3,97134379;3,82781744;0,00000000
3,97144779;3,78429508;0,00000000
3,97155179;3,82781744;0,00000000
3,97165579;3,82781744;0,00000000
3,97175979;3,82781744;0,00000000
3,97186379;3,78429508;0,00000000
3,97196779;3,82781744;0,00000000
3,97207179;3,82781744;0,00000000
3,97217579;3,82781744;0,00000000
3,97227979;3,82781744;0,00000000
3,97238379;3,82781744;0,00000000
3,97248779;3,82781744;0,00000000
3,97259179;3,82781744;0,00000000
3,97269579;3,82781744;0,00000000
3,97279979;3,82781744;0,00000000
3,97290379;3,82781744;0,00000000
3,97300779;3,78429508;0,00000000
3,97311179;3,82781744;0,00000000
3,97321579;3,82781744;0,00000000
3,97331979;3,82781744;0,00000000
3,97342379;3,82781744;0,00000000
3,97352779;3,82781744;0,00000000
3,97363179;3,82781744;0,00000000
3,97373579;3,82781744;0,00000000
3,97383979;3,82781744;0,01734744
3,97394379;3,82781744;0,00000000
3,97404779;3,82781744;0,00000000
3,97415179;3,78429508;0,00000000
3,97425579;3,82781744;0,00000000
3,97435979;3,82781744;0,00000000
3,97446379;3,82781744;0,00000000
3,97456779;3,82781744;0,00000000
3,97467179;3,82781744;0,00000000
3,97477579;3,82781744;0,00000000
3,97487979;3,78429508;0,00000000
3,97498379;3,78429508;0,00000000
3,97508779;3,82781744;0,00000000
3,97519179;3,82781744;0,00000000
3,97529579;3,82781744;0,00000000
3,97539979;3,82781744;0,00000000
3,97550379;3,82781744;0,00000000
3,97560779;3,82781744;0,00000000
3,97571179;3,82781744;0,00000000
3,97581579;3,82781744;0,00000000
3,97591979;3,82781744;0,00000000
3,97602379;3,82781744;0,00000000
3,97612779;3,82781744;0,00000000
3,97623179;3,78429508;0,00000000
3,97633579;3,82781744;0,01734744
3,97643979;3,82781744;0,00000000
3,97654379;3,82781744;0,00000000
3,97664779;3,82781744;0,00000000
3,97675179;3,82781744;0,00000000
3,97685579;3,82781744;0,00000000
3,97695979;3,82781744;0,00000000
3,97706379;3,78429508;0,00000000
3,97716779;3,82781744;0,00000000
3,97727179;3,78429508;0,00000000
3,97737579;3,82781744;0,00000000
3,97747979;3,82781744;0,00000000
3,97758379;3,82781744;0,00000000
3,97768779;3,82781744;0,00000000
3,97779179;3,78429508;0,00000000
3,97789579;3,82781744;0,00000000
3,97799979;3,78429508;0,00000000
3,97810379;3,82781744;0,00000000
3,97820779;3,82781744;0,00000000
3,97831179;3,82781744;0,00000000
3,97841579;3,78429508;0,00000000
3,97851979;3,82781744;0,00000000
3,97862379;3,82781744;0,00000000
3,97872779;3,82781744;0,00000000
3,97883179;3,78429508;0,00000000
3,97893579;3,82781744;0,00000000
3,97903979;3,78429508;0,00000000
3,97914379;3,82781744;0,00000000
3,97924779;3,78429508;0,00000000
3,97935179;3,78429508;0,00000000
3,97945579;3,82781744;0,00000000
3,97955979;3,78429508;0,00000000
3,97966379;3,82781744;0,00000000
3,97976779;3,82781744;0,00000000
3,97987179;3,82781744;0,00000000
3,97997579;3,82781744;0,00000000
3,98007979;3,82781744;0,00000000
3,98018379;3,82781744;0,00000000
3,98028779;3,82781744;0,01734744
3,98039179;3,82781744;0,00000000
3,98049579;3,82781744;0,00000000
3,98059979;3,82781744;0,00000000
3,98070379;3,78429508;0,00000000
3,98080779;3,78429508;0,00000000
3,98091179;3,78429508;0,00000000
3,98101579;3,82781744;0,00000000
3,98111979;3,78429508;0,00000000
3,98122379;3,82781744;0,00000000
3,98132779;3,78429508;0,00000000
3,98143179;3,78429508;0,00000000
3,98153579;3,82781744;0,00000000
3,98163979;3,82781744;0,00000000
3,98174379;3,78429508;0,00000000
3,98184779;3,82781744;0,00000000
3,98195179;3,82781744;0,00000000
3,98205579;3,82781744;0,00000000
3,98215979;3,78429508;0,00000000
3,98226379;3,82781744;0,00000000
3,98236779;3,78429508;0,00000000
3,98247179;3,82781744;0,00000000
3,98257579;3,82781744;0,00000000
3,98267979;3,78429508;0,00000000
3,98278379;3,78429508;0,00000000
3,98288779;3,82781744;0,00000000
3,98299179;3,82781744;0,00000000
3,98309579;3,82781744;0,00000000
3,98319979;3,82781744;0,00000000
3,98330379;3,78429508;0,00000000
3,98340779;3,82781744;0,00000000
3,98351179;3,82781744;0,00000000
3,98361579;3,82781744;0,00000000
3,98371979;3,82781744;0,00000000
3,98382379;3,82781744;0,00000000
3,98392779;3,82781744;0,00000000
3,98403179;3,82781744;0,00000000
3,98413579;3,82781744;0,00000000
3,98423979;3,78429508;0,00000000
3,98434379;3,82781744;0,00000000
3,98444779;3,82781744;0,00000000
3,98455179;3,82781744;0,00000000
3,98465579;3,82781744;0,00000000
3,98475979;3,82781744;0,00000000
3,98486379;3,82781744;0,00000000
3,98496779;3,82781744;0,00000000
3,98507179;3,82781744;0,00000000
3,98517579;3,78429508;0,00000000
3,98527979;3,82781744;0,00000000
3,98538379;3,78429508;0,00000000
3,98548779;3,82781744;0,00000000
3,98559179;3,82781744;0,00000000
3,98569579;3,78429508;0,00000000
3,98579979;3,82781744;0,00000000
3,98590379;3,82781744;0,00000000
3,98600779;3,82781744;0,00000000
3,98611179;3,78429508;0,00000000
3,98621579;3,82781744;0,00000000
3,98631979;3,82781744;0,00000000
3,98642379;3,82781744;0,00000000
3,98652779;3,82781744;0,00000000
3,98663179;3,82781744;0,00000000
3,98673579;3,82781744;0,00000000
3,98683979;3,82781744;0,00000000
3,98694379;3,78429508;0,00000000
3,98704779;3,82781744;0,00000000
3,98715179;3,78429508;0,00000000
3,98725579;3,82781744;0,00000000
3,98735979;3,78429508;0,00000000
3,98746379;3,82781744;0,00000000
3,98756779;3,82781744;0,00000000
3,98767179;3,82781744;0,00000000
3,98777579;3,82781744;0,00000000
3,98787979;3,82781744;0,00000000
3,98798379;3,78429508;0,00000000
3,98808779;3,82781744;0,00000000
3,98819179;3,78429508;0,00000000
3,98829579;3,82781744;0,00000000
3,98839979;3,82781744;0,00000000
3,98850379;3,82781744;0,00000000
3,98860779;3,78429508;0,00000000
3,98871178;3,82781744;0,00000000
3,98881578;3,78429508;0,00000000
3,98891978;3,82781744;0,00000000
3,98902378;3,78429508;0,00000000
3,98912778;3,78429508;0,00000000
3,98923178;3,82781744;0,00000000
3,98933578;3,82781744;0,00000000
3,98943978;3,82781744;0,00000000
3,98954378;3,78429508;0,00000000
3,98964778;3,82781744;0,00000000
3,98975178;3,82781744;0,00000000
3,98985578;3,78429508;0,00000000
3,98995978;3,82781744;0,00000000
3,99006378;3,82781744;0,00000000
3,99016778;3,82781744;0,00000000
3,99027178;3,82781744;0,00000000
3,99037578;3,82781744;0,00000000
3,99047978;3,82781744;0,00000000
3,99058378;3,82781744;0,00000000
3,99068778;3,82781744;0,00000000
3,99079178;3,78429508;0,00000000
3,99089578;3,78429508;0,00000000
3,99099978;3,78429508;0,00000000
3,99110378;3,82781744;0,00000000
3,99120778;3,82781744;0,00000000
3,99131178;3,82781744;0,00000000
3,99141578;3,82781744;0,00000000
3,99151978;3,82781744;0,00000000
3,99162378;3,78429508;0,00000000
3,99172778;3,82781744;0,00000000
3,99183178;3,78429508;0,00000000
3,99193578;3,82781744;0,00000000
3,99203978;3,82781744;0,00000000
3,99214378;3,78429508;0,00000000
3,99224778;3,82781744;0,00000000
3,99235178;3,82781744;0,00000000
3,99245578;3,82781744;0,00000000
3,99255978;3,82781744;0,00000000
3,99266378;3,82781744;0,00000000
3,99276778;3,82781744;0,00000000
3,99287178;3,82781744;0,00000000
3,99297578;3,82781744;0,00000000
3,99307978;3,82781744;0,00000000
3,99318378;3,82781744;0,00000000
3,99328778;3,82781744;0,00000000
3,99339178;3,78429508;0,00000000
3,99349578;3,82781744;0,00000000
3,99359978;3,82781744;0,00000000
3,99370378;3,82781744;0,00000000
3,99380778;3,82781744;0,00000000
3,99391178;3,82781744;0,00000000
3,99401578;3,82781744;0,00000000
3,99411978;3,78429508;0,00000000
3,99422378;3,82781744;0,00000000
3,99432778;3,82781744;0,00000000
3,99443178;3,82781744;0,00000000
3,99453578;3,82781744;0,00000000
3,99463978;3,82781744;0,00000000
3,99474378;3,82781744;0,00000000
3,99484778;3,82781744;0,00000000
3,99495178;3,78429508;0,00000000
3,99505578;3,82781744;0,00000000
3,99515978;3,82781744;0,00000000
3,99526378;3,78429508;0,00000000
3,99536778;3,82781744;0,00000000
3,99547178;3,78429508;0,00000000
3,99557578;3,82781744;0,00000000
3,99567978;3,78429508;0,00000000
3,99578378;3,82781744;0,00000000
3,99588778;3,82781744;0,00000000
3,99599178;3,82781744;0,00000000
3,99609578;3,82781744;0,00000000
3,99619978;3,82781744;0,00000000
3,99630378;3,78429508;0,00000000
3,99640778;3,82781744;0,00000000
3,99651178;3,82781744;0,00000000
3,99661578;3,78429508;0,00000000
3,99671978;3,82781744;0,00000000
3,99682378;3,82781744;0,00000000
3,99692778;3,82781744;0,00000000
3,99703178;3,82781744;0,00000000
3,99713578;3,78429508;0,00000000
3,99723978;3,82781744;0,00000000
3,99734378;3,78429508;0,00000000
3,99744778;3,82781744;0,00000000
3,99755178;3,82781744;0,00000000
3,99765578;3,82781744;0,00000000
3,99775978;3,78429508;0,00000000
3,99786378;3,82781744;0,00000000
3,99796778;3,82781744;0,00000000
3,99807178;3,78429508;0,00000000
3,99817578;3,82781744;0,00000000
3,99827978;3,82781744;0,00000000
3,99838378;3,82781744;0,00000000
3,99848778;3,78429508;0,00000000
3,99859178;3,82781744;0,00000000
3,99869578;3,78429508;0,00000000
3,99879978;3,78429508;0,00000000
3,99890378;3,82781744;0,00000000
3,99900778;3,82781744;0,00000000
3,99911178;3,78429508;0,00000000
3,99921578;3,82781744;0,00000000
3,99931978;3,82781744;0,00000000
3,99942378;3,82781744;0,00000000
3,99952778;3,82781744;0,00000000
3,99963178;3,82781744;0,00000000
3,99973578;3,82781744;0,00000000
3,99983978;3,78429508;0,00000000
3,99994378;3,78429508;0,00000000
4,00004778;3,82781744;0,00000000
4,00015178;3,78429508;0,00000000
4,00025578;3,78429508;0,00000000
4,00035978;3,82781744;0,00000000
4,00046378;3,82781744;0,00000000
4,00056778;3,82781744;0,00000000
4,00067178;3,82781744;0,00000000
4,00077578;3,82781744;0,00000000
4,00087978;3,78429508;0,00000000
4,00098378;3,78429508;0,00000000
4,00108778;3,82781744;0,00000000
4,00119178;3,82781744;0,00000000
4,00129578;3,78429508;0,00000000
4,00139978;3,82781744;0,00000000
4,00150378;3,78429508;0,00000000
4,00160778;3,87133980;0,00000000
4,00171178;3,78429508;0,00000000
4,00181578;3,82781744;0,00000000
4,00191978;3,82781744;0,00000000
4,00202378;3,82781744;0,00000000
4,00212778;3,78429508;0,00000000
4,00223178;3,82781744;0,00000000
4,00233578;3,82781744;0,00000000
4,00243978;3,82781744;0,00000000
4,00254378;3,82781744;0,00000000
4,00264778;3,78429508;0,00000000
4,00275178;3,82781744;0,00000000
4,00285578;3,82781744;0,00000000
4,00295978;3,82781744;0,00000000
4,00306378;3,82781744;0,00000000
4,00316778;3,82781744;0,00000000
4,00327178;3,82781744;0,00000000
4,00337578;3,78429508;0,00000000
4,00347978;3,82781744;0,00000000
4,00358378;3,82781744;0,00000000
4,00368778;3,82781744;0,00000000
4,00379178;3,78429508;0,00000000
4,00389578;3,82781744;0,00000000
4,00399978;3,82781744;0,00000000
4,00410378;3,78429508;0,00000000
4,00420778;3,82781744;0,00000000
4,00431178;3,82781744;0,00000000
4,00441578;3,82781744;0,00000000
4,00451978;3,82781744;0,00000000
4,00462378;3,82781744;0,00000000
4,00472778;3,82781744;0,00000000
4,00483178;3,82781744;0,00000000
4,00493578;3,82781744;0,00000000
4,00503978;3,78429508;0,01734744
4,00514378;3,82781744;0,00000000
4,00524778;3,82781744;0,00000000
4,00535178;3,82781744;0,00000000
4,00545578;3,82781744;0,00000000
4,00555978;3,82781744;0,00000000
4,00566378;3,82781744;0,00000000
4,00576778;3,82781744;0,00000000
4,00587178;3,82781744;0,00000000
4,00597578;3,82781744;0,00000000
4,00607978;3,82781744;0,00000000
4,00618378;3,82781744;0,00000000
4,00628778;3,82781744;0,00000000
4,00639178;3,82781744;0,00000000
4,00649578;3,78429508;0,00000000
4,00659978;3,82781744;0,00000000
4,00670378;3,82781744;0,00000000
4,00680778;3,82781744;0,00000000
4,00691178;3,82781744;0,00000000
4,00701578;3,82781744;0,00000000
4,00711978;3,78429508;0,00000000
4,00722378;3,82781744;0,00000000
4,00732778;3,78429508;0,00000000
4,00743178;3,78429508;0,00000000
4,00753578;3,82781744;0,00000000
4,00763978;3,82781744;0,00000000
4,00774378;3,82781744;0,00000000
4,00784778;3,82781744;0,00000000
4,00795178;3,78429508;0,00000000
4,00805578;3,82781744;0,00000000
4,00815978;3,78429508;0,00000000
4,00826378;3,82781744;0,00000000
4,00836778;3,82781744;0,00000000
4,00847178;3,78429508;0,00000000
4,00857578;3,82781744;0,00000000
4,00867978;3,78429508;0,00000000
4,00878378;3,82781744;0,00000000
4,00888778;3,82781744;0,00000000
4,00899178;3,82781744;0,00000000
4,00909578;3,82781744;0,00000000
4,00919978;3,82781744;0,00000000
4,00930378;3,78429508;0,00000000
4,00940778;3,82781744;0,00000000
4,00951178;3,82781744;0,00000000
4,00961578;3,82781744;0,00000000
4,00971978;3,82781744;0,00000000
4,00982378;3,82781744;0,00000000
4,00992778;3,82781744;0,00000000
4,01003178;3,82781744;0,00000000
4,01013578;3,82781744;0,00000000
4,01023978;3,78429508;0,00000000
4,01034378;3,78429508;0,00000000
4,01044778;3,78429508;0,01734744
4,01055178;3,82781744;0,00000000
4,01065578;3,78429508;0,00000000
4,01075978;3,82781744;0,00000000
4,01086378;3,82781744;0,00000000
4,01096778;3,78429508;0,00000000
4,01107178;3,82781744;0,00000000
4,01117578;3,78429508;0,00000000
4,01127978;3,82781744;0,00000000
4,01138378;3,82781744;0,00000000
4,01148778;3,82781744;0,00000000
4,01159178;3,78429508;0,00000000
4,01169578;3,82781744;0,00000000
4,01179978;3,82781744;0,00000000
4,01190378;3,78429508;0,00000000
4,01200778;3,78429508;0,00000000
4,01211178;3,82781744;0,00000000
4,01221578;3,78429508;0,00000000
4,01231978;3,82781744;0,00000000
4,01242378;3,82781744;0,00000000
4,01252778;3,82781744;0,00000000
4,01263178;3,82781744;0,00000000
4,01273578;3,82781744;0,00000000
4,01283978;3,82781744;0,00000000
4,01294378;3,82781744;0,00000000
4,01304778;3,82781744;0,00000000
4,01315178;3,82781744;0,00000000
4,01325578;3,82781744;0,00000000
4,01335978;3,82781744;0,00000000
4,01346378;3,78429508;0,00000000
4,01356778;3,82781744;0,00000000
4,01367178;3,82781744;0,00000000
4,01377578;3,82781744;0,00000000
4,01387978;3,82781744;0,00000000
4,01398378;3,82781744;0,00000000
4,01408778;3,78429508;0,00000000
4,01419178;3,82781744;0,00000000
4,01429578;3,82781744;0,00000000
4,01439978;3,82781744;0,00000000
4,01450378;3,82781744;0,00000000
4,01460778;3,82781744;0,00000000
4,01471178;3,82781744;0,00000000
4,01481578;3,78429508;0,00000000
4,01491978;3,82781744;0,00000000
4,01502378;3,78429508;0,00000000
4,01512778;3,82781744;0,00000000
4,01523178;3,82781744;0,00000000
4,01533578;3,78429508;0,00000000
4,01543978;3,82781744;0,00000000
4,01554378;3,82781744;0,00000000
4,01564778;3,82781744;0,00000000
4,01575178;3,82781744;0,00000000
4,01585578;3,78429508;0,00000000
4,01595978;3,82781744;0,00000000
4,01606378;3,82781744;0,00000000
4,01616778;3,82781744;0,00000000
4,01627178;3,78429508;0,00000000
4,01637578;3,82781744;0,00000000
4,01647978;3,82781744;0,01734744
4,01658378;3,78429508;0,00000000
4,01668778;3,82781744;0,00000000
4,01679178;3,82781744;0,00000000
4,01689578;3,78429508;0,00000000
4,01699978;3,82781744;0,00000000
4,01710378;3,82781744;0,00000000
4,01720778;3,82781744;0,00000000
4,01731178;3,82781744;0,00000000
4,01741578;3,82781744;0,00000000
4,01751978;3,78429508;0,00000000
4,01762378;3,78429508;0,00000000
4,01772778;3,82781744;0,00000000
4,01783178;3,82781744;0,00000000
4,01793578;3,82781744;0,00000000
4,01803978;3,82781744;0,00000000
4,01814378;3,82781744;0,00000000
4,01824778;3,82781744;0,00000000
4,01835178;3,82781744;0,00000000
4,01845578;3,82781744;0,00000000
4,01855978;3,82781744;0,00000000
4,01866378;3,82781744;0,00000000
4,01876778;3,78429508;0,00000000
4,01887178;3,82781744;0,00000000
4,01897578;3,78429508;0,00000000
4,01907978;3,82781744;0,00000000
4,01918378;3,78429508;0,00000000
4,01928778;3,82781744;0,00000000
4,01939178;3,82781744;0,00000000
4,01949578;3,82781744;0,00000000
4,01959978;3,82781744;0,00000000
4,01970378;3,82781744;0,00000000
4,01980778;3,78429508;0,00000000
4,01991178;3,82781744;0,00000000
4,02001578;3,78429508;0,00000000
4,02011978;3,82781744;0,00000000
4,02022378;3,78429508;0,00000000
4,02032778;3,82781744;0,00000000
4,02043178;3,82781744;0,00000000
4,02053578;3,82781744;0,00000000
4,02063978;3,82781744;0,00000000
4,02074378;3,82781744;0,00000000
4,02084778;3,82781744;0,00000000
4,02095178;3,82781744;0,00000000
4,02105578;3,82781744;0,00000000
4,02115978;3,82781744;0,00000000
4,02126378;3,82781744;0,00000000
4,02136778;3,78429508;0,00000000
4,02147178;3,78429508;0,00000000
4,02157578;3,82781744;0,00000000
4,02167978;3,82781744;0,00000000
4,02178378;3,82781744;0,00000000
4,02188778;3,78429508;0,00000000
4,02199178;3,82781744;0,00000000
4,02209578;3,78429508;0,00000000
4,02219978;3,78429508;0,00000000
4,02230378;3,82781744;0,00000000
4,02240778;3,82781744;0,00000000
4,02251178;3,82781744;0,00000000
4,02261578;3,82781744;0,00000000
4,02271978;3,82781744;0,00000000
4,02282378;3,82781744;0,00000000
4,02292778;3,82781744;0,00000000
4,02303178;3,78429508;0,00000000
4,02313578;3,78429508;0,00000000
4,02323978;3,78429508;0,00000000
4,02334378;3,82781744;0,00000000
4,02344778;3,82781744;0,00000000
4,02355178;3,82781744;0,00000000
4,02365578;3,82781744;0,00000000
4,02375978;3,82781744;0,00000000
4,02386378;3,82781744;0,00000000
4,02396778;3,82781744;0,00000000
4,02407178;3,82781744;0,00000000
4,02417578;3,82781744;0,00000000
4,02427978;3,82781744;0,00000000
4,02438378;3,78429508;0,00000000
4,02448778;3,78429508;0,00000000
4,02459178;3,78429508;0,00000000
4,02469578;3,78429508;0,00000000
4,02479978;3,82781744;0,00000000
4,02490378;3,82781744;0,00000000
4,02500778;3,78429508;0,00000000
4,02511178;3,82781744;0,00000000
4,02521578;3,78429508;0,00000000
4,02531978;3,82781744;0,00000000
4,02542378;3,82781744;0,00000000
4,02552778;3,82781744;0,00000000
4,02563178;3,78429508;0,00000000
4,02573578;3,82781744;0,00000000
4,02583978;3,82781744;0,00000000
4,02594378;3,78429508;0,00000000
4,02604778;3,78429508;0,00000000
4,02615178;3,78429508;0,00000000
4,02625578;3,82781744;0,00000000
4,02635978;3,78429508;0,00000000
4,02646378;3,82781744;0,00000000
4,02656778;3,82781744;0,00000000
4,02667178;3,78429508;0,00000000
4,02677578;3,82781744;0,00000000
4,02687978;3,78429508;0,00000000
4,02698378;3,82781744;0,00000000
4,02708778;3,82781744;0,00000000
4,02719178;3,82781744;0,00000000
4,02729578;3,78429508;0,00000000
4,02739978;3,82781744;0,00000000
4,02750378;3,82781744;0,00000000
4,02760778;3,82781744;0,00000000
4,02771178;3,82781744;0,00000000
4,02781578;3,82781744;0,00000000
4,02791978;3,82781744;0,00000000
4,02802378;3,82781744;0,00000000
4,02812778;3,82781744;0,00000000
4,02823178;3,82781744;0,00000000
4,02833578;3,82781744;0,00000000
4,02843978;3,82781744;0,00000000
4,02854378;3,82781744;0,00000000
4,02864778;3,78429508;0,00000000
4,02875178;3,82781744;0,00000000
4,02885578;3,82781744;0,00000000
4,02895978;3,78429508;0,00000000
4,02906378;3,82781744;0,00000000
4,02916778;3,82781744;0,00000000
4,02927178;3,82781744;0,00000000
4,02937578;3,87133980;0,00000000
4,02947978;3,78429508;0,00000000
4,02958378;3,82781744;0,00000000
4,02968778;3,82781744;0,00000000
4,02979178;3,82781744;0,00000000
4,02989578;3,78429508;0,00000000
4,02999978;3,82781744;0,00000000
4,03010378;3,82781744;0,00000000
4,03020778;3,82781744;0,00000000
4,03031178;3,82781744;0,00000000
4,03041578;3,82781744;0,00000000
4,03051978;3,82781744;0,00000000
4,03062378;3,82781744;0,00000000
4,03072778;3,82781744;0,00000000
4,03083178;3,82781744;0,00000000
4,03093578;3,82781744;0,00000000
4,03103978;3,78429508;0,00000000
4,03114378;3,78429508;0,00000000
4,03124778;3,82781744;0,00000000
4,03135178;3,82781744;0,00000000
4,03145578;3,78429508;0,00000000
4,03155978;3,82781744;0,00000000
4,03166378;3,82781744;0,00000000
4,03176778;3,82781744;0,00000000
4,03187178;3,82781744;0,00000000
4,03197578;3,82781744;0,00000000
4,03207978;3,78429508;0,00000000
4,03218378;3,78429508;0,00000000
4,03228778;3,78429508;0,00000000
4,03239178;3,82781744;0,00000000
4,03249578;3,82781744;0,00000000
4,03259978;3,82781744;0,00000000
4,03270378;3,78429508;0,00000000
4,03280778;3,82781744;0,00000000
4,03291178;3,78429508;0,00000000
4,03301578;3,82781744;0,00000000
4,03311978;3,82781744;0,00000000
4,03322378;3,78429508;0,00000000
4,03332778;3,82781744;0,00000000
4,03343178;3,78429508;0,00000000
4,03353578;3,82781744;0,00000000
4,03363978;3,78429508;0,00000000
4,03374378;3,82781744;0,00000000
4,03384778;3,82781744;0,00000000
4,03395178;3,78429508;0,00000000
4,03405578;3,82781744;0,00000000
4,03415978;3,78429508;0,00000000
4,03426378;3,78429508;0,00000000
4,03436778;3,82781744;0,00000000
4,03447178;3,78429508;0,00000000
4,03457578;3,82781744;0,00000000
4,03467978;3,82781744;0,00000000
4,03478378;3,82781744;0,00000000
4,03488778;3,82781744;0,00000000
4,03499178;3,82781744;0,00000000
4,03509578;3,82781744;0,00000000
4,03519978;3,78429508;0,00000000
4,03530378;3,78429508;0,00000000
4,03540778;3,78429508;0,00000000
4,03551178;3,82781744;0,00000000
4,03561578;3,82781744;0,00000000
4,03571978;3,82781744;0,00000000
4,03582378;3,82781744;0,00000000
4,03592778;3,78429508;0,00000000
4,03603178;3,78429508;0,00000000
4,03613578;3,78429508;0,00000000
4,03623978;3,82781744;0,00000000
4,03634378;3,78429508;0,00000000
4,03644778;3,78429508;0,00000000
4,03655178;3,82781744;0,00000000
4,03665578;3,78429508;0,00000000
4,03675978;3,78429508;0,00000000
4,03686378;3,78429508;0,00000000
4,03696778;3,82781744;0,00000000
4,03707178;3,82781744;0,00000000
4,03717578;3,82781744;0,00000000
4,03727978;3,82781744;0,00000000
4,03738378;3,82781744;0,00000000
4,03748778;3,78429508;0,00000000
4,03759178;3,82781744;0,00000000
4,03769578;3,82781744;0,00000000
4,03779978;3,82781744;0,00000000
4,03790378;3,82781744;0,00000000
4,03800778;3,82781744;0,00000000
4,03811178;3,78429508;0,00000000
4,03821578;3,82781744;0,00000000
4,03831978;3,82781744;0,00000000
4,03842378;3,78429508;0,00000000
4,03852778;3,82781744;0,00000000
4,03863178;3,82781744;0,00000000
4,03873578;3,78429508;0,00000000
4,03883978;3,78429508;0,00000000
4,03894378;3,82781744;0,00000000
4,03904778;3,82781744;0,00000000
4,03915178;3,82781744;0,00000000
4,03925578;3,82781744;0,00000000
4,03935978;3,82781744;0,00000000
4,03946378;3,82781744;0,00000000
4,03956778;3,82781744;0,00000000
4,03967178;3,82781744;0,00000000
4,03977578;3,82781744;0,00000000
4,03987978;3,82781744;0,00000000
4,03998378;3,82781744;0,00000000
4,04008778;3,82781744;0,00000000
4,04019178;3,78429508;0,00000000
4,04029578;3,82781744;0,00000000
4,04039978;3,82781744;0,00000000
4,04050378;3,82781744;0,00000000
4,04060778;3,82781744;0,00000000
4,04071178;3,78429508;0,00000000
4,04081578;3,82781744;0,00000000
4,04091978;3,82781744;0,00000000
4,04102378;3,82781744;0,00000000
4,04112778;3,82781744;0,00000000
4,04123178;3,82781744;0,00000000
4,04133578;3,82781744;0,00000000
4,04143978;3,78429508;0,00000000
4,04154378;3,82781744;0,00000000
4,04164778;3,82781744;0,00000000
4,04175178;3,82781744;0,00000000
4,04185578;3,78429508;0,00000000
4,04195978;3,82781744;0,00000000
4,04206378;3,82781744;0,00000000
4,04216778;3,82781744;0,00000000
4,04227178;3,82781744;0,00000000
4,04237578;3,78429508;0,00000000
4,04247978;3,82781744;0,00000000
4,04258378;3,82781744;0,00000000
4,04268778;3,78429508;0,00000000
4,04279178;3,82781744;0,00000000
4,04289578;3,82781744;0,00000000
4,04299978;3,82781744;0,00000000
4,04310378;3,82781744;0,00000000
4,04320778;3,78429508;0,00000000
4,04331178;3,82781744;0,00000000
4,04341578;3,82781744;0,00000000
4,04351978;3,82781744;0,00000000
4,04362378;3,78429508;0,00000000
4,04372778;3,82781744;0,00000000
4,04383178;3,82781744;0,00000000
4,04393578;3,82781744;0,00000000
4,04403978;3,82781744;0,00000000
4,04414378;3,82781744;0,00000000
4,04424778;3,82781744;0,00000000
4,04435178;3,78429508;0,00000000
4,04445578;3,82781744;0,00000000
4,04455978;3,82781744;0,00000000
4,04466378;3,82781744;0,00000000
4,04476778;3,82781744;0,00000000
4,04487178;3,82781744;0,00000000
4,04497578;3,82781744;0,00000000
4,04507978;3,82781744;0,00000000
4,04518378;3,78429508;0,00000000
4,04528778;3,82781744;0,00000000
4,04539178;3,78429508;0,00000000
4,04549578;3,82781744;0,00000000
4,04559978;3,82781744;0,00000000
4,04570378;3,82781744;0,00000000
4,04580778;3,82781744;0,00000000
4,04591178;3,82781744;0,00000000
4,04601578;3,78429508;0,00000000
4,04611978;1,34842515;0,00000000
4,04622378;-0,04336860;0,00000000
4,04632778;0,13041338;0,00000000
4,04643178;-0,04336860;-0,01734744
4,04653578;0,00000000;0,00000000
4,04663978;0,00000000;0,00000000
4,04674378;0,00000000;0,00000000
4,04684778;0,00000000;0,00000000
4,04695178;0,00000000;0,00000000
4,04705578;0,00000000;0,00000000
4,04715978;0,00000000;0,00000000
4,04726378;0,00000000;0,00000000
4,04736778;0,00000000;0,00000000
4,04747178;0,00000000;0,00000000
4,04757578;0,00000000;0,00000000
4,04767978;0,00000000;0,00000000
4,04778378;0,00000000;0,00000000
4,04788778;0,00000000;0,00000000
4,04799178;0,00000000;0,00000000
4,04809578;0,00000000;0,00000000
4,04819978;0,00000000;0,00000000
4,04830378;0,00000000;0,00000000
4,04840778;0,00000000;-0,01734744
4,04851178;0,04336860;0,00000000
4,04861578;0,04336860;0,00000000
4,04871978;0,00000000;0,00000000
4,04882378;0,04336860;0,00000000
4,04892778;0,04336860;0,00000000
4,04903178;0,00000000;0,00000000
4,04913578;0,04336860;0,00000000
4,04923978;0,04336860;0,00000000
4,04934378;0,00000000;0,00000000
4,04944778;0,04336860;0,00000000
4,04955178;0,04336860;0,00000000
4,04965578;0,04336860;0,00000000
4,04975978;0,04336860;0,00000000
4,04986378;0,04336860;0,00000000
4,04996778;0,04336860;0,00000000
4,05007178;0,00000000;-0,01734744
4,05017578;0,04336860;0,00000000
4,05027978;0,00000000;0,00000000
4,05038378;0,00000000;0,00000000
4,05048778;0,04336860;0,00000000
4,05059178;0,00000000;0,00000000
4,05069578;0,04336860;0,00000000
4,05079978;0,00000000;0,00000000
4,05090378;0,04336860;0,00000000
4,05100778;0,04336860;0,00000000
4,05111178;0,04336860;0,00000000
4,05121578;0,04336860;0,00000000
4,05131978;0,00000000;0,00000000
4,05142378;0,04336860;0,00000000
4,05152778;0,00000000;0,00000000
4,05163178;0,04336860;0,00000000
4,05173578;0,04336860;0,00000000
4,05183978;0,00000000;0,00000000
4,05194378;0,04336860;0,00000000
4,05204778;0,04336860;0,00000000
4,05215178;0,00000000;0,00000000
4,05225578;0,00000000;0,00000000
4,05235978;0,04336860;0,00000000
4,05246378;0,04336860;0,00000000
4,05256778;0,04336860;0,00000000
4,05267178;0,04336860;0,00000000
4,05277578;0,00000000;0,00000000
4,05287978;0,00000000;0,00000000
4,05298378;0,00000000;0,00000000
4,05308778;0,00000000;-0,01734744
4,05319178;0,00000000;0,00000000
4,05329578;0,04336860;0,00000000
4,05339978;0,00000000;0,00000000
4,05350378;0,00000000;0,00000000
4,05360778;0,00000000;0,00000000
4,05371178;0,00000000;0,00000000
4,05381578;0,00000000;0,00000000
4,05391978;0,04336860;0,00000000
4,05402378;0,00000000;0,00000000
4,05412778;0,00000000;0,00000000
4,05423178;0,00000000;0,00000000
4,05433578;0,04336860;0,00000000
4,05443978;0,00000000;0,00000000
4,05454378;0,04336860;0,00000000
4,05464778;0,04336860;0,00000000
4,05475178;0,00000000;0,00000000
4,05485578;0,04336860;-0,01734744
4,05495978;0,04336860;0,00000000
4,05506378;0,00000000;0,00000000
4,05516778;0,04336860;0,00000000
4,05527178;0,04336860;0,00000000
4,05537578;0,00000000;0,00000000
4,05547978;0,00000000;0,00000000
4,05558378;0,00000000;0,00000000
4,05568778;0,00000000;0,00000000
4,05579178;0,04336860;0,00000000
4,05589578;0,04336860;0,00000000
4,05599978;0,00000000;0,00000000
4,05610378;0,00000000;0,00000000
4,05620778;0,00000000;0,00000000
4,05631178;0,00000000;0,00000000
4,05641578;0,04336860;0,00000000
4,05651978;0,00000000;0,00000000
4,05662378;0,00000000;0,00000000
4,05672778;0,00000000;0,00000000
4,05683178;0,04336860;0,00000000
4,05693578;0,04336860;0,00000000
4,05703978;0,00000000;0,00000000
4,05714378;0,00000000;0,00000000
4,05724778;0,04336860;0,00000000
4,05735178;0,00000000;0,00000000
4,05745578;0,04336860;0,00000000
4,05755978;0,00000000;0,00000000
4,05766378;0,04336860;0,00000000
4,05776778;0,00000000;-0,01734744
4,05787178;0,04336860;0,00000000
4,05797578;0,04336860;0,00000000
4,05807978;0,00000000;-0,01734744
4,05818378;0,00000000;-0,01734744
4,05828778;0,04336860;0,00000000
4,05839178;0,04336860;0,00000000
4,05849578;0,00000000;0,00000000
4,05859978;0,04336860;0,00000000
4,05870378;0,04336860;-0,01734744
4,05880778;0,00000000;0,00000000
4,05891178;0,04336860;0,00000000
4,05901578;0,04336860;0,00000000
4,05911978;0,00000000;0,00000000
4,05922378;0,00000000;0,00000000
4,05932778;0,00000000;0,00000000
4,05943178;0,00000000;0,00000000
4,05953578;0,00000000;0,00000000
4,05963978;0,00000000;0,00000000
4,05974378;0,04336860;0,00000000
4,05984778;0,00000000;0,00000000
4,05995178;0,00000000;0,00000000
4,06005578;0,04336860;0,00000000
4,06015978;0,00000000;0,00000000
4,06026378;0,00000000;0,00000000
4,06036778;0,00000000;0,00000000
4,06047178;0,04336860;0,00000000
4,06057578;0,04336860;0,00000000
4,06067978;0,00000000;0,00000000
4,06078378;0,04336860;0,00000000
4,06088778;0,00000000;0,00000000
4,06099178;0,04336860;0,00000000
4,06109578;0,00000000;0,00000000
4,06119978;0,00000000;0,00000000
4,06130378;0,00000000;0,00000000
4,06140778;0,00000000;0,00000000
4,06151178;0,00000000;0,00000000
4,06161578;0,00000000;0,00000000
4,06171978;0,00000000;-0,01734744
4,06182378;0,04336860;0,00000000
4,06192778;0,04336860;0,00000000
4,06203178;0,00000000;0,00000000
4,06213578;0,00000000;0,00000000
4,06223978;0,04336860;0,00000000
4,06234378;0,04336860;0,00000000
4,06244778;0,00000000;0,00000000
4,06255178;0,00000000;0,00000000
4,06265578;0,00000000;0,00000000
4,06275978;0,00000000;0,00000000
4,06286378;0,00000000;0,00000000
4,06296778;0,00000000;0,00000000
4,06307178;0,00000000;0,00000000
4,06317578;0,00000000;-0,01734744
4,06327978;0,04336860;0,00000000
4,06338378;0,04336860;0,00000000
4,06348778;0,00000000;0,00000000
4,06359178;0,00000000;0,00000000
4,06369578;0,04336860;0,00000000
4,06379978;0,00000000;0,00000000
4,06390378;0,04336860;0,00000000
4,06400778;0,00000000;0,00000000
4,06411178;0,04336860;0,00000000
4,06421578;0,00000000;0,00000000
4,06431978;0,00000000;0,00000000
4,06442378;0,00000000;0,00000000
4,06452778;0,04336860;0,00000000
4,06463178;0,00000000;0,00000000
4,06473578;0,00000000;0,00000000
4,06483978;0,04336860;0,00000000
4,06494378;0,00000000;0,00000000
4,06504778;0,04336860;0,00000000
4,06515178;0,00000000;0,00000000
4,06525578;0,00000000;0,00000000
4,06535978;0,04336860;0,00000000
4,06546378;0,00000000;0,00000000
4,06556778;0,04336860;0,00000000
4,06567178;0,04336860;0,00000000
4,06577578;0,04336860;0,00000000
4,06587978;0,04336860;0,00000000
4,06598378;0,04336860;0,00000000
4,06608778;0,04336860;0,00000000
4,06619178;0,04336860;0,00000000
4,06629578;0,00000000;0,00000000
4,06639978;0,04336860;0,00000000
4,06650378;0,04336860;0,00000000
4,06660778;0,04336860;0,00000000
4,06671178;0,00000000;0,00000000
4,06681578;0,04336860;0,00000000
4,06691978;0,00000000;0,00000000
4,06702378;0,04336860;0,00000000
4,06712778;0,00000000;0,00000000
4,06723178;0,00000000;0,00000000
4,06733578;0,00000000;0,00000000
4,06743978;0,00000000;0,00000000
4,06754378;0,04336860;0,00000000
4,06764778;0,04336860;0,00000000
4,06775178;0,00000000;0,00000000
4,06785578;0,00000000;0,00000000
4,06795978;0,00000000;0,00000000
4,06806378;0,00000000;0,00000000
4,06816778;0,00000000;0,00000000
4,06827178;0,04336860;0,00000000
4,06837578;0,00000000;0,00000000
4,06847978;0,00000000;0,00000000
4,06858378;0,04336860;0,00000000
4,06868778;0,04336860;0,00000000
4,06879178;0,04336860;0,00000000
4,06889578;0,04336860;0,00000000
4,06899978;0,00000000;0,00000000
4,06910378;0,00000000;0,00000000
4,06920778;0,00000000;0,00000000
4,06931178;0,00000000;0,00000000
4,06941578;0,00000000;-0,01734744
4,06951978;0,00000000;0,00000000
4,06962378;0,04336860;0,00000000
4,06972778;0,00000000;0,00000000
4,06983178;0,00000000;0,00000000
4,06993578;0,00000000;0,00000000
4,07003978;0,04336860;0,00000000
4,07014378;0,00000000;0,00000000
4,07024778;0,00000000;0,00000000
4,07035178;0,04336860;0,00000000
4,07045578;0,00000000;0,00000000
4,07055978;0,04336860;0,00000000
4,07066378;0,00000000;0,00000000
4,07076778;0,00000000;0,00000000
4,07087178;0,00000000;-0,01734744
4,07097578;0,04336860;0,00000000
4,07107978;0,00000000;0,00000000
4,07118378;0,00000000;0,00000000
4,07128778;0,00000000;0,00000000
4,07139178;0,04336860;0,00000000
4,07149578;0,00000000;0,00000000
4,07159978;0,00000000;0,00000000
4,07170378;0,04336860;0,00000000
4,07180778;0,00000000;0,00000000
4,07191178;0,00000000;0,00000000
4,07201578;0,00000000;0,00000000
4,07211978;0,00000000;0,00000000
4,07222378;0,00000000;0,00000000
4,07232778;0,04336860;0,00000000
4,07243178;0,04336860;0,00000000
4,07253578;0,04336860;0,00000000
4,07263978;0,00000000;0,00000000
4,07274378;0,00000000;0,00000000
4,07284778;0,00000000;0,00000000
4,07295178;0,00000000;0,00000000
4,07305578;0,04336860;0,00000000
4,07315978;0,04336860;-0,01734744
4,07326378;0,04336860;0,00000000
4,07336778;0,00000000;0,00000000
4,07347178;0,04336860;0,00000000
4,07357578;0,00000000;0,00000000
4,07367978;0,00000000;0,00000000
4,07378378;0,00000000;0,00000000
4,07388778;0,00000000;0,00000000
4,07399178;0,00000000;0,00000000
4,07409578;0,00000000;0,00000000
4,07419978;0,04336860;-0,01734744
4,07430378;0,00000000;0,00000000
4,07440778;0,00000000;0,00000000
4,07451178;0,00000000;0,00000000
4,07461578;0,00000000;0,00000000
4,07471978;0,04336860;0,00000000
4,07482378;0,00000000;0,00000000
4,07492778;0,04336860;0,00000000
4,07503178;0,00000000;0,00000000
4,07513578;0,00000000;0,00000000
4,07523978;0,00000000;0,00000000
4,07534378;0,00000000;0,00000000
4,07544778;0,00000000;0,00000000
4,07555178;0,00000000;0,00000000
4,07565578;0,00000000;0,00000000
4,07575978;0,00000000;0,00000000
4,07586378;0,00000000;0,00000000
4,07596778;0,04336860;0,00000000
4,07607178;0,00000000;0,00000000
4,07617578;0,00000000;0,00000000
4,07627978;0,04336860;0,00000000
4,07638378;0,00000000;0,00000000
4,07648778;0,04336860;0,00000000
4,07659178;0,00000000;0,00000000
4,07669578;0,00000000;0,00000000
4,07679978;0,04336860;0,00000000
4,07690378;0,00000000;0,00000000
4,07700778;0,00000000;0,00000000
4,07711178;0,00000000;0,00000000
4,07721578;0,00000000;0,00000000
4,07731978;0,00000000;0,00000000
4,07742378;0,00000000;0,00000000
4,07752778;0,04336860;0,00000000
4,07763178;0,00000000;0,00000000
4,07773578;0,04336860;0,00000000
4,07783978;0,04336860;-0,01734744
4,07794378;0,00000000;-0,01734744
4,07804778;0,00000000;0,00000000
4,07815178;0,00000000;0,00000000
4,07825578;0,00000000;0,00000000
4,07835978;0,00000000;0,00000000
4,07846378;0,04336860;0,00000000
4,07856778;0,04336860;0,00000000
4,07867178;0,00000000;0,00000000
4,07877578;0,00000000;0,00000000
4,07887978;0,00000000;0,00000000
4,07898378;0,00000000;0,00000000
4,07908778;0,00000000;0,00000000
4,07919178;0,00000000;0,00000000
4,07929578;0,00000000;0,00000000
4,07939978;0,00000000;0,00000000
4,07950378;0,04336860;0,00000000
4,07960778;0,00000000;0,00000000
4,07971178;0,00000000;0,00000000
4,07981578;0,00000000;0,00000000
4,07991978;0,04336860;0,00000000
4,08002378;0,04336860;0,00000000
4,08012778;0,04336860;0,00000000
4,08023178;0,04336860;0,00000000
4,08033578;0,04336860;0,00000000
4,08043978;0,00000000;0,00000000
4,08054378;0,00000000;0,00000000
4,08064778;0,00000000;0,00000000
4,08075178;0,00000000;0,00000000
4,08085578;0,04336860;0,00000000
4,08095978;0,04336860;0,00000000
4,08106378;0,04336860;0,00000000
4,08116778;0,04336860;0,00000000
4,08127178;0,00000000;0,00000000
4,08137578;0,00000000;0,00000000
4,08147978;0,04336860;0,00000000
4,08158378;0,00000000;0,00000000
4,08168778;0,04336860;-0,01734744
4,08179178;0,04336860;0,00000000
4,08189578;0,00000000;-0,01734744
4,08199978;0,00000000;0,00000000
4,08210378;0,00000000;0,00000000
4,08220778;0,04336860;0,00000000
4,08231178;0,04336860;0,00000000
4,08241578;0,00000000;0,00000000
4,08251978;0,00000000;0,00000000
4,08262378;0,00000000;0,00000000
4,08272778;0,00000000;0,00000000
4,08283178;0,04336860;0,00000000
4,08293578;0,00000000;0,00000000
4,08303978;0,00000000;0,00000000
4,08314378;0,04336860;0,00000000
4,08324778;0,00000000;-0,01734744
4,08335178;0,04336860;0,00000000
4,08345578;0,00000000;0,00000000
4,08355978;0,00000000;0,00000000
4,08366378;0,00000000;0,00000000
4,08376778;0,00000000;0,00000000
4,08387178;0,00000000;0,00000000
4,08397578;0,00000000;0,00000000
4,08407978;0,00000000;0,00000000
4,08418378;0,04336860;0,00000000
4,08428778;0,00000000;0,00000000
4,08439178;0,00000000;0,00000000
4,08449578;0,04336860;0,00000000
4,08459978;0,00000000;0,00000000
4,08470378;0,04336860;0,00000000
4,08480778;0,04336860;0,00000000
4,08491178;0,04336860;0,00000000
4,08501578;0,00000000;0,00000000
4,08511978;0,00000000;0,00000000
4,08522378;0,00000000;0,00000000
4,08532778;0,00000000;0,00000000
4,08543178;0,00000000;0,00000000
4,08553578;0,04336860;0,00000000
4,08563978;0,00000000;0,00000000
4,08574378;0,00000000;0,00000000
4,08584778;0,00000000;0,00000000
4,08595178;0,00000000;0,00000000
4,08605578;0,04336860;0,00000000
4,08615978;0,00000000;0,00000000
4,08626378;0,00000000;0,00000000
4,08636778;0,04336860;0,00000000
4,08647178;0,00000000;0,00000000
4,08657578;0,00000000;0,00000000
4,08667978;0,04336860;0,00000000
4,08678378;0,04336860;0,00000000
4,08688778;0,00000000;0,00000000
4,08699178;0,00000000;0,00000000
4,08709578;0,00000000;0,00000000
4,08719978;0,04336860;0,00000000
4,08730378;0,04336860;0,00000000
4,08740778;0,00000000;0,00000000
4,08751178;0,00000000;0,00000000
4,08761578;0,00000000;0,00000000
4,08771978;0,00000000;0,00000000
4,08782378;0,04336860;0,00000000
4,08792778;0,00000000;0,00000000
4,08803178;0,00000000;0,00000000
4,08813578;0,00000000;0,00000000
4,08823978;0,00000000;0,00000000
4,08834378;0,00000000;0,00000000
4,08844778;0,00000000;0,00000000
4,08855178;0,04336860;0,00000000
4,08865578;0,00000000;0,00000000
4,08875978;0,00000000;0,00000000
4,08886378;0,00000000;0,00000000
4,08896778;0,00000000;0,00000000
4,08907178;0,00000000;0,00000000
4,08917578;0,04336860;0,00000000
4,08927978;0,00000000;0,00000000
4,08938378;0,00000000;0,00000000
4,08948778;0,00000000;0,00000000
4,08959178;0,04336860;0,00000000
4,08969578;0,00000000;0,00000000
4,08979978;0,00000000;0,00000000
4,08990378;0,00000000;0,00000000
4,09000778;0,00000000;0,00000000
4,09011178;0,00000000;0,00000000
4,09021578;0,00000000;0,00000000
4,09031978;0,00000000;0,00000000
4,09042378;0,04336860;0,00000000
4,09052778;0,00000000;0,00000000
4,09063178;0,00000000;0,00000000
4,09073578;0,00000000;0,00000000
4,09083978;0,00000000;0,00000000
4,09094378;0,00000000;0,00000000
4,09104778;0,00000000;0,00000000
4,09115178;0,00000000;0,00000000
4,09125578;0,00000000;0,00000000
4,09135978;0,00000000;0,00000000
4,09146378;0,00000000;0,00000000
4,09156778;0,04336860;0,00000000
4,09167178;0,00000000;0,00000000
4,09177578;0,04336860;0,00000000
4,09187978;0,00000000;0,00000000
4,09198378;0,04336860;0,00000000
4,09208778;0,04336860;0,00000000
4,09219178;0,00000000;0,00000000
4,09229578;0,00000000;0,00000000
4,09239978;0,00000000;0,00000000
4,09250378;0,00000000;0,00000000
4,09260778;0,00000000;0,00000000
4,09271178;0,00000000;0,00000000
4,09281578;0,00000000;0,00000000
4,09291978;0,00000000;0,00000000
4,09302378;0,04336860;-0,01734744
4,09312778;0,00000000;0,00000000
4,09323178;0,04336860;0,00000000
4,09333578;0,04336860;-0,01734744
4,09343978;0,00000000;0,00000000
4,09354378;0,00000000;0,00000000
4,09364778;0,00000000;0,00000000
4,09375178;0,00000000;0,00000000
4,09385578;0,04336860;0,00000000
4,09395978;0,00000000;0,00000000
4,09406378;0,00000000;0,00000000
4,09416778;0,04336860;0,00000000
4,09427178;0,04336860;0,00000000
4,09437578;0,00000000;0,00000000
4,09447978;0,00000000;0,00000000
4,09458378;0,04336860;0,00000000
4,09468778;0,00000000;0,00000000
4,09479178;0,00000000;0,00000000
4,09489578;0,00000000;0,00000000
4,09499978;0,00000000;0,00000000
4,09510378;0,00000000;0,00000000
4,09520778;0,00000000;0,00000000
4,09531178;0,04336860;0,00000000
4,09541578;0,00000000;0,00000000
4,09551978;0,00000000;0,00000000
4,09562378;0,04336860;0,00000000
4,09572778;0,04336860;0,00000000
4,09583178;0,04336860;0,00000000
4,09593578;0,04336860;0,00000000
4,09603978;0,04336860;0,00000000
4,09614378;0,00000000;0,00000000
4,09624778;0,00000000;0,00000000
4,09635178;0,00000000;0,00000000
4,09645578;0,04336860;0,00000000
4,09655978;0,00000000;-0,01734744
4,09666378;0,00000000;0,00000000
4,09676778;0,04336860;0,00000000
4,09687178;0,00000000;0,00000000
4,09697578;0,00000000;0,00000000
4,09707978;0,00000000;0,00000000
4,09718378;0,00000000;0,00000000
4,09728778;0,00000000;0,00000000
4,09739178;0,00000000;0,00000000
4,09749578;0,04336860;0,00000000
4,09759978;0,04336860;0,00000000
4,09770378;0,00000000;0,00000000
4,09780778;0,04336860;0,00000000
4,09791178;0,00000000;-0,01734744
4,09801578;0,00000000;0,00000000
4,09811978;0,04336860;0,00000000
4,09822378;0,00000000;0,00000000
4,09832778;0,00000000;0,00000000
4,09843178;0,00000000;0,00000000
4,09853578;0,04336860;0,00000000
4,09863978;0,00000000;0,00000000
4,09874378;0,00000000;0,00000000
4,09884778;0,00000000;0,00000000
4,09895178;0,00000000;0,00000000
4,09905578;0,00000000;0,00000000
4,09915978;0,04336860;0,00000000
4,09926378;0,00000000;0,00000000
4,09936778;0,00000000;0,00000000
4,09947178;0,04336860;0,00000000
4,09957578;0,00000000;-0,01734744
4,09967978;0,00000000;0,00000000
4,09978378;0,00000000;0,00000000
4,09988778;0,00000000;0,00000000
4,09999178;0,00000000;0,00000000
4,10009578;0,00000000;0,00000000
4,10019978;0,04336860;0,00000000
4,10030378;0,00000000;0,00000000
4,10040778;0,00000000;0,00000000
4,10051178;0,04336860;0,00000000
4,10061578;0,00000000;0,00000000
4,10071978;0,00000000;0,00000000
4,10082378;0,00000000;0,00000000
4,10092778;0,00000000;0,00000000
4,10103178;0,00000000;0,00000000
4,10113578;0,00000000;0,00000000
4,10123978;0,00000000;0,00000000
4,10134378;0,00000000;0,00000000
4,10144778;0,04336860;0,00000000
4,10155178;0,04336860;0,00000000
4,10165578;0,00000000;0,00000000
4,10175978;0,00000000;0,00000000
4,10186378;0,00000000;0,00000000
4,10196778;0,00000000;0,00000000
4,10207178;0,00000000;0,00000000
4,10217578;0,04336860;0,00000000
4,10227978;0,00000000;0,00000000
4,10238378;0,04336860;0,00000000
4,10248778;0,00000000;0,00000000
4,10259178;0,04336860;0,00000000
4,10269578;0,04336860;0,00000000
4,10279978;0,04336860;0,00000000
4,10290378;0,04336860;0,00000000
4,10300778;0,00000000;0,00000000
4,10311178;0,00000000;0,00000000
4,10321578;0,00000000;0,00000000
4,10331978;0,00000000;0,00000000
4,10342378;0,04336860;0,00000000
4,10352778;0,00000000;0,00000000
4,10363178;0,00000000;0,00000000
4,10373578;0,00000000;0,00000000
4,10383978;0,00000000;0,00000000
4,10394378;0,00000000;0,00000000
4,10404778;0,00000000;0,00000000
4,10415178;0,00000000;-0,01734744
4,10425578;0,04336860;0,00000000
4,10435978;0,00000000;0,00000000
4,10446378;0,04336860;0,00000000
4,10456778;0,04336860;0,00000000
4,10467178;0,04336860;0,00000000
4,10477578;0,04336860;0,00000000
4,10487978;0,00000000;0,00000000
4,10498378;0,04336860;0,00000000
4,10508778;0,00000000;0,00000000
4,10519178;0,04336860;0,00000000
4,10529578;0,00000000;0,00000000
4,10539978;0,04336860;0,00000000
4,10550378;0,00000000;0,00000000
4,10560778;0,00000000;0,00000000
4,10571178;0,04336860;0,00000000
4,10581578;0,04336860;0,00000000
4,10591978;0,00000000;0,00000000
4,10602378;0,00000000;0,00000000
4,10612778;0,00000000;0,00000000
4,10623178;0,04336860;0,00000000
4,10633578;0,04336860;0,00000000
4,10643978;0,00000000;-0,01734744
4,10654378;0,04336860;0,00000000
4,10664778;0,00000000;0,00000000
4,10675178;0,00000000;0,00000000
4,10685578;0,04336860;0,00000000
4,10695978;0,00000000;0,00000000
4,10706378;0,04336860;0,00000000
4,10716778;0,04336860;0,00000000
4,10727178;0,00000000;0,00000000
4,10737578;0,00000000;0,00000000
4,10747978;0,04336860;0,00000000
4,10758378;0,00000000;0,00000000
4,10768778;0,04336860;0,00000000
4,10779178;0,00000000;0,00000000
4,10789578;0,00000000;0,00000000
4,10799978;0,04336860;0,00000000
4,10810378;0,00000000;0,00000000
4,10820778;0,00000000;0,00000000
4,10831178;0,04336860;0,00000000
4,10841578;0,00000000;0,00000000
4,10851978;0,00000000;-0,01734744
4,10862378;0,00000000;0,00000000
4,10872778;0,00000000;0,00000000
4,10883178;0,00000000;0,00000000
4,10893578;0,00000000;0,00000000
4,10903978;0,00000000;0,00000000
4,10914378;0,04336860;0,00000000
4,10924778;0,04336860;0,00000000
4,10935178;0,00000000;0,00000000
4,10945578;0,00000000;0,00000000
4,10955978;0,00000000;0,00000000
4,10966378;0,04336860;0,00000000
4,10976778;0,00000000;0,00000000
4,10987178;0,00000000;0,00000000
4,10997578;0,04336860;0,00000000
4,11007978;0,00000000;0,00000000
4,11018378;0,04336860;0,00000000
4,11028778;0,00000000;0,00000000
4,11039178;0,00000000;0,00000000
4,11049578;0,04336860;0,00000000
4,11059978;0,04336860;0,00000000
4,11070378;0,00000000;0,00000000
4,11080778;0,00000000;0,00000000
4,11091178;0,04336860;0,00000000
4,11101578;0,00000000;0,00000000
4,11111978;0,04336860;0,00000000
4,11122378;0,00000000;0,00000000
4,11132778;0,00000000;0,00000000
4,11143178;0,00000000;0,00000000
4,11153578;0,00000000;0,00000000
4,11163978;0,00000000;0,00000000
4,11174378;0,00000000;0,00000000
4,11184778;0,00000000;0,00000000
4,11195178;0,00000000;0,00000000
4,11205578;0,00000000;0,00000000
4,11215978;0,00000000;0,00000000
4,11226378;0,04336860;0,00000000
4,11236778;0,04336860;0,00000000
4,11247178;0,00000000;0,00000000
4,11257578;0,00000000;0,00000000
4,11267978;0,04336860;0,00000000
4,11278378;0,00000000;0,00000000
4,11288778;0,00000000;0,00000000
4,11299178;0,00000000;0,00000000
4,11309578;0,00000000;0,00000000
4,11319978;0,00000000;0,00000000
4,11330378;0,00000000;0,00000000
4,11340778;0,00000000;0,00000000
4,11351178;0,04336860;0,00000000
4,11361578;0,00000000;0,00000000
4,11371978;0,04336860;0,00000000
4,11382378;0,00000000;0,00000000
4,11392778;0,04336860;0,00000000
4,11403178;0,00000000;0,00000000
4,11413578;0,00000000;0,00000000
4,11423978;0,04336860;0,00000000
4,11434378;0,00000000;0,00000000
4,11444778;0,04336860;0,00000000
4,11455178;0,04336860;0,00000000
4,11465578;0,04336860;0,00000000
4,11475978;0,00000000;0,00000000
4,11486378;0,00000000;0,00000000
4,11496778;0,00000000;0,00000000
4,11507178;0,00000000;0,00000000
4,11517578;0,04336860;0,00000000
4,11527978;0,00000000;0,00000000
4,11538378;0,00000000;0,00000000
4,11548778;0,00000000;0,00000000
4,11559178;0,04336860;0,00000000
4,11569578;0,04336860;0,00000000
4,11579978;0,00000000;0,00000000
4,11590378;0,04336860;0,00000000
4,11600778;0,00000000;0,00000000
4,11611178;0,00000000;0,00000000
4,11621578;0,00000000;0,00000000
4,11631978;0,00000000;0,00000000
4,11642378;0,00000000;0,00000000
4,11652778;0,00000000;0,00000000
4,11663178;0,04336860;0,00000000
4,11673578;0,00000000;0,00000000
4,11683978;0,00000000;0,00000000
4,11694378;0,00000000;0,00000000
4,11704778;0,00000000;0,00000000
4,11715178;0,00000000;0,00000000
4,11725578;0,04336860;0,00000000
4,11735978;0,00000000;0,00000000
4,11746378;0,04336860;0,00000000
4,11756778;0,00000000;0,00000000
4,11767178;0,00000000;0,00000000
4,11777578;0,04336860;0,00000000
4,11787978;0,04336860;0,00000000
4,11798378;0,04336860;0,00000000
4,11808778;0,04336860;0,00000000
4,11819178;0,00000000;0,00000000
4,11829578;0,04336860;0,00000000
4,11839978;0,04336860;0,00000000
4,11850378;0,00000000;0,00000000
4,11860778;0,04336860;0,00000000
4,11871178;0,04336860;0,00000000
4,11881578;0,04336860;0,00000000
4,11891978;0,04336860;0,00000000
4,11902378;0,04336860;0,00000000
4,11912778;0,00000000;0,00000000
4,11923178;0,04336860;0,00000000
4,11933578;0,00000000;-0,01734744
4,11943978;0,00000000;0,00000000
4,11954378;0,00000000;0,00000000
4,11964778;0,04336860;0,00000000
4,11975178;0,00000000;0,00000000
4,11985578;0,04336860;0,00000000
4,11995978;0,00000000;0,00000000
4,12006378;0,04336860;0,00000000
4,12016778;0,00000000;0,00000000
4,12027178;0,00000000;0,00000000
4,12037578;0,04336860;0,00000000
4,12047978;0,00000000;0,00000000
4,12058378;0,04336860;0,00000000
4,12068778;0,00000000;0,00000000
4,12079178;0,00000000;0,00000000
4,12089578;0,04336860;0,00000000
4,12099978;0,00000000;0,00000000
4,12110378;0,00000000;0,00000000
4,12120778;0,00000000;0,00000000
4,12131178;0,00000000;0,00000000
4,12141578;0,00000000;0,00000000
4,12151978;0,00000000;0,00000000
4,12162378;0,00000000;0,00000000
4,12172778;0,00000000;0,00000000
4,12183178;0,00000000;0,00000000
4,12193578;0,04336860;0,00000000
4,12203978;0,00000000;0,00000000
4,12214378;0,00000000;-0,01734744
4,12224778;0,00000000;0,00000000
4,12235178;0,00000000;-0,01734744
4,12245578;0,00000000;0,00000000
4,12255978;0,00000000;0,00000000
4,12266378;0,00000000;0,00000000
4,12276778;0,00000000;0,00000000
4,12287178;0,00000000;0,00000000
4,12297578;0,00000000;0,00000000
4,12307978;0,00000000;0,00000000
4,12318378;0,00000000;0,00000000
4,12328778;0,00000000;0,00000000
4,12339178;0,04336860;0,00000000
4,12349578;0,00000000;0,00000000
4,12359978;0,00000000;0,00000000
4,12370378;0,00000000;0,00000000
4,12380778;0,00000000;0,00000000
4,12391178;0,04336860;0,00000000
4,12401578;0,00000000;0,00000000
4,12411978;0,00000000;0,00000000
4,12422378;0,00000000;0,00000000
4,12432778;0,00000000;0,00000000
4,12443178;0,00000000;0,00000000
4,12453578;0,04336860;0,00000000
4,12463978;0,00000000;0,00000000
4,12474378;0,00000000;0,00000000
4,12484778;0,00000000;0,00000000
4,12495178;0,00000000;0,00000000
4,12505578;0,00000000;0,00000000
4,12515978;0,04336860;0,00000000
4,12526378;0,00000000;0,00000000
4,12536778;0,04336860;0,00000000
4,12547178;0,00000000;0,00000000
4,12557578;0,00000000;0,00000000
4,12567978;0,00000000;0,00000000
4,12578378;0,00000000;0,00000000
4,12588778;0,04336860;0,00000000
4,12599178;0,04336860;0,00000000
4,12609578;0,00000000;0,00000000
4,12619978;0,00000000;0,00000000
4,12630378;0,00000000;0,00000000
4,12640778;0,00000000;0,00000000
4,12651178;0,00000000;0,00000000
4,12661578;0,00000000;0,00000000
4,12671978;0,00000000;0,00000000
4,12682378;0,00000000;0,00000000
4,12692778;0,00000000;0,00000000
4,12703178;0,04336860;0,00000000
4,12713578;0,04336860;0,00000000
4,12723978;0,00000000;0,00000000
4,12734378;0,00000000;0,00000000
4,12744778;0,04336860;0,00000000
4,12755178;0,00000000;0,00000000
4,12765578;0,00000000;0,00000000
4,12775978;0,00000000;0,00000000
4,12786378;0,04336860;0,00000000
4,12796778;0,00000000;0,00000000
4,12807178;0,00000000;0,00000000
4,12817578;0,00000000;0,00000000
4,12827978;0,00000000;0,00000000
4,12838378;0,00000000;0,00000000
4,12848778;0,04336860;-0,01734744
4,12859178;0,00000000;0,00000000
4,12869578;0,00000000;0,00000000
4,12879978;0,00000000;0,00000000
4,12890378;0,00000000;0,00000000
4,12900778;0,00000000;0,00000000
4,12911178;0,04336860;0,00000000
4,12921578;0,00000000;0,00000000
4,12931978;0,00000000;0,00000000
4,12942378;0,00000000;0,00000000
4,12952778;0,04336860;0,00000000
4,12963178;0,00000000;0,00000000
4,12973578;0,00000000;0,00000000
4,12983978;0,00000000;0,00000000
4,12994378;0,00000000;0,00000000
4,13004778;0,00000000;0,00000000
4,13015178;0,00000000;0,00000000
4,13025578;0,00000000;0,00000000
4,13035978;0,00000000;0,00000000
4,13046378;0,00000000;-0,01734744
4,13056778;0,00000000;0,00000000
4,13067178;0,00000000;0,00000000
4,13077578;0,04336860;0,00000000
4,13087978;0,04336860;0,00000000
4,13098378;0,00000000;0,00000000
4,13108778;0,00000000;0,00000000
4,13119178;0,04336860;0,00000000
4,13129578;0,04336860;0,00000000
4,13139978;0,04336860;0,00000000
4,13150378;0,00000000;0,00000000
4,13160778;0,00000000;0,00000000
4,13171178;0,00000000;0,00000000
4,13181578;0,00000000;0,00000000
4,13191978;0,04336860;0,00000000
4,13202378;0,00000000;0,00000000
4,13212778;0,00000000;0,00000000
4,13223178;0,04336860;0,00000000
4,13233578;0,04336860;0,00000000
4,13243978;0,00000000;0,00000000
4,13254378;0,04336860;0,00000000
4,13264778;0,00000000;0,00000000
4,13275178;0,00000000;0,00000000
4,13285578;0,00000000;0,00000000
4,13295978;0,04336860;0,00000000
4,13306378;0,04336860;0,00000000
4,13316778;0,04336860;0,00000000
4,13327178;0,04336860;0,00000000
4,13337578;0,00000000;0,00000000
4,13347978;0,04336860;0,00000000
4,13358378;0,00000000;0,00000000
4,13368778;0,00000000;0,00000000
4,13379178;0,00000000;0,00000000
4,13389578;0,00000000;0,00000000
4,13399978;0,00000000;0,00000000
4,13410378;0,00000000;0,00000000
4,13420778;0,04336860;0,00000000
4,13431178;0,04336860;0,00000000
4,13441578;0,00000000;0,00000000
4,13451978;0,00000000;0,00000000
4,13462378;0,00000000;0,00000000
4,13472778;0,04336860;0,00000000
4,13483178;0,00000000;0,00000000
4,13493578;0,00000000;0,00000000
4,13503978;0,00000000;0,00000000
4,13514378;0,00000000;-0,01734744
4,13524778;0,00000000;0,00000000
4,13535178;0,00000000;0,00000000
4,13545578;0,00000000;0,00000000
4,13555978;0,00000000;0,00000000
4,13566378;0,00000000;0,00000000
4,13576778;0,00000000;-0,01734744
4,13587178;0,04336860;0,00000000
4,13597578;0,00000000;0,00000000
4,13607978;0,00000000;0,00000000
4,13618378;0,00000000;0,00000000
4,13628778;0,00000000;0,00000000
4,13639178;0,00000000;0,00000000
4,13649578;0,00000000;0,00000000
4,13659978;0,00000000;0,00000000
4,13670378;0,00000000;0,00000000
4,13680778;0,00000000;0,00000000
4,13691178;0,00000000;0,00000000
4,13701578;0,00000000;0,00000000
4,13711978;0,00000000;0,00000000
4,13722378;0,00000000;0,00000000
4,13732778;0,00000000;0,00000000
4,13743178;0,00000000;0,00000000
4,13753578;0,00000000;0,00000000
4,13763978;0,00000000;0,00000000
4,13774378;0,00000000;0,00000000
4,13784778;0,00000000;0,00000000
4,13795178;0,00000000;0,00000000
4,13805578;0,00000000;0,00000000
4,13815978;0,00000000;0,00000000
4,13826378;0,00000000;0,00000000
4,13836778;0,00000000;0,00000000
4,13847178;0,00000000;0,00000000
4,13857578;0,00000000;0,00000000
4,13867978;0,00000000;-0,01734744
4,13878378;0,04336860;0,00000000
4,13888778;0,00000000;0,00000000
4,13899178;0,00000000;0,00000000
4,13909578;0,04336860;0,00000000
4,13919978;0,00000000;0,00000000
4,13930378;0,04336860;0,00000000
4,13940778;0,04336860;0,00000000
4,13951178;0,04336860;0,00000000
4,13961578;0,04336860;0,00000000
4,13971978;0,04336860;0,00000000
4,13982378;0,00000000;-0,01734744
4,13992778;0,00000000;0,00000000
4,14003178;0,00000000;0,00000000
4,14013578;0,00000000;0,00000000
4,14023978;0,04336860;0,00000000
4,14034378;0,00000000;0,00000000
4,14044778;0,00000000;0,00000000
4,14055178;0,00000000;0,00000000
4,14065578;0,00000000;0,00000000
4,14075978;0,04336860;0,00000000
4,14086378;0,00000000;0,00000000
4,14096778;0,00000000;0,00000000
4,14107178;0,00000000;0,00000000
4,14117578;0,00000000;0,00000000
4,14127978;0,04336860;0,00000000
4,14138378;0,00000000;0,00000000
4,14148778;0,00000000;0,00000000
4,14159178;0,04336860;0,00000000
4,14169578;0,00000000;0,00000000
4,14179978;0,00000000;0,00000000
4,14190378;0,04336860;0,00000000
4,14200778;0,00000000;0,00000000
4,14211178;0,04336860;0,00000000
4,14221578;0,00000000;0,00000000
4,14231978;0,00000000;0,00000000
4,14242378;0,04336860;0,00000000
4,14252778;0,04336860;0,00000000
4,14263178;0,00000000;0,00000000
4,14273578;0,04336860;0,00000000
4,14283978;0,00000000;0,00000000
4,14294378;0,04336860;0,00000000
4,14304778;0,00000000;0,00000000
4,14315178;0,00000000;0,00000000
4,14325578;0,04336860;0,00000000
4,14335978;0,00000000;0,00000000
4,14346378;0,00000000;0,00000000
4,14356778;0,00000000;0,00000000
4,14367178;0,00000000;0,00000000
4,14377578;0,04336860;0,00000000
4,14387978;0,00000000;0,00000000
4,14398378;0,04336860;0,00000000
4,14408778;0,00000000;0,00000000
4,14419178;0,00000000;0,00000000
4,14429578;0,00000000;0,00000000
4,14439978;0,00000000;0,00000000
4,14450378;0,00000000;0,00000000
4,14460778;0,00000000;0,00000000
4,14471178;0,00000000;0,00000000
4,14481578;0,04336860;0,00000000
4,14491978;0,00000000;0,00000000
4,14502378;0,04336860;0,00000000
4,14512778;0,00000000;0,00000000
4,14523178;0,00000000;0,00000000
4,14533578;0,00000000;0,00000000
4,14543978;0,00000000;0,00000000
4,14554378;0,00000000;0,00000000
4,14564778;0,04336860;0,00000000
4,14575178;0,00000000;0,00000000
4,14585578;0,00000000;0,00000000
4,14595978;0,00000000;0,00000000
4,14606378;0,00000000;0,00000000
4,14616778;0,00000000;0,00000000
4,14627178;0,04336860;0,00000000
4,14637578;0,00000000;0,00000000
4,14647978;0,00000000;0,00000000
4,14658378;0,04336860;0,00000000
4,14668778;0,04336860;0,00000000
4,14679178;0,04336860;0,00000000
4,14689578;0,00000000;0,00000000
4,14699978;0,00000000;0,00000000
4,14710378;0,00000000;0,00000000
4,14720778;0,00000000;0,00000000
4,14731178;0,00000000;0,00000000
4,14741578;0,00000000;0,00000000
4,14751978;0,00000000;0,00000000
4,14762378;0,00000000;0,00000000
4,14772778;0,00000000;0,00000000
4,14783178;0,04336860;0,00000000
4,14793578;0,00000000;0,00000000
4,14803978;0,00000000;0,00000000
4,14814378;0,04336860;0,00000000
4,14824778;0,00000000;0,00000000
4,14835178;0,04336860;0,00000000
4,14845578;0,00000000;0,00000000
4,14855978;0,00000000;0,00000000
4,14866378;0,00000000;0,00000000
4,14876778;0,00000000;0,00000000
4,14887178;0,00000000;0,00000000
4,14897578;0,00000000;0,00000000
4,14907978;0,00000000;0,00000000
4,14918378;0,04336860;0,00000000
4,14928778;0,00000000;0,00000000
4,14939178;0,04336860;0,00000000
4,14949578;0,00000000;0,00000000
4,14959978;0,00000000;0,00000000
4,14970378;0,00000000;0,00000000
4,14980778;0,00000000;0,00000000
4,14991178;0,00000000;0,00000000
4,15001578;0,04336860;0,00000000
4,15011978;0,04336860;0,00000000
4,15022378;0,00000000;0,00000000
4,15032778;0,00000000;0,00000000
4,15043178;0,04336860;0,00000000
4,15053578;0,00000000;0,00000000
4,15063978;0,00000000;0,00000000
4,15074378;0,00000000;0,00000000
4,15084778;0,04336860;0,00000000
4,15095178;0,04336860;-0,01734744
4,15105578;0,00000000;0,00000000
4,15115978;0,00000000;0,00000000
4,15126378;0,04336860;0,00000000
4,15136778;0,00000000;-0,01734744
4,15147178;0,00000000;0,00000000
4,15157578;0,00000000;0,00000000
4,15167978;0,00000000;0,00000000
4,15178378;0,00000000;0,00000000
4,15188778;0,00000000;0,00000000
4,15199178;0,00000000;0,00000000
4,15209578;0,04336860;0,00000000
4,15219978;0,00000000;0,00000000
4,15230378;0,04336860;0,00000000
4,15240778;0,04336860;0,00000000
4,15251178;0,04336860;0,00000000
4,15261578;0,00000000;0,00000000
4,15271978;0,00000000;0,00000000
4,15282378;0,00000000;0,00000000
4,15292778;0,00000000;0,00000000
4,15303178;0,00000000;0,00000000
4,15313578;0,00000000;0,00000000
4,15323978;0,00000000;0,00000000
4,15334378;0,04336860;0,00000000
4,15344778;0,00000000;0,00000000
4,15355178;0,00000000;0,00000000
4,15365578;0,00000000;0,00000000
4,15375978;0,00000000;0,00000000
4,15386378;0,04336860;0,00000000
4,15396778;0,00000000;0,00000000
4,15407178;0,00000000;0,00000000
4,15417578;0,04336860;0,00000000
4,15427978;0,00000000;0,00000000
4,15438378;0,04336860;-0,01734744
4,15448778;0,04336860;0,00000000
4,15459178;0,00000000;0,00000000
4,15469578;0,00000000;0,00000000
4,15479978;0,00000000;0,00000000
4,15490378;0,00000000;0,00000000
4,15500778;0,04336860;0,00000000
4,15511178;0,04336860;0,00000000
4,15521578;0,00000000;0,00000000
4,15531978;0,00000000;0,00000000
4,15542378;0,00000000;-0,01734744
4,15552778;0,00000000;0,00000000
4,15563178;0,00000000;0,00000000
4,15573578;0,00000000;0,00000000
4,15583978;0,00000000;0,00000000
4,15594378;0,00000000;0,00000000
4,15604778;0,04336860;0,00000000
4,15615178;0,00000000;0,00000000
4,15625578;0,04336860;0,00000000
4,15635978;0,00000000;0,00000000
4,15646378;0,00000000;0,00000000
4,15656778;0,00000000;0,00000000
4,15667178;0,00000000;0,00000000
4,15677578;0,00000000;0,00000000
4,15687978;0,00000000;0,00000000
4,15698378;0,04336860;0,00000000
4,15708778;0,00000000;0,00000000
4,15719178;0,00000000;0,00000000
4,15729578;0,00000000;0,00000000
4,15739978;0,00000000;0,00000000
4,15750378;0,04336860;0,00000000
4,15760778;0,00000000;0,00000000
4,15771178;0,04336860;0,00000000
4,15781578;0,04336860;0,00000000
4,15791978;0,00000000;0,00000000
4,15802378;0,00000000;0,00000000
4,15812778;0,00000000;0,00000000
4,15823178;0,00000000;0,00000000
4,15833578;0,00000000;0,00000000
4,15843978;0,00000000;0,00000000
4,15854378;0,00000000;0,00000000
4,15864778;0,00000000;0,00000000
4,15875178;0,00000000;0,00000000
4,15885578;0,04336860;0,00000000
4,15895978;0,00000000;0,00000000
4,15906378;0,00000000;0,00000000
4,15916778;0,00000000;0,00000000
4,15927178;0,04336860;0,00000000
4,15937578;0,00000000;0,00000000
4,15947978;0,04336860;0,00000000
4,15958378;0,00000000;0,00000000
4,15968778;0,04336860;0,00000000
4,15979178;0,04336860;0,00000000
4,15989578;0,04336860;0,00000000
4,15999978;0,04336860;0,00000000
4,16010378;0,04336860;0,00000000
4,16020778;0,04336860;0,00000000
4,16031178;0,00000000;0,00000000
4,16041578;0,04336860;0,00000000
4,16051978;0,00000000;0,00000000
4,16062378;0,00000000;0,00000000
4,16072778;0,00000000;0,00000000
4,16083178;0,00000000;0,00000000
4,16093578;0,00000000;0,00000000
4,16103978;0,00000000;0,00000000
4,16114378;0,00000000;0,00000000
4,16124778;0,00000000;0,00000000
4,16135178;0,00000000;0,00000000
4,16145578;0,00000000;0,00000000
4,16155978;0,00000000;0,00000000
4,16166378;0,00000000;0,00000000
4,16176778;0,00000000;0,00000000
4,16187178;0,04336860;0,00000000
4,16197578;0,00000000;0,00000000
4,16207978;0,00000000;0,00000000
4,16218378;0,00000000;0,00000000
4,16228778;0,04336860;0,00000000
4,16239178;0,00000000;0,00000000
4,16249578;0,00000000;0,00000000
4,16259978;0,00000000;-0,01734744
4,16270378;0,00000000;0,00000000
4,16280778;0,04336860;0,00000000
4,16291178;0,00000000;0,00000000
4,16301578;0,00000000;0,00000000
4,16311978;0,04336860;0,00000000
4,16322378;0,00000000;0,00000000
4,16332778;0,00000000;0,00000000
4,16343178;0,00000000;0,00000000
4,16353578;0,00000000;0,00000000
4,16363978;0,00000000;0,00000000
4,16374378;0,04336860;0,00000000
4,16384778;0,00000000;0,00000000
4,16395178;0,00000000;0,00000000
4,16405578;0,04336860;0,00000000
4,16415978;0,00000000;0,00000000
4,16426378;0,04336860;0,00000000
4,16436778;0,00000000;0,00000000
4,16447178;0,00000000;0,00000000
4,16457578;0,00000000;0,00000000
4,16467978;0,00000000;0,00000000
4,16478378;0,00000000;0,00000000
4,16488778;0,00000000;0,00000000
4,16499178;0,00000000;0,00000000
4,16509578;0,04336860;0,00000000
4,16519978;0,04336860;0,00000000
4,16530378;0,00000000;0,00000000
4,16540778;0,04336860;0,00000000
4,16551178;0,00000000;0,00000000
4,16561578;0,04336860;0,00000000
4,16571978;0,00000000;0,00000000
4,16582378;0,00000000;0,00000000
4,16592778;0,04336860;0,00000000
4,16603178;0,00000000;0,00000000
4,16613578;0,00000000;-0,01734744
4,16623978;0,00000000;0,00000000
4,16634378;0,00000000;0,00000000
4,16644778;0,04336860;0,00000000
4,16655178;0,04336860;0,00000000
4,16665578;0,04336860;0,00000000
4,16675978;0,04336860;0,00000000
4,16686378;0,00000000;0,00000000
4,16696778;0,00000000;0,00000000
4,16707178;0,00000000;0,00000000
4,16717578;0,00000000;0,00000000
4,16727978;0,00000000;0,00000000
4,16738378;0,00000000;0,00000000
4,16748778;0,00000000;0,00000000
4,16759178;0,04336860;0,00000000
4,16769578;0,00000000;0,00000000
4,16779978;0,04336860;-0,01734744
4,16790378;0,00000000;0,00000000
4,16800778;0,04336860;0,00000000
4,16811178;0,00000000;0,00000000
4,16821578;0,00000000;-0,01734744
4,16831978;0,00000000;0,00000000
4,16842378;0,00000000;0,00000000
4,16852778;0,00000000;0,00000000
4,16863178;0,00000000;0,00000000
4,16873578;0,00000000;0,00000000
4,16883978;0,00000000;0,00000000
4,16894378;0,04336860;0,00000000
4,16904778;0,00000000;0,00000000
4,16915178;0,00000000;0,00000000
4,16925578;0,04336860;0,00000000
4,16935978;0,00000000;0,00000000
4,16946378;0,00000000;0,00000000
4,16956778;0,00000000;0,00000000
4,16967178;0,00000000;0,00000000
4,16977578;0,00000000;0,00000000
4,16987978;0,00000000;0,00000000
4,16998378;0,00000000;0,00000000
4,17008778;0,00000000;0,00000000
4,17019178;0,04336860;0,00000000
4,17029578;0,00000000;-0,01734744
4,17039978;0,00000000;0,00000000
4,17050378;0,00000000;0,00000000
4,17060778;0,00000000;0,00000000
4,17071178;0,00000000;0,00000000
4,17081578;0,00000000;0,00000000
4,17091978;0,04336860;0,00000000
4,17102378;0,04336860;0,00000000
4,17112778;0,04336860;0,00000000
4,17123178;0,04336860;0,00000000
4,17133578;0,00000000;0,00000000
4,17143978;0,04336860;0,00000000
4,17154378;0,00000000;0,00000000
4,17164778;0,00000000;0,00000000
4,17175178;0,00000000;0,00000000
4,17185578;0,00000000;0,00000000
4,17195978;0,00000000;0,00000000
4,17206378;0,00000000;0,00000000
4,17216778;0,00000000;0,00000000
4,17227178;0,00000000;0,00000000
4,17237578;0,00000000;0,00000000
4,17247978;0,00000000;0,00000000
4,17258378;0,00000000;0,00000000
4,17268778;0,04336860;0,00000000
4,17279178;0,00000000;0,00000000
4,17289578;0,00000000;0,00000000
4,17299978;0,00000000;0,00000000
4,17310378;0,00000000;0,00000000
4,17320778;0,00000000;0,00000000
4,17331178;0,04336860;0,00000000
4,17341578;0,00000000;0,00000000
4,17351978;0,00000000;0,00000000
4,17362378;0,00000000;0,00000000
4,17372778;0,00000000;0,00000000
4,17383178;0,04336860;0,00000000
4,17393578;0,00000000;0,00000000
4,17403978;0,00000000;0,00000000
4,17414378;0,00000000;0,00000000
4,17424777;0,04336860;0,00000000
4,17435177;0,00000000;0,00000000
4,17445577;0,00000000;0,00000000
4,17455977;0,00000000;0,00000000
4,17466377;0,00000000;0,00000000
4,17476777;0,00000000;0,00000000
4,17487177;0,00000000;0,00000000
4,17497577;0,04336860;0,00000000
4,17507977;0,04336860;0,00000000
4,17518377;0,00000000;0,00000000
4,17528777;0,04336860;-0,01734744
4,17539177;0,04336860;0,00000000
4,17549577;0,00000000;0,00000000
4,17559977;0,00000000;0,00000000
4,17570377;0,00000000;-0,01734744
4,17580777;0,04336860;0,00000000
4,17591177;0,00000000;0,00000000
4,17601577;0,00000000;0,00000000
4,17611977;0,00000000;0,00000000
4,17622377;0,04336860;0,00000000
4,17632777;0,04336860;0,00000000
4,17643177;0,04336860;0,00000000
4,17653577;0,00000000;0,00000000
4,17663977;0,00000000;0,00000000
4,17674377;0,00000000;-0,01734744
4,17684777;0,00000000;0,00000000
4,17695177;0,04336860;0,00000000
4,17705577;0,00000000;0,00000000
4,17715977;0,00000000;0,00000000
4,17726377;0,00000000;0,00000000
4,17736777;0,00000000;0,00000000
4,17747177;0,00000000;0,00000000
4,17757577;0,00000000;0,00000000
4,17767977;0,00000000;0,00000000
4,17778377;0,04336860;0,00000000
4,17788777;0,00000000;0,00000000
4,17799177;0,00000000;0,00000000
4,17809577;0,04336860;0,00000000
4,17819977;0,00000000;0,00000000
4,17830377;0,04336860;0,00000000
4,17840777;0,00000000;0,00000000
4,17851177;0,00000000;0,00000000
4,17861577;0,00000000;-0,01734744
4,17871977;0,00000000;0,00000000
4,17882377;0,00000000;0,00000000
4,17892777;0,04336860;0,00000000
4,17903177;0,00000000;0,00000000
4,17913577;0,00000000;0,00000000
4,17923977;0,00000000;0,00000000
4,17934377;0,00000000;0,00000000
4,17944777;0,00000000;0,00000000
4,17955177;0,00000000;0,00000000
4,17965577;0,04336860;0,00000000
4,17975977;0,00000000;0,00000000
4,17986377;0,00000000;0,00000000
4,17996777;0,00000000;0,00000000
4,18007177;0,00000000;0,00000000
4,18017577;0,00000000;0,00000000
4,18027977;0,00000000;0,00000000
4,18038377;0,00000000;0,00000000
4,18048777;0,00000000;0,00000000
4,18059177;0,00000000;0,00000000
4,18069577;0,04336860;0,00000000
4,18079977;0,00000000;0,00000000
4,18090377;0,00000000;0,00000000
4,18100777;0,00000000;0,00000000
4,18111177;0,04336860;0,00000000
4,18121577;0,00000000;0,00000000
4,18131977;0,04336860;0,00000000
4,18142377;0,00000000;0,00000000
4,18152777;0,00000000;0,00000000
4,18163177;0,04336860;0,00000000
4,18173577;0,00000000;0,00000000
4,18183977;0,00000000;0,00000000
4,18194377;0,00000000;0,00000000
4,18204777;0,00000000;0,00000000
4,18215177;0,00000000;0,00000000
4,18225577;0,00000000;0,00000000
4,18235977;0,00000000;0,00000000
4,18246377;0,00000000;0,00000000
4,18256777;0,00000000;0,00000000
4,18267177;0,04336860;0,00000000
4,18277577;0,04336860;0,00000000
4,18287977;0,00000000;0,00000000
4,18298377;0,04336860;0,00000000
4,18308777;0,04336860;0,00000000
4,18319177;0,00000000;0,00000000
4,18329577;0,04336860;0,00000000
4,18339977;0,00000000;0,00000000
4,18350377;0,00000000;0,00000000
4,18360777;0,00000000;0,00000000
4,18371177;0,04336860;0,00000000
4,18381577;0,00000000;0,00000000
4,18391977;0,00000000;0,00000000
4,18402377;0,00000000;0,00000000
4,18412777;0,00000000;0,00000000
4,18423177;0,00000000;0,00000000
4,18433577;0,00000000;0,00000000
4,18443977;0,00000000;0,00000000
4,18454377;0,00000000;0,00000000
4,18464777;0,00000000;0,00000000
4,18475177;0,00000000;0,00000000
4,18485577;0,04336860;0,00000000
4,18495977;0,00000000;0,00000000
4,18506377;0,00000000;0,00000000
4,18516777;0,04336860;0,00000000
4,18527177;0,00000000;0,00000000
4,18537577;0,00000000;0,00000000
4,18547977;0,00000000;0,00000000
4,18558377;0,00000000;0,00000000
4,18568777;0,04336860;0,00000000
4,18579177;0,00000000;0,00000000
4,18589577;0,00000000;0,00000000
4,18599977;0,00000000;0,00000000
4,18610377;0,00000000;0,00000000
4,18620777;0,00000000;0,00000000
4,18631177;0,04336860;0,00000000
4,18641577;0,00000000;0,00000000
4,18651977;0,00000000;0,00000000
4,18662377;0,04336860;0,00000000
4,18672777;0,00000000;0,00000000
4,18683177;0,04336860;0,00000000
4,18693577;0,00000000;0,00000000
4,18703977;0,00000000;0,00000000
4,18714377;0,00000000;0,00000000
4,18724777;0,00000000;0,00000000
4,18735177;0,00000000;0,00000000
4,18745577;0,00000000;0,00000000
4,18755977;0,00000000;0,00000000
4,18766377;0,04336860;0,00000000
4,18776777;0,00000000;0,00000000
4,18787177;0,00000000;0,00000000
4,18797577;0,00000000;0,00000000
4,18807977;0,00000000;0,00000000
4,18818377;0,00000000;0,00000000
4,18828777;0,00000000;0,00000000
4,18839177;0,00000000;0,00000000
4,18849577;0,00000000;0,00000000
4,18859977;0,04336860;0,00000000
4,18870377;0,00000000;0,00000000
4,18880777;0,00000000;0,00000000
4,18891177;0,00000000;0,00000000
4,18901577;0,00000000;0,00000000
4,18911977;0,00000000;0,00000000
4,18922377;0,04336860;0,00000000
4,18932777;0,00000000;0,00000000
4,18943177;0,00000000;0,00000000
4,18953577;0,00000000;0,00000000
4,18963977;0,04336860;0,00000000
4,18974377;0,00000000;-0,01734744
4,18984777;0,00000000;0,00000000
4,18995177;0,04336860;0,00000000
4,19005577;0,00000000;0,00000000
4,19015977;0,00000000;0,00000000
4,19026377;0,00000000;0,00000000
4,19036777;0,04336860;0,00000000
4,19047177;0,04336860;0,00000000
4,19057577;0,00000000;0,00000000
4,19067977;0,04336860;0,00000000
4,19078377;0,00000000;0,00000000
4,19088777;0,04336860;0,00000000
4,19099177;0,00000000;0,00000000
4,19109577;0,00000000;0,00000000
4,19119977;0,00000000;0,00000000
4,19130377;0,00000000;0,00000000
4,19140777;0,00000000;0,00000000
4,19151177;0,04336860;0,00000000
4,19161577;0,00000000;0,00000000
4,19171977;0,00000000;-0,01734744
4,19182377;0,04336860;0,00000000
4,19192777;0,00000000;0,00000000
4,19203177;0,04336860;0,00000000
4,19213577;0,00000000;0,00000000
4,19223977;0,00000000;0,00000000
4,19234377;0,04336860;0,00000000
4,19244777;0,04336860;0,00000000
4,19255177;0,04336860;0,00000000
4,19265577;0,00000000;0,00000000
4,19275977;0,04336860;0,00000000
4,19286377;0,00000000;0,00000000
4,19296777;0,00000000;0,00000000
4,19307177;0,00000000;0,00000000
4,19317577;0,04336860;0,00000000
4,19327977;0,00000000;0,00000000
4,19338377;0,00000000;0,00000000
4,19348777;0,04336860;0,00000000
4,19359177;0,04336860;-0,01734744
4,19369577;0,00000000;0,00000000
4,19379977;0,00000000;0,00000000
4,19390377;0,00000000;0,00000000
4,19400777;0,00000000;0,00000000
4,19411177;0,00000000;0,00000000
4,19421577;0,00000000;0,00000000
4,19431977;0,00000000;0,00000000
4,19442377;0,00000000;0,00000000
4,19452777;0,00000000;0,00000000
4,19463177;0,00000000;0,00000000
4,19473577;0,00000000;0,00000000
4,19483977;0,04336860;0,00000000
4,19494377;0,00000000;0,00000000
4,19504777;0,00000000;0,00000000
4,19515177;0,00000000;0,00000000
4,19525577;0,00000000;0,00000000
4,19535977;0,00000000;0,00000000
4,19546377;0,04336860;0,00000000
4,19556777;0,00000000;0,00000000
4,19567177;0,00000000;0,00000000
4,19577577;0,00000000;0,00000000
4,19587977;0,00000000;0,00000000
4,19598377;0,00000000;0,00000000
4,19608777;0,00000000;0,00000000
4,19619177;0,00000000;0,00000000
4,19629577;0,00000000;0,00000000
4,19639977;0,00000000;0,00000000
4,19650377;0,00000000;0,00000000
4,19660777;0,00000000;0,00000000
4,19671177;0,00000000;0,00000000
4,19681577;0,04336860;0,00000000
4,19691977;0,04336860;0,00000000
4,19702377;0,00000000;0,00000000
4,19712777;0,04336860;0,00000000
4,19723177;0,00000000;0,00000000
4,19733577;0,04336860;0,00000000
4,19743977;0,00000000;0,00000000
4,19754377;0,04336860;0,00000000
4,19764777;0,00000000;0,00000000
4,19775177;0,04336860;0,00000000
4,19785577;0,00000000;0,00000000
4,19795977;0,00000000;0,00000000
4,19806377;0,00000000;-0,01734744
4,19816777;0,04336860;0,00000000
4,19827177;0,00000000;0,00000000
4,19837577;0,00000000;0,00000000
4,19847977;0,00000000;0,00000000
4,19858377;0,00000000;0,00000000
4,19868777;0,00000000;0,00000000
4,19879177;0,04336860;-0,01734744
4,19889577;0,00000000;0,00000000
4,19899977;0,00000000;0,00000000
4,19910377;0,04336860;0,00000000
4,19920777;0,00000000;0,00000000
4,19931177;0,00000000;0,00000000
4,19941577;0,00000000;0,00000000
4,19951977;0,00000000;0,00000000
4,19962377;0,00000000;0,00000000
4,19972777;0,00000000;0,00000000
4,19983177;0,00000000;0,00000000
4,19993577;0,00000000;0,00000000
4,20003977;0,04336860;0,00000000
4,20014377;0,04336860;0,00000000
4,20024777;0,00000000;0,00000000
4,20035177;0,00000000;0,00000000
4,20045577;0,00000000;-0,01734744
4,20055977;0,04336860;0,00000000
4,20066377;0,04336860;0,00000000
4,20076777;0,04336860;0,00000000
4,20087177;0,00000000;0,00000000
4,20097577;0,04336860;0,00000000
4,20107977;0,04336860;0,00000000
4,20118377;0,00000000;0,00000000
4,20128777;0,04336860;0,00000000
4,20139177;0,04336860;0,00000000
4,20149577;0,00000000;0,00000000
4,20159977;0,00000000;0,00000000
4,20170377;0,00000000;0,00000000
4,20180777;0,00000000;0,00000000
4,20191177;0,00000000;0,00000000
4,20201577;0,00000000;0,00000000
4,20211977;0,00000000;0,00000000
4,20222377;0,00000000;0,00000000
4,20232777;0,00000000;0,00000000
4,20243177;0,00000000;0,00000000
4,20253577;0,00000000;0,00000000
4,20263977;0,00000000;0,00000000
4,20274377;0,04336860;0,00000000
4,20284777;0,00000000;0,00000000
4,20295177;0,00000000;0,00000000
4,20305577;0,00000000;0,00000000
4,20315977;0,00000000;0,00000000
4,20326377;0,00000000;0,00000000
4,20336777;0,00000000;0,00000000
4,20347177;0,04336860;0,00000000
4,20357577;0,00000000;0,00000000
4,20367977;0,00000000;0,00000000
4,20378377;0,00000000;0,00000000
4,20388777;0,00000000;0,00000000
4,20399177;0,00000000;0,00000000
4,20409577;0,00000000;0,00000000
4,20419977;0,04336860;0,00000000
4,20430377;0,00000000;0,00000000
4,20440777;0,00000000;0,00000000
4,20451177;0,04336860;0,00000000
4,20461577;0,00000000;0,00000000
4,20471977;0,04336860;0,00000000
4,20482377;0,00000000;0,00000000
4,20492777;0,00000000;0,00000000
4,20503177;0,00000000;0,00000000
4,20513577;0,00000000;0,00000000
4,20523977;0,00000000;0,00000000
4,20534377;0,00000000;0,00000000
4,20544777;0,00000000;0,00000000
4,20555177;0,00000000;0,00000000
4,20565577;0,00000000;0,00000000
4,20575977;0,04336860;0,00000000
4,20586377;0,00000000;0,00000000
4,20596777;0,00000000;0,00000000
4,20607177;0,00000000;0,00000000
4,20617577;0,00000000;0,00000000
4,20627977;0,04336860;0,00000000
4,20638377;0,00000000;0,00000000
4,20648777;0,00000000;0,00000000
4,20659177;0,00000000;0,00000000
4,20669577;0,00000000;0,00000000
4,20679977;0,00000000;0,00000000
4,20690377;0,00000000;0,00000000
4,20700777;0,00000000;0,00000000
4,20711177;0,00000000;0,00000000
4,20721577;0,04336860;0,00000000
4,20731977;0,00000000;0,00000000
4,20742377;0,00000000;0,00000000
4,20752777;0,00000000;0,00000000
4,20763177;0,00000000;0,00000000
4,20773577;0,00000000;0,00000000
4,20783977;0,00000000;0,00000000
4,20794377;0,00000000;-0,01734744
4,20804777;0,00000000;0,00000000
4,20815177;0,00000000;0,00000000
4,20825577;0,04336860;0,00000000
4,20835977;0,00000000;0,00000000
4,20846377;0,00000000;0,00000000
4,20856777;0,00000000;0,00000000
4,20867177;0,04336860;0,00000000
4,20877577;0,00000000;0,00000000
4,20887977;0,00000000;0,00000000
4,20898377;0,00000000;0,00000000
4,20908777;0,00000000;0,00000000
4,20919177;0,00000000;0,00000000
4,20929577;0,00000000;0,00000000
4,20939977;0,00000000;0,00000000
4,20950377;0,00000000;0,00000000
4,20960777;0,00000000;0,00000000
4,20971177;0,04336860;0,00000000
4,20981577;0,00000000;0,00000000
4,20991977;0,00000000;0,00000000
4,21002377;0,00000000;0,00000000
4,21012777;0,00000000;0,00000000
4,21023177;0,00000000;0,00000000
4,21033577;0,04336860;0,00000000
4,21043977;0,04336860;0,00000000
4,21054377;0,00000000;0,00000000
4,21064777;0,00000000;0,00000000
4,21075177;0,00000000;0,00000000
4,21085577;0,00000000;0,00000000
4,21095977;0,04336860;0,00000000
4,21106377;0,00000000;0,00000000
4,21116777;0,00000000;-0,01734744
4,21127177;0,00000000;0,00000000
4,21137577;0,00000000;0,00000000
4,21147977;0,00000000;0,00000000
4,21158377;0,00000000;0,00000000
4,21168777;0,00000000;0,00000000
4,21179177;0,00000000;0,00000000
4,21189577;0,00000000;-0,01734744
4,21199977;0,00000000;0,00000000
4,21210377;0,00000000;0,00000000
4,21220777;0,04336860;0,00000000
4,21231177;0,04336860;0,00000000
4,21241577;0,00000000;0,00000000
4,21251977;0,00000000;0,00000000
4,21262377;0,04336860;0,00000000
4,21272777;0,00000000;0,00000000
4,21283177;0,00000000;0,00000000
4,21293577;0,04336860;0,00000000
4,21303977;0,00000000;0,00000000
4,21314377;0,00000000;0,00000000
4,21324777;0,00000000;0,00000000
4,21335177;0,00000000;0,00000000
4,21345577;0,00000000;0,00000000
4,21355977;0,04336860;0,00000000
4,21366377;0,00000000;0,00000000
4,21376777;0,00000000;0,00000000
4,21387177;0,00000000;0,00000000
4,21397577;0,00000000;0,00000000
4,21407977;0,00000000;0,00000000
4,21418377;0,04336860;0,00000000
4,21428777;0,00000000;0,00000000
4,21439177;0,00000000;0,00000000
4,21449577;0,00000000;0,00000000
4,21459977;0,00000000;0,00000000
4,21470377;0,00000000;0,00000000
4,21480777;0,00000000;0,00000000
4,21491177;0,00000000;0,00000000
4,21501577;0,00000000;0,00000000
4,21511977;0,04336860;0,00000000
4,21522377;0,04336860;0,00000000
4,21532777;0,04336860;0,00000000
4,21543177;0,00000000;0,00000000
4,21553577;0,04336860;0,00000000
4,21563977;0,00000000;0,00000000
4,21574377;0,00000000;0,00000000
4,21584777;0,00000000;0,00000000
4,21595177;0,00000000;0,00000000
4,21605577;0,00000000;0,00000000
4,21615977;0,00000000;0,00000000
4,21626377;0,00000000;0,00000000
4,21636777;0,00000000;-0,01734744
4,21647177;0,00000000;0,00000000
4,21657577;0,00000000;0,00000000
4,21667977;0,00000000;0,00000000
4,21678377;0,00000000;0,00000000
4,21688777;0,00000000;0,00000000
4,21699177;0,00000000;0,00000000
4,21709577;0,00000000;-0,01734744
4,21719977;0,00000000;0,00000000
4,21730377;0,00000000;0,00000000
4,21740777;0,00000000;0,00000000
4,21751177;0,00000000;0,00000000
4,21761577;0,00000000;0,00000000
4,21771977;0,04336860;0,00000000
4,21782377;0,00000000;0,00000000
4,21792777;0,00000000;0,00000000
4,21803177;0,04336860;0,00000000
4,21813577;0,00000000;0,00000000
4,21823977;0,00000000;0,00000000
4,21834377;0,00000000;0,00000000
4,21844777;0,00000000;0,00000000
4,21855177;0,00000000;0,00000000
4,21865577;0,04336860;0,00000000
4,21875977;0,00000000;0,00000000
4,21886377;0,04336860;0,00000000
4,21896777;0,00000000;0,00000000
4,21907177;0,00000000;0,00000000
4,21917577;0,00000000;0,00000000
4,21927977;0,00000000;0,00000000
4,21938377;0,04336860;0,00000000
4,21948777;0,00000000;0,00000000
4,21959177;0,00000000;0,00000000
4,21969577;0,04336860;0,00000000
4,21979977;0,00000000;0,00000000
4,21990377;0,00000000;0,00000000
4,22000777;0,00000000;0,00000000
4,22011177;0,00000000;0,00000000
4,22021577;0,00000000;0,00000000
4,22031977;0,04336860;0,00000000
4,22042377;0,00000000;0,00000000
4,22052777;0,00000000;0,00000000
4,22063177;0,04336860;0,00000000
4,22073577;0,00000000;0,00000000
4,22083977;0,00000000;0,00000000
4,22094377;0,00000000;0,00000000
4,22104777;0,00000000;0,00000000
4,22115177;0,00000000;0,00000000
4,22125577;0,00000000;0,00000000
4,22135977;0,00000000;0,00000000
4,22146377;0,04336860;0,00000000
4,22156777;0,00000000;0,00000000
4,22167177;0,04336860;0,00000000
4,22177577;0,00000000;0,00000000
4,22187977;0,04336860;0,00000000
4,22198377;0,04336860;0,00000000
4,22208777;0,00000000;0,00000000
4,22219177;0,00000000;0,00000000
4,22229577;0,00000000;0,00000000
4,22239977;0,04336860;0,00000000
4,22250377;0,00000000;0,00000000
4,22260777;0,00000000;0,00000000
4,22271177;0,00000000;0,00000000
4,22281577;0,00000000;0,00000000
4,22291977;0,04336860;0,00000000
4,22302377;0,04336860;0,00000000
4,22312777;0,04336860;0,00000000
4,22323177;0,04336860;0,00000000
4,22333577;0,00000000;0,00000000
4,22343977;0,00000000;0,00000000
4,22354377;0,00000000;0,00000000
4,22364777;0,00000000;0,00000000
4,22375177;0,00000000;0,00000000
4,22385577;0,00000000;0,00000000
4,22395977;0,00000000;0,00000000
4,22406377;0,00000000;0,00000000
4,22416777;0,00000000;0,00000000
4,22427177;0,00000000;0,00000000
4,22437577;0,00000000;0,00000000
4,22447977;0,00000000;0,00000000
4,22458377;0,00000000;0,00000000
4,22468777;0,04336860;0,00000000
4,22479177;0,04336860;0,00000000
4,22489577;0,00000000;0,00000000
4,22499977;0,04336860;0,00000000
4,22510377;0,00000000;0,00000000
4,22520777;0,00000000;0,00000000
4,22531177;0,00000000;0,00000000
4,22541577;0,00000000;0,00000000
4,22551977;0,00000000;0,00000000
4,22562377;0,04336860;0,00000000
4,22572777;0,00000000;0,00000000
4,22583177;0,00000000;0,00000000
4,22593577;0,00000000;0,00000000
4,22603977;0,00000000;0,00000000
4,22614377;0,04336860;0,00000000
4,22624777;0,00000000;0,00000000
4,22635177;0,04336860;0,00000000
4,22645577;0,04336860;0,00000000
4,22655977;0,00000000;0,00000000
4,22666377;0,00000000;0,00000000
4,22676777;0,00000000;0,00000000
4,22687177;0,04336860;0,00000000
4,22697577;0,00000000;0,00000000
4,22707977;0,04336860;0,00000000
4,22718377;0,04336860;0,00000000
4,22728777;0,00000000;0,00000000
4,22739177;0,00000000;0,00000000
4,22749577;0,00000000;0,00000000
4,22759977;0,00000000;0,00000000
4,22770377;0,00000000;0,00000000
4,22780777;0,00000000;0,00000000
4,22791177;0,04336860;0,00000000
4,22801577;0,04336860;0,00000000
4,22811977;0,00000000;0,00000000
4,22822377;0,00000000;0,00000000
4,22832777;0,00000000;0,00000000
4,22843177;0,00000000;0,00000000
4,22853577;0,04336860;0,00000000
4,22863977;0,00000000;0,00000000
4,22874377;0,00000000;0,00000000
4,22884777;0,00000000;0,00000000
4,22895177;0,00000000;0,00000000
4,22905577;0,00000000;0,00000000
4,22915977;0,04336860;0,00000000
4,22926377;0,00000000;0,00000000
4,22936777;0,00000000;0,00000000
4,22947177;0,00000000;0,00000000
4,22957577;0,00000000;0,00000000
4,22967977;0,00000000;0,00000000
4,22978377;0,04336860;0,00000000
4,22988777;0,00000000;0,00000000
4,22999177;0,00000000;0,00000000
4,23009577;0,04336860;0,00000000
4,23019977;0,04336860;0,00000000
4,23030377;0,00000000;0,00000000
4,23040777;0,00000000;0,00000000
4,23051177;0,00000000;0,00000000
4,23061577;0,04336860;0,00000000
4,23071977;0,04336860;0,00000000
4,23082377;0,00000000;0,00000000
4,23092777;0,00000000;0,00000000
4,23103177;0,04336860;0,00000000
4,23113577;0,00000000;0,00000000
4,23123977;0,00000000;0,00000000
4,23134377;0,00000000;0,00000000
4,23144777;0,00000000;0,00000000
4,23155177;0,04336860;0,00000000
4,23165577;0,00000000;0,00000000
4,23175977;0,04336860;0,00000000
4,23186377;0,00000000;0,00000000
4,23196777;0,00000000;0,00000000
4,23207177;0,00000000;0,00000000
4,23217577;0,00000000;0,00000000
4,23227977;0,00000000;0,00000000
4,23238377;0,00000000;0,00000000
4,23248777;0,00000000;0,00000000
4,23259177;0,00000000;0,00000000
4,23269577;0,00000000;0,00000000
4,23279977;0,00000000;0,00000000
4,23290377;0,00000000;0,00000000
4,23300777;0,00000000;0,00000000
4,23311177;0,00000000;0,00000000
4,23321577;0,00000000;0,00000000
4,23331977;0,00000000;0,00000000
4,23342377;0,00000000;0,00000000
4,23352777;0,00000000;0,00000000
4,23363177;0,00000000;0,00000000
4,23373577;0,04336860;0,00000000
4,23383977;0,00000000;0,00000000
4,23394377;0,00000000;0,00000000
4,23404777;0,04336860;0,00000000
4,23415177;0,00000000;0,00000000
4,23425577;0,00000000;0,00000000
4,23435977;0,04336860;0,00000000
4,23446377;0,00000000;0,00000000
4,23456777;0,04336860;0,00000000
4,23467177;0,00000000;0,00000000
4,23477577;0,00000000;0,00000000
4,23487977;0,04336860;0,00000000
4,23498377;0,00000000;0,00000000
4,23508777;0,04336860;-0,01734744
4,23519177;0,04336860;0,00000000
4,23529577;0,00000000;0,00000000
4,23539977;0,04336860;0,00000000
4,23550377;0,04336860;0,00000000
4,23560777;0,00000000;-0,01734744
4,23571177;0,00000000;0,00000000
4,23581577;0,00000000;0,00000000
4,23591977;0,00000000;0,00000000
4,23602377;0,04336860;0,00000000
4,23612777;0,04336860;0,00000000
4,23623177;0,00000000;0,00000000
4,23633577;0,00000000;0,00000000
4,23643977;0,04336860;0,00000000
4,23654377;0,00000000;0,00000000
4,23664777;0,00000000;0,00000000
4,23675177;0,04336860;0,00000000
4,23685577;0,00000000;0,00000000
4,23695977;0,00000000;0,00000000
4,23706377;0,00000000;0,00000000
4,23716777;0,04336860;0,00000000
4,23727177;0,00000000;0,00000000
4,23737577;0,00000000;0,00000000
4,23747977;0,00000000;0,00000000
4,23758377;0,00000000;0,00000000
4,23768777;0,00000000;0,00000000
4,23779177;0,04336860;-0,01734744
4,23789577;0,00000000;0,00000000
4,23799977;0,00000000;0,00000000
4,23810377;0,00000000;0,00000000
4,23820777;0,04336860;0,00000000
4,23831177;0,00000000;0,00000000
4,23841577;0,04336860;0,00000000
4,23851977;0,00000000;-0,01734744
4,23862377;0,04336860;0,00000000
4,23872777;0,00000000;0,00000000
4,23883177;0,00000000;0,00000000
4,23893577;0,00000000;0,00000000
4,23903977;0,00000000;0,00000000
4,23914377;0,04336860;0,00000000
4,23924777;0,04336860;0,00000000
4,23935177;0,00000000;0,00000000
4,23945577;0,00000000;0,00000000
4,23955977;0,00000000;-0,01734744
4,23966377;0,00000000;0,00000000
4,23976777;0,00000000;0,00000000
4,23987177;0,00000000;0,00000000
4,23997577;0,00000000;0,00000000
4,24007977;0,00000000;0,00000000
4,24018377;0,00000000;0,00000000
4,24028777;0,00000000;0,00000000
4,24039177;0,00000000;0,00000000
4,24049577;0,04336860;0,00000000
4,24059977;0,00000000;0,00000000
4,24070377;0,00000000;0,00000000
4,24080777;0,00000000;0,00000000
4,24091177;0,04336860;0,00000000
4,24101577;0,04336860;-0,01734744
4,24111977;0,00000000;0,00000000
4,24122377;0,00000000;0,00000000
4,24132777;0,00000000;0,00000000
4,24143177;0,00000000;0,00000000
4,24153577;0,00000000;0,00000000
4,24163977;0,00000000;0,00000000
4,24174377;0,00000000;0,00000000
4,24184777;0,00000000;0,00000000
4,24195177;0,04336860;0,00000000
4,24205577;0,00000000;0,00000000
4,24215977;0,04336860;0,00000000
4,24226377;0,00000000;0,00000000
4,24236777;0,04336860;0,00000000
4,24247177;0,04336860;0,00000000
4,24257577;0,00000000;0,00000000
4,24267977;0,00000000;0,00000000
4,24278377;0,00000000;0,00000000
4,24288777;0,00000000;-0,01734744
4,24299177;0,00000000;0,00000000
4,24309577;0,00000000;0,00000000
4,24319977;0,00000000;0,00000000
4,24330377;0,04336860;0,00000000
4,24340777;0,00000000;0,00000000
4,24351177;0,00000000;0,00000000
4,24361577;0,00000000;-0,01734744
4,24371977;0,00000000;0,00000000
4,24382377;0,04336860;0,00000000
4,24392777;0,04336860;0,00000000
4,24403177;0,00000000;0,00000000
4,24413577;0,00000000;0,00000000
4,24423977;0,00000000;0,00000000
4,24434377;0,00000000;0,00000000
4,24444777;0,00000000;0,00000000
4,24455177;0,00000000;0,00000000
4,24465577;0,04336860;0,00000000
4,24475977;0,00000000;0,00000000
4,24486377;0,00000000;0,00000000
4,24496777;0,00000000;0,00000000
4,24507177;0,04336860;0,00000000
4,24517577;0,04336860;0,00000000
4,24527977;0,04336860;0,00000000
4,24538377;0,04336860;0,00000000
4,24548777;0,00000000;0,00000000
4,24559177;0,00000000;0,00000000
4,24569577;0,00000000;0,00000000
4,24579977;0,04336860;0,00000000
4,24590377;0,00000000;0,00000000
4,24600777;0,00000000;0,00000000
4,24611177;0,04336860;0,00000000
4,24621577;0,00000000;0,00000000
4,24631977;0,00000000;0,00000000
4,24642377;0,00000000;0,00000000
4,24652777;0,00000000;0,00000000
4,24663177;0,00000000;0,00000000
4,24673577;0,00000000;0,00000000
4,24683977;0,00000000;0,00000000
4,24694377;0,00000000;0,00000000
4,24704777;0,00000000;0,00000000
4,24715177;0,00000000;0,00000000
4,24725577;0,04336860;0,00000000
4,24735977;0,00000000;0,00000000
4,24746377;0,00000000;0,00000000
4,24756777;0,00000000;0,00000000
4,24767177;0,00000000;0,00000000
4,24777577;0,00000000;0,00000000
4,24787977;0,04336860;0,00000000
4,24798377;0,04336860;0,00000000
4,24808777;0,00000000;0,00000000
4,24819177;0,00000000;0,00000000
4,24829577;0,00000000;0,00000000
4,24839977;0,04336860;0,00000000
4,24850377;0,00000000;0,00000000
4,24860777;0,00000000;0,00000000
4,24871177;0,04336860;0,00000000
4,24881577;0,00000000;0,00000000
4,24891977;0,04336860;0,00000000
4,24902377;0,00000000;0,00000000
4,24912777;0,00000000;0,00000000
4,24923177;0,04336860;0,00000000
4,24933577;0,04336860;0,00000000
4,24943977;0,00000000;0,00000000
4,24954377;0,04336860;-0,01734744
4,24964777;0,04336860;0,00000000
4,24975177;0,04336860;0,00000000
4,24985577;0,04336860;0,00000000
4,24995977;0,04336860;0,00000000
4,25006377;0,00000000;0,00000000
4,25016777;0,00000000;0,00000000
4,25027177;0,04336860;0,00000000
4,25037577;0,04336860;0,00000000
4,25047977;0,00000000;0,00000000
4,25058377;0,00000000;0,00000000
4,25068777;0,00000000;0,00000000
4,25079177;0,00000000;0,00000000
4,25089577;0,00000000;0,00000000
4,25099977;0,00000000;0,00000000
4,25110377;0,00000000;0,00000000
4,25120777;0,00000000;0,00000000
4,25131177;0,00000000;0,00000000
4,25141577;0,00000000;0,00000000
4,25151977;0,00000000;0,00000000
4,25162377;0,00000000;0,00000000
4,25172777;0,00000000;0,00000000
4,25183177;0,04336860;0,00000000
4,25193577;0,00000000;0,00000000
4,25203977;0,00000000;0,00000000
4,25214377;0,04336860;0,00000000
4,25224777;0,00000000;0,00000000
4,25235177;0,00000000;0,00000000
4,25245577;0,00000000;0,00000000
4,25255977;0,00000000;0,00000000
4,25266377;0,00000000;0,00000000
4,25276777;0,00000000;0,00000000
4,25287177;0,00000000;0,00000000
4,25297577;0,00000000;0,00000000
4,25307977;0,00000000;0,00000000
4,25318377;0,04336860;0,00000000
4,25328777;0,00000000;0,00000000
4,25339177;0,04336860;0,00000000
4,25349577;0,00000000;0,00000000
4,25359977;0,00000000;0,00000000
4,25370377;0,00000000;0,00000000
4,25380777;0,00000000;0,00000000
4,25391177;0,00000000;0,00000000
4,25401577;0,04336860;0,00000000
4,25411977;0,00000000;0,00000000
4,25422377;0,00000000;0,00000000
4,25432777;0,00000000;0,00000000
4,25443177;0,00000000;0,00000000
4,25453577;0,00000000;0,00000000
4,25463977;0,04336860;0,00000000
4,25474377;0,00000000;0,00000000
4,25484777;0,00000000;0,00000000
4,25495177;0,00000000;0,00000000
4,25505577;0,00000000;0,00000000
4,25515977;0,04336860;0,00000000
4,25526377;0,00000000;0,00000000
4,25536777;0,00000000;0,00000000
4,25547177;0,04336860;0,00000000
4,25557577;0,04336860;0,00000000
4,25567977;0,00000000;0,00000000
4,25578377;0,00000000;0,00000000
4,25588777;0,00000000;0,00000000
4,25599177;0,00000000;0,00000000
4,25609577;0,00000000;0,00000000
4,25619977;0,00000000;0,00000000
4,25630377;0,00000000;0,00000000
4,25640777;0,00000000;0,00000000
4,25651177;0,04336860;0,00000000
4,25661577;0,00000000;0,00000000
4,25671977;0,04336860;0,00000000
4,25682377;0,04336860;0,00000000
4,25692777;0,04336860;0,00000000
4,25703177;0,04336860;0,00000000
4,25713577;0,04336860;0,00000000
4,25723977;0,00000000;0,00000000
4,25734377;0,04336860;0,00000000
4,25744777;0,00000000;0,00000000
4,25755177;0,04336860;0,00000000
4,25765577;0,00000000;0,00000000
4,25775977;0,00000000;0,00000000
4,25786377;0,00000000;0,00000000
4,25796777;0,00000000;0,00000000
4,25807177;0,00000000;0,00000000
4,25817577;0,00000000;0,00000000
4,25827977;0,00000000;0,00000000
4,25838377;0,00000000;0,00000000
4,25848777;0,00000000;0,00000000
4,25859177;0,00000000;0,00000000
4,25869577;0,00000000;0,00000000
4,25879977;0,00000000;0,00000000
4,25890377;0,04336860;0,00000000
4,25900777;0,00000000;0,00000000
4,25911177;0,00000000;0,00000000
4,25921577;0,00000000;0,00000000
4,25931977;0,00000000;0,00000000
4,25942377;0,00000000;0,00000000
4,25952777;0,00000000;0,00000000
4,25963177;0,00000000;0,00000000
4,25973577;0,00000000;0,00000000
4,25983977;0,00000000;0,00000000
4,25994377;0,00000000;0,00000000
4,26004777;0,00000000;0,00000000
4,26015177;0,00000000;0,00000000
4,26025577;0,00000000;0,00000000
4,26035977;0,00000000;0,00000000
4,26046377;0,00000000;0,00000000
4,26056777;0,00000000;0,00000000
4,26067177;0,00000000;0,00000000
4,26077577;0,00000000;0,00000000
4,26087977;0,04336860;0,00000000
4,26098377;0,00000000;0,00000000
4,26108777;0,00000000;0,00000000
4,26119177;0,00000000;0,00000000
4,26129577;0,00000000;0,00000000
4,26139977;0,00000000;0,00000000
4,26150377;0,00000000;0,00000000
4,26160777;0,00000000;0,00000000
4,26171177;0,04336860;0,00000000
4,26181577;0,00000000;0,00000000
4,26191977;0,00000000;0,00000000
4,26202377;0,00000000;0,00000000
4,26212777;0,04336860;0,00000000
4,26223177;0,00000000;0,00000000
4,26233577;0,04336860;0,00000000
4,26243977;0,00000000;0,00000000
4,26254377;0,00000000;0,00000000
4,26264777;0,04336860;0,00000000
4,26275177;0,04336860;0,00000000
4,26285577;0,00000000;0,00000000
4,26295977;0,00000000;0,00000000
4,26306377;0,00000000;0,00000000
4,26316777;0,00000000;0,00000000
4,26327177;0,00000000;0,00000000
4,26337577;0,00000000;0,00000000
4,26347977;0,00000000;0,00000000
4,26358377;0,00000000;0,00000000
4,26368777;0,00000000;0,00000000
4,26379177;0,00000000;0,00000000
4,26389577;0,00000000;0,00000000
4,26399977;0,00000000;0,00000000
4,26410377;0,00000000;0,00000000
4,26420777;0,00000000;0,00000000
4,26431177;0,00000000;0,00000000
4,26441577;0,00000000;0,00000000
4,26451977;0,00000000;0,00000000
4,26462377;0,04336860;0,00000000
4,26472777;0,00000000;0,00000000
4,26483177;0,00000000;0,00000000
4,26493577;0,00000000;0,00000000
4,26503977;0,00000000;0,00000000
4,26514377;0,00000000;0,00000000
4,26524777;0,00000000;0,00000000
4,26535177;0,00000000;0,00000000
4,26545577;0,04336860;0,00000000
4,26555977;0,00000000;0,00000000
4,26566377;0,00000000;0,00000000
4,26576777;0,00000000;0,00000000
4,26587177;0,04336860;0,00000000
4,26597577;0,04336860;0,00000000
4,26607977;0,00000000;0,00000000
4,26618377;0,00000000;0,00000000
4,26628777;0,00000000;0,00000000
4,26639177;0,00000000;0,00000000
4,26649577;0,04336860;0,00000000
4,26659977;0,00000000;-0,01734744
4,26670377;0,00000000;0,00000000
4,26680777;0,00000000;0,00000000
4,26691177;0,04336860;0,00000000
4,26701577;0,00000000;0,00000000
4,26711977;0,00000000;0,00000000
4,26722377;0,00000000;0,00000000
4,26732777;0,04336860;0,00000000
4,26743177;0,04336860;0,00000000
4,26753577;0,00000000;0,00000000
4,26763977;0,00000000;0,00000000
4,26774377;0,04336860;0,00000000
4,26784777;0,00000000;0,00000000
4,26795177;0,00000000;0,00000000
4,26805577;0,00000000;0,00000000
4,26815977;0,04336860;0,00000000
4,26826377;0,04336860;0,00000000
4,26836777;0,00000000;0,00000000
4,26847177;0,00000000;0,00000000
4,26857577;0,00000000;0,00000000
4,26867977;0,00000000;0,00000000
4,26878377;0,00000000;0,00000000
4,26888777;0,04336860;0,00000000
4,26899177;0,00000000;0,00000000
4,26909577;0,00000000;0,00000000
4,26919977;0,00000000;0,00000000
4,26930377;0,04336860;0,00000000
4,26940777;0,00000000;0,00000000
4,26951177;0,00000000;0,00000000
4,26961577;0,00000000;0,00000000
4,26971977;0,00000000;0,00000000
4,26982377;0,00000000;0,00000000
4,26992777;0,00000000;0,00000000
4,27003177;0,00000000;0,00000000
4,27013577;0,04336860;0,00000000
4,27023977;0,04336860;0,00000000
4,27034377;0,00000000;0,00000000
4,27044777;0,00000000;0,00000000
4,27055177;0,00000000;0,00000000
4,27065577;0,00000000;0,00000000
4,27075977;0,04336860;-0,01734744
4,27086377;0,00000000;0,00000000
4,27096777;0,00000000;0,00000000
4,27107177;0,04336860;0,00000000
4,27117577;0,00000000;0,00000000
4,27127977;0,00000000;0,00000000
4,27138377;0,00000000;0,00000000
4,27148777;0,00000000;0,00000000
4,27159177;0,00000000;0,00000000
4,27169577;0,00000000;0,00000000
4,27179977;0,00000000;0,00000000
4,27190377;0,00000000;0,00000000
4,27200777;0,00000000;0,00000000
4,27211177;0,04336860;0,00000000
4,27221577;0,00000000;0,00000000
4,27231977;0,00000000;0,00000000
4,27242377;0,00000000;0,00000000
4,27252777;0,00000000;0,00000000
4,27263177;0,00000000;0,00000000
4,27273577;0,00000000;0,00000000
4,27283977;0,00000000;0,00000000
4,27294377;0,00000000;0,00000000
4,27304777;0,00000000;0,00000000
4,27315177;0,00000000;0,00000000
4,27325577;0,00000000;0,00000000
4,27335977;0,04336860;0,00000000
4,27346377;0,00000000;0,00000000
4,27356777;0,04336860;0,00000000
4,27367177;0,00000000;0,00000000
4,27377577;0,00000000;0,00000000
4,27387977;0,00000000;0,00000000
4,27398377;0,00000000;0,00000000
4,27408777;0,00000000;0,00000000
4,27419177;0,04336860;0,00000000
4,27429577;0,00000000;0,00000000
4,27439977;0,00000000;0,00000000
4,27450377;0,00000000;0,00000000
4,27460777;0,00000000;0,00000000
4,27471177;0,00000000;0,00000000
4,27481577;0,00000000;0,00000000
4,27491977;0,00000000;0,00000000
4,27502377;0,00000000;0,00000000
4,27512777;0,00000000;-0,01734744
4,27523177;0,04336860;0,00000000
4,27533577;0,04336860;0,00000000
4,27543977;0,00000000;0,00000000
4,27554377;0,00000000;0,00000000
4,27564777;0,00000000;0,00000000
4,27575177;0,00000000;0,00000000
4,27585577;0,00000000;0,00000000
4,27595977;0,00000000;0,00000000
4,27606377;0,00000000;0,00000000
4,27616777;0,00000000;0,00000000
4,27627177;0,00000000;0,00000000
4,27637577;0,00000000;0,00000000
4,27647977;0,00000000;0,00000000
4,27658377;0,00000000;0,00000000
4,27668777;0,00000000;0,00000000
4,27679177;0,00000000;0,00000000
4,27689577;0,00000000;0,00000000
4,27699977;0,00000000;0,00000000
4,27710377;0,00000000;0,00000000
4,27720777;0,00000000;-0,01734744
4,27731177;0,00000000;0,00000000
4,27741577;0,00000000;0,00000000
4,27751977;0,00000000;0,00000000
4,27762377;0,00000000;0,00000000
4,27772777;0,04336860;0,00000000
4,27783177;0,00000000;0,00000000
4,27793577;0,04336860;0,00000000
4,27803977;0,00000000;0,00000000
4,27814377;0,04336860;0,00000000
4,27824777;0,00000000;-0,01734744
4,27835177;0,00000000;0,00000000
4,27845577;0,00000000;0,00000000
4,27855977;0,00000000;0,00000000
4,27866377;0,00000000;0,00000000
4,27876777;0,04336860;0,00000000
4,27887177;0,04336860;0,00000000
4,27897577;0,00000000;0,00000000
4,27907977;0,00000000;0,00000000
4,27918377;0,04336860;0,00000000
4,27928777;0,00000000;0,00000000
4,27939177;0,00000000;0,00000000
4,27949577;0,00000000;0,00000000
4,27959977;0,00000000;0,00000000
4,27970377;0,00000000;0,00000000
4,27980777;0,00000000;0,00000000
4,27991177;0,00000000;0,00000000
4,28001577;0,00000000;0,00000000
4,28011977;0,04336860;0,00000000
4,28022377;0,04336860;0,00000000
4,28032777;0,00000000;0,00000000
4,28043177;0,00000000;0,00000000
4,28053577;0,04336860;0,00000000
4,28063977;0,00000000;0,00000000
4,28074377;0,00000000;0,00000000
4,28084777;0,00000000;0,00000000
4,28095177;0,00000000;0,00000000
4,28105577;0,00000000;0,00000000
4,28115977;0,04336860;0,00000000
4,28126377;0,00000000;-0,01734744
4,28136777;0,00000000;0,00000000
4,28147177;0,00000000;0,00000000
4,28157577;0,00000000;0,00000000
4,28167977;0,00000000;0,00000000
4,28178377;0,00000000;0,00000000
4,28188777;0,00000000;0,00000000
4,28199177;0,04336860;0,00000000
4,28209577;0,04336860;0,00000000
4,28219977;0,00000000;0,00000000
4,28230377;0,04336860;0,00000000
4,28240777;0,00000000;0,00000000
4,28251177;0,00000000;0,00000000
4,28261577;0,00000000;0,00000000
4,28271977;0,00000000;0,00000000
4,28282377;0,00000000;0,00000000
4,28292777;0,00000000;0,00000000
4,28303177;0,00000000;0,00000000
4,28313577;0,00000000;0,00000000
4,28323977;0,00000000;0,00000000
4,28334377;0,04336860;0,00000000
4,28344777;0,00000000;0,00000000
4,28355177;0,04336860;0,00000000
4,28365577;0,00000000;0,00000000
4,28375977;0,00000000;0,00000000
4,28386377;0,04336860;0,00000000
4,28396777;0,00000000;0,00000000
4,28407177;0,00000000;0,00000000
4,28417577;0,00000000;0,00000000
4,28427977;0,00000000;0,00000000
4,28438377;0,04336860;0,00000000
4,28448777;0,00000000;0,00000000
4,28459177;0,00000000;0,00000000
4,28469577;0,04336860;0,00000000
4,28479977;0,00000000;0,00000000
4,28490377;0,00000000;0,00000000
4,28500777;0,00000000;0,00000000
4,28511177;0,04336860;0,00000000
4,28521577;0,00000000;0,00000000
4,28531977;0,00000000;0,00000000
4,28542377;0,00000000;0,00000000
4,28552777;0,00000000;0,00000000
4,28563177;0,00000000;0,00000000
4,28573577;0,00000000;0,00000000
4,28583977;0,00000000;0,00000000
4,28594377;0,04336860;0,00000000
4,28604777;0,04336860;0,00000000
4,28615177;0,00000000;0,00000000
4,28625577;0,00000000;0,00000000
4,28635977;0,00000000;-0,01734744
4,28646377;0,00000000;0,00000000
4,28656777;0,04336860;0,00000000
4,28667177;0,00000000;0,00000000
4,28677577;0,00000000;0,00000000
4,28687977;0,00000000;0,00000000
4,28698377;0,00000000;0,00000000
4,28708777;0,00000000;0,00000000
4,28719177;0,00000000;0,00000000
4,28729577;0,00000000;0,00000000
4,28739977;0,00000000;0,00000000
4,28750377;0,04336860;0,00000000
4,28760777;0,00000000;0,00000000
4,28771177;0,00000000;0,00000000
4,28781577;0,00000000;0,00000000
4,28791977;0,00000000;0,00000000
4,28802377;0,00000000;0,00000000
4,28812777;0,00000000;0,00000000
4,28823177;0,00000000;0,00000000
4,28833577;0,00000000;0,00000000
4,28843977;0,04336860;0,00000000
4,28854377;0,04336860;0,00000000
4,28864777;0,00000000;0,00000000
4,28875177;0,00000000;0,00000000
4,28885577;0,04336860;0,00000000
4,28895977;0,04336860;0,00000000
4,28906377;0,00000000;0,00000000
4,28916777;0,00000000;0,00000000
4,28927177;0,00000000;0,00000000
4,28937577;0,00000000;0,00000000
4,28947977;0,04336860;0,00000000
4,28958377;0,00000000;0,00000000
4,28968777;0,00000000;0,00000000
4,28979177;0,00000000;0,00000000
4,28989577;0,00000000;0,00000000
4,28999977;0,00000000;0,00000000
4,29010377;0,00000000;0,00000000
4,29020777;0,00000000;0,00000000
4,29031177;0,00000000;-0,01734744
4,29041577;0,00000000;0,00000000
4,29051977;0,00000000;0,00000000
4,29062377;0,00000000;0,00000000
4,29072777;0,00000000;0,00000000
4,29083177;0,00000000;0,00000000
4,29093577;0,00000000;0,00000000
4,29103977;0,00000000;0,00000000
4,29114377;0,00000000;0,00000000
4,29124777;0,00000000;0,00000000
4,29135177;0,00000000;0,00000000
4,29145577;0,00000000;0,00000000
4,29155977;0,00000000;0,00000000
4,29166377;0,00000000;0,00000000
4,29176777;0,04336860;0,00000000
4,29187177;0,00000000;0,00000000
4,29197577;0,00000000;0,00000000
4,29207977;0,00000000;0,00000000
4,29218377;0,00000000;0,00000000
4,29228777;0,04336860;0,00000000
4,29239177;0,00000000;0,00000000
4,29249577;0,00000000;0,00000000
4,29259977;0,04336860;0,00000000
4,29270377;0,04336860;0,00000000
4,29280777;0,04336860;0,00000000
4,29291177;0,00000000;0,00000000
4,29301577;0,04336860;0,00000000
4,29311977;0,00000000;0,00000000
4,29322377;0,00000000;0,00000000
4,29332777;0,00000000;0,00000000
4,29343177;0,00000000;0,00000000
4,29353577;0,00000000;0,00000000
4,29363977;0,04336860;0,00000000
4,29374377;0,00000000;0,00000000
4,29384777;0,04336860;0,00000000
4,29395177;0,00000000;0,00000000
4,29405577;0,00000000;0,00000000
4,29415977;0,00000000;0,00000000
4,29426377;0,00000000;0,00000000
4,29436777;0,04336860;0,00000000
4,29447177;0,00000000;0,00000000
4,29457577;0,00000000;0,00000000
4,29467977;0,04336860;0,00000000
4,29478377;0,00000000;0,00000000
4,29488777;0,00000000;0,00000000
4,29499177;0,00000000;0,00000000
4,29509577;0,00000000;0,00000000
4,29519977;0,00000000;0,00000000
4,29530377;0,04336860;0,00000000
4,29540777;0,04336860;0,00000000
4,29551177;0,04336860;0,00000000
4,29561577;0,00000000;0,00000000
4,29571977;0,00000000;0,00000000
4,29582377;0,00000000;0,00000000
4,29592777;0,04336860;0,00000000
4,29603177;0,00000000;0,00000000
4,29613577;0,00000000;-0,01734744
4,29623977;0,00000000;0,00000000
4,29634377;0,00000000;0,00000000
4,29644777;0,04336860;0,00000000
4,29655177;0,00000000;0,00000000
4,29665577;0,00000000;0,00000000
4,29675977;0,00000000;0,00000000
4,29686377;0,00000000;0,00000000
4,29696777;0,00000000;0,00000000
4,29707177;0,00000000;0,00000000
4,29717577;0,00000000;0,00000000
4,29727977;0,00000000;0,00000000
4,29738377;0,00000000;0,00000000
4,29748777;0,00000000;0,00000000
4,29759177;0,00000000;0,00000000
4,29769577;0,00000000;0,00000000
4,29779977;0,00000000;0,00000000
4,29790377;0,04336860;0,00000000
4,29800777;0,00000000;0,00000000
4,29811177;0,00000000;0,00000000
4,29821577;0,00000000;0,00000000
4,29831977;0,00000000;0,00000000
4,29842377;0,00000000;0,00000000
4,29852777;0,00000000;0,00000000
4,29863177;0,00000000;0,00000000
4,29873577;0,04336860;0,00000000
4,29883977;0,04336860;0,00000000
4,29894377;0,00000000;0,00000000
4,29904777;0,00000000;-0,01734744
4,29915177;0,04336860;0,00000000
4,29925577;0,04336860;0,00000000
4,29935977;0,04336860;0,00000000
4,29946377;0,00000000;0,00000000
4,29956777;0,00000000;0,00000000
4,29967177;0,00000000;0,00000000
4,29977577;0,00000000;0,00000000
4,29987977;0,00000000;0,00000000
4,29998377;0,00000000;0,00000000
4,30008777;0,00000000;0,00000000
4,30019177;0,00000000;0,00000000
4,30029577;0,00000000;0,00000000
4,30039977;0,00000000;0,00000000
4,30050377;0,00000000;0,00000000
4,30060777;0,00000000;0,00000000
4,30071177;0,00000000;0,00000000
4,30081577;0,00000000;0,00000000
4,30091977;0,00000000;0,00000000
4,30102377;0,00000000;0,00000000
4,30112777;0,00000000;0,00000000
4,30123177;0,04336860;0,00000000
4,30133577;0,00000000;-0,01734744
4,30143977;0,04336860;0,00000000
4,30154377;0,00000000;0,00000000
4,30164777;0,00000000;0,00000000
4,30175177;0,00000000;0,00000000
4,30185577;0,00000000;0,00000000
4,30195977;0,04336860;0,00000000
4,30206377;0,00000000;0,00000000
4,30216777;0,00000000;0,00000000
4,30227177;0,04336860;0,00000000
4,30237577;0,00000000;0,00000000
4,30247977;0,00000000;0,00000000
4,30258377;0,00000000;0,00000000
4,30268777;0,00000000;0,00000000
4,30279177;0,00000000;0,00000000
4,30289577;0,04336860;0,00000000
4,30299977;0,00000000;0,00000000
4,30310377;0,00000000;0,00000000
4,30320777;0,00000000;0,00000000
4,30331177;0,00000000;0,00000000
4,30341577;0,04336860;0,00000000
4,30351977;0,00000000;0,00000000
4,30362377;0,00000000;0,00000000
4,30372777;0,00000000;0,00000000
4,30383177;0,04336860;0,00000000
4,30393577;0,00000000;0,00000000
4,30403977;0,00000000;0,00000000
4,30414377;0,00000000;0,00000000
4,30424777;0,00000000;0,00000000
4,30435177;0,00000000;0,00000000
4,30445577;0,04336860;0,00000000
4,30455977;0,00000000;0,00000000
4,30466377;0,00000000;0,00000000
4,30476777;0,00000000;0,00000000
4,30487177;0,00000000;0,00000000
4,30497577;0,00000000;0,00000000
4,30507977;0,00000000;0,00000000
4,30518377;0,00000000;0,00000000
4,30528777;0,00000000;0,00000000
4,30539177;0,00000000;0,00000000
4,30549577;0,00000000;0,00000000
4,30559977;0,00000000;0,00000000
4,30570377;0,00000000;0,00000000
4,30580777;0,00000000;0,00000000
4,30591177;0,00000000;0,00000000
4,30601577;0,00000000;0,00000000
4,30611977;0,04336860;0,00000000
4,30622377;0,00000000;0,00000000
4,30632777;0,00000000;0,00000000
4,30643177;0,00000000;0,00000000
4,30653577;0,00000000;0,00000000
4,30663977;0,00000000;0,00000000
4,30674377;0,00000000;0,00000000
4,30684777;0,04336860;0,00000000
4,30695177;0,00000000;0,00000000
4,30705577;0,00000000;0,00000000
4,30715977;0,00000000;0,00000000
4,30726377;0,00000000;0,00000000
4,30736777;0,00000000;0,00000000
4,30747177;0,00000000;0,00000000
4,30757577;0,00000000;0,00000000
4,30767977;0,00000000;0,00000000
4,30778377;0,00000000;0,00000000
4,30788777;0,00000000;0,00000000
4,30799177;0,00000000;0,00000000
4,30809577;0,00000000;0,00000000
4,30819977;0,00000000;0,00000000
4,30830377;0,00000000;0,00000000
4,30840777;0,00000000;0,00000000
4,30851177;0,04336860;0,00000000
4,30861577;0,00000000;0,00000000
4,30871977;0,00000000;0,00000000
4,30882377;0,04336860;0,00000000
4,30892777;0,00000000;0,00000000
4,30903177;0,00000000;0,00000000
4,30913577;0,00000000;0,00000000
4,30923977;0,00000000;0,00000000
4,30934377;0,00000000;0,00000000
4,30944777;0,00000000;0,00000000
4,30955177;0,00000000;0,00000000
4,30965577;0,04336860;0,00000000
4,30975977;0,00000000;0,00000000
4,30986377;0,00000000;0,00000000
4,30996777;0,00000000;0,00000000
4,31007177;0,00000000;0,00000000
4,31017577;0,00000000;0,00000000
4,31027977;0,00000000;0,00000000
4,31038377;0,04336860;0,00000000
4,31048777;0,00000000;0,00000000
4,31059177;0,04336860;0,00000000
4,31069577;0,00000000;0,00000000
4,31079977;0,00000000;0,00000000
4,31090377;0,00000000;0,00000000
4,31100777;0,00000000;0,00000000
4,31111177;0,00000000;0,00000000
4,31121577;0,00000000;0,00000000
4,31131977;0,00000000;0,00000000
4,31142377;0,00000000;0,00000000
4,31152777;0,04336860;0,00000000
4,31163177;0,00000000;0,00000000
4,31173577;0,04336860;0,00000000
4,31183977;0,04336860;0,00000000
4,31194377;0,00000000;0,00000000
4,31204777;0,00000000;0,00000000
4,31215177;0,00000000;0,00000000
4,31225577;0,00000000;0,00000000
4,31235977;0,00000000;0,00000000
4,31246377;0,00000000;0,00000000
4,31256777;0,00000000;0,00000000
4,31267177;0,04336860;-0,01734744
4,31277577;0,00000000;0,00000000
4,31287977;0,00000000;0,00000000
4,31298377;0,00000000;0,00000000
4,31308777;0,04336860;0,00000000
4,31319177;0,00000000;0,00000000
4,31329577;0,00000000;0,00000000
4,31339977;0,04336860;0,00000000
4,31350377;0,00000000;0,00000000
4,31360777;0,04336860;-0,01734744
4,31371177;0,00000000;0,00000000
4,31381577;0,00000000;0,00000000
4,31391977;0,00000000;0,00000000
4,31402377;0,00000000;0,00000000
4,31412777;0,00000000;0,00000000
4,31423177;0,00000000;-0,01734744
4,31433577;0,00000000;0,00000000
4,31443977;0,00000000;0,00000000
4,31454377;0,00000000;0,00000000
4,31464777;0,04336860;0,00000000
4,31475177;0,00000000;0,00000000
4,31485577;0,00000000;0,00000000
4,31495977;0,04336860;0,00000000
4,31506377;0,04336860;0,00000000
4,31516777;0,00000000;0,00000000
4,31527177;0,00000000;0,00000000
4,31537577;0,00000000;0,00000000
4,31547977;0,00000000;0,00000000
4,31558377;0,04336860;0,00000000
4,31568777;0,00000000;-0,01734744
4,31579177;0,00000000;0,00000000
4,31589577;0,00000000;0,00000000
4,31599977;0,00000000;0,00000000
4,31610377;0,00000000;0,00000000
4,31620777;0,00000000;0,00000000
4,31631177;0,00000000;0,00000000
4,31641577;0,00000000;0,00000000
4,31651977;0,00000000;0,00000000
4,31662377;0,00000000;0,00000000
4,31672777;0,04336860;0,00000000
4,31683177;0,04336860;0,00000000
4,31693577;0,00000000;0,00000000
4,31703977;0,04336860;0,00000000
4,31714377;0,04336860;0,00000000
4,31724777;0,04336860;0,00000000
4,31735177;0,00000000;0,00000000
4,31745577;0,00000000;-0,01734744
4,31755977;0,00000000;0,00000000
4,31766377;0,04336860;0,00000000
4,31776777;0,00000000;0,00000000
4,31787177;0,00000000;0,00000000
4,31797577;0,00000000;0,00000000
4,31807977;0,00000000;0,00000000
4,31818377;0,04336860;0,00000000
4,31828777;0,00000000;0,00000000
4,31839177;0,00000000;0,00000000
4,31849577;0,00000000;0,00000000
4,31859977;0,00000000;0,00000000
4,31870377;0,00000000;0,00000000
4,31880777;0,00000000;0,00000000
4,31891177;0,00000000;0,00000000
4,31901577;0,00000000;0,00000000
4,31911977;0,00000000;0,00000000
4,31922377;0,04336860;0,00000000
4,31932777;0,00000000;0,00000000
4,31943177;0,00000000;0,00000000
4,31953577;0,04336860;0,00000000
4,31963977;0,00000000;0,00000000
4,31974377;0,00000000;0,00000000
4,31984777;0,00000000;0,00000000
4,31995177;0,00000000;0,00000000
4,32005577;0,04336860;0,00000000
4,32015977;0,00000000;0,00000000
4,32026377;0,00000000;0,00000000
4,32036777;0,04336860;0,00000000
4,32047177;0,00000000;0,00000000
4,32057577;0,04336860;0,00000000
4,32067977;0,04336860;0,00000000
4,32078377;0,00000000;0,00000000
4,32088777;0,00000000;0,00000000
4,32099177;0,00000000;0,00000000
4,32109577;0,00000000;0,00000000
4,32119977;0,00000000;0,00000000
4,32130377;0,00000000;0,00000000
4,32140777;0,00000000;0,00000000
4,32151177;0,00000000;0,00000000
4,32161577;0,04336860;0,00000000
4,32171977;0,00000000;0,00000000
4,32182377;0,00000000;0,00000000
4,32192777;0,00000000;0,00000000
4,32203177;0,04336860;0,00000000
4,32213577;0,00000000;0,00000000
4,32223977;0,00000000;0,00000000
4,32234377;0,00000000;0,00000000
4,32244777;0,00000000;0,00000000
4,32255177;0,00000000;0,00000000
4,32265577;0,00000000;0,00000000
4,32275977;0,00000000;0,00000000
4,32286377;0,00000000;0,00000000
4,32296777;0,00000000;0,00000000
4,32307177;0,00000000;-0,01734744
4,32317577;0,00000000;0,00000000
4,32327977;0,00000000;0,00000000
4,32338377;0,00000000;0,00000000
4,32348777;0,04336860;0,00000000
4,32359177;0,00000000;0,00000000
4,32369577;0,00000000;0,00000000
4,32379977;0,04336860;0,00000000
4,32390377;0,04336860;0,00000000
4,32400777;0,04336860;0,00000000
4,32411177;0,00000000;0,00000000
4,32421577;0,00000000;0,00000000
4,32431977;0,04336860;0,00000000
4,32442377;0,00000000;0,00000000
4,32452777;0,00000000;0,00000000
4,32463177;0,00000000;0,00000000
4,32473577;0,04336860;0,00000000
4,32483977;0,04336860;0,00000000
4,32494377;0,00000000;0,00000000
4,32504777;0,00000000;0,00000000
4,32515177;0,00000000;0,00000000
4,32525577;0,00000000;0,00000000
4,32535977;0,00000000;0,00000000
4,32546377;0,00000000;0,00000000
4,32556777;0,00000000;0,00000000
4,32567177;0,00000000;0,00000000
4,32577577;0,00000000;0,00000000
4,32587977;0,00000000;0,00000000
4,32598377;0,00000000;0,00000000
4,32608777;0,00000000;0,00000000
4,32619177;0,00000000;0,00000000
4,32629577;0,00000000;0,00000000
4,32639977;0,00000000;0,00000000
4,32650377;0,00000000;0,00000000
4,32660777;0,00000000;0,00000000
4,32671177;0,00000000;0,00000000
4,32681577;0,04336860;0,00000000
4,32691977;0,00000000;0,00000000
4,32702377;0,04336860;0,00000000
4,32712777;0,00000000;0,00000000
4,32723177;0,00000000;0,00000000
4,32733577;0,00000000;0,00000000
4,32743977;0,00000000;0,00000000
4,32754377;0,00000000;0,00000000
4,32764777;0,00000000;0,00000000
4,32775177;0,04336860;0,00000000
4,32785577;0,00000000;0,00000000
4,32795977;0,00000000;0,00000000
4,32806377;0,00000000;0,00000000
4,32816777;0,00000000;-0,01734744
4,32827177;0,04336860;0,00000000
4,32837577;0,00000000;0,00000000
4,32847977;0,00000000;0,00000000
4,32858377;0,04336860;0,00000000
4,32868777;0,00000000;0,00000000
4,32879177;0,00000000;0,00000000
4,32889577;0,00000000;0,00000000
4,32899977;0,00000000;0,00000000
4,32910377;0,00000000;0,00000000
4,32920777;0,00000000;0,00000000
4,32931177;0,04336860;0,00000000
4,32941577;0,00000000;0,00000000
4,32951977;0,04336860;0,00000000
4,32962377;0,00000000;0,00000000
4,32972777;0,04336860;0,00000000
4,32983177;0,00000000;0,00000000
4,32993577;0,00000000;0,00000000
4,33003977;0,00000000;0,00000000
4,33014377;0,00000000;0,00000000
4,33024777;0,00000000;0,00000000
4,33035177;0,00000000;0,00000000
4,33045577;0,00000000;0,00000000
4,33055977;0,00000000;0,00000000
4,33066377;0,00000000;0,00000000
4,33076777;0,00000000;0,00000000
4,33087177;0,00000000;0,00000000
4,33097577;0,00000000;0,00000000
4,33107977;0,00000000;0,00000000
4,33118377;0,00000000;0,00000000
4,33128777;0,00000000;0,00000000
4,33139177;0,00000000;0,00000000
4,33149577;0,00000000;0,00000000
4,33159977;0,00000000;0,00000000
4,33170377;0,04336860;0,00000000
4,33180777;0,00000000;0,00000000
4,33191177;0,00000000;0,00000000
4,33201577;0,04336860;0,00000000
4,33211977;0,04336860;0,00000000
4,33222377;0,00000000;0,00000000
4,33232777;0,04336860;0,00000000
4,33243177;0,00000000;0,00000000
4,33253577;0,00000000;0,00000000
4,33263977;0,04336860;0,00000000
4,33274377;0,00000000;0,00000000
4,33284777;0,04336860;0,00000000
4,33295177;0,00000000;0,00000000
4,33305577;0,00000000;0,00000000
4,33315977;0,00000000;0,00000000
4,33326377;0,00000000;0,00000000
4,33336777;0,00000000;0,00000000
4,33347177;0,00000000;0,00000000
4,33357577;0,00000000;0,00000000
4,33367977;0,00000000;0,00000000
4,33378377;0,00000000;0,00000000
4,33388777;0,00000000;0,00000000
4,33399177;0,04336860;0,00000000
4,33409577;0,00000000;0,00000000
4,33419977;0,00000000;0,00000000
4,33430377;0,00000000;0,00000000
4,33440777;0,00000000;0,00000000
4,33451177;0,00000000;0,00000000
4,33461577;0,00000000;0,00000000
4,33471977;0,00000000;0,00000000
4,33482377;0,00000000;0,00000000
4,33492777;0,00000000;0,00000000
4,33503177;0,04336860;0,00000000
4,33513577;0,00000000;0,00000000
4,33523977;0,00000000;0,00000000
4,33534377;0,04336860;0,00000000
4,33544777;0,00000000;0,00000000
4,33555177;0,00000000;0,00000000
4,33565577;0,04336860;0,00000000
4,33575977;0,00000000;0,00000000
4,33586377;0,00000000;0,00000000
4,33596777;0,00000000;0,00000000
4,33607177;0,04336860;-0,01734744
4,33617577;0,00000000;-0,01734744
4,33627977;0,00000000;0,00000000
4,33638377;0,04336860;0,00000000
4,33648777;0,00000000;0,00000000
4,33659177;0,04336860;0,00000000
4,33669577;0,00000000;0,00000000
4,33679977;0,00000000;0,00000000
4,33690377;0,00000000;-0,01734744
4,33700777;0,04336860;0,00000000
4,33711177;0,00000000;0,00000000
4,33721577;0,00000000;0,00000000
4,33731977;0,00000000;0,00000000
4,33742377;0,00000000;0,00000000
4,33752777;0,00000000;-0,01734744
4,33763177;0,00000000;0,00000000
4,33773577;0,04336860;-0,01734744
4,33783977;0,00000000;0,00000000
4,33794377;0,00000000;0,00000000
4,33804777;0,00000000;0,00000000
4,33815177;0,04336860;0,00000000
4,33825577;0,00000000;0,00000000
4,33835977;0,00000000;0,00000000
4,33846377;0,04336860;0,00000000
4,33856777;0,00000000;0,00000000
4,33867177;0,04336860;0,00000000
4,33877577;0,00000000;0,00000000
4,33887977;0,00000000;0,00000000
4,33898377;0,00000000;0,00000000
4,33908777;0,04336860;0,00000000
4,33919177;0,00000000;0,00000000
4,33929577;0,00000000;0,00000000
4,33939977;0,00000000;0,00000000
4,33950377;0,00000000;0,00000000
4,33960777;0,00000000;0,00000000
4,33971177;0,00000000;0,00000000
4,33981577;0,00000000;0,00000000
4,33991977;0,00000000;0,00000000
4,34002377;0,00000000;0,00000000
4,34012777;0,00000000;0,00000000
4,34023177;0,00000000;0,00000000
4,34033577;0,00000000;0,00000000
4,34043977;0,00000000;0,00000000
4,34054377;0,04336860;-0,01734744
4,34064777;0,00000000;0,00000000
4,34075177;0,04336860;0,00000000
4,34085577;0,00000000;0,00000000
4,34095977;0,00000000;0,00000000
4,34106377;0,00000000;0,00000000
4,34116777;0,00000000;0,00000000
4,34127177;0,00000000;0,00000000
4,34137577;0,00000000;0,00000000
4,34147977;0,04336860;0,00000000
4,34158377;0,00000000;0,00000000
4,34168777;0,00000000;0,00000000
4,34179177;0,00000000;0,00000000
4,34189577;0,00000000;0,00000000
4,34199977;0,00000000;0,00000000
4,34210377;0,00000000;0,00000000
4,34220777;0,00000000;0,00000000
4,34231177;0,04336860;0,00000000
4,34241577;0,00000000;0,00000000
4,34251977;0,04336860;0,00000000
4,34262377;0,00000000;0,00000000
4,34272777;0,00000000;0,00000000
4,34283177;0,00000000;0,00000000
4,34293577;0,00000000;0,00000000
4,34303977;0,00000000;0,00000000
4,34314377;0,00000000;0,00000000
4,34324777;0,00000000;0,00000000
4,34335177;0,00000000;-0,01734744
4,34345577;0,00000000;0,00000000
4,34355977;0,00000000;0,00000000
4,34366377;0,04336860;0,00000000
4,34376777;0,00000000;0,00000000
4,34387177;0,04336860;0,00000000
4,34397577;0,00000000;0,00000000
4,34407977;0,00000000;0,00000000
4,34418377;0,00000000;0,00000000
4,34428777;0,00000000;0,00000000
4,34439177;0,00000000;0,00000000
4,34449577;0,00000000;0,00000000
4,34459977;0,04336860;0,00000000
4,34470377;0,00000000;0,00000000
4,34480777;0,00000000;0,00000000
4,34491177;0,00000000;0,00000000
4,34501577;0,04336860;0,00000000
4,34511977;0,00000000;0,00000000
4,34522377;0,04336860;0,00000000
4,34532777;0,00000000;0,00000000
4,34543177;0,00000000;0,00000000
4,34553577;0,04336860;0,00000000
4,34563977;0,00000000;0,00000000
4,34574377;0,00000000;0,00000000
4,34584777;0,00000000;0,00000000
4,34595177;0,00000000;0,00000000
4,34605577;0,00000000;0,00000000
4,34615977;0,00000000;0,00000000
4,34626377;0,00000000;0,00000000
4,34636777;0,00000000;0,00000000
4,34647177;0,04336860;0,00000000
4,34657577;0,00000000;0,00000000
4,34667977;0,00000000;0,00000000
4,34678377;0,00000000;0,00000000
4,34688777;0,00000000;0,00000000
4,34699177;0,00000000;0,00000000
4,34709577;0,00000000;0,00000000
4,34719977;0,04336860;0,00000000
4,34730377;0,00000000;0,00000000
4,34740777;0,00000000;0,00000000
4,34751177;0,00000000;0,00000000
4,34761577;0,00000000;0,00000000
4,34771977;0,00000000;0,00000000
4,34782377;0,04336860;0,00000000
4,34792777;0,00000000;0,00000000
4,34803177;0,00000000;0,00000000
4,34813577;0,00000000;0,00000000
4,34823977;0,00000000;0,00000000
4,34834377;0,00000000;0,00000000
4,34844777;0,00000000;0,00000000
4,34855177;0,00000000;0,00000000
4,34865577;0,00000000;0,00000000
4,34875977;0,00000000;0,00000000
4,34886377;0,00000000;0,00000000
4,34896777;0,00000000;0,00000000
4,34907177;0,00000000;0,00000000
4,34917577;0,00000000;0,00000000
4,34927977;0,00000000;0,00000000
4,34938377;0,04336860;0,00000000
4,34948777;0,04336860;0,00000000
4,34959177;0,00000000;0,00000000
4,34969577;0,04336860;0,00000000
4,34979977;0,00000000;0,00000000
4,34990377;0,00000000;0,00000000
4,35000777;0,04336860;0,00000000
4,35011177;0,00000000;0,00000000
4,35021577;0,00000000;0,00000000
4,35031977;0,00000000;0,00000000
4,35042377;0,00000000;0,00000000
4,35052777;0,00000000;0,00000000
4,35063177;0,04336860;0,00000000
4,35073577;0,00000000;0,00000000
4,35083977;0,00000000;0,00000000
4,35094377;0,00000000;0,00000000
4,35104777;0,00000000;0,00000000
4,35115177;0,00000000;0,00000000
4,35125577;0,00000000;0,00000000
4,35135977;0,00000000;0,00000000
4,35146377;0,04336860;0,00000000
4,35156777;0,00000000;0,00000000
4,35167177;0,04336860;0,00000000
4,35177577;0,00000000;0,00000000
4,35187977;0,00000000;0,00000000
4,35198377;0,04336860;0,00000000
4,35208777;0,00000000;0,00000000
4,35219177;0,04336860;0,00000000
4,35229577;0,00000000;0,00000000
4,35239977;0,00000000;0,00000000
4,35250377;0,00000000;0,00000000
4,35260777;0,00000000;0,00000000
4,35271177;0,00000000;0,00000000
4,35281577;0,04336860;0,00000000
4,35291977;0,04336860;0,00000000
4,35302377;0,00000000;0,00000000
4,35312777;0,00000000;0,00000000
4,35323177;0,00000000;0,00000000
4,35333577;0,00000000;0,00000000
4,35343977;0,00000000;0,00000000
4,35354377;0,00000000;0,00000000
4,35364777;0,00000000;0,00000000
4,35375177;0,00000000;0,00000000
4,35385577;0,00000000;0,00000000
4,35395977;0,00000000;0,00000000
4,35406377;0,00000000;0,00000000
4,35416777;0,00000000;0,00000000
4,35427177;0,00000000;0,00000000
4,35437577;0,00000000;0,00000000
4,35447977;0,00000000;0,00000000
4,35458377;0,00000000;0,00000000
4,35468777;0,00000000;0,00000000
4,35479177;0,00000000;0,00000000
4,35489577;0,00000000;0,00000000
4,35499977;0,00000000;0,00000000
4,35510377;0,00000000;0,00000000
4,35520777;0,00000000;0,00000000
4,35531177;0,04336860;0,00000000
4,35541577;0,00000000;0,00000000
4,35551977;0,04336860;0,00000000
4,35562377;0,00000000;0,00000000
4,35572777;0,00000000;0,00000000
4,35583177;0,00000000;0,00000000
4,35593577;0,00000000;0,00000000
4,35603977;0,00000000;0,00000000
4,35614377;0,00000000;0,00000000
4,35624777;0,04336860;0,00000000
4,35635177;0,00000000;0,00000000
4,35645577;0,00000000;0,00000000
4,35655977;0,00000000;0,00000000
4,35666377;0,00000000;0,00000000
4,35676777;0,00000000;0,00000000
4,35687177;0,00000000;-0,01734744
4,35697577;0,04336860;0,00000000
4,35707977;0,04336860;0,00000000
4,35718377;0,00000000;0,00000000
4,35728777;0,04336860;0,00000000
4,35739177;0,00000000;0,00000000
4,35749577;0,00000000;0,00000000
4,35759977;0,00000000;0,00000000
4,35770377;0,04336860;0,00000000
4,35780777;0,00000000;0,00000000
4,35791177;0,00000000;0,00000000
4,35801577;0,04336860;0,00000000
4,35811977;0,00000000;0,00000000
4,35822377;0,00000000;0,00000000
4,35832777;0,00000000;0,00000000
4,35843177;0,00000000;0,00000000
4,35853577;0,00000000;0,00000000
4,35863977;0,00000000;0,00000000
4,35874377;0,00000000;0,00000000
4,35884777;0,04336860;0,00000000
4,35895177;0,00000000;0,00000000
4,35905577;0,00000000;0,00000000
4,35915977;0,00000000;0,00000000
4,35926377;0,00000000;0,00000000
4,35936777;0,04336860;0,00000000
4,35947177;0,04336860;0,00000000
4,35957577;0,00000000;0,00000000
4,35967977;0,04336860;0,00000000
4,35978376;0,00000000;0,00000000
4,35988776;0,00000000;-0,01734744
4,35999176;0,00000000;0,00000000
4,36009576;0,00000000;0,00000000
4,36019976;0,04336860;-0,01734744
4,36030376;0,00000000;0,00000000
4,36040776;0,00000000;0,00000000
4,36051176;0,00000000;0,00000000
4,36061576;0,00000000;0,00000000
4,36071976;0,00000000;0,00000000
4,36082376;0,00000000;0,00000000
4,36092776;0,00000000;0,00000000
4,36103176;0,00000000;0,00000000
4,36113576;0,00000000;0,00000000
4,36123976;0,04336860;-0,01734744
4,36134376;0,00000000;0,00000000
4,36144776;0,00000000;0,00000000
4,36155176;0,00000000;0,00000000
4,36165576;0,04336860;0,00000000
4,36175976;0,00000000;0,00000000
4,36186376;0,00000000;0,00000000
4,36196776;0,00000000;0,00000000
4,36207176;0,04336860;0,00000000
4,36217576;0,00000000;0,00000000
4,36227976;0,00000000;0,00000000
4,36238376;0,04336860;0,00000000
4,36248776;0,00000000;0,00000000
4,36259176;0,00000000;0,00000000
4,36269576;0,00000000;0,00000000
4,36279976;0,00000000;0,00000000
4,36290376;0,04336860;0,00000000
4,36300776;0,04336860;0,00000000
4,36311176;0,00000000;0,00000000
4,36321576;0,00000000;0,00000000
4,36331976;0,00000000;0,00000000
4,36342376;0,00000000;0,00000000
4,36352776;0,00000000;0,00000000
4,36363176;0,00000000;0,00000000
4,36373576;0,00000000;0,00000000
4,36383976;0,04336860;0,00000000
4,36394376;0,00000000;0,00000000
4,36404776;0,00000000;0,00000000
4,36415176;0,00000000;0,00000000
4,36425576;0,00000000;0,00000000
4,36435976;0,00000000;0,00000000
4,36446376;0,00000000;0,00000000
4,36456776;0,00000000;0,00000000
4,36467176;0,00000000;0,00000000
4,36477576;0,00000000;0,00000000
4,36487976;0,00000000;0,00000000
4,36498376;0,00000000;0,00000000
4,36508776;0,00000000;0,00000000
4,36519176;0,00000000;0,00000000
4,36529576;0,00000000;0,00000000
4,36539976;0,00000000;0,00000000
4,36550376;0,00000000;0,00000000
4,36560776;0,04336860;0,00000000
4,36571176;0,00000000;0,00000000
4,36581576;0,00000000;-0,01734744
4,36591976;0,00000000;0,00000000
4,36602376;0,00000000;0,00000000
4,36612776;0,04336860;0,00000000
4,36623176;0,00000000;0,00000000
4,36633576;0,04336860;0,00000000
4,36643976;0,04336860;0,00000000
4,36654376;0,00000000;0,00000000
4,36664776;0,00000000;0,00000000
4,36675176;0,00000000;0,00000000
4,36685576;0,00000000;0,00000000
4,36695976;0,00000000;0,00000000
4,36706376;0,04336860;-0,01734744
4,36716776;0,00000000;0,00000000
4,36727176;0,00000000;0,00000000
4,36737576;0,04336860;0,00000000
4,36747976;0,00000000;0,00000000
4,36758376;0,00000000;0,00000000
4,36768776;0,00000000;0,00000000
4,36779176;0,00000000;0,00000000
4,36789576;0,00000000;0,00000000
4,36799976;0,00000000;0,00000000
4,36810376;0,04336860;0,00000000
4,36820776;0,04336860;0,00000000
4,36831176;0,00000000;0,00000000
4,36841576;0,00000000;0,00000000
4,36851976;0,00000000;-0,01734744
4,36862376;0,00000000;0,00000000
4,36872776;0,00000000;0,00000000
4,36883176;0,00000000;0,00000000
4,36893576;0,04336860;0,00000000
4,36903976;0,00000000;0,00000000
4,36914376;0,00000000;0,00000000
4,36924776;0,00000000;0,00000000
4,36935176;0,04336860;0,00000000
4,36945576;0,00000000;0,00000000
4,36955976;0,00000000;0,00000000
4,36966376;0,00000000;0,00000000
4,36976776;0,00000000;-0,01734744
4,36987176;0,00000000;0,00000000
4,36997576;0,04336860;0,00000000
4,37007976;0,00000000;0,00000000
4,37018376;0,04336860;0,00000000
4,37028776;0,00000000;0,00000000
4,37039176;0,04336860;0,00000000
4,37049576;0,00000000;0,00000000
4,37059976;0,00000000;-0,01734744
4,37070376;0,04336860;-0,01734744
4,37080776;0,00000000;0,00000000
4,37091176;0,04336860;0,00000000
4,37101576;0,00000000;0,00000000
4,37111976;0,04336860;0,00000000
4,37122376;0,00000000;0,00000000
4,37132776;0,00000000;0,00000000
4,37143176;0,00000000;-0,01734744
4,37153576;0,04336860;0,00000000
4,37163976;0,00000000;0,00000000
4,37174376;0,00000000;0,00000000
4,37184776;0,00000000;0,00000000
4,37195176;0,00000000;0,00000000
4,37205576;0,00000000;-0,01734744
4,37215976;0,04336860;0,00000000
4,37226376;0,00000000;0,00000000
4,37236776;0,04336860;0,00000000
4,37247176;0,00000000;0,00000000
4,37257576;0,00000000;0,00000000
4,37267976;0,04336860;0,00000000
4,37278376;0,00000000;0,00000000
4,37288776;0,04336860;0,00000000
4,37299176;0,00000000;0,00000000
4,37309576;0,00000000;0,00000000
4,37319976;0,04336860;0,00000000
4,37330376;0,00000000;0,00000000
4,37340776;0,04336860;0,00000000
4,37351176;0,00000000;0,00000000
4,37361576;0,04336860;0,00000000
4,37371976;0,00000000;0,00000000
4,37382376;0,04336860;0,00000000
4,37392776;0,00000000;0,00000000
4,37403176;0,00000000;0,00000000
4,37413576;0,00000000;0,00000000
4,37423976;0,00000000;0,00000000
4,37434376;0,04336860;0,00000000
4,37444776;0,00000000;0,00000000
4,37455176;0,00000000;0,00000000
4,37465576;0,00000000;0,00000000
4,37475976;0,00000000;0,00000000
4,37486376;0,00000000;0,00000000
4,37496776;0,00000000;0,00000000
4,37507176;0,00000000;0,00000000
4,37517576;0,00000000;0,00000000
4,37527976;0,04336860;0,00000000
4,37538376;0,00000000;0,00000000
4,37548776;0,00000000;0,00000000
4,37559176;0,00000000;0,00000000
4,37569576;0,00000000;0,00000000
4,37579976;0,00000000;0,00000000
4,37590376;0,00000000;0,00000000
4,37600776;0,00000000;0,00000000
4,37611176;0,00000000;0,00000000
4,37621576;0,00000000;0,00000000
4,37631976;0,00000000;0,00000000
4,37642376;0,00000000;0,00000000
4,37652776;0,00000000;0,00000000
4,37663176;0,00000000;0,00000000
4,37673576;0,00000000;0,00000000
4,37683976;0,04336860;0,00000000
4,37694376;0,00000000;0,00000000
4,37704776;0,00000000;0,00000000
4,37715176;0,04336860;0,00000000
4,37725576;0,00000000;0,00000000
4,37735976;0,00000000;0,00000000
4,37746376;0,04336860;0,00000000
4,37756776;0,00000000;0,00000000
4,37767176;0,00000000;0,00000000
4,37777576;0,00000000;0,00000000
4,37787976;0,00000000;0,00000000
4,37798376;0,00000000;0,00000000
4,37808776;0,04336860;0,00000000
4,37819176;0,00000000;0,00000000
4,37829576;0,00000000;0,00000000
4,37839976;0,00000000;0,00000000
4,37850376;0,00000000;0,00000000
4,37860776;0,00000000;0,00000000
4,37871176;0,00000000;0,00000000
4,37881576;0,04336860;0,00000000
4,37891976;0,04336860;0,00000000
4,37902376;0,00000000;0,00000000
4,37912776;0,00000000;0,00000000
4,37923176;0,00000000;0,00000000
4,37933576;0,00000000;0,00000000
4,37943976;0,04336860;0,00000000
4,37954376;0,00000000;0,00000000
4,37964776;0,00000000;0,00000000
4,37975176;0,00000000;0,00000000
4,37985576;0,00000000;0,00000000
4,37995976;0,00000000;0,00000000
4,38006376;0,00000000;0,00000000
4,38016776;0,00000000;0,00000000
4,38027176;0,00000000;0,00000000
4,38037576;0,00000000;0,00000000
4,38047976;0,04336860;0,00000000
4,38058376;0,04336860;0,00000000
4,38068776;0,04336860;0,00000000
4,38079176;0,00000000;0,00000000
4,38089576;0,00000000;0,00000000
4,38099976;0,04336860;0,00000000
4,38110376;0,04336860;0,00000000
4,38120776;0,00000000;0,00000000
4,38131176;0,00000000;0,00000000
4,38141576;0,00000000;0,00000000
4,38151976;0,00000000;0,00000000
4,38162376;0,00000000;0,00000000
4,38172776;0,00000000;0,00000000
4,38183176;0,00000000;-0,01734744
4,38193576;0,04336860;0,00000000
4,38203976;0,00000000;0,00000000
4,38214376;0,00000000;0,00000000
4,38224776;0,00000000;0,00000000
4,38235176;0,00000000;0,00000000
4,38245576;0,04336860;0,00000000
4,38255976;0,00000000;0,00000000
4,38266376;0,00000000;0,00000000
4,38276776;0,00000000;0,00000000
4,38287176;0,00000000;0,00000000
4,38297576;0,00000000;0,00000000
4,38307976;0,04336860;0,00000000
4,38318376;0,00000000;0,00000000
4,38328776;0,00000000;0,00000000
4,38339176;0,00000000;0,00000000
4,38349576;0,00000000;0,00000000
4,38359976;0,00000000;0,00000000
4,38370376;0,04336860;0,00000000
4,38380776;0,04336860;0,00000000
4,38391176;0,00000000;0,00000000
4,38401576;0,00000000;0,00000000
4,38411976;0,00000000;0,00000000
4,38422376;0,00000000;0,00000000
4,38432776;0,04336860;0,00000000
4,38443176;0,00000000;0,00000000
4,38453576;0,00000000;0,00000000
4,38463976;0,00000000;0,00000000
4,38474376;0,04336860;0,00000000
4,38484776;0,00000000;0,00000000
4,38495176;0,00000000;0,00000000
4,38505576;0,00000000;0,00000000
4,38515976;0,00000000;0,00000000
4,38526376;0,00000000;-0,01734744
4,38536776;0,00000000;0,00000000
4,38547176;0,00000000;0,00000000
4,38557576;0,00000000;0,00000000
4,38567976;0,00000000;0,00000000
4,38578376;0,04336860;0,00000000
4,38588776;0,04336860;0,00000000
4,38599176;0,00000000;0,00000000
4,38609576;0,04336860;0,00000000
4,38619976;0,00000000;0,00000000
4,38630376;0,00000000;0,00000000
4,38640776;0,00000000;0,00000000
4,38651176;0,00000000;0,00000000
4,38661576;0,00000000;0,00000000
4,38671976;0,00000000;0,00000000
4,38682376;0,04336860;0,00000000
4,38692776;0,00000000;0,00000000
4,38703176;0,04336860;0,00000000
4,38713576;0,00000000;0,00000000
4,38723976;0,04336860;0,00000000
4,38734376;0,00000000;0,00000000
4,38744776;0,04336860;0,00000000
4,38755176;0,00000000;0,00000000
4,38765576;0,04336860;0,00000000
4,38775976;0,00000000;0,00000000
4,38786376;0,04336860;0,00000000
4,38796776;0,00000000;0,00000000
4,38807176;0,04336860;0,00000000
4,38817576;0,00000000;0,00000000
4,38827976;0,00000000;0,00000000
4,38838376;0,04336860;0,00000000
4,38848776;0,04336860;0,00000000
4,38859176;0,00000000;0,00000000
4,38869576;0,00000000;0,00000000
4,38879976;0,04336860;0,00000000
4,38890376;0,00000000;0,00000000
4,38900776;0,00000000;0,00000000
4,38911176;0,00000000;0,00000000
4,38921576;0,00000000;0,00000000
4,38931976;0,04336860;0,00000000
4,38942376;0,00000000;0,00000000
4,38952776;0,04336860;0,00000000
4,38963176;0,00000000;0,00000000
4,38973576;0,00000000;0,00000000
4,38983976;0,04336860;0,00000000
4,38994376;0,04336860;0,00000000
4,39004776;0,00000000;0,00000000
4,39015176;0,04336860;0,00000000
4,39025576;0,00000000;-0,01734744
4,39035976;0,00000000;0,00000000
4,39046376;0,04336860;0,00000000
4,39056776;0,00000000;0,00000000
4,39067176;0,04336860;0,00000000
4,39077576;0,00000000;0,00000000
4,39087976;0,00000000;0,00000000
4,39098376;0,04336860;0,00000000
4,39108776;0,04336860;0,00000000
4,39119176;0,04336860;0,00000000
4,39129576;0,00000000;0,00000000
4,39139976;0,00000000;0,00000000
4,39150376;0,04336860;0,00000000
4,39160776;0,00000000;0,00000000
4,39171176;0,00000000;0,00000000
4,39181576;0,00000000;0,00000000
4,39191976;0,00000000;0,00000000
4,39202376;0,04336860;0,00000000
4,39212776;0,04336860;0,00000000
4,39223176;0,04336860;0,00000000
4,39233576;0,04336860;0,00000000
4,39243976;0,00000000;0,00000000
4,39254376;0,04336860;0,00000000
4,39264776;0,00000000;0,00000000
4,39275176;0,04336860;0,00000000
4,39285576;0,00000000;0,00000000
4,39295976;0,00000000;0,00000000
4,39306376;0,00000000;0,00000000
4,39316776;0,00000000;0,00000000
4,39327176;0,04336860;0,00000000
4,39337576;0,00000000;0,00000000
4,39347976;0,00000000;0,00000000
4,39358376;0,00000000;0,00000000
4,39368776;0,00000000;0,00000000
4,39379176;0,00000000;0,00000000
4,39389576;0,04336860;0,00000000
4,39399976;0,00000000;0,00000000
4,39410376;0,00000000;0,00000000
4,39420776;0,04336860;0,00000000
4,39431176;0,04336860;0,00000000
4,39441576;0,04336860;0,00000000
4,39451976;0,04336860;0,00000000
4,39462376;0,00000000;0,00000000
4,39472776;0,04336860;0,00000000
4,39483176;0,04336860;0,00000000
4,39493576;0,00000000;0,00000000
4,39503976;0,00000000;0,00000000
4,39514376;0,00000000;0,00000000
4,39524776;0,00000000;0,00000000
4,39535176;0,00000000;0,00000000
4,39545576;0,00000000;0,00000000
4,39555976;0,00000000;-0,01734744
4,39566376;0,04336860;0,00000000
4,39576776;0,00000000;0,00000000
4,39587176;0,00000000;0,00000000
4,39597576;0,04336860;0,00000000
4,39607976;0,00000000;0,00000000
4,39618376;0,04336860;0,00000000
4,39628776;0,00000000;0,00000000
4,39639176;0,04336860;0,00000000
4,39649576;0,00000000;0,00000000
4,39659976;0,00000000;0,00000000
4,39670376;0,00000000;0,00000000
4,39680776;0,04336860;0,00000000
4,39691176;0,00000000;0,00000000
4,39701576;0,04336860;0,00000000
4,39711976;0,00000000;0,00000000
4,39722376;0,04336860;0,00000000
4,39732776;0,00000000;0,00000000
4,39743176;0,00000000;0,00000000
4,39753576;0,00000000;0,00000000
4,39763976;0,04336860;0,00000000
4,39774376;0,04336860;0,00000000
4,39784776;0,04336860;0,00000000
4,39795176;0,00000000;0,00000000
4,39805576;0,00000000;0,00000000
4,39815976;0,00000000;0,00000000
4,39826376;0,00000000;0,00000000
4,39836776;0,00000000;-0,01734744
4,39847176;0,00000000;0,00000000
4,39857576;0,00000000;0,00000000
4,39867976;0,00000000;0,00000000
4,39878376;0,00000000;0,00000000
4,39888776;0,00000000;0,00000000
4,39899176;0,04336860;0,00000000
4,39909576;0,00000000;0,00000000
4,39919976;0,00000000;0,00000000
4,39930376;0,04336860;0,00000000
4,39940776;0,00000000;0,00000000
4,39951176;0,00000000;0,00000000
4,39961576;0,00000000;0,00000000
4,39971976;0,00000000;0,00000000
4,39982376;0,00000000;0,00000000
4,39992776;0,00000000;0,00000000
4,40003176;0,04336860;0,00000000
4,40013576;0,00000000;0,00000000
4,40023976;0,00000000;0,00000000
4,40034376;0,00000000;0,00000000
4,40044776;0,00000000;0,00000000
4,40055176;0,00000000;0,00000000
4,40065576;0,00000000;0,00000000
4,40075976;0,00000000;0,00000000
4,40086376;0,04336860;0,00000000
4,40096776;0,00000000;0,00000000
4,40107176;0,00000000;0,00000000
4,40117576;0,00000000;0,00000000
4,40127976;0,00000000;0,00000000
4,40138376;0,00000000;0,00000000
4,40148776;0,00000000;0,00000000
4,40159176;0,00000000;0,00000000
4,40169576;0,00000000;0,00000000
4,40179976;0,04336860;0,00000000
4,40190376;0,04336860;0,00000000
4,40200776;0,04336860;0,00000000
4,40211176;0,00000000;0,00000000
4,40221576;0,00000000;0,00000000
4,40231976;0,00000000;0,00000000
4,40242376;0,00000000;0,00000000
4,40252776;0,00000000;0,00000000
4,40263176;0,00000000;0,00000000
4,40273576;0,04336860;0,00000000
4,40283976;0,04336860;0,00000000
4,40294376;0,00000000;0,00000000
4,40304776;0,00000000;0,00000000
4,40315176;0,00000000;0,00000000
4,40325576;0,00000000;0,00000000
4,40335976;0,04336860;0,00000000
4,40346376;0,04336860;0,00000000
4,40356776;0,00000000;0,00000000
4,40367176;0,04336860;0,00000000
4,40377576;0,00000000;0,00000000
4,40387976;0,00000000;0,00000000
4,40398376;0,04336860;0,00000000
4,40408776;0,00000000;-0,01734744
4,40419176;0,00000000;0,00000000
4,40429576;0,00000000;0,00000000
4,40439976;0,04336860;0,00000000
4,40450376;0,00000000;0,00000000
4,40460776;0,00000000;0,00000000
4,40471176;0,00000000;0,00000000
4,40481576;0,04336860;0,00000000
4,40491976;0,04336860;0,00000000
4,40502376;0,04336860;0,00000000
4,40512776;0,00000000;0,00000000
4,40523176;0,00000000;0,00000000
4,40533576;0,00000000;0,00000000
4,40543976;0,00000000;0,00000000
4,40554376;0,04336860;0,00000000
4,40564776;0,00000000;0,00000000
4,40575176;0,00000000;0,00000000
4,40585576;0,00000000;0,00000000
4,40595976;0,00000000;0,00000000
4,40606376;0,00000000;0,00000000
4,40616776;0,00000000;0,00000000
4,40627176;0,00000000;0,00000000
4,40637576;0,04336860;0,00000000
4,40647976;0,00000000;0,00000000
4,40658376;0,00000000;0,00000000
4,40668776;0,00000000;0,00000000
4,40679176;0,04336860;0,00000000
4,40689576;0,00000000;0,00000000
4,40699976;0,04336860;0,00000000
4,40710376;0,04336860;0,00000000
4,40720776;0,00000000;0,00000000
4,40731176;0,00000000;0,00000000
4,40741576;0,00000000;0,00000000
4,40751976;0,00000000;0,00000000
4,40762376;0,00000000;0,00000000
4,40772776;0,00000000;0,00000000
4,40783176;0,00000000;0,00000000
4,40793576;0,00000000;0,00000000
4,40803976;0,04336860;0,00000000
4,40814376;0,00000000;0,00000000
4,40824776;0,00000000;0,00000000
4,40835176;0,04336860;0,00000000
4,40845576;0,00000000;0,00000000
4,40855976;0,00000000;0,00000000
4,40866376;0,00000000;0,00000000
4,40876776;0,00000000;0,00000000
4,40887176;0,00000000;0,00000000
4,40897576;0,00000000;0,00000000
4,40907976;0,00000000;0,00000000
4,40918376;0,00000000;0,00000000
4,40928776;0,00000000;0,00000000
4,40939176;0,00000000;0,00000000
4,40949576;0,00000000;0,00000000
4,40959976;0,00000000;0,00000000
4,40970376;0,00000000;0,00000000
4,40980776;0,00000000;0,00000000
4,40991176;0,00000000;0,00000000
4,41001576;0,04336860;0,00000000
4,41011976;0,04336860;0,00000000
4,41022376;0,00000000;0,00000000
4,41032776;0,00000000;-0,01734744
4,41043176;0,04336860;0,00000000
4,41053576;0,00000000;0,00000000
4,41063976;0,04336860;0,00000000
4,41074376;0,00000000;0,00000000
4,41084776;0,00000000;0,00000000
4,41095176;0,00000000;0,00000000
4,41105576;0,00000000;0,00000000
4,41115976;0,00000000;0,00000000
4,41126376;0,04336860;0,00000000
4,41136776;0,04336860;0,00000000
4,41147176;0,00000000;0,00000000
4,41157576;0,00000000;0,00000000
4,41167976;0,00000000;0,00000000
4,41178376;0,00000000;0,00000000
4,41188776;0,00000000;0,00000000
4,41199176;0,00000000;0,00000000
4,41209576;0,00000000;0,00000000
4,41219976;0,00000000;0,00000000
4,41230376;0,00000000;0,00000000
4,41240776;0,00000000;0,00000000
4,41251176;0,00000000;0,00000000
4,41261576;0,00000000;0,00000000
4,41271976;0,00000000;0,00000000
4,41282376;0,00000000;0,00000000
4,41292776;0,00000000;0,00000000
4,41303176;0,00000000;0,00000000
4,41313576;0,04336860;0,00000000
4,41323976;0,00000000;0,00000000
4,41334376;0,00000000;0,00000000
4,41344776;0,04336860;0,00000000
4,41355176;0,00000000;0,00000000
4,41365576;0,00000000;0,00000000
4,41375976;0,00000000;0,00000000
4,41386376;0,04336860;0,00000000
4,41396776;0,00000000;0,00000000
4,41407176;0,00000000;0,00000000
4,41417576;0,00000000;0,00000000
4,41427976;0,00000000;0,00000000
4,41438376;0,00000000;0,00000000
4,41448776;0,04336860;0,00000000
4,41459176;0,00000000;0,00000000
4,41469576;0,04336860;0,00000000
4,41479976;0,04336860;0,00000000
4,41490376;0,00000000;0,00000000
4,41500776;0,00000000;0,00000000
4,41511176;0,00000000;0,00000000
4,41521576;0,04336860;0,00000000
4,41531976;0,00000000;0,00000000
4,41542376;0,00000000;0,00000000
4,41552776;0,00000000;0,00000000
4,41563176;0,00000000;0,00000000
4,41573576;0,00000000;0,00000000
4,41583976;0,00000000;0,00000000
4,41594376;0,00000000;0,00000000
4,41604776;0,00000000;0,00000000
4,41615176;0,04336860;0,00000000
4,41625576;0,04336860;0,00000000
4,41635976;0,00000000;0,00000000
4,41646376;0,00000000;0,00000000
4,41656776;0,04336860;0,00000000
4,41667176;0,00000000;0,00000000
4,41677576;0,00000000;0,00000000
4,41687976;0,00000000;0,00000000
4,41698376;0,04336860;0,00000000
4,41708776;0,04336860;0,00000000
4,41719176;0,04336860;0,00000000
4,41729576;0,00000000;0,00000000
4,41739976;0,04336860;0,00000000
4,41750376;0,00000000;0,00000000
4,41760776;0,00000000;0,00000000
4,41771176;0,00000000;0,00000000
4,41781576;0,04336860;0,00000000
4,41791976;0,00000000;0,00000000
4,41802376;0,04336860;0,00000000
4,41812776;0,04336860;0,00000000
4,41823176;0,00000000;0,00000000
4,41833576;0,00000000;0,00000000
4,41843976;0,00000000;0,00000000
4,41854376;0,00000000;0,00000000
4,41864776;0,04336860;0,00000000
4,41875176;0,00000000;0,00000000
4,41885576;0,00000000;0,00000000
4,41895976;0,04336860;0,00000000
4,41906376;0,00000000;0,00000000
4,41916776;0,00000000;0,00000000
4,41927176;0,00000000;0,00000000
4,41937576;0,00000000;0,00000000
4,41947976;0,00000000;0,00000000
4,41958376;0,00000000;0,00000000
4,41968776;0,00000000;0,00000000
4,41979176;0,00000000;0,00000000
4,41989576;0,04336860;0,00000000
4,41999976;0,00000000;0,00000000
4,42010376;0,00000000;0,00000000
4,42020776;0,00000000;0,00000000
4,42031176;0,00000000;0,00000000
4,42041576;0,04336860;0,00000000
4,42051976;0,00000000;0,00000000
4,42062376;0,00000000;0,00000000
4,42072776;0,04336860;0,00000000
4,42083176;0,04336860;0,00000000
4,42093576;0,00000000;0,00000000
4,42103976;0,00000000;0,00000000
4,42114376;0,00000000;-0,01734744
4,42124776;0,00000000;0,00000000
4,42135176;0,00000000;0,00000000
4,42145576;0,00000000;0,00000000
4,42155976;0,00000000;-0,01734744
4,42166376;0,00000000;0,00000000
4,42176776;0,00000000;0,00000000
4,42187176;0,00000000;0,00000000
4,42197576;0,04336860;0,00000000
4,42207976;0,00000000;0,00000000
4,42218376;0,00000000;0,00000000
4,42228776;0,04336860;-0,01734744
4,42239176;0,04336860;0,00000000
4,42249576;0,00000000;0,00000000
4,42259976;0,04336860;0,00000000
4,42270376;0,00000000;0,00000000
4,42280776;0,00000000;0,00000000
4,42291176;0,00000000;0,00000000
4,42301576;0,04336860;0,00000000
4,42311976;0,04336860;0,00000000
4,42322376;0,00000000;0,00000000
4,42332776;0,00000000;0,00000000
4,42343176;0,00000000;0,00000000
4,42353576;0,04336860;0,00000000
4,42363976;0,04336860;0,00000000
4,42374376;0,00000000;0,00000000
4,42384776;0,00000000;0,00000000
4,42395176;0,04336860;0,00000000
4,42405576;0,00000000;0,00000000
4,42415976;0,04336860;0,00000000
4,42426376;0,04336860;0,00000000
4,42436776;0,04336860;0,00000000
4,42447176;0,04336860;0,00000000
4,42457576;0,00000000;0,00000000
4,42467976;0,00000000;0,00000000
4,42478376;0,04336860;0,00000000
4,42488776;0,00000000;0,00000000
4,42499176;0,00000000;0,00000000
4,42509576;0,00000000;0,00000000
4,42519976;0,00000000;-0,01734744
4,42530376;0,04336860;0,00000000
4,42540776;0,00000000;0,00000000
4,42551176;0,04336860;0,00000000
4,42561576;0,00000000;0,00000000
4,42571976;0,00000000;0,00000000
4,42582376;0,00000000;0,00000000
4,42592776;0,00000000;0,00000000
4,42603176;0,04336860;0,00000000
4,42613576;0,00000000;0,00000000
4,42623976;0,04336860;0,00000000
4,42634376;0,00000000;0,00000000
4,42644776;0,04336860;0,00000000
4,42655176;0,00000000;0,00000000
4,42665576;0,00000000;-0,01734744
4,42675976;0,00000000;0,00000000
4,42686376;0,00000000;0,00000000
4,42696776;0,04336860;-0,01734744
4,42707176;0,00000000;0,00000000
4,42717576;0,00000000;0,00000000
4,42727976;0,00000000;0,00000000
4,42738376;0,00000000;0,00000000
4,42748776;0,00000000;0,00000000
4,42759176;0,00000000;0,00000000
4,42769576;0,00000000;0,00000000
4,42779976;0,00000000;0,00000000
4,42790376;0,04336860;0,00000000
4,42800776;0,04336860;0,00000000
4,42811176;0,00000000;0,00000000
4,42821576;0,00000000;0,00000000
4,42831976;0,00000000;0,00000000
4,42842376;0,00000000;0,00000000
4,42852776;0,00000000;0,00000000
4,42863176;0,00000000;0,00000000
4,42873576;0,04336860;0,00000000
4,42883976;0,04336860;0,00000000
4,42894376;0,04336860;0,00000000
4,42904776;0,04336860;0,00000000
4,42915176;0,00000000;0,00000000
4,42925576;0,00000000;0,00000000
4,42935976;0,04336860;0,00000000
4,42946376;0,04336860;0,00000000
4,42956776;0,00000000;0,00000000
4,42967176;0,00000000;0,00000000
4,42977576;0,00000000;0,00000000
4,42987976;0,00000000;0,00000000
4,42998376;0,00000000;0,00000000
4,43008776;0,00000000;0,00000000
4,43019176;0,04336860;0,00000000
4,43029576;0,04336860;0,00000000
4,43039976;0,04336860;0,00000000
4,43050376;0,04336860;0,00000000
4,43060776;0,00000000;0,00000000
4,43071176;0,00000000;0,00000000
4,43081576;0,00000000;0,00000000
4,43091976;0,00000000;0,00000000
4,43102376;0,00000000;0,00000000
4,43112776;0,04336860;0,00000000
4,43123176;0,00000000;0,00000000
4,43133576;0,00000000;0,00000000
4,43143976;0,00000000;0,00000000
4,43154376;0,00000000;0,00000000
4,43164776;0,00000000;0,00000000
4,43175176;0,04336860;-0,01734744
4,43185576;0,00000000;0,00000000
4,43195976;0,04336860;0,00000000
4,43206376;0,00000000;0,00000000
4,43216776;0,00000000;-0,01734744
4,43227176;0,00000000;0,00000000
4,43237576;0,00000000;0,00000000
4,43247976;0,04336860;0,00000000
4,43258376;0,00000000;0,00000000
4,43268776;0,00000000;0,00000000
4,43279176;0,00000000;-0,01734744
4,43289576;0,00000000;0,00000000
4,43299976;0,00000000;0,00000000
4,43310376;0,00000000;0,00000000
4,43320776;0,04336860;0,00000000
4,43331176;0,04336860;0,00000000
4,43341576;0,00000000;0,00000000
4,43351976;0,00000000;0,00000000
4,43362376;0,00000000;0,00000000
4,43372776;0,00000000;0,00000000
4,43383176;0,00000000;0,00000000
4,43393576;0,00000000;0,00000000
4,43403976;0,04336860;0,00000000
4,43414376;0,00000000;0,00000000
4,43424776;0,00000000;0,00000000
4,43435176;0,00000000;0,00000000
4,43445576;0,00000000;0,00000000
4,43455976;0,00000000;0,00000000
4,43466376;0,04336860;0,00000000
4,43476776;0,00000000;0,00000000
4,43487176;0,00000000;0,00000000
4,43497576;0,04336860;0,00000000
4,43507976;0,04336860;0,00000000
4,43518376;0,00000000;0,00000000
4,43528776;0,00000000;0,00000000
4,43539176;0,00000000;0,00000000
4,43549576;0,00000000;0,00000000
4,43559976;0,00000000;0,00000000
4,43570376;0,00000000;0,00000000
4,43580776;0,00000000;0,00000000
4,43591176;0,00000000;0,00000000
4,43601576;0,00000000;0,00000000
4,43611976;0,00000000;0,00000000
4,43622376;0,00000000;0,00000000
4,43632776;0,00000000;0,00000000
4,43643176;0,00000000;0,00000000
4,43653576;0,04336860;0,00000000
4,43663976;0,00000000;0,00000000
4,43674376;0,00000000;0,00000000
4,43684776;0,00000000;0,00000000
4,43695176;0,04336860;0,00000000
4,43705576;0,04336860;0,00000000
4,43715976;0,00000000;0,00000000
4,43726376;0,00000000;0,00000000
4,43736776;0,00000000;0,00000000
4,43747176;0,00000000;0,00000000
4,43757576;0,04336860;0,00000000
4,43767976;0,00000000;0,00000000
4,43778376;0,00000000;0,00000000
4,43788776;0,04336860;0,00000000
4,43799176;0,00000000;0,00000000
4,43809576;0,04336860;0,00000000
4,43819976;0,04336860;0,00000000
4,43830376;0,00000000;0,00000000
4,43840776;0,04336860;0,00000000
4,43851176;0,04336860;0,00000000
4,43861576;0,00000000;0,00000000
4,43871976;0,04336860;0,00000000
4,43882376;0,00000000;0,00000000
4,43892776;0,04336860;0,00000000
4,43903176;0,00000000;0,00000000
4,43913576;0,00000000;0,00000000
4,43923976;0,00000000;0,00000000
4,43934376;0,00000000;0,00000000
4,43944776;0,00000000;0,00000000
4,43955176;0,04336860;0,00000000
4,43965576;0,04336860;0,00000000
4,43975976;0,04336860;0,00000000
4,43986376;0,00000000;0,00000000
4,43996776;0,00000000;0,00000000
4,44007176;0,00000000;0,00000000
4,44017576;0,00000000;0,00000000
4,44027976;0,00000000;0,00000000
4,44038376;0,00000000;0,00000000
4,44048776;0,00000000;0,00000000
4,44059176;0,00000000;0,00000000
4,44069576;0,00000000;0,00000000
4,44079976;0,04336860;0,00000000
4,44090376;0,00000000;0,00000000
4,44100776;0,04336860;0,00000000
4,44111176;0,04336860;0,00000000
4,44121576;0,00000000;0,00000000
4,44131976;0,04336860;0,00000000
4,44142376;0,00000000;0,00000000
4,44152776;0,00000000;-0,01734744
4,44163176;0,00000000;-0,01734744
4,44173576;0,00000000;0,00000000
4,44183976;0,00000000;0,00000000
4,44194376;0,00000000;0,00000000
4,44204776;0,00000000;0,00000000
4,44215176;0,00000000;0,00000000
4,44225576;0,00000000;0,00000000
4,44235976;0,00000000;0,00000000
4,44246376;0,00000000;0,00000000
4,44256776;0,00000000;0,00000000
4,44267176;0,00000000;0,00000000
4,44277576;0,04336860;0,00000000
4,44287976;0,04336860;0,00000000
4,44298376;0,04336860;0,00000000
4,44308776;0,00000000;0,00000000
4,44319176;0,00000000;0,00000000
4,44329576;0,04336860;0,00000000
4,44339976;0,00000000;0,00000000
4,44350376;0,00000000;0,00000000
4,44360776;0,00000000;0,00000000
4,44371176;0,00000000;0,00000000
4,44381576;0,00000000;0,00000000
4,44391976;0,04336860;0,00000000
4,44402376;0,00000000;0,00000000
4,44412776;0,04336860;0,00000000
4,44423176;0,00000000;0,00000000
4,44433576;0,04336860;0,00000000
4,44443976;0,00000000;0,00000000
4,44454376;0,04336860;0,00000000
4,44464776;0,00000000;0,00000000
4,44475176;0,00000000;0,00000000
4,44485576;0,00000000;0,00000000
4,44495976;0,04336860;0,00000000
4,44506376;0,00000000;0,00000000
4,44516776;0,00000000;0,00000000
4,44527176;0,00000000;0,00000000
4,44537576;0,00000000;0,00000000
4,44547976;0,00000000;0,00000000
4,44558376;0,00000000;0,00000000
4,44568776;0,04336860;0,00000000
4,44579176;0,04336860;0,00000000
4,44589576;0,00000000;0,00000000
4,44599976;0,00000000;-0,01734744
4,44610376;0,04336860;-0,01734744
4,44620776;0,00000000;0,00000000
4,44631176;0,00000000;0,00000000
4,44641576;0,00000000;0,00000000
4,44651976;0,00000000;-0,01734744
4,44662376;0,00000000;0,00000000
4,44672776;0,00000000;0,00000000
4,44683176;0,04336860;0,00000000
4,44693576;0,00000000;0,00000000
4,44703976;0,04336860;0,00000000
4,44714376;0,00000000;0,00000000
4,44724776;0,04336860;0,00000000
4,44735176;0,00000000;0,00000000
4,44745576;0,04336860;0,00000000
4,44755976;0,00000000;0,00000000
4,44766376;0,00000000;0,00000000
4,44776776;0,00000000;0,00000000
4,44787176;0,04336860;0,00000000
4,44797576;0,00000000;0,00000000
4,44807976;0,04336860;0,00000000
4,44818376;0,04336860;0,00000000
4,44828776;0,00000000;0,00000000
4,44839176;0,04336860;0,00000000
4,44849576;0,00000000;0,00000000
4,44859976;0,00000000;0,00000000
4,44870376;0,00000000;0,00000000
4,44880776;0,04336860;0,00000000
4,44891176;0,04336860;0,00000000
4,44901576;0,00000000;0,00000000
4,44911976;0,00000000;0,00000000
4,44922376;0,00000000;0,00000000
4,44932776;0,00000000;0,00000000
4,44943176;0,00000000;0,00000000
4,44953576;0,00000000;0,00000000
4,44963976;0,04336860;0,00000000
4,44974376;0,00000000;0,00000000
4,44984776;0,00000000;0,00000000
4,44995176;0,00000000;0,00000000
4,45005576;0,00000000;0,00000000
4,45015976;0,04336860;0,00000000
4,45026376;0,04336860;0,00000000
4,45036776;0,00000000;0,00000000
4,45047176;0,00000000;0,00000000
4,45057576;0,00000000;0,00000000
4,45067976;0,04336860;0,00000000
4,45078376;0,00000000;0,00000000
4,45088776;0,04336860;0,00000000
4,45099176;0,04336860;0,00000000
4,45109576;0,00000000;0,00000000
4,45119976;0,00000000;0,00000000
4,45130376;0,00000000;0,00000000
4,45140776;0,00000000;0,00000000
4,45151176;0,00000000;0,00000000
4,45161576;0,04336860;0,00000000
4,45171976;0,00000000;0,00000000
4,45182376;0,00000000;0,00000000
4,45192776;0,04336860;0,00000000
4,45203176;0,00000000;0,00000000
4,45213576;0,00000000;0,00000000
4,45223976;0,04336860;0,00000000
4,45234376;0,00000000;0,00000000
4,45244776;0,00000000;0,00000000
4,45255176;0,00000000;0,00000000
4,45265576;0,00000000;0,00000000
4,45275976;0,00000000;0,00000000
4,45286376;0,04336860;0,00000000
4,45296776;0,00000000;0,00000000
4,45307176;0,00000000;0,00000000
4,45317576;0,00000000;0,00000000
4,45327976;0,00000000;0,00000000
4,45338376;0,00000000;0,00000000
4,45348776;0,00000000;0,00000000
4,45359176;0,00000000;0,00000000
4,45369576;0,00000000;0,00000000
4,45379976;0,00000000;0,00000000
4,45390376;0,00000000;0,00000000
4,45400776;0,00000000;0,00000000
4,45411176;0,00000000;0,00000000
4,45421576;0,04336860;0,00000000
4,45431976;0,00000000;0,00000000
4,45442376;0,00000000;0,00000000
4,45452776;0,00000000;0,00000000
4,45463176;0,04336860;0,00000000
4,45473576;0,00000000;0,00000000
4,45483976;0,04336860;0,00000000
4,45494376;0,04336860;0,00000000
4,45504776;0,00000000;0,00000000
4,45515176;0,00000000;0,00000000
4,45525576;0,04336860;0,00000000
4,45535976;0,00000000;0,00000000
4,45546376;0,04336860;0,00000000
4,45556776;0,00000000;0,00000000
4,45567176;0,00000000;0,00000000
4,45577576;0,00000000;0,00000000
4,45587976;0,00000000;0,00000000
4,45598376;0,00000000;-0,01734744
4,45608776;0,00000000;0,00000000
4,45619176;0,00000000;0,00000000
4,45629576;0,00000000;0,00000000
4,45639976;0,00000000;0,00000000
4,45650376;0,00000000;0,00000000
4,45660776;0,00000000;0,00000000
4,45671176;0,00000000;0,00000000
4,45681576;0,00000000;0,00000000
4,45691976;0,00000000;0,00000000
4,45702376;0,04336860;0,00000000
4,45712776;0,00000000;0,00000000
4,45723176;0,00000000;0,00000000
4,45733576;0,00000000;0,00000000
4,45743976;0,04336860;0,00000000
4,45754376;0,04336860;0,00000000
4,45764776;0,00000000;0,00000000
4,45775176;0,00000000;0,00000000
4,45785576;0,00000000;0,00000000
4,45795976;0,00000000;0,00000000
4,45806376;0,04336860;0,00000000
4,45816776;0,00000000;0,00000000
4,45827176;0,00000000;0,00000000
4,45837576;0,04336860;0,00000000
4,45847976;0,04336860;0,00000000
4,45858376;0,00000000;0,00000000
4,45868776;0,04336860;0,00000000
4,45879176;0,04336860;0,00000000
4,45889576;0,00000000;0,00000000
4,45899976;0,00000000;0,00000000
4,45910376;0,04336860;0,00000000
4,45920776;0,00000000;0,00000000
4,45931176;0,00000000;0,00000000
4,45941576;0,00000000;0,00000000
4,45951976;0,00000000;0,00000000
4,45962376;0,00000000;0,00000000
4,45972776;0,00000000;-0,01734744
4,45983176;0,00000000;0,00000000
4,45993576;0,00000000;0,00000000
4,46003976;0,00000000;0,00000000
4,46014376;0,04336860;0,00000000
4,46024776;0,00000000;0,00000000
4,46035176;0,04336860;0,00000000
4,46045576;0,00000000;0,00000000
4,46055976;0,04336860;0,00000000
4,46066376;0,00000000;0,00000000
4,46076776;0,04336860;0,00000000
4,46087176;0,00000000;0,00000000
4,46097576;0,00000000;0,00000000
4,46107976;0,00000000;0,00000000
4,46118376;0,00000000;0,00000000
4,46128776;0,00000000;0,00000000
4,46139176;0,04336860;0,00000000
4,46149576;0,04336860;0,00000000
4,46159976;0,04336860;0,00000000
4,46170376;0,04336860;0,00000000
4,46180776;0,00000000;0,00000000
4,46191176;0,00000000;0,00000000
4,46201576;0,00000000;0,00000000
4,46211976;0,00000000;0,00000000
4,46222376;0,00000000;0,00000000
4,46232776;0,00000000;0,00000000
4,46243176;0,04336860;0,00000000
4,46253576;0,00000000;0,00000000
4,46263976;0,00000000;0,00000000
4,46274376;0,00000000;0,00000000
4,46284776;0,00000000;0,00000000
4,46295176;0,00000000;0,00000000
4,46305576;0,00000000;0,00000000
4,46315976;0,00000000;-0,01734744
4,46326376;0,00000000;-0,01734744
4,46336776;0,00000000;0,00000000
4,46347176;0,04336860;0,00000000
4,46357576;0,00000000;0,00000000
4,46367976;0,00000000;0,00000000
4,46378376;0,00000000;0,00000000
4,46388776;0,00000000;0,00000000
4,46399176;0,00000000;0,00000000
4,46409576;0,04336860;0,00000000
4,46419976;0,00000000;0,00000000
4,46430376;0,00000000;0,00000000
4,46440776;0,04336860;0,00000000
4,46451176;0,00000000;0,00000000
4,46461576;0,00000000;0,00000000
4,46471976;0,00000000;0,00000000
4,46482376;0,00000000;0,00000000
4,46492776;0,00000000;0,00000000
4,46503176;0,04336860;0,00000000
4,46513576;0,00000000;0,00000000
4,46523976;0,00000000;0,00000000
4,46534376;0,04336860;0,00000000
4,46544776;0,00000000;0,00000000
4,46555176;0,00000000;0,00000000
4,46565576;0,04336860;0,00000000
4,46575976;0,00000000;0,00000000
4,46586376;0,00000000;-0,01734744
4,46596776;0,00000000;0,00000000
4,46607176;0,00000000;0,00000000
4,46617576;0,00000000;0,00000000
4,46627976;0,00000000;0,00000000
4,46638376;0,00000000;-0,01734744
4,46648776;0,00000000;0,00000000
4,46659176;0,04336860;0,00000000
4,46669576;0,04336860;0,00000000
4,46679976;0,00000000;0,00000000
4,46690376;0,00000000;0,00000000
4,46700776;0,00000000;0,00000000
4,46711176;0,00000000;0,00000000
4,46721576;0,00000000;0,00000000
4,46731976;0,00000000;0,00000000
4,46742376;0,00000000;0,00000000
4,46752776;0,00000000;0,00000000
4,46763176;0,00000000;0,00000000
4,46773576;0,00000000;-0,01734744
4,46783976;0,00000000;0,00000000
4,46794376;0,00000000;0,00000000
4,46804776;0,04336860;0,00000000
4,46815176;0,00000000;-0,01734744
4,46825576;0,00000000;0,00000000
4,46835976;0,00000000;0,00000000
4,46846376;0,00000000;0,00000000
4,46856776;0,00000000;0,00000000
4,46867176;0,04336860;0,00000000
4,46877576;0,00000000;0,00000000
4,46887976;0,00000000;0,00000000
4,46898376;0,00000000;0,00000000
4,46908776;0,00000000;0,00000000
4,46919176;0,04336860;0,00000000
4,46929576;0,00000000;0,00000000
4,46939976;0,04336860;0,00000000
4,46950376;0,00000000;0,00000000
4,46960776;0,04336860;-0,01734744
4,46971176;0,00000000;0,00000000
4,46981576;0,00000000;0,00000000
4,46991976;0,00000000;0,00000000
4,47002376;0,00000000;-0,01734744
4,47012776;0,00000000;0,00000000
4,47023176;0,00000000;0,00000000
4,47033576;0,00000000;-0,01734744
4,47043976;0,04336860;0,00000000
4,47054376;0,00000000;0,00000000
4,47064776;0,04336860;0,00000000
4,47075176;0,00000000;0,00000000
4,47085576;0,04336860;0,00000000
4,47095976;0,00000000;0,00000000
4,47106376;0,00000000;-0,01734744
4,47116776;0,04336860;0,00000000
4,47127176;0,04336860;0,00000000
4,47137576;0,00000000;0,00000000
4,47147976;0,00000000;0,00000000
4,47158376;0,00000000;0,00000000
4,47168776;0,00000000;0,00000000
4,47179176;0,00000000;0,00000000
4,47189576;0,00000000;0,00000000
4,47199976;0,04336860;0,00000000
4,47210376;0,00000000;0,00000000
4,47220776;0,00000000;0,00000000
4,47231176;0,00000000;0,00000000
4,47241576;0,00000000;-0,01734744
4,47251976;0,00000000;0,00000000
4,47262376;0,00000000;0,00000000
4,47272776;0,00000000;0,00000000
4,47283176;0,00000000;0,00000000
4,47293576;0,00000000;0,00000000
4,47303976;0,00000000;0,00000000
4,47314376;0,00000000;-0,01734744
4,47324776;0,04336860;0,00000000
4,47335176;0,00000000;0,00000000
4,47345576;0,04336860;0,00000000
4,47355976;0,00000000;0,00000000
4,47366376;0,00000000;0,00000000
4,47376776;0,00000000;0,00000000
4,47387176;0,00000000;0,00000000
4,47397576;0,00000000;0,00000000
4,47407976;0,00000000;0,00000000
4,47418376;0,00000000;0,00000000
4,47428776;0,00000000;0,00000000
4,47439176;0,04336860;0,00000000
4,47449576;0,00000000;0,00000000
4,47459976;0,00000000;-0,01734744
4,47470376;0,00000000;0,00000000
4,47480776;0,00000000;0,00000000
4,47491176;0,00000000;0,00000000
4,47501576;0,04336860;0,00000000
4,47511976;0,00000000;0,00000000
4,47522376;0,04336860;0,00000000
4,47532776;0,04336860;0,00000000
4,47543176;0,00000000;0,00000000
4,47553576;0,00000000;0,00000000
4,47563976;0,00000000;0,00000000
4,47574376;0,00000000;0,00000000
4,47584776;0,04336860;0,00000000
4,47595176;0,00000000;0,00000000
4,47605576;0,04336860;0,00000000
4,47615976;0,00000000;0,00000000
4,47626376;0,04336860;0,00000000
4,47636776;0,04336860;0,00000000
4,47647176;0,00000000;-0,01734744
4,47657576;0,00000000;0,00000000
4,47667976;0,04336860;0,00000000
4,47678376;0,04336860;0,00000000
4,47688776;0,00000000;0,00000000
4,47699176;0,04336860;0,00000000
4,47709576;0,00000000;0,00000000
4,47719976;0,00000000;0,00000000
4,47730376;0,00000000;0,00000000
4,47740776;0,00000000;0,00000000
4,47751176;0,00000000;0,00000000
4,47761576;0,00000000;0,00000000
4,47771976;0,00000000;0,00000000
4,47782376;0,04336860;0,00000000
4,47792776;0,00000000;0,00000000
4,47803176;0,00000000;0,00000000
4,47813576;0,00000000;-0,01734744
4,47823976;0,00000000;0,00000000
4,47834376;0,00000000;0,00000000
4,47844776;0,04336860;0,00000000
4,47855176;0,00000000;0,00000000
4,47865576;0,00000000;0,00000000
4,47875976;0,00000000;0,00000000
4,47886376;0,04336860;0,00000000
4,47896776;0,00000000;0,00000000
4,47907176;0,00000000;0,00000000
4,47917576;0,00000000;0,00000000
4,47927976;0,00000000;0,00000000
4,47938376;0,00000000;0,00000000
4,47948776;0,04336860;0,00000000
4,47959176;0,00000000;0,00000000
4,47969576;0,00000000;0,00000000
4,47979976;0,00000000;0,00000000
4,47990376;0,00000000;0,00000000
4,48000776;0,00000000;0,00000000
4,48011176;0,00000000;0,00000000
4,48021576;0,00000000;0,00000000
4,48031976;0,00000000;0,00000000
4,48042376;0,00000000;0,00000000
4,48052776;0,00000000;0,00000000
4,48063176;0,00000000;0,00000000
4,48073576;0,00000000;0,00000000
4,48083976;0,00000000;0,00000000
4,48094376;0,00000000;0,00000000
4,48104776;0,00000000;-0,01734744
4,48115176;0,00000000;0,00000000
4,48125576;0,00000000;0,00000000
4,48135976;0,00000000;0,00000000
4,48146376;0,00000000;0,00000000
4,48156776;0,00000000;0,00000000
4,48167176;0,00000000;0,00000000
4,48177576;0,00000000;0,00000000
4,48187976;0,00000000;0,00000000
4,48198376;0,04336860;0,00000000
4,48208776;0,00000000;0,00000000
4,48219176;0,00000000;0,00000000
4,48229576;0,00000000;0,00000000
4,48239976;0,00000000;-0,01734744
4,48250376;0,00000000;0,00000000
4,48260776;0,00000000;0,00000000
4,48271176;0,00000000;0,00000000
4,48281576;0,00000000;0,00000000
4,48291976;0,00000000;0,00000000
4,48302376;0,00000000;0,00000000
4,48312776;0,04336860;0,00000000
4,48323176;0,04336860;0,00000000
4,48333576;0,00000000;-0,01734744
4,48343976;0,00000000;0,00000000
4,48354376;0,00000000;0,00000000
4,48364776;0,00000000;0,00000000
4,48375176;0,00000000;0,00000000
4,48385576;0,00000000;0,00000000
4,48395976;0,00000000;0,00000000
4,48406376;0,04336860;0,00000000
4,48416776;0,00000000;0,00000000
4,48427176;0,00000000;0,00000000
4,48437576;0,00000000;0,00000000
4,48447976;0,00000000;0,00000000
4,48458376;0,00000000;0,00000000
4,48468776;0,00000000;0,00000000
4,48479176;0,00000000;0,00000000
4,48489576;0,00000000;0,00000000
4,48499976;0,00000000;0,00000000
4,48510376;0,00000000;0,00000000
4,48520776;0,04336860;0,00000000
4,48531176;0,00000000;0,00000000
4,48541576;0,00000000;0,00000000
4,48551976;0,00000000;0,00000000
4,48562376;0,00000000;0,00000000
4,48572776;0,00000000;0,00000000
4,48583176;0,00000000;0,00000000
4,48593576;0,00000000;0,00000000
4,48603976;0,00000000;0,00000000
4,48614376;0,00000000;0,00000000
4,48624776;0,00000000;0,00000000
4,48635176;0,04336860;0,00000000
4,48645576;0,04336860;0,00000000
4,48655976;0,00000000;0,00000000
4,48666376;0,04336860;-0,01734744
4,48676776;0,04336860;0,00000000
4,48687176;0,04336860;0,00000000
4,48697576;0,00000000;0,00000000
4,48707976;0,00000000;0,00000000
4,48718376;0,00000000;0,00000000
4,48728776;0,00000000;0,00000000
4,48739176;0,04336860;0,00000000
4,48749576;0,00000000;0,00000000
4,48759976;0,00000000;0,00000000
4,48770376;0,00000000;0,00000000
4,48780776;0,00000000;0,00000000
4,48791176;0,04336860;0,00000000
4,48801576;0,04336860;0,00000000
4,48811976;0,04336860;0,00000000
4,48822376;0,00000000;0,00000000
4,48832776;0,00000000;0,00000000
4,48843176;0,00000000;0,00000000
4,48853576;0,00000000;0,00000000
4,48863976;0,00000000;0,00000000
4,48874376;0,04336860;0,00000000
4,48884776;0,00000000;0,00000000
4,48895176;0,00000000;0,00000000
4,48905576;0,04336860;0,00000000
4,48915976;0,00000000;0,00000000
4,48926376;0,04336860;0,00000000
4,48936776;0,04336860;0,00000000
4,48947176;0,04336860;0,00000000
4,48957576;0,00000000;0,00000000
4,48967976;0,04336860;0,00000000
4,48978376;0,00000000;0,00000000
4,48988776;0,00000000;0,00000000
4,48999176;0,00000000;0,00000000
4,49009576;0,00000000;0,00000000
4,49019976;0,00000000;0,00000000
4,49030376;0,00000000;0,00000000
4,49040776;0,04336860;0,00000000
4,49051176;0,00000000;0,00000000
4,49061576;0,04336860;0,00000000
4,49071976;0,04336860;0,00000000
4,49082376;0,00000000;0,00000000
4,49092776;0,00000000;0,00000000
4,49103176;0,00000000;0,00000000
4,49113576;0,04336860;0,00000000
4,49123976;0,00000000;0,00000000
4,49134376;0,04336860;0,00000000
4,49144776;0,04336860;0,00000000
4,49155176;0,00000000;0,00000000
4,49165576;0,00000000;0,00000000
4,49175976;0,04336860;0,00000000
4,49186376;0,00000000;0,00000000
4,49196776;0,04336860;0,00000000
4,49207176;0,00000000;0,00000000
4,49217576;0,00000000;0,00000000
4,49227976;0,00000000;0,00000000
4,49238376;0,00000000;0,00000000
4,49248776;0,04336860;0,00000000
4,49259176;0,00000000;0,00000000
4,49269576;0,00000000;0,00000000
4,49279976;0,04336860;-0,01734744
4,49290376;0,00000000;0,00000000
4,49300776;0,00000000;0,00000000
4,49311176;0,00000000;0,00000000
4,49321576;0,00000000;0,00000000
4,49331976;0,04336860;0,00000000
4,49342376;0,00000000;0,00000000
4,49352776;0,00000000;0,00000000
4,49363176;0,00000000;0,00000000
4,49373576;0,04336860;0,00000000
4,49383976;0,04336860;0,00000000
4,49394376;0,04336860;0,00000000
4,49404776;0,00000000;0,00000000
4,49415176;0,00000000;0,00000000
4,49425576;0,00000000;0,00000000
4,49435976;0,04336860;0,00000000
4,49446376;0,00000000;0,00000000
4,49456776;0,04336860;0,00000000
4,49467176;0,04336860;0,00000000
4,49477576;0,04336860;0,00000000
4,49487976;0,00000000;0,00000000
4,49498376;0,00000000;0,00000000
4,49508776;0,00000000;0,00000000
4,49519176;0,00000000;0,00000000
4,49529576;0,04336860;0,00000000
4,49539976;0,00000000;0,00000000
4,49550376;0,00000000;0,00000000
4,49560776;0,00000000;0,00000000
4,49571176;0,00000000;0,00000000
4,49581576;0,00000000;0,00000000
4,49591976;0,00000000;0,00000000
4,49602376;0,00000000;0,00000000
4,49612776;0,00000000;0,00000000
4,49623176;0,04336860;0,00000000
4,49633576;0,00000000;0,00000000
4,49643976;0,00000000;0,00000000
4,49654376;0,00000000;0,00000000
4,49664776;0,04336860;0,00000000
4,49675176;0,00000000;0,00000000
4,49685576;0,00000000;0,00000000
4,49695976;0,00000000;0,00000000
4,49706376;0,00000000;0,00000000
4,49716776;0,04336860;0,00000000
4,49727176;0,00000000;0,00000000
4,49737576;0,00000000;0,00000000
4,49747976;0,00000000;0,00000000
4,49758376;0,04336860;0,00000000
4,49768776;0,00000000;0,00000000
4,49779176;0,00000000;0,00000000
4,49789576;0,00000000;0,00000000
4,49799976;0,04336860;0,00000000
4,49810376;0,00000000;0,00000000
4,49820776;0,04336860;0,00000000
4,49831176;0,04336860;0,00000000
4,49841576;0,00000000;0,00000000
4,49851976;0,00000000;0,00000000
4,49862376;0,04336860;0,00000000
4,49872776;0,04336860;0,00000000
4,49883176;0,00000000;0,00000000
4,49893576;0,04336860;0,00000000
4,49903976;0,04336860;0,00000000
4,49914376;0,00000000;0,00000000
4,49924776;0,00000000;0,00000000
4,49935176;0,00000000;0,00000000
4,49945576;0,00000000;0,00000000
4,49955976;0,04336860;0,00000000
4,49966376;0,00000000;0,00000000
4,49976776;0,00000000;-0,01734744
4,49987176;0,04336860;0,00000000
4,49997576;0,00000000;-0,01734744
4,50007976;0,00000000;0,00000000
4,50018376;0,00000000;0,00000000
4,50028776;0,04336860;0,00000000
4,50039176;0,00000000;0,00000000
4,50049576;0,00000000;0,00000000
4,50059976;0,00000000;0,00000000
4,50070376;0,04336860;0,00000000
4,50080776;0,04336860;0,00000000
4,50091176;0,04336860;0,00000000
4,50101576;0,00000000;0,00000000
4,50111976;0,04336860;0,00000000
4,50122376;0,04336860;0,00000000
4,50132776;0,00000000;0,00000000
4,50143176;0,00000000;0,00000000
4,50153576;0,00000000;0,00000000
4,50163976;0,04336860;0,00000000
4,50174376;0,00000000;-0,01734744
4,50184776;0,00000000;0,00000000
4,50195176;0,04336860;0,00000000
4,50205576;0,00000000;0,00000000
4,50215976;0,04336860;0,00000000
4,50226376;0,00000000;0,00000000
4,50236776;0,00000000;0,00000000
4,50247176;0,00000000;0,00000000
4,50257576;0,00000000;0,00000000
4,50267976;0,04336860;0,00000000
4,50278376;0,00000000;0,00000000
4,50288776;0,00000000;0,00000000
4,50299176;0,00000000;0,00000000
4,50309576;0,00000000;0,00000000
4,50319976;0,00000000;0,00000000
4,50330376;0,04336860;0,00000000
4,50340776;0,00000000;0,00000000
4,50351176;0,04336860;0,00000000
4,50361576;0,04336860;0,00000000
4,50371976;0,00000000;0,00000000
4,50382376;0,00000000;0,00000000
4,50392776;0,00000000;0,00000000
4,50403176;0,00000000;0,00000000
4,50413576;0,00000000;0,00000000
4,50423976;0,04336860;0,00000000
4,50434376;0,00000000;0,00000000
4,50444776;0,00000000;0,00000000
4,50455176;0,00000000;0,00000000
4,50465576;0,00000000;0,00000000
4,50475976;0,00000000;0,00000000
4,50486376;0,00000000;0,00000000
4,50496776;0,04336860;0,00000000
4,50507176;0,00000000;0,00000000
4,50517576;0,00000000;0,00000000
4,50527976;0,00000000;0,00000000
4,50538376;0,04336860;0,00000000
4,50548776;0,04336860;0,00000000
4,50559176;0,00000000;0,00000000
4,50569576;0,00000000;0,00000000
4,50579976;0,04336860;0,00000000
4,50590376;0,00000000;0,00000000
4,50600776;0,00000000;0,00000000
4,50611176;0,00000000;0,00000000
4,50621576;0,00000000;0,00000000
4,50631976;0,00000000;0,00000000
4,50642376;0,00000000;0,00000000
4,50652776;0,00000000;0,00000000
4,50663176;0,00000000;0,00000000
4,50673576;0,00000000;0,00000000
4,50683976;0,04336860;0,00000000
4,50694376;0,00000000;0,00000000
4,50704776;0,00000000;0,00000000
4,50715176;0,00000000;0,00000000
4,50725576;0,04336860;0,00000000
4,50735976;0,04336860;0,00000000
4,50746376;0,00000000;0,00000000
4,50756776;0,00000000;0,00000000
4,50767176;0,00000000;0,00000000
4,50777576;0,00000000;0,00000000
4,50787976;0,04336860;0,00000000
4,50798376;0,00000000;0,00000000
4,50808776;0,00000000;0,00000000
4,50819176;0,00000000;0,00000000
4,50829576;0,00000000;-0,01734744
4,50839976;0,00000000;0,00000000
4,50850376;0,00000000;0,00000000
4,50860776;0,00000000;0,00000000
4,50871176;0,00000000;0,00000000
4,50881576;0,00000000;0,00000000
4,50891976;0,00000000;0,00000000
4,50902376;0,00000000;0,00000000
4,50912776;0,00000000;0,00000000
4,50923176;0,00000000;0,00000000
4,50933576;0,00000000;0,00000000
4,50943976;0,00000000;0,00000000
4,50954376;0,00000000;0,00000000
4,50964776;0,00000000;0,00000000
4,50975176;0,04336860;0,00000000
4,50985576;0,04336860;0,00000000
4,50995976;0,04336860;0,00000000
4,51006376;0,04336860;0,00000000
4,51016776;0,04336860;0,00000000
4,51027176;0,00000000;0,00000000
4,51037576;0,00000000;0,00000000
4,51047976;0,04336860;0,00000000
4,51058376;0,00000000;0,00000000
4,51068776;0,00000000;0,00000000
4,51079176;0,00000000;0,00000000
4,51089576;0,00000000;0,00000000
4,51099976;0,00000000;0,00000000
4,51110376;0,00000000;0,00000000
4,51120776;0,00000000;0,00000000
4,51131176;0,00000000;0,00000000
4,51141576;0,04336860;0,00000000
4,51151976;0,00000000;0,00000000
4,51162376;0,04336860;0,00000000
4,51172776;0,00000000;0,00000000
4,51183176;0,00000000;0,00000000
4,51193576;0,04336860;0,00000000
4,51203976;0,00000000;0,00000000
4,51214376;0,00000000;0,00000000
4,51224776;0,00000000;0,00000000
4,51235176;0,00000000;0,00000000
4,51245576;0,00000000;0,00000000
4,51255976;0,00000000;0,00000000
4,51266376;0,00000000;0,00000000
4,51276776;0,00000000;0,00000000
4,51287176;0,00000000;0,00000000
4,51297576;0,00000000;0,00000000
4,51307976;0,04336860;0,00000000
4,51318376;0,00000000;0,00000000
4,51328776;0,00000000;0,00000000
4,51339176;0,00000000;0,00000000
4,51349576;0,00000000;0,00000000
4,51359976;0,00000000;0,00000000
4,51370376;0,00000000;0,00000000
4,51380776;0,00000000;0,00000000
4,51391176;0,00000000;0,00000000
4,51401576;0,04336860;0,00000000
4,51411976;0,00000000;0,00000000
4,51422376;0,00000000;0,00000000
4,51432776;0,00000000;0,00000000
4,51443176;0,00000000;0,00000000
4,51453576;0,00000000;-0,01734744
4,51463976;0,00000000;0,00000000
4,51474376;0,00000000;0,00000000
4,51484776;0,00000000;0,00000000
4,51495176;0,00000000;0,00000000
4,51505576;0,00000000;0,00000000
4,51515976;0,00000000;0,00000000
4,51526376;0,00000000;0,00000000
4,51536776;0,00000000;0,00000000
4,51547176;0,04336860;0,00000000
4,51557576;0,00000000;0,00000000
4,51567976;0,00000000;0,00000000
4,51578376;0,00000000;0,00000000
4,51588776;0,00000000;0,00000000
4,51599176;0,00000000;0,00000000
4,51609576;0,00000000;-0,01734744
4,51619976;0,00000000;0,00000000
4,51630376;0,00000000;0,00000000
4,51640776;0,04336860;0,00000000
4,51651176;0,00000000;-0,01734744
4,51661576;0,00000000;0,00000000
4,51671976;0,00000000;0,00000000
4,51682376;0,00000000;0,00000000
4,51692776;0,00000000;0,00000000
4,51703176;0,00000000;0,00000000
4,51713576;0,00000000;0,00000000
4,51723976;0,00000000;0,00000000
4,51734376;0,04336860;0,00000000
4,51744776;0,00000000;0,00000000
4,51755176;0,00000000;0,00000000
4,51765576;0,00000000;0,00000000
4,51775976;0,00000000;0,00000000
4,51786376;0,00000000;0,00000000
4,51796776;0,00000000;0,00000000
4,51807176;0,00000000;0,00000000
4,51817576;0,00000000;0,00000000
4,51827976;0,00000000;0,00000000
4,51838376;0,00000000;0,00000000
4,51848776;0,00000000;0,00000000
4,51859176;0,00000000;0,00000000
4,51869576;0,00000000;0,00000000
4,51879976;0,04336860;0,00000000
4,51890376;0,04336860;0,00000000
4,51900776;0,00000000;0,00000000
4,51911176;0,04336860;0,00000000
4,51921576;0,04336860;0,00000000
4,51931976;0,00000000;0,00000000
4,51942376;0,04336860;0,00000000
4,51952776;0,00000000;0,00000000
4,51963176;0,04336860;0,00000000
4,51973576;0,00000000;0,00000000
4,51983976;0,00000000;0,00000000
4,51994376;0,00000000;0,00000000
4,52004776;0,00000000;0,00000000
4,52015176;0,00000000;0,00000000
4,52025576;0,00000000;0,00000000
4,52035976;0,00000000;0,00000000
4,52046376;0,00000000;0,00000000
4,52056776;0,04336860;0,00000000
4,52067176;0,04336860;0,00000000
4,52077576;0,04336860;0,00000000
4,52087976;0,04336860;0,00000000
4,52098376;0,00000000;-0,01734744
4,52108776;0,04336860;0,00000000
4,52119176;0,04336860;0,00000000
4,52129576;0,00000000;0,00000000
4,52139976;0,00000000;-0,01734744
4,52150376;0,04336860;0,00000000
4,52160776;0,00000000;0,00000000
4,52171176;0,00000000;0,00000000
4,52181576;0,00000000;0,00000000
4,52191976;0,00000000;0,00000000
4,52202376;0,04336860;0,00000000
4,52212776;0,04336860;0,00000000
4,52223176;0,00000000;0,00000000
4,52233576;0,00000000;0,00000000
4,52243976;0,00000000;0,00000000
4,52254376;0,00000000;0,00000000
4,52264776;0,00000000;0,00000000
4,52275176;0,00000000;0,00000000
4,52285576;0,00000000;0,00000000
4,52295976;0,00000000;0,00000000
4,52306376;0,00000000;0,00000000
4,52316776;0,04336860;0,00000000
4,52327176;0,00000000;0,00000000
4,52337576;0,04336860;0,00000000
4,52347976;0,04336860;0,00000000
4,52358376;0,04336860;0,00000000
4,52368776;0,00000000;0,00000000
4,52379176;0,00000000;0,00000000
4,52389576;0,00000000;0,00000000
4,52399976;0,04336860;0,00000000
4,52410376;0,00000000;0,00000000
4,52420776;0,00000000;0,00000000
4,52431176;0,00000000;0,00000000
4,52441576;0,04336860;0,00000000
4,52451976;0,00000000;-0,01734744
4,52462376;0,00000000;0,00000000
4,52472776;0,00000000;0,00000000
4,52483176;0,04336860;0,00000000
4,52493576;0,00000000;0,00000000
4,52503976;0,00000000;0,00000000
4,52514376;0,00000000;0,00000000
4,52524776;0,00000000;0,00000000
4,52535176;0,00000000;0,00000000
4,52545576;0,00000000;0,00000000
4,52555976;0,00000000;0,00000000
4,52566376;0,00000000;0,00000000
4,52576776;0,00000000;0,00000000
4,52587176;0,00000000;0,00000000
4,52597576;0,00000000;-0,01734744
4,52607976;0,00000000;0,00000000
4,52618376;0,04336860;0,00000000
4,52628776;0,00000000;0,00000000
4,52639176;0,00000000;0,00000000
4,52649576;0,00000000;0,00000000
4,52659976;0,04336860;0,00000000
4,52670376;0,04336860;0,00000000
4,52680776;0,00000000;0,00000000
4,52691176;0,04336860;0,00000000
4,52701576;0,00000000;0,00000000
4,52711976;0,00000000;0,00000000
4,52722376;0,00000000;0,00000000
4,52732776;0,00000000;0,00000000
4,52743176;0,00000000;0,00000000
4,52753576;0,00000000;0,00000000
4,52763976;0,00000000;0,00000000
4,52774376;0,00000000;0,00000000
4,52784776;0,04336860;0,00000000
4,52795176;0,00000000;0,00000000
4,52805576;0,00000000;0,00000000
4,52815976;0,00000000;0,00000000
4,52826376;0,00000000;0,00000000
4,52836776;0,00000000;0,00000000
4,52847176;0,04336860;0,00000000
4,52857576;0,04336860;0,00000000
4,52867976;0,00000000;0,00000000
4,52878376;0,00000000;0,00000000
4,52888776;0,00000000;0,00000000
4,52899176;0,00000000;0,00000000
4,52909576;0,00000000;0,00000000
4,52919976;0,00000000;0,00000000
4,52930376;0,04336860;0,00000000
4,52940776;0,00000000;0,00000000
4,52951176;0,04336860;0,00000000
4,52961576;0,00000000;0,00000000
4,52971976;0,00000000;0,00000000
4,52982376;0,04336860;0,00000000
4,52992776;0,04336860;0,00000000
4,53003176;0,04336860;0,00000000
4,53013576;0,04336860;0,00000000
4,53023976;0,04336860;0,00000000
4,53034376;0,00000000;0,00000000
4,53044776;0,00000000;0,00000000
4,53055176;0,04336860;0,00000000
4,53065576;0,04336860;0,00000000
4,53075976;0,00000000;-0,01734744
4,53086376;0,00000000;0,00000000
4,53096776;0,00000000;0,00000000
4,53107176;0,04336860;0,00000000
4,53117576;0,00000000;0,00000000
4,53127976;0,04336860;0,00000000
4,53138376;0,00000000;-0,01734744
4,53148776;0,04336860;0,00000000
4,53159176;0,04336860;0,00000000
4,53169576;0,00000000;0,00000000
4,53179976;0,00000000;0,00000000
4,53190376;0,04336860;0,00000000
4,53200776;0,00000000;0,00000000
4,53211176;0,04336860;0,00000000
4,53221576;0,00000000;0,00000000
4,53231976;0,00000000;0,00000000
4,53242376;0,00000000;0,00000000
4,53252776;0,00000000;0,00000000
4,53263176;0,00000000;0,00000000
4,53273576;0,04336860;0,00000000
4,53283976;0,00000000;0,00000000
4,53294376;0,00000000;0,00000000
4,53304776;0,00000000;0,00000000
4,53315176;0,04336860;0,00000000
4,53325576;0,04336860;0,00000000
4,53335976;0,00000000;0,00000000
4,53346376;0,00000000;0,00000000
4,53356776;0,04336860;0,00000000
4,53367176;0,00000000;0,00000000
4,53377576;0,00000000;0,00000000
4,53387976;0,04336860;0,00000000
4,53398376;0,04336860;0,00000000
4,53408776;0,00000000;0,00000000
4,53419176;0,00000000;0,00000000
4,53429576;0,04336860;0,00000000
4,53439976;0,00000000;0,00000000
4,53450376;0,00000000;0,00000000
4,53460776;0,00000000;0,00000000
4,53471176;0,04336860;0,00000000
4,53481576;0,00000000;0,00000000
4,53491976;0,00000000;0,00000000
4,53502376;0,04336860;0,00000000
4,53512776;0,04336860;0,00000000
4,53523176;0,04336860;0,00000000
4,53533576;0,00000000;0,00000000
4,53543976;0,04336860;0,00000000
4,53554376;0,00000000;0,00000000
4,53564776;0,00000000;0,00000000
4,53575176;0,00000000;0,00000000
4,53585576;0,00000000;0,00000000
4,53595976;0,00000000;0,00000000
4,53606376;0,04336860;0,00000000
4,53616776;0,00000000;0,00000000
4,53627176;0,00000000;0,00000000
4,53637576;0,00000000;0,00000000
4,53647976;0,00000000;0,00000000
4,53658376;0,00000000;0,00000000
4,53668776;0,04336860;0,00000000
4,53679176;0,00000000;0,00000000
4,53689576;0,00000000;0,00000000
4,53699976;0,00000000;0,00000000
4,53710376;0,04336860;0,00000000
4,53720776;0,04336860;-0,01734744
4,53731176;0,04336860;0,00000000
4,53741576;0,04336860;0,00000000
4,53751976;0,00000000;0,00000000
4,53762376;0,00000000;-0,01734744
4,53772776;0,00000000;0,00000000
4,53783176;0,00000000;0,00000000
4,53793576;0,00000000;0,00000000
4,53803976;0,00000000;0,00000000
4,53814376;0,00000000;0,00000000
4,53824776;0,00000000;0,00000000
4,53835176;0,00000000;0,00000000
4,53845576;0,00000000;0,00000000
4,53855976;0,00000000;0,00000000
4,53866376;0,00000000;0,00000000
4,53876776;0,04336860;0,00000000
4,53887176;0,00000000;0,00000000
4,53897576;0,00000000;0,00000000
4,53907976;0,04336860;0,00000000
4,53918376;0,00000000;0,00000000
4,53928776;0,00000000;0,00000000
4,53939176;0,00000000;0,00000000
4,53949576;0,04336860;0,00000000
4,53959976;0,00000000;0,00000000
4,53970376;0,00000000;0,00000000
4,53980776;0,00000000;0,00000000
4,53991176;0,00000000;0,00000000
4,54001576;0,00000000;0,00000000
4,54011976;0,00000000;0,00000000
4,54022376;0,00000000;0,00000000
4,54032776;0,00000000;0,00000000
4,54043176;0,00000000;0,00000000
4,54053576;0,00000000;0,00000000
4,54063976;0,00000000;0,00000000
4,54074376;0,00000000;0,00000000
4,54084776;0,00000000;0,00000000
4,54095176;0,00000000;0,00000000
4,54105576;0,00000000;0,00000000
4,54115976;0,00000000;0,00000000
4,54126376;0,00000000;0,00000000
4,54136776;0,00000000;0,00000000
4,54147176;0,00000000;0,00000000
4,54157576;0,04336860;0,00000000
4,54167976;0,00000000;0,00000000
4,54178376;0,00000000;0,00000000
4,54188776;0,04336860;0,00000000
4,54199176;0,00000000;0,00000000
4,54209576;0,00000000;0,00000000
4,54219976;0,00000000;0,00000000
4,54230376;0,00000000;0,00000000
4,54240776;0,00000000;0,00000000
4,54251176;0,00000000;0,00000000
4,54261576;0,00000000;0,00000000
4,54271976;0,04336860;0,00000000
4,54282376;0,00000000;0,00000000
4,54292776;0,04336860;0,00000000
4,54303176;0,00000000;0,00000000
4,54313576;0,04336860;0,00000000
4,54323976;0,00000000;0,00000000
4,54334376;0,00000000;0,00000000
4,54344776;0,00000000;0,00000000
4,54355176;0,00000000;0,00000000
4,54365576;0,00000000;0,00000000
4,54375976;0,04336860;0,00000000
4,54386376;0,00000000;0,00000000
4,54396776;0,00000000;0,00000000
4,54407176;0,00000000;0,00000000
4,54417576;0,00000000;0,00000000
4,54427976;0,00000000;0,00000000
4,54438376;0,00000000;0,00000000
4,54448776;0,00000000;0,00000000
4,54459176;0,00000000;0,00000000
4,54469576;0,00000000;0,00000000
4,54479976;0,00000000;0,00000000
4,54490376;0,04336860;0,00000000
4,54500776;0,00000000;0,00000000
4,54511176;0,00000000;0,00000000
4,54521576;0,00000000;0,00000000
4,54531975;0,00000000;0,00000000
4,54542375;0,00000000;0,00000000
4,54552775;0,00000000;0,00000000
4,54563175;0,00000000;0,00000000
4,54573575;0,04336860;0,00000000
4,54583975;0,00000000;0,00000000
4,54594375;0,04336860;0,00000000
4,54604775;0,04336860;0,00000000
4,54615175;3,74077272;0,00000000
4,54625575;3,69725013;0,00000000
4,54635975;3,78429508;0,00000000
4,54646375;3,87133980;0,00000000
4,54656775;3,82781744;0,00000000
4,54667175;3,82781744;0,00000000
4,54677575;3,82781744;0,00000000
4,54687975;3,82781744;0,00000000
4,54698375;3,78429508;0,00000000
4,54708775;3,78429508;0,00000000
4,54719175;3,82781744;0,00000000
4,54729575;3,82781744;0,00000000
4,54739975;3,82781744;0,00000000
4,54750375;3,78429508;0,00000000
4,54760775;3,82781744;0,00000000
4,54771175;3,82781744;0,00000000
4,54781575;3,78429508;0,00000000
4,54791975;3,78429508;0,00000000
4,54802375;3,78429508;0,00000000
4,54812775;3,78429508;0,00000000
4,54823175;3,82781744;0,00000000
4,54833575;3,82781744;0,00000000
4,54843975;3,82781744;0,00000000
4,54854375;3,78429508;0,00000000
4,54864775;3,78429508;0,00000000
4,54875175;3,78429508;0,00000000
4,54885575;3,82781744;0,00000000
4,54895975;3,78429508;0,00000000
4,54906375;3,78429508;0,00000000
4,54916775;3,78429508;0,00000000
4,54927175;3,78429508;0,00000000
4,54937575;3,82781744;0,00000000
4,54947975;3,78429508;0,00000000
4,54958375;3,78429508;0,00000000
4,54968775;3,78429508;0,00000000
4,54979175;3,82781744;0,00000000
4,54989575;3,82781744;0,00000000
4,54999975;3,78429508;0,00000000
4,55010375;3,78429508;0,00000000
4,55020775;3,78429508;0,00000000
4,55031175;3,78429508;0,00000000
4,55041575;3,82781744;0,00000000
4,55051975;3,78429508;0,00000000
4,55062375;3,78429508;0,00000000
4,55072775;3,78429508;0,00000000
4,55083175;3,78429508;0,01734744
4,55093575;3,78429508;0,00000000
4,55103975;3,82781744;0,00000000
4,55114375;3,78429508;0,00000000
4,55124775;3,78429508;0,00000000
4,55135175;3,78429508;0,00000000
4,55145575;3,82781744;0,00000000
4,55155975;3,78429508;0,00000000
4,55166375;3,82781744;0,00000000
4,55176775;3,82781744;0,00000000
4,55187175;3,78429508;0,00000000
4,55197575;3,78429508;0,00000000
4,55207975;3,82781744;0,00000000
4,55218375;3,78429508;0,00000000
4,55228775;3,78429508;0,00000000
4,55239175;3,78429508;0,00000000
4,55249575;3,82781744;0,00000000
4,55259975;3,78429508;0,00000000
4,55270375;3,78429508;0,00000000
4,55280775;3,82781744;0,00000000
4,55291175;3,78429508;0,00000000
4,55301575;3,78429508;0,00000000
4,55311975;3,78429508;0,00000000
4,55322375;3,78429508;0,00000000
4,55332775;3,78429508;0,00000000
4,55343175;3,78429508;0,00000000
4,55353575;3,78429508;0,00000000
4,55363975;3,78429508;0,00000000
4,55374375;3,78429508;0,00000000
4,55384775;3,78429508;0,00000000
4,55395175;3,82781744;0,00000000
4,55405575;3,78429508;0,00000000
4,55415975;3,82781744;0,00000000
4,55426375;3,78429508;0,00000000
4,55436775;3,78429508;0,00000000
4,55447175;3,78429508;0,00000000
4,55457575;3,78429508;0,00000000
4,55467975;3,78429508;0,00000000
4,55478375;3,82781744;0,00000000
4,55488775;3,78429508;0,00000000
4,55499175;3,82781744;0,00000000
4,55509575;3,78429508;0,00000000
4,55519975;3,78429508;0,00000000
4,55530375;3,78429508;0,00000000
4,55540775;3,78429508;0,00000000
4,55551175;3,82781744;0,00000000
4,55561575;3,78429508;0,00000000
4,55571975;3,78429508;0,00000000
4,55582375;3,82781744;0,00000000
4,55592775;3,78429508;0,00000000
4,55603175;3,78429508;0,00000000
4,55613575;3,78429508;0,00000000
4,55623975;3,82781744;0,00000000
4,55634375;3,78429508;0,00000000
4,55644775;3,82781744;0,00000000
4,55655175;3,82781744;0,00000000
4,55665575;3,82781744;0,00000000
4,55675975;3,78429508;0,00000000
4,55686375;3,82781744;0,00000000
4,55696775;3,82781744;0,00000000
4,55707175;3,78429508;0,00000000
4,55717575;3,78429508;0,00000000
4,55727975;3,82781744;0,00000000
4,55738375;3,78429508;0,00000000
4,55748775;3,78429508;0,00000000
4,55759175;3,82781744;0,00000000
4,55769575;3,78429508;0,00000000
4,55779975;3,78429508;0,00000000
4,55790375;3,82781744;0,00000000
4,55800775;3,78429508;0,00000000
4,55811175;3,78429508;0,00000000
4,55821575;3,78429508;0,00000000
4,55831975;3,78429508;0,00000000
4,55842375;3,82781744;0,00000000
4,55852775;3,82781744;0,00000000
4,55863175;3,82781744;0,00000000
4,55873575;3,78429508;0,01734744
4,55883975;3,78429508;0,00000000
4,55894375;3,78429508;0,00000000
4,55904775;3,78429508;0,00000000
4,55915175;3,82781744;0,00000000
4,55925575;3,82781744;0,00000000
4,55935975;3,82781744;0,00000000
4,55946375;3,78429508;0,00000000
4,55956775;3,78429508;0,00000000
4,55967175;3,82781744;0,00000000
4,55977575;3,78429508;0,00000000
4,55987975;3,82781744;0,00000000
4,55998375;3,82781744;0,00000000
4,56008775;3,82781744;0,00000000
4,56019175;3,82781744;0,00000000
4,56029575;3,82781744;0,00000000
4,56039975;3,82781744;0,00000000
4,56050375;3,78429508;0,00000000
4,56060775;3,78429508;0,00000000
4,56071175;3,82781744;0,00000000
4,56081575;3,82781744;0,00000000
4,56091975;3,82781744;0,00000000
4,56102375;3,78429508;0,00000000
4,56112775;3,78429508;0,00000000
4,56123175;3,82781744;0,00000000
4,56133575;3,78429508;0,00000000
4,56143975;3,82781744;0,00000000
4,56154375;3,78429508;0,00000000
4,56164775;3,82781744;0,00000000
4,56175175;3,82781744;0,00000000
4,56185575;3,78429508;0,00000000
4,56195975;3,78429508;0,00000000
4,56206375;3,82781744;0,00000000
4,56216775;3,78429508;0,00000000
4,56227175;3,78429508;0,00000000
4,56237575;3,82781744;0,00000000
4,56247975;3,78429508;0,00000000
4,56258375;3,82781744;0,00000000
4,56268775;3,78429508;0,00000000
4,56279175;3,82781744;0,00000000
4,56289575;3,78429508;0,00000000
4,56299975;3,82781744;0,00000000
4,56310375;3,82781744;0,00000000
4,56320775;3,78429508;0,00000000
4,56331175;3,78429508;0,00000000
4,56341575;3,78429508;0,00000000
4,56351975;3,78429508;0,00000000
4,56362375;3,82781744;0,00000000
4,56372775;3,78429508;0,00000000
4,56383175;3,82781744;0,00000000
4,56393575;3,82781744;0,00000000
4,56403975;3,82781744;0,00000000
4,56414375;3,82781744;0,00000000
4,56424775;3,78429508;0,00000000
4,56435175;3,82781744;0,00000000
4,56445575;3,82781744;0,00000000
4,56455975;3,78429508;0,00000000
4,56466375;3,82781744;0,00000000
4,56476775;3,82781744;0,00000000
4,56487175;3,82781744;0,00000000
4,56497575;3,82781744;0,00000000
4,56507975;3,78429508;0,00000000
4,56518375;3,82781744;0,00000000
4,56528775;3,82781744;0,00000000
4,56539175;3,82781744;0,00000000
4,56549575;3,82781744;0,00000000
4,56559975;3,78429508;0,00000000
4,56570375;3,78429508;0,00000000
4,56580775;3,82781744;0,00000000
4,56591175;3,78429508;0,00000000
4,56601575;3,82781744;0,00000000
4,56611975;3,82781744;0,00000000
4,56622375;3,78429508;0,00000000
4,56632775;3,82781744;0,00000000
4,56643175;3,78429508;0,00000000
4,56653575;3,82781744;0,00000000
4,56663975;3,82781744;0,00000000
4,56674375;3,78429508;0,00000000
4,56684775;3,78429508;0,00000000
4,56695175;3,82781744;0,01734744
4,56705575;3,82781744;0,00000000
4,56715975;3,82781744;0,00000000
4,56726375;3,82781744;0,00000000
4,56736775;3,82781744;0,00000000
4,56747175;3,82781744;0,00000000
4,56757575;3,78429508;0,00000000
4,56767975;3,78429508;0,00000000
4,56778375;3,82781744;0,00000000
4,56788775;3,82781744;0,00000000
4,56799175;3,78429508;0,00000000
4,56809575;3,82781744;0,00000000
4,56819975;3,82781744;0,00000000
4,56830375;3,78429508;0,00000000
4,56840775;3,82781744;0,00000000
4,56851175;3,78429508;0,00000000
4,56861575;3,82781744;0,00000000
4,56871975;3,82781744;0,00000000
4,56882375;3,82781744;0,00000000
4,56892775;3,82781744;0,00000000
4,56903175;3,82781744;0,00000000
4,56913575;3,78429508;0,00000000
4,56923975;3,78429508;0,00000000
4,56934375;3,78429508;0,00000000
4,56944775;3,82781744;0,00000000
4,56955175;3,78429508;0,00000000
4,56965575;3,82781744;0,00000000
4,56975975;3,82781744;0,00000000
4,56986375;3,82781744;0,00000000
4,56996775;3,78429508;0,00000000
4,57007175;3,78429508;0,00000000
4,57017575;3,82781744;0,00000000
4,57027975;3,78429508;0,00000000
4,57038375;3,82781744;0,00000000
4,57048775;3,82781744;0,00000000
4,57059175;3,82781744;0,00000000
4,57069575;3,78429508;0,00000000
4,57079975;3,82781744;0,00000000
4,57090375;3,82781744;0,00000000
4,57100775;3,78429508;0,00000000
4,57111175;3,82781744;0,00000000
4,57121575;3,82781744;0,00000000
4,57131975;3,82781744;0,00000000
4,57142375;3,82781744;0,00000000
4,57152775;3,78429508;0,00000000
4,57163175;3,78429508;0,00000000
4,57173575;3,82781744;0,00000000
4,57183975;3,78429508;0,00000000
4,57194375;3,82781744;0,00000000
4,57204775;3,78429508;0,00000000
4,57215175;3,78429508;0,00000000
4,57225575;3,78429508;0,00000000
4,57235975;3,82781744;0,00000000
4,57246375;3,82781744;0,00000000
4,57256775;3,82781744;0,00000000
4,57267175;3,82781744;0,00000000
4,57277575;3,82781744;0,00000000
4,57287975;3,82781744;0,00000000
4,57298375;3,78429508;0,00000000
4,57308775;3,82781744;0,00000000
4,57319175;3,82781744;0,00000000
4,57329575;3,82781744;0,00000000
4,57339975;3,82781744;0,00000000
4,57350375;3,78429508;0,00000000
4,57360775;3,82781744;0,00000000
4,57371175;3,82781744;0,01734744
4,57381575;3,82781744;0,00000000
4,57391975;3,82781744;0,00000000
4,57402375;3,82781744;0,00000000
4,57412775;3,78429508;0,00000000
4,57423175;3,78429508;0,00000000
4,57433575;3,82781744;0,00000000
4,57443975;3,78429508;0,00000000
4,57454375;3,82781744;0,00000000
4,57464775;3,78429508;0,00000000
4,57475175;3,78429508;0,00000000
4,57485575;3,82781744;0,00000000
4,57495975;3,82781744;0,00000000
4,57506375;3,82781744;0,00000000
4,57516775;3,82781744;0,00000000
4,57527175;3,78429508;0,00000000
4,57537575;3,82781744;0,00000000
4,57547975;3,82781744;0,00000000
4,57558375;3,78429508;0,00000000
4,57568775;3,82781744;0,00000000
4,57579175;3,82781744;0,00000000
4,57589575;3,78429508;0,00000000
4,57599975;3,82781744;0,00000000
4,57610375;3,78429508;0,00000000
4,57620775;3,82781744;0,00000000
4,57631175;3,78429508;0,00000000
4,57641575;3,78429508;0,00000000
4,57651975;3,82781744;0,00000000
4,57662375;3,82781744;0,00000000
4,57672775;3,78429508;0,00000000
4,57683175;3,78429508;0,00000000
4,57693575;3,78429508;0,00000000
4,57703975;3,78429508;0,00000000
4,57714375;3,82781744;0,00000000
4,57724775;3,82781744;0,00000000
4,57735175;3,82781744;0,00000000
4,57745575;3,82781744;0,00000000
4,57755975;3,82781744;0,00000000
4,57766375;3,82781744;0,00000000
4,57776775;3,82781744;0,00000000
4,57787175;3,78429508;0,00000000
4,57797575;3,82781744;0,00000000
4,57807975;3,82781744;0,00000000
4,57818375;3,82781744;0,00000000
4,57828775;3,82781744;0,00000000
4,57839175;3,82781744;0,00000000
4,57849575;3,78429508;0,00000000
4,57859975;3,78429508;0,00000000
4,57870375;3,82781744;0,00000000
4,57880775;3,78429508;0,00000000
4,57891175;3,78429508;0,00000000
4,57901575;3,78429508;0,00000000
4,57911975;3,78429508;0,00000000
4,57922375;3,78429508;0,00000000
4,57932775;3,82781744;0,00000000
4,57943175;3,78429508;0,00000000
4,57953575;3,82781744;0,00000000
4,57963975;3,82781744;0,00000000
4,57974375;3,82781744;0,00000000
4,57984775;3,82781744;0,00000000
4,57995175;3,82781744;0,00000000
4,58005575;3,82781744;0,00000000
4,58015975;3,82781744;0,00000000
4,58026375;3,82781744;0,00000000
4,58036775;3,82781744;0,00000000
4,58047175;3,82781744;0,00000000
4,58057575;3,78429508;0,00000000
4,58067975;3,82781744;0,00000000
4,58078375;3,82781744;0,00000000
4,58088775;3,82781744;0,00000000
4,58099175;3,82781744;0,00000000
4,58109575;3,82781744;0,00000000
4,58119975;3,78429508;0,00000000
4,58130375;3,82781744;0,00000000
4,58140775;3,78429508;0,00000000
4,58151175;3,82781744;0,00000000
4,58161575;3,78429508;0,00000000
4,58171975;3,78429508;0,00000000
4,58182375;3,82781744;0,00000000
4,58192775;3,78429508;0,00000000
4,58203175;3,82781744;0,00000000
4,58213575;3,82781744;0,00000000
4,58223975;3,82781744;0,00000000
4,58234375;3,82781744;0,00000000
4,58244775;3,78429508;0,00000000
4,58255175;3,78429508;0,00000000
4,58265575;3,82781744;0,00000000
4,58275975;3,82781744;0,00000000
4,58286375;3,78429508;0,00000000
4,58296775;3,82781744;0,00000000
4,58307175;3,78429508;0,00000000
4,58317575;3,78429508;0,00000000
4,58327975;3,78429508;0,00000000
4,58338375;3,82781744;0,00000000
4,58348775;3,82781744;0,00000000
4,58359175;3,78429508;0,00000000
4,58369575;3,82781744;0,00000000
4,58379975;3,78429508;0,00000000
4,58390375;3,78429508;0,00000000
4,58400775;3,78429508;0,00000000
4,58411175;3,82781744;0,00000000
4,58421575;3,78429508;0,00000000
4,58431975;3,78429508;0,00000000
4,58442375;3,82781744;0,00000000
4,58452775;3,78429508;0,00000000
4,58463175;3,78429508;0,00000000
4,58473575;3,82781744;0,00000000
4,58483975;3,82781744;0,00000000
4,58494375;3,82781744;0,00000000
4,58504775;3,82781744;0,00000000
4,58515175;3,82781744;0,00000000
4,58525575;3,78429508;0,00000000
4,58535975;3,82781744;0,00000000
4,58546375;3,82781744;0,00000000
4,58556775;3,78429508;0,00000000
4,58567175;3,78429508;0,00000000
4,58577575;3,82781744;0,00000000
4,58587975;3,78429508;0,00000000
4,58598375;3,82781744;0,00000000
4,58608775;3,82781744;0,00000000
4,58619175;3,78429508;0,00000000
4,58629575;3,78429508;0,00000000
4,58639975;3,82781744;0,00000000
4,58650375;3,78429508;0,00000000
4,58660775;3,82781744;0,00000000
4,58671175;3,78429508;0,00000000
4,58681575;3,82781744;0,00000000
4,58691975;3,78429508;0,00000000
4,58702375;3,82781744;0,00000000
4,58712775;3,82781744;0,00000000
4,58723175;3,82781744;0,00000000
4,58733575;3,82781744;0,00000000
4,58743975;3,82781744;0,00000000
4,58754375;3,78429508;0,00000000
4,58764775;3,82781744;0,00000000
4,58775175;3,82781744;0,00000000
4,58785575;3,82781744;0,00000000
4,58795975;3,82781744;0,00000000
4,58806375;3,82781744;0,00000000
4,58816775;3,82781744;0,00000000
4,58827175;3,78429508;0,00000000
4,58837575;3,82781744;0,00000000
4,58847975;3,82781744;0,00000000
4,58858375;3,78429508;0,00000000
4,58868775;3,82781744;0,00000000
4,58879175;3,78429508;0,00000000
4,58889575;3,78429508;0,00000000
4,58899975;3,82781744;0,00000000
4,58910375;3,78429508;0,00000000
4,58920775;3,78429508;0,00000000
4,58931175;3,78429508;0,00000000
4,58941575;3,82781744;0,00000000
4,58951975;3,82781744;0,00000000
4,58962375;3,78429508;0,00000000
4,58972775;3,82781744;0,00000000
4,58983175;3,82781744;0,00000000
4,58993575;3,78429508;0,00000000
4,59003975;3,78429508;0,00000000
4,59014375;3,78429508;0,00000000
4,59024775;3,82781744;0,00000000
4,59035175;3,82781744;0,00000000
4,59045575;3,78429508;0,00000000
4,59055975;3,82781744;0,00000000
4,59066375;3,82781744;0,00000000
4,59076775;3,82781744;0,00000000
4,59087175;3,78429508;0,00000000
4,59097575;3,82781744;0,00000000
4,59107975;3,78429508;0,00000000
4,59118375;3,78429508;0,00000000
4,59128775;3,78429508;0,00000000
4,59139175;3,78429508;0,00000000
4,59149575;3,82781744;0,00000000
4,59159975;3,78429508;0,00000000
4,59170375;3,78429508;0,00000000
4,59180775;3,82781744;0,00000000
4,59191175;3,82781744;0,00000000
4,59201575;3,78429508;0,00000000
4,59211975;3,78429508;0,00000000
4,59222375;3,82781744;0,00000000
4,59232775;3,78429508;0,00000000
4,59243175;3,78429508;0,00000000
4,59253575;3,82781744;0,00000000
4,59263975;3,82781744;0,00000000
4,59274375;3,78429508;0,00000000
4,59284775;3,82781744;0,00000000
4,59295175;3,82781744;0,00000000
4,59305575;3,82781744;0,00000000
4,59315975;3,82781744;0,00000000
4,59326375;3,82781744;0,00000000
4,59336775;3,82781744;0,00000000
4,59347175;3,82781744;0,00000000
4,59357575;3,82781744;0,00000000
4,59367975;3,78429508;0,00000000
4,59378375;3,82781744;0,00000000
4,59388775;3,82781744;0,00000000
4,59399175;3,82781744;0,00000000
4,59409575;3,82781744;0,00000000
4,59419975;3,82781744;0,00000000
4,59430375;3,82781744;0,00000000
4,59440775;3,78429508;0,00000000
4,59451175;3,78429508;0,00000000
4,59461575;3,82781744;0,00000000
4,59471975;3,82781744;0,00000000
4,59482375;3,82781744;0,00000000
4,59492775;3,82781744;0,00000000
4,59503175;3,82781744;0,00000000
4,59513575;3,82781744;0,00000000
4,59523975;3,78429508;0,00000000
4,59534375;3,78429508;0,00000000
4,59544775;3,78429508;0,00000000
4,59555175;3,82781744;0,00000000
4,59565575;3,78429508;0,00000000
4,59575975;3,78429508;0,00000000
4,59586375;3,78429508;0,00000000
4,59596775;3,78429508;0,00000000
4,59607175;3,78429508;0,00000000
4,59617575;3,78429508;0,00000000
4,59627975;3,82781744;0,00000000
4,59638375;3,78429508;0,00000000
4,59648775;3,82781744;0,00000000
4,59659175;3,82781744;0,00000000
4,59669575;3,78429508;0,00000000
4,59679975;3,78429508;0,00000000
4,59690375;3,78429508;0,00000000
4,59700775;3,78429508;0,00000000
4,59711175;3,78429508;0,00000000
4,59721575;3,78429508;0,00000000
4,59731975;3,78429508;0,00000000
4,59742375;3,82781744;0,00000000
4,59752775;3,78429508;0,00000000
4,59763175;3,78429508;0,00000000
4,59773575;3,78429508;0,00000000
4,59783975;3,82781744;0,00000000
4,59794375;3,82781744;0,00000000
4,59804775;3,82781744;0,00000000
4,59815175;3,78429508;0,00000000
4,59825575;3,78429508;0,00000000
4,59835975;3,78429508;0,00000000
4,59846375;3,78429508;0,00000000
4,59856775;3,82781744;0,00000000
4,59867175;3,82781744;0,00000000
4,59877575;3,82781744;0,00000000
4,59887975;3,78429508;0,00000000
4,59898375;3,78429508;0,00000000
4,59908775;3,82781744;0,00000000
4,59919175;3,78429508;0,00000000
4,59929575;3,78429508;0,00000000
4,59939975;3,82781744;0,00000000
4,59950375;3,78429508;0,00000000
4,59960775;3,82781744;0,00000000
4,59971175;3,78429508;0,00000000
4,59981575;3,78429508;0,00000000
4,59991975;3,82781744;0,00000000
4,60002375;3,82781744;0,00000000
4,60012775;3,78429508;0,00000000
4,60023175;3,82781744;0,00000000
4,60033575;3,82781744;0,00000000
4,60043975;3,82781744;0,00000000
4,60054375;3,82781744;0,00000000
4,60064775;3,82781744;0,00000000
4,60075175;3,82781744;0,00000000
4,60085575;3,82781744;0,00000000
4,60095975;3,82781744;0,00000000
4,60106375;3,82781744;0,00000000
4,60116775;3,82781744;0,00000000
4,60127175;3,78429508;0,00000000
4,60137575;3,78429508;0,00000000
4,60147975;3,82781744;0,00000000
4,60158375;3,82781744;0,00000000
4,60168775;3,82781744;0,00000000
4,60179175;3,82781744;0,00000000
4,60189575;3,78429508;0,00000000
4,60199975;3,82781744;0,00000000
4,60210375;3,78429508;0,00000000
4,60220775;3,78429508;0,00000000
4,60231175;3,82781744;0,00000000
4,60241575;3,78429508;0,00000000
4,60251975;3,82781744;0,00000000
4,60262375;3,78429508;0,00000000
4,60272775;3,78429508;0,00000000
4,60283175;3,82781744;0,00000000
4,60293575;3,78429508;0,00000000
4,60303975;3,78429508;0,00000000
4,60314375;3,82781744;0,00000000
4,60324775;3,78429508;0,00000000
4,60335175;3,82781744;0,00000000
4,60345575;3,82781744;0,00000000
4,60355975;3,82781744;0,00000000
4,60366375;3,78429508;0,00000000
4,60376775;3,78429508;0,00000000
4,60387175;3,78429508;0,00000000
4,60397575;3,82781744;0,00000000
4,60407975;3,78429508;0,00000000
4,60418375;3,78429508;0,00000000
4,60428775;3,82781744;0,00000000
4,60439175;3,78429508;0,00000000
4,60449575;3,82781744;0,00000000
4,60459975;3,78429508;0,00000000
4,60470375;3,82781744;0,00000000
4,60480775;3,82781744;0,00000000
4,60491175;3,78429508;0,00000000
4,60501575;3,82781744;0,00000000
4,60511975;3,82781744;0,00000000
4,60522375;3,78429508;0,00000000
4,60532775;3,78429508;0,00000000
4,60543175;3,82781744;0,00000000
4,60553575;3,78429508;0,00000000
4,60563975;3,78429508;0,00000000
4,60574375;3,78429508;0,00000000
4,60584775;3,82781744;0,00000000
4,60595175;3,82781744;0,00000000
4,60605575;3,82781744;0,00000000
4,60615975;3,78429508;0,00000000
4,60626375;3,78429508;0,00000000
4,60636775;3,78429508;0,00000000
4,60647175;3,78429508;0,00000000
4,60657575;3,78429508;0,00000000
4,60667975;3,82781744;0,00000000
4,60678375;3,82781744;0,00000000
4,60688775;3,82781744;0,00000000
4,60699175;3,78429508;0,00000000
4,60709575;3,82781744;0,00000000
4,60719975;3,82781744;0,00000000
4,60730375;3,78429508;0,00000000
4,60740775;3,82781744;0,00000000
4,60751175;3,78429508;0,00000000
4,60761575;3,82781744;0,00000000
4,60771975;3,82781744;0,00000000
4,60782375;3,82781744;0,00000000
4,60792775;3,82781744;0,00000000
4,60803175;3,82781744;0,00000000
4,60813575;3,82781744;0,00000000
4,60823975;3,78429508;0,00000000
4,60834375;3,78429508;0,00000000
4,60844775;3,82781744;0,00000000
4,60855175;3,82781744;0,00000000
4,60865575;3,78429508;0,00000000
4,60875975;3,82781744;0,00000000
4,60886375;3,82781744;0,00000000
4,60896775;3,78429508;0,00000000
4,60907175;3,78429508;0,00000000
4,60917575;3,78429508;0,00000000
4,60927975;3,82781744;0,00000000
4,60938375;3,82781744;0,00000000
4,60948775;3,82781744;0,00000000
4,60959175;3,78429508;0,00000000
4,60969575;3,82781744;0,00000000
4,60979975;3,78429508;0,00000000
4,60990375;3,82781744;0,00000000
4,61000775;3,82781744;0,00000000
4,61011175;3,82781744;0,00000000
4,61021575;3,78429508;0,00000000
4,61031975;3,78429508;0,00000000
4,61042375;3,82781744;0,00000000
4,61052775;3,82781744;0,00000000
4,61063175;3,82781744;0,00000000
4,61073575;3,78429508;0,00000000
4,61083975;3,78429508;0,00000000
4,61094375;3,78429508;0,00000000
4,61104775;3,82781744;0,00000000
4,61115175;3,82781744;0,00000000
4,61125575;3,82781744;0,00000000
4,61135975;3,78429508;0,00000000
4,61146375;3,82781744;0,00000000
4,61156775;3,82781744;0,00000000
4,61167175;3,82781744;0,00000000
4,61177575;3,82781744;0,00000000
4,61187975;3,78429508;0,00000000
4,61198375;3,78429508;0,00000000
4,61208775;3,82781744;0,00000000
4,61219175;3,82781744;0,00000000
4,61229575;3,82781744;0,00000000
4,61239975;3,82781744;0,00000000
4,61250375;3,82781744;0,00000000
4,61260775;3,82781744;0,00000000
4,61271175;3,78429508;0,00000000
4,61281575;3,78429508;0,00000000
4,61291975;3,82781744;0,00000000
4,61302375;3,78429508;0,01734744
4,61312775;3,82781744;0,00000000
4,61323175;3,82781744;0,00000000
4,61333575;3,78429508;0,00000000
4,61343975;3,82781744;0,00000000
4,61354375;3,78429508;0,00000000
4,61364775;3,82781744;0,00000000
4,61375175;3,82781744;0,00000000
4,61385575;3,82781744;0,00000000
4,61395975;3,78429508;0,00000000
4,61406375;3,78429508;0,00000000
4,61416775;3,78429508;0,00000000
4,61427175;3,78429508;0,00000000
4,61437575;3,82781744;0,00000000
4,61447975;3,82781744;0,00000000
4,61458375;3,78429508;0,00000000
4,61468775;3,82781744;0,00000000
4,61479175;3,82781744;0,00000000
4,61489575;3,78429508;0,00000000
4,61499975;3,82781744;0,00000000
4,61510375;3,82781744;0,00000000
4,61520775;3,78429508;0,00000000
4,61531175;3,82781744;0,00000000
4,61541575;3,78429508;0,00000000
4,61551975;3,82781744;0,00000000
4,61562375;3,78429508;0,00000000
4,61572775;3,82781744;0,00000000
4,61583175;3,78429508;0,00000000
4,61593575;3,78429508;0,00000000
4,61603975;3,78429508;0,00000000
4,61614375;3,78429508;0,00000000
4,61624775;3,82781744;0,00000000
4,61635175;3,82781744;0,00000000
4,61645575;3,82781744;0,00000000
4,61655975;3,78429508;0,00000000
4,61666375;3,82781744;0,00000000
4,61676775;3,78429508;0,00000000
4,61687175;3,78429508;0,00000000
4,61697575;3,82781744;0,00000000
4,61707975;3,82781744;0,00000000
4,61718375;3,82781744;0,00000000
4,61728775;3,78429508;0,00000000
4,61739175;3,78429508;0,00000000
4,61749575;3,82781744;0,00000000
4,61759975;3,78429508;0,00000000
4,61770375;3,78429508;0,00000000
4,61780775;3,82781744;0,00000000
4,61791175;3,82781744;0,00000000
4,61801575;3,78429508;0,00000000
4,61811975;3,82781744;0,00000000
4,61822375;3,78429508;0,00000000
4,61832775;3,78429508;0,00000000
4,61843175;3,82781744;0,00000000
4,61853575;3,82781744;0,00000000
4,61863975;3,82781744;0,00000000
4,61874375;3,82781744;0,00000000
4,61884775;3,82781744;0,00000000
4,61895175;3,78429508;0,00000000
4,61905575;3,78429508;0,00000000
4,61915975;3,78429508;0,00000000
4,61926375;3,82781744;0,00000000
4,61936775;3,78429508;0,00000000
4,61947175;3,78429508;0,00000000
4,61957575;3,78429508;0,00000000
4,61967975;3,82781744;0,00000000
4,61978375;3,82781744;0,00000000
4,61988775;3,78429508;0,00000000
4,61999175;3,82781744;0,00000000
4,62009575;3,82781744;0,00000000
4,62019975;3,78429508;0,00000000
4,62030375;3,82781744;0,00000000
4,62040775;3,82781744;0,00000000
4,62051175;3,82781744;0,00000000
4,62061575;3,78429508;0,00000000
4,62071975;3,82781744;0,00000000
4,62082375;3,78429508;0,00000000
4,62092775;3,82781744;0,00000000
4,62103175;3,82781744;0,00000000
4,62113575;3,78429508;0,00000000
4,62123975;3,82781744;0,00000000
4,62134375;3,82781744;0,00000000
4,62144775;3,82781744;0,00000000
4,62155175;3,82781744;0,00000000
4,62165575;3,78429508;0,00000000
4,62175975;3,82781744;0,00000000
4,62186375;3,82781744;0,00000000
4,62196775;3,82781744;0,00000000
4,62207175;3,78429508;0,00000000
4,62217575;3,78429508;0,00000000
4,62227975;3,82781744;0,00000000
4,62238375;3,78429508;0,00000000
4,62248775;3,82781744;0,00000000
4,62259175;3,82781744;0,00000000
4,62269575;3,78429508;0,00000000
4,62279975;3,78429508;0,00000000
4,62290375;3,78429508;0,00000000
4,62300775;3,82781744;0,00000000
4,62311175;3,78429508;0,00000000
4,62321575;3,82781744;0,00000000
4,62331975;3,82781744;0,00000000
4,62342375;3,82781744;0,00000000
4,62352775;3,78429508;0,00000000
4,62363175;3,78429508;0,00000000
4,62373575;3,82781744;0,00000000
4,62383975;3,82781744;0,00000000
4,62394375;3,82781744;0,00000000
4,62404775;3,82781744;0,00000000
4,62415175;3,82781744;0,00000000
4,62425575;3,82781744;0,00000000
4,62435975;3,82781744;0,00000000
4,62446375;3,82781744;0,00000000
4,62456775;3,82781744;0,00000000
4,62467175;3,78429508;0,00000000
4,62477575;3,78429508;0,00000000
4,62487975;3,82781744;0,00000000
4,62498375;3,82781744;0,00000000
4,62508775;3,82781744;0,00000000
4,62519175;3,82781744;0,00000000
4,62529575;3,82781744;0,00000000
4,62539975;3,82781744;0,00000000
4,62550375;3,78429508;0,00000000
4,62560775;3,78429508;0,00000000
4,62571175;3,78429508;0,00000000
4,62581575;3,78429508;0,00000000
4,62591975;3,82781744;0,00000000
4,62602375;3,82781744;0,00000000
4,62612775;3,82781744;0,00000000
4,62623175;3,82781744;0,00000000
4,62633575;3,82781744;0,00000000
4,62643975;3,82781744;0,00000000
4,62654375;3,78429508;0,00000000
4,62664775;3,82781744;0,00000000
4,62675175;3,78429508;0,00000000
4,62685575;3,82781744;0,00000000
4,62695975;3,82781744;0,00000000
4,62706375;3,82781744;0,00000000
4,62716775;3,78429508;0,00000000
4,62727175;3,78429508;0,00000000
4,62737575;3,82781744;0,00000000
4,62747975;3,78429508;0,00000000
4,62758375;3,82781744;0,00000000
4,62768775;3,82781744;0,00000000
4,62779175;3,78429508;0,00000000
4,62789575;3,82781744;0,00000000
4,62799975;3,82781744;0,00000000
4,62810375;3,78429508;0,00000000
4,62820775;3,82781744;0,00000000
4,62831175;3,82781744;0,00000000
4,62841575;3,82781744;0,00000000
4,62851975;3,78429508;0,00000000
4,62862375;3,82781744;0,00000000
4,62872775;3,82781744;0,00000000
4,62883175;3,82781744;0,00000000
4,62893575;3,82781744;0,00000000
4,62903975;3,82781744;0,00000000
4,62914375;3,82781744;0,00000000
4,62924775;3,82781744;0,00000000
4,62935175;3,78429508;0,00000000
4,62945575;3,82781744;0,00000000
4,62955975;3,82781744;0,00000000
4,62966375;3,82781744;0,00000000
4,62976775;3,82781744;0,00000000
4,62987175;3,78429508;0,00000000
4,62997575;3,78429508;0,00000000
4,63007975;3,78429508;0,00000000
4,63018375;3,82781744;0,00000000
4,63028775;3,82781744;0,00000000
4,63039175;3,82781744;0,00000000
4,63049575;3,82781744;0,00000000
4,63059975;3,78429508;0,00000000
4,63070375;3,82781744;0,00000000
4,63080775;3,82781744;0,00000000
4,63091175;3,82781744;0,00000000
4,63101575;3,78429508;0,00000000
4,63111975;3,82781744;0,00000000
4,63122375;3,82781744;0,00000000
4,63132775;3,82781744;0,00000000
4,63143175;3,82781744;0,00000000
4,63153575;3,78429508;0,00000000
4,63163975;3,82781744;0,00000000
4,63174375;3,82781744;0,00000000
4,63184775;3,82781744;0,00000000
4,63195175;3,82781744;0,00000000
4,63205575;3,82781744;0,00000000
4,63215975;3,78429508;0,00000000
4,63226375;3,82781744;0,00000000
4,63236775;3,78429508;0,00000000
4,63247175;3,82781744;0,00000000
4,63257575;3,78429508;0,00000000
4,63267975;3,82781744;0,00000000
4,63278375;3,78429508;0,00000000
4,63288775;3,82781744;0,00000000
4,63299175;3,82781744;0,00000000
4,63309575;3,82781744;0,00000000
4,63319975;3,78429508;0,00000000
4,63330375;3,78429508;0,00000000
4,63340775;3,82781744;0,00000000
4,63351175;3,82781744;0,00000000
4,63361575;3,82781744;0,00000000
4,63371975;3,82781744;0,00000000
4,63382375;3,82781744;0,00000000
4,63392775;3,82781744;0,00000000
4,63403175;3,82781744;0,00000000
4,63413575;3,82781744;0,00000000
4,63423975;3,78429508;0,00000000
4,63434375;3,82781744;0,00000000
4,63444775;3,82781744;0,00000000
4,63455175;3,82781744;0,00000000
4,63465575;3,78429508;0,00000000
4,63475975;3,82781744;0,00000000
4,63486375;3,82781744;0,00000000
4,63496775;3,82781744;0,00000000
4,63507175;3,82781744;0,00000000
4,63517575;3,78429508;0,00000000
4,63527975;3,82781744;0,00000000
4,63538375;3,82781744;0,00000000
4,63548775;3,82781744;0,00000000
4,63559175;3,82781744;0,00000000
4,63569575;3,82781744;0,00000000
4,63579975;3,82781744;0,00000000
4,63590375;3,82781744;0,00000000
4,63600775;3,82781744;0,00000000
4,63611175;3,82781744;0,00000000
4,63621575;3,82781744;0,00000000
4,63631975;3,82781744;0,00000000
4,63642375;3,82781744;0,00000000
4,63652775;3,82781744;0,00000000
4,63663175;3,78429508;0,00000000
4,63673575;3,82781744;0,00000000
4,63683975;3,82781744;0,00000000
4,63694375;3,78429508;0,00000000
4,63704775;3,82781744;0,00000000
4,63715175;3,78429508;0,00000000
4,63725575;3,78429508;0,00000000
4,63735975;3,82781744;0,00000000
4,63746375;3,82781744;0,00000000
4,63756775;3,82781744;0,00000000
4,63767175;3,78429508;0,00000000
4,63777575;3,78429508;0,00000000
4,63787975;3,82781744;0,00000000
4,63798375;3,82781744;0,00000000
4,63808775;3,82781744;0,00000000
4,63819175;3,82781744;0,00000000
4,63829575;3,78429508;0,00000000
4,63839975;3,82781744;0,00000000
4,63850375;3,82781744;0,00000000
4,63860775;3,82781744;0,00000000
4,63871175;3,82781744;0,00000000
4,63881575;3,82781744;0,00000000
4,63891975;3,82781744;0,00000000
4,63902375;3,78429508;0,00000000
4,63912775;3,78429508;0,00000000
4,63923175;3,78429508;0,00000000
4,63933575;3,78429508;0,00000000
4,63943975;3,82781744;0,00000000
4,63954375;3,78429508;0,00000000
4,63964775;3,82781744;0,00000000
4,63975175;3,82781744;0,00000000
4,63985575;3,82781744;0,00000000
4,63995975;3,78429508;0,00000000
4,64006375;3,82781744;0,00000000
4,64016775;3,82781744;0,00000000
4,64027175;3,82781744;0,00000000
4,64037575;3,82781744;0,00000000
4,64047975;3,82781744;0,00000000
4,64058375;3,78429508;0,00000000
4,64068775;3,78429508;0,00000000
4,64079175;3,82781744;0,00000000
4,64089575;3,82781744;0,00000000
4,64099975;3,82781744;0,00000000
4,64110375;3,82781744;0,00000000
4,64120775;3,82781744;0,00000000
4,64131175;3,78429508;0,00000000
4,64141575;3,82781744;0,00000000
4,64151975;3,82781744;0,00000000
4,64162375;3,82781744;0,00000000
4,64172775;3,82781744;0,00000000
4,64183175;3,82781744;0,00000000
4,64193575;3,78429508;0,00000000
4,64203975;3,82781744;0,00000000
4,64214375;3,82781744;0,00000000
4,64224775;3,78429508;0,00000000
4,64235175;3,82781744;0,00000000
4,64245575;3,82781744;0,00000000
4,64255975;3,82781744;0,00000000
4,64266375;3,82781744;0,00000000
4,64276775;3,78429508;0,00000000
4,64287175;3,82781744;0,00000000
4,64297575;3,82781744;0,00000000
4,64307975;3,82781744;0,00000000
4,64318375;3,82781744;0,00000000
4,64328775;3,82781744;0,00000000
4,64339175;3,78429508;0,00000000
4,64349575;3,82781744;0,00000000
4,64359975;3,78429508;0,00000000
4,64370375;3,78429508;0,00000000
4,64380775;3,82781744;0,00000000
4,64391175;3,82781744;0,00000000
4,64401575;3,82781744;0,00000000
4,64411975;3,82781744;0,00000000
4,64422375;3,82781744;0,00000000
4,64432775;3,78429508;0,00000000
4,64443175;3,82781744;0,00000000
4,64453575;3,82781744;0,00000000
4,64463975;3,82781744;0,00000000
4,64474375;3,82781744;0,00000000
4,64484775;3,82781744;0,00000000
4,64495175;3,82781744;0,00000000
4,64505575;3,82781744;0,00000000
4,64515975;3,78429508;0,00000000
4,64526375;3,82781744;0,00000000
4,64536775;3,78429508;0,00000000
4,64547175;3,78429508;0,00000000
4,64557575;3,82781744;0,00000000
4,64567975;3,82781744;0,00000000
4,64578375;3,82781744;0,00000000
4,64588775;3,78429508;0,00000000
4,64599175;3,82781744;0,00000000
4,64609575;3,82781744;0,00000000
4,64619975;3,82781744;0,00000000
4,64630375;3,82781744;0,00000000
4,64640775;3,82781744;0,00000000
4,64651175;3,82781744;0,00000000
4,64661575;3,78429508;0,00000000
4,64671975;3,82781744;0,00000000
4,64682375;3,82781744;0,00000000
4,64692775;3,82781744;0,00000000
4,64703175;3,82781744;0,00000000
4,64713575;3,82781744;0,00000000
4,64723975;3,82781744;0,00000000
4,64734375;3,78429508;0,00000000
4,64744775;3,78429508;0,00000000
4,64755175;3,82781744;0,00000000
4,64765575;3,82781744;0,00000000
4,64775975;3,82781744;0,00000000
4,64786375;3,82781744;0,00000000
4,64796775;3,82781744;0,00000000
4,64807175;3,78429508;0,00000000
4,64817575;3,82781744;0,00000000
4,64827975;3,82781744;0,00000000
4,64838375;3,78429508;0,00000000
4,64848775;3,82781744;0,00000000
4,64859175;3,78429508;0,00000000
4,64869575;3,82781744;0,00000000
4,64879975;3,78429508;0,00000000
4,64890375;3,78429508;0,00000000
4,64900775;3,78429508;0,00000000
4,64911175;3,82781744;0,00000000
4,64921575;3,78429508;0,00000000
4,64931975;3,82781744;0,00000000
4,64942375;3,82781744;0,00000000
4,64952775;3,82781744;0,00000000
4,64963175;3,78429508;0,00000000
4,64973575;3,82781744;0,00000000
4,64983975;3,82781744;0,00000000
4,64994375;3,82781744;0,00000000
4,65004775;3,78429508;0,00000000
4,65015175;3,82781744;0,00000000
4,65025575;3,82781744;0,00000000
4,65035975;3,82781744;0,00000000
4,65046375;3,82781744;0,00000000
4,65056775;3,78429508;0,00000000
4,65067175;3,82781744;0,00000000
4,65077575;3,82781744;0,00000000
4,65087975;3,82781744;0,00000000
4,65098375;3,78429508;0,00000000
4,65108775;3,82781744;0,00000000
4,65119175;3,78429508;0,00000000
4,65129575;3,78429508;0,00000000
4,65139975;3,78429508;0,00000000
4,65150375;3,82781744;0,00000000
4,65160775;3,78429508;0,00000000
4,65171175;3,82781744;0,00000000
4,65181575;3,78429508;0,00000000
4,65191975;3,82781744;0,00000000
4,65202375;3,82781744;0,00000000
4,65212775;3,82781744;0,00000000
4,65223175;3,78429508;0,00000000
4,65233575;3,82781744;0,00000000
4,65243975;3,78429508;0,00000000
4,65254375;3,82781744;0,00000000
4,65264775;3,78429508;0,00000000
4,65275175;3,82781744;0,00000000
4,65285575;3,82781744;0,00000000
4,65295975;3,82781744;0,00000000
4,65306375;3,82781744;0,00000000
4,65316775;3,82781744;0,00000000
4,65327175;3,78429508;0,00000000
4,65337575;3,82781744;0,00000000
4,65347975;3,78429508;0,00000000
4,65358375;3,78429508;0,00000000
4,65368775;3,82781744;0,00000000
4,65379175;3,78429508;0,01734744
4,65389575;3,82781744;0,00000000
4,65399975;3,82781744;0,00000000
4,65410375;3,78429508;0,00000000
4,65420775;3,82781744;0,00000000
4,65431175;3,82781744;0,00000000
4,65441575;3,82781744;0,00000000
4,65451975;3,78429508;0,00000000
4,65462375;3,78429508;0,00000000
4,65472775;3,82781744;0,00000000
4,65483175;3,82781744;0,00000000
4,65493575;3,78429508;0,00000000
4,65503975;3,82781744;0,00000000
4,65514375;3,82781744;0,00000000
4,65524775;3,82781744;0,00000000
4,65535175;3,82781744;0,00000000
4,65545575;3,82781744;0,00000000
4,65555975;3,82781744;0,00000000
4,65566375;3,82781744;0,00000000
4,65576775;3,82781744;0,00000000
4,65587175;3,82781744;0,00000000
4,65597575;3,78429508;0,00000000
4,65607975;3,78429508;0,00000000
4,65618375;3,78429508;0,00000000
4,65628775;3,82781744;0,00000000
4,65639175;3,82781744;0,00000000
4,65649575;3,82781744;0,00000000
4,65659975;3,78429508;0,00000000
4,65670375;3,82781744;0,00000000
4,65680775;3,82781744;0,00000000
4,65691175;3,82781744;0,00000000
4,65701575;3,82781744;0,00000000
4,65711975;3,78429508;0,00000000
4,65722375;3,78429508;0,00000000
4,65732775;3,78429508;0,00000000
4,65743175;3,78429508;0,00000000
4,65753575;3,82781744;0,00000000
4,65763975;3,78429508;0,00000000
4,65774375;3,78429508;0,00000000
4,65784775;3,82781744;0,00000000
4,65795175;3,82781744;0,00000000
4,65805575;3,78429508;0,00000000
4,65815975;3,78429508;0,00000000
4,65826375;3,82781744;0,00000000
4,65836775;3,82781744;0,00000000
4,65847175;3,82781744;0,00000000
4,65857575;3,78429508;0,00000000
4,65867975;3,82781744;0,00000000
4,65878375;3,78429508;0,00000000
4,65888775;3,82781744;0,00000000
4,65899175;3,82781744;0,00000000
4,65909575;3,78429508;0,00000000
4,65919975;3,82781744;0,00000000
4,65930375;3,82781744;0,00000000
4,65940775;3,82781744;0,00000000
4,65951175;3,82781744;0,00000000
4,65961575;3,82781744;0,00000000
4,65971975;3,82781744;0,00000000
4,65982375;3,82781744;0,00000000
4,65992775;3,82781744;0,00000000
4,66003175;3,82781744;0,00000000
4,66013575;3,78429508;0,00000000
4,66023975;3,82781744;0,00000000
4,66034375;3,82781744;0,00000000
4,66044775;3,82781744;0,00000000
4,66055175;3,82781744;0,00000000
4,66065575;3,78429508;0,00000000
4,66075975;3,82781744;0,00000000
4,66086375;3,78429508;0,00000000
4,66096775;3,82781744;0,00000000
4,66107175;3,82781744;0,00000000
4,66117575;3,78429508;0,00000000
4,66127975;3,82781744;0,00000000
4,66138375;3,78429508;0,00000000
4,66148775;3,78429508;0,00000000
4,66159175;3,78429508;0,00000000
4,66169575;3,82781744;0,00000000
4,66179975;3,78429508;0,00000000
4,66190375;3,82781744;0,00000000
4,66200775;3,78429508;0,00000000
4,66211175;3,82781744;0,00000000
4,66221575;3,82781744;0,00000000
4,66231975;3,82781744;0,00000000
4,66242375;3,78429508;0,00000000
4,66252775;3,82781744;0,00000000
4,66263175;3,82781744;0,00000000
4,66273575;3,78429508;0,00000000
4,66283975;3,82781744;0,00000000
4,66294375;3,78429508;0,00000000
4,66304775;3,82781744;0,00000000
4,66315175;3,82781744;0,00000000
4,66325575;3,82781744;0,00000000
4,66335975;3,82781744;0,00000000
4,66346375;3,82781744;0,00000000
4,66356775;3,78429508;0,00000000
4,66367175;3,82781744;0,00000000
4,66377575;3,82781744;0,00000000
4,66387975;3,82781744;0,00000000
4,66398375;3,78429508;0,00000000
4,66408775;3,82781744;0,00000000
4,66419175;3,78429508;0,00000000
4,66429575;3,82781744;0,00000000
4,66439975;3,82781744;0,00000000
4,66450375;3,82781744;0,00000000
4,66460775;3,78429508;0,00000000
4,66471175;3,82781744;0,00000000
4,66481575;3,78429508;0,00000000
4,66491975;3,82781744;0,00000000
4,66502375;3,78429508;0,00000000
4,66512775;3,82781744;0,00000000
4,66523175;3,82781744;0,00000000
4,66533575;3,82781744;0,00000000
4,66543975;3,82781744;0,00000000
4,66554375;3,78429508;0,00000000
4,66564775;3,82781744;0,00000000
4,66575175;3,82781744;0,00000000
4,66585575;3,82781744;0,00000000
4,66595975;3,82781744;0,00000000
4,66606375;3,82781744;0,00000000
4,66616775;3,82781744;0,00000000
4,66627175;3,78429508;0,00000000
4,66637575;3,82781744;0,00000000
4,66647975;3,82781744;0,00000000
4,66658375;3,78429508;0,00000000
4,66668775;3,82781744;0,00000000
4,66679175;3,78429508;0,00000000
4,66689575;3,82781744;0,00000000
4,66699975;3,82781744;0,00000000
4,66710375;3,78429508;0,00000000
4,66720775;3,82781744;0,00000000
4,66731175;3,82781744;0,00000000
4,66741575;3,82781744;0,00000000
4,66751975;3,82781744;0,00000000
4,66762375;3,82781744;0,00000000
4,66772775;3,82781744;0,00000000
4,66783175;3,82781744;0,00000000
4,66793575;3,78429508;0,00000000
4,66803975;3,78429508;0,00000000
4,66814375;3,82781744;0,00000000
4,66824775;3,82781744;0,00000000
4,66835175;3,78429508;0,00000000
4,66845575;3,82781744;0,00000000
4,66855975;3,78429508;0,00000000
4,66866375;3,78429508;0,00000000
4,66876775;3,78429508;0,00000000
4,66887175;3,82781744;0,00000000
4,66897575;3,82781744;0,00000000
4,66907975;3,78429508;0,00000000
4,66918375;3,78429508;0,00000000
4,66928775;3,82781744;0,00000000
4,66939175;3,82781744;0,00000000
4,66949575;3,82781744;0,00000000
4,66959975;3,78429508;0,00000000
4,66970375;3,78429508;0,00000000
4,66980775;3,82781744;0,00000000
4,66991175;3,82781744;0,00000000
4,67001575;3,82781744;0,00000000
4,67011975;3,82781744;0,00000000
4,67022375;3,82781744;0,00000000
4,67032775;3,78429508;0,00000000
4,67043175;3,78429508;0,00000000
4,67053575;3,82781744;0,00000000
4,67063975;3,82781744;0,00000000
4,67074375;3,82781744;0,00000000
4,67084775;3,78429508;0,00000000
4,67095175;3,82781744;0,00000000
4,67105575;3,78429508;0,00000000
4,67115975;3,82781744;0,00000000
4,67126375;3,82781744;0,00000000
4,67136775;3,82781744;0,00000000
4,67147175;3,78429508;0,00000000
4,67157575;3,82781744;0,00000000
4,67167975;3,82781744;0,00000000
4,67178375;3,78429508;0,00000000
4,67188775;3,78429508;0,00000000
4,67199175;3,78429508;0,00000000
4,67209575;3,78429508;0,00000000
4,67219975;3,82781744;0,00000000
4,67230375;3,82781744;0,00000000
4,67240775;3,78429508;0,00000000
4,67251175;3,82781744;0,00000000
4,67261575;3,82781744;0,00000000
4,67271975;3,82781744;0,00000000
4,67282375;3,82781744;0,00000000
4,67292775;3,78429508;0,00000000
4,67303175;3,82781744;0,00000000
4,67313575;3,82781744;0,00000000
4,67323975;3,82781744;0,00000000
4,67334375;3,82781744;0,00000000
4,67344775;3,82781744;0,00000000
4,67355175;3,78429508;0,00000000
4,67365575;3,78429508;0,00000000
4,67375975;3,78429508;0,00000000
4,67386375;3,82781744;0,00000000
4,67396775;3,82781744;0,00000000
4,67407175;3,78429508;0,00000000
4,67417575;3,82781744;0,00000000
4,67427975;3,87133980;0,00000000
4,67438375;3,82781744;0,00000000
4,67448775;3,78429508;0,00000000
4,67459175;3,82781744;0,00000000
4,67469575;3,82781744;0,00000000
4,67479975;3,78429508;0,00000000
4,67490375;3,82781744;0,00000000
4,67500775;3,82781744;0,00000000
4,67511175;3,82781744;0,00000000
4,67521575;3,82781744;0,00000000
4,67531975;3,82781744;0,00000000
4,67542375;3,78429508;0,00000000
4,67552775;3,82781744;0,00000000
4,67563175;3,82781744;0,00000000
4,67573575;3,82781744;0,00000000
4,67583975;3,82781744;0,00000000
4,67594375;3,78429508;0,00000000
4,67604775;3,82781744;0,00000000
4,67615175;3,82781744;0,00000000
4,67625575;3,82781744;0,00000000
4,67635975;3,82781744;0,00000000
4,67646375;3,78429508;0,00000000
4,67656775;3,78429508;0,00000000
4,67667175;3,78429508;0,00000000
4,67677575;3,82781744;0,00000000
4,67687975;3,78429508;0,00000000
4,67698375;3,82781744;0,00000000
4,67708775;3,82781744;0,00000000
4,67719175;3,78429508;0,00000000
4,67729575;3,82781744;0,00000000
4,67739975;3,82781744;0,00000000
4,67750375;3,78429508;0,00000000
4,67760775;3,78429508;0,00000000
4,67771175;3,78429508;0,00000000
4,67781575;3,82781744;0,00000000
4,67791975;3,82781744;0,00000000
4,67802375;3,78429508;0,00000000
4,67812775;3,82781744;0,00000000
4,67823175;3,82781744;0,00000000
4,67833575;3,78429508;0,00000000
4,67843975;3,82781744;0,00000000
4,67854375;3,78429508;0,00000000
4,67864775;3,78429508;0,00000000
4,67875175;3,82781744;0,00000000
4,67885575;3,78429508;0,00000000
4,67895975;3,82781744;0,00000000
4,67906375;3,82781744;0,00000000
4,67916775;3,82781744;0,00000000
4,67927175;3,78429508;0,00000000
4,67937575;3,82781744;0,00000000
4,67947975;3,78429508;0,00000000
4,67958375;3,78429508;0,00000000
4,67968775;3,78429508;0,00000000
4,67979175;3,78429508;0,00000000
4,67989575;3,82781744;0,00000000
4,67999975;3,82781744;0,00000000
4,68010375;3,82781744;0,00000000
4,68020775;3,82781744;0,00000000
4,68031175;3,78429508;0,00000000
4,68041575;3,82781744;0,00000000
4,68051975;3,78429508;0,00000000
4,68062375;3,82781744;0,00000000
4,68072775;3,78429508;0,00000000
4,68083175;3,78429508;0,00000000
4,68093575;3,82781744;0,00000000
4,68103975;3,82781744;0,00000000
4,68114375;3,78429508;0,00000000
4,68124775;3,82781744;0,00000000
4,68135175;3,78429508;0,00000000
4,68145575;3,82781744;0,00000000
4,68155975;3,82781744;0,00000000
4,68166375;3,82781744;0,00000000
4,68176775;3,78429508;0,00000000
4,68187175;3,82781744;0,00000000
4,68197575;3,82781744;0,00000000
4,68207975;3,82781744;0,00000000
4,68218375;3,82781744;0,00000000
4,68228775;3,82781744;0,00000000
4,68239175;3,82781744;0,00000000
4,68249575;3,78429508;0,00000000
4,68259975;3,82781744;0,00000000
4,68270375;3,82781744;0,00000000
4,68280775;3,82781744;0,00000000
4,68291175;3,82781744;0,00000000
4,68301575;3,82781744;0,00000000
4,68311975;3,78429508;0,00000000
4,68322375;3,78429508;0,00000000
4,68332775;3,82781744;0,00000000
4,68343175;3,82781744;0,00000000
4,68353575;3,78429508;0,00000000
4,68363975;3,82781744;0,00000000
4,68374375;3,82781744;0,00000000
4,68384775;3,78429508;0,00000000
4,68395175;3,82781744;0,00000000
4,68405575;3,82781744;0,00000000
4,68415975;3,82781744;0,00000000
4,68426375;3,82781744;0,00000000
4,68436775;3,78429508;0,00000000
4,68447175;3,78429508;0,00000000
4,68457575;3,82781744;0,00000000
4,68467975;3,82781744;0,00000000
4,68478375;3,82781744;0,00000000
4,68488775;3,82781744;0,00000000
4,68499175;3,78429508;0,00000000
4,68509575;3,82781744;0,00000000
4,68519975;3,78429508;0,00000000
4,68530375;3,82781744;0,00000000
4,68540775;3,82781744;0,00000000
4,68551175;3,82781744;0,00000000
4,68561575;3,78429508;0,00000000
4,68571975;3,82781744;0,00000000
4,68582375;3,82781744;0,00000000
4,68592775;3,78429508;0,00000000
4,68603175;3,82781744;0,00000000
4,68613575;3,78429508;0,00000000
4,68623975;3,82781744;0,00000000
4,68634375;3,82781744;0,00000000
4,68644775;3,82781744;0,00000000
4,68655175;3,82781744;0,00000000
4,68665575;3,82781744;0,00000000
4,68675975;3,82781744;0,00000000
4,68686375;3,82781744;0,00000000
4,68696775;3,82781744;0,00000000
4,68707175;3,82781744;0,00000000
4,68717575;3,78429508;0,00000000
4,68727975;3,78429508;0,00000000
4,68738375;3,78429508;0,00000000
4,68748775;3,78429508;0,00000000
4,68759175;3,78429508;0,00000000
4,68769575;3,82781744;0,00000000
4,68779975;3,78429508;0,00000000
4,68790375;3,78429508;0,00000000
4,68800775;3,78429508;0,00000000
4,68811175;3,82781744;0,00000000
4,68821575;3,78429508;0,01734744
4,68831975;3,78429508;0,00000000
4,68842375;3,78429508;0,00000000
4,68852775;3,82781744;0,00000000
4,68863175;3,82781744;0,00000000
4,68873575;3,82781744;0,00000000
4,68883975;3,78429508;0,00000000
4,68894375;3,78429508;0,00000000
4,68904775;3,82781744;0,00000000
4,68915175;3,82781744;0,00000000
4,68925575;3,78429508;0,00000000
4,68935975;3,78429508;0,00000000
4,68946375;3,82781744;0,00000000
4,68956775;3,78429508;0,00000000
4,68967175;3,78429508;0,00000000
4,68977575;3,82781744;0,00000000
4,68987975;3,78429508;0,00000000
4,68998375;3,82781744;0,00000000
4,69008775;3,78429508;0,00000000
4,69019175;3,82781744;0,00000000
4,69029575;3,82781744;0,00000000
4,69039975;3,82781744;0,00000000
4,69050375;3,82781744;0,00000000
4,69060775;3,78429508;0,00000000
4,69071175;3,82781744;0,00000000
4,69081575;3,82781744;0,00000000
4,69091975;3,78429508;0,00000000
4,69102375;3,78429508;0,00000000
4,69112775;3,82781744;0,00000000
4,69123175;3,82781744;0,00000000
4,69133575;3,78429508;0,00000000
4,69143975;3,82781744;0,00000000
4,69154375;3,82781744;0,00000000
4,69164775;3,82781744;0,00000000
4,69175175;3,82781744;0,00000000
4,69185575;3,82781744;0,00000000
4,69195975;3,82781744;0,00000000
4,69206375;3,82781744;0,00000000
4,69216775;3,78429508;0,00000000
4,69227175;3,82781744;0,00000000
4,69237575;3,82781744;0,00000000
4,69247975;3,82781744;0,01734744
4,69258375;3,82781744;0,00000000
4,69268775;3,82781744;0,00000000
4,69279175;3,82781744;0,00000000
4,69289575;3,82781744;0,00000000
4,69299975;3,82781744;0,00000000
4,69310375;3,82781744;0,00000000
4,69320775;3,82781744;0,00000000
4,69331175;3,82781744;0,00000000
4,69341575;3,78429508;0,00000000
4,69351975;3,78429508;0,00000000
4,69362375;3,82781744;0,00000000
4,69372775;3,82781744;0,00000000
4,69383175;3,82781744;0,00000000
4,69393575;3,82781744;0,00000000
4,69403975;3,78429508;0,00000000
4,69414375;3,78429508;0,00000000
4,69424775;3,82781744;0,00000000
4,69435175;3,82781744;0,00000000
4,69445575;3,82781744;0,00000000
4,69455975;3,82781744;0,00000000
4,69466375;3,82781744;0,00000000
4,69476775;3,82781744;0,00000000
4,69487175;3,82781744;0,00000000
4,69497575;3,82781744;0,00000000
4,69507975;3,78429508;0,00000000
4,69518375;3,82781744;0,00000000
4,69528775;3,82781744;0,00000000
4,69539175;3,78429508;0,00000000
4,69549575;3,82781744;0,00000000
4,69559975;3,82781744;0,00000000
4,69570375;3,82781744;0,00000000
4,69580775;3,78429508;0,00000000
4,69591175;3,78429508;0,00000000
4,69601575;3,82781744;0,00000000
4,69611975;3,82781744;0,00000000
4,69622375;3,82781744;0,00000000
4,69632775;3,82781744;0,00000000
4,69643175;3,78429508;0,00000000
4,69653575;3,82781744;0,00000000
4,69663975;3,82781744;0,00000000
4,69674375;3,82781744;0,00000000
4,69684775;3,82781744;0,00000000
4,69695175;3,78429508;0,00000000
4,69705575;3,78429508;0,00000000
4,69715975;3,78429508;0,00000000
4,69726375;3,82781744;0,00000000
4,69736775;3,82781744;0,00000000
4,69747175;3,82781744;0,00000000
4,69757575;3,78429508;0,00000000
4,69767975;3,82781744;0,00000000
4,69778375;3,82781744;0,00000000
4,69788775;3,82781744;0,00000000
4,69799175;3,82781744;0,00000000
4,69809575;3,82781744;0,00000000
4,69819975;3,82781744;0,00000000
4,69830375;3,82781744;0,00000000
4,69840775;3,82781744;0,00000000
4,69851175;3,82781744;0,00000000
4,69861575;3,82781744;0,00000000
4,69871975;3,82781744;0,00000000
4,69882375;3,82781744;0,00000000
4,69892775;3,82781744;0,00000000
4,69903175;3,78429508;0,00000000
4,69913575;3,78429508;0,01734744
4,69923975;3,82781744;0,00000000
4,69934375;3,82781744;0,00000000
4,69944775;3,82781744;0,00000000
4,69955175;3,82781744;0,00000000
4,69965575;3,78429508;0,00000000
4,69975975;3,82781744;0,00000000
4,69986375;3,78429508;0,00000000
4,69996775;3,82781744;0,00000000
4,70007175;3,82781744;0,00000000
4,70017575;3,78429508;0,00000000
4,70027975;3,82781744;0,00000000
4,70038375;3,82781744;0,00000000
4,70048775;3,78429508;0,00000000
4,70059175;3,82781744;0,00000000
4,70069575;3,82781744;0,00000000
4,70079975;3,82781744;0,00000000
4,70090375;3,82781744;0,00000000
4,70100775;3,82781744;0,00000000
4,70111175;3,78429508;0,00000000
4,70121575;3,82781744;0,00000000
4,70131975;3,82781744;0,00000000
4,70142375;3,78429508;0,00000000
4,70152775;3,78429508;0,00000000
4,70163175;3,82781744;0,00000000
4,70173575;3,78429508;0,00000000
4,70183975;3,82781744;0,00000000
4,70194375;3,82781744;0,00000000
4,70204775;3,82781744;0,00000000
4,70215175;3,78429508;0,00000000
4,70225575;3,82781744;0,00000000
4,70235975;3,82781744;0,00000000
4,70246375;3,78429508;0,01734744
4,70256775;3,82781744;0,00000000
4,70267175;3,78429508;0,00000000
4,70277575;3,82781744;0,00000000
4,70287975;3,82781744;0,00000000
4,70298375;3,82781744;0,00000000
4,70308775;3,78429508;0,00000000
4,70319175;3,78429508;0,00000000
4,70329575;3,82781744;0,00000000
4,70339975;3,78429508;0,00000000
4,70350375;3,82781744;0,00000000
4,70360775;3,82781744;0,00000000
4,70371175;3,82781744;0,00000000
4,70381575;3,78429508;0,00000000
4,70391975;3,82781744;0,00000000
4,70402375;3,78429508;0,00000000
4,70412775;3,82781744;0,00000000
4,70423175;3,82781744;0,00000000
4,70433575;3,82781744;0,00000000
4,70443975;3,78429508;0,00000000
4,70454375;3,82781744;0,00000000
4,70464775;3,78429508;0,00000000
4,70475175;3,82781744;0,00000000
4,70485575;3,82781744;0,00000000
4,70495975;3,82781744;0,00000000
4,70506375;3,82781744;0,00000000
4,70516775;3,82781744;0,00000000
4,70527175;3,78429508;0,00000000
4,70537575;3,82781744;0,00000000
4,70547975;3,82781744;0,00000000
4,70558375;3,82781744;0,00000000
4,70568775;3,82781744;0,00000000
4,70579175;3,78429508;0,00000000
4,70589575;3,82781744;0,00000000
4,70599975;3,82781744;0,00000000
4,70610375;3,78429508;0,00000000
4,70620775;3,78429508;0,00000000
4,70631175;3,78429508;0,00000000
4,70641575;3,82781744;0,00000000
4,70651975;3,78429508;0,00000000
4,70662375;3,82781744;0,00000000
4,70672775;3,78429508;0,00000000
4,70683175;3,78429508;0,00000000
4,70693575;3,78429508;0,00000000
4,70703975;3,82781744;0,00000000
4,70714375;3,82781744;0,00000000
4,70724775;3,78429508;0,00000000
4,70735175;3,78429508;0,00000000
4,70745575;3,78429508;0,00000000
4,70755975;3,82781744;0,00000000
4,70766375;3,82781744;0,00000000
4,70776775;3,82781744;0,00000000
4,70787175;3,82781744;0,00000000
4,70797575;3,82781744;0,00000000
4,70807975;3,82781744;0,00000000
4,70818375;3,78429508;0,00000000
4,70828775;3,82781744;0,00000000
4,70839175;3,82781744;0,00000000
4,70849575;3,82781744;0,00000000
4,70859975;3,78429508;0,00000000
4,70870375;3,78429508;0,00000000
4,70880775;3,82781744;0,00000000
4,70891175;3,78429508;0,00000000
4,70901575;3,82781744;0,00000000
4,70911975;3,82781744;0,00000000
4,70922375;3,82781744;0,00000000
4,70932775;3,82781744;0,00000000
4,70943175;3,78429508;0,00000000
4,70953575;3,82781744;0,00000000
4,70963975;3,82781744;0,00000000
4,70974375;3,82781744;0,00000000
4,70984775;3,82781744;0,00000000
4,70995175;3,78429508;0,00000000
4,71005575;3,78429508;0,00000000
4,71015975;3,78429508;0,00000000
4,71026375;3,78429508;0,00000000
4,71036775;3,82781744;0,00000000
4,71047175;3,82781744;0,00000000
4,71057575;3,78429508;0,00000000
4,71067975;3,78429508;0,00000000
4,71078375;3,82781744;0,00000000
4,71088775;3,82781744;0,00000000
4,71099175;3,78429508;0,00000000
4,71109575;3,82781744;0,00000000
4,71119975;3,82781744;0,01734744
4,71130375;3,82781744;0,00000000
4,71140775;3,82781744;0,00000000
4,71151175;3,82781744;0,00000000
4,71161575;3,78429508;0,00000000
4,71171975;3,82781744;0,00000000
4,71182375;3,82781744;0,00000000
4,71192775;3,78429508;0,00000000
4,71203175;3,82781744;0,00000000
4,71213575;3,82781744;0,00000000
4,71223975;3,82781744;0,00000000
4,71234375;3,82781744;0,00000000
4,71244775;3,82781744;0,00000000
4,71255175;3,82781744;0,00000000
4,71265575;3,82781744;0,00000000
4,71275975;3,78429508;0,00000000
4,71286375;3,82781744;0,00000000
4,71296775;3,82781744;0,00000000
4,71307175;3,82781744;0,00000000
4,71317575;3,78429508;0,00000000
4,71327975;3,82781744;0,00000000
4,71338375;3,82781744;0,00000000
4,71348775;3,78429508;0,00000000
4,71359175;3,82781744;0,00000000
4,71369575;3,82781744;0,00000000
4,71379975;3,82781744;0,00000000
4,71390375;3,82781744;0,00000000
4,71400775;3,82781744;0,00000000
4,71411175;3,78429508;0,00000000
4,71421575;3,82781744;0,00000000
4,71431975;3,78429508;0,00000000
4,71442375;3,82781744;0,00000000
4,71452775;3,82781744;0,00000000
4,71463175;3,82781744;0,00000000
4,71473575;3,82781744;0,00000000
4,71483975;3,78429508;0,00000000
4,71494375;3,82781744;0,00000000
4,71504775;3,78429508;0,00000000
4,71515175;3,78429508;0,00000000
4,71525575;3,82781744;0,00000000
4,71535975;3,82781744;0,00000000
4,71546375;3,78429508;0,00000000
4,71556775;3,82781744;0,00000000
4,71567175;3,78429508;0,00000000
4,71577575;3,82781744;0,00000000
4,71587975;3,78429508;0,00000000
4,71598375;3,82781744;0,00000000
4,71608775;3,82781744;0,00000000
4,71619175;3,82781744;0,00000000
4,71629575;3,78429508;0,00000000
4,71639975;3,82781744;0,00000000
4,71650375;3,78429508;0,00000000
4,71660775;3,82781744;0,00000000
4,71671175;3,82781744;0,00000000
4,71681575;3,82781744;0,00000000
4,71691975;3,78429508;0,00000000
4,71702375;3,78429508;0,00000000
4,71712775;3,82781744;0,00000000
4,71723175;3,78429508;0,00000000
4,71733575;3,82781744;0,00000000
4,71743975;3,78429508;0,00000000
4,71754375;3,78429508;0,00000000
4,71764775;3,82781744;0,00000000
4,71775175;3,82781744;0,00000000
4,71785575;3,82781744;0,00000000
4,71795975;3,78429508;0,00000000
4,71806375;3,82781744;0,00000000
4,71816775;3,82781744;0,00000000
4,71827175;3,82781744;0,00000000
4,71837575;3,78429508;0,00000000
4,71847975;3,82781744;0,00000000
4,71858375;3,82781744;0,00000000
4,71868775;3,82781744;0,00000000
4,71879175;3,82781744;0,00000000
4,71889575;3,82781744;0,00000000
4,71899975;3,82781744;0,00000000
4,71910375;3,82781744;0,00000000
4,71920775;3,82781744;0,00000000
4,71931175;3,82781744;0,00000000
4,71941575;3,82781744;0,00000000
4,71951975;3,78429508;0,00000000
4,71962375;3,82781744;0,00000000
4,71972775;3,82781744;0,00000000
4,71983175;3,82781744;0,00000000
4,71993575;3,82781744;0,00000000
4,72003975;3,82781744;0,00000000
4,72014375;3,82781744;0,00000000
4,72024775;3,78429508;0,00000000
4,72035175;3,82781744;0,00000000
4,72045575;3,87133980;0,00000000
4,72055975;3,82781744;0,00000000
4,72066375;3,78429508;0,00000000
4,72076775;3,78429508;0,00000000
4,72087175;3,78429508;0,00000000
4,72097575;3,82781744;0,00000000
4,72107975;3,82781744;0,00000000
4,72118375;3,78429508;0,00000000
4,72128775;3,78429508;0,00000000
4,72139175;3,78429508;0,00000000
4,72149575;3,82781744;0,00000000
4,72159975;3,82781744;0,00000000
4,72170375;3,82781744;0,00000000
4,72180775;3,82781744;0,00000000
4,72191175;3,78429508;0,00000000
4,72201575;3,78429508;0,00000000
4,72211975;3,78429508;0,00000000
4,72222375;3,82781744;0,00000000
4,72232775;3,82781744;0,00000000
4,72243175;3,82781744;0,00000000
4,72253575;3,82781744;0,00000000
4,72263975;3,78429508;0,00000000
4,72274375;3,78429508;0,00000000
4,72284775;3,78429508;0,00000000
4,72295175;3,82781744;0,00000000
4,72305575;3,78429508;0,00000000
4,72315975;3,78429508;0,00000000
4,72326375;3,78429508;0,00000000
4,72336775;3,82781744;0,00000000
4,72347175;3,82781744;0,00000000
4,72357575;3,78429508;0,00000000
4,72367975;3,82781744;0,00000000
4,72378375;3,82781744;0,00000000
4,72388775;3,78429508;0,00000000
4,72399175;3,82781744;0,00000000
4,72409575;3,82781744;0,00000000
4,72419975;3,78429508;0,00000000
4,72430375;3,78429508;0,00000000
4,72440775;3,82781744;0,00000000
4,72451175;3,82781744;0,00000000
4,72461575;3,78429508;0,00000000
4,72471975;3,82781744;0,00000000
4,72482375;3,78429508;0,00000000
4,72492775;3,78429508;0,00000000
4,72503175;3,78429508;0,00000000
4,72513575;3,82781744;0,00000000
4,72523975;3,78429508;0,00000000
4,72534375;3,82781744;0,00000000
4,72544775;3,82781744;0,00000000
4,72555175;3,82781744;0,00000000
4,72565575;3,78429508;0,00000000
4,72575975;3,82781744;0,00000000
4,72586375;3,78429508;0,00000000
4,72596775;3,82781744;0,00000000
4,72607175;3,78429508;0,00000000
4,72617575;3,82781744;0,00000000
4,72627975;3,78429508;0,00000000
4,72638375;3,82781744;0,00000000
4,72648775;3,82781744;0,00000000
4,72659175;3,82781744;0,00000000
4,72669575;3,78429508;0,00000000
4,72679975;3,82781744;0,00000000
4,72690375;3,82781744;0,00000000
4,72700775;3,82781744;0,00000000
4,72711175;3,82781744;0,00000000
4,72721575;3,82781744;0,00000000
4,72731975;3,82781744;0,00000000
4,72742375;3,82781744;0,00000000
4,72752775;3,82781744;0,00000000
4,72763175;3,78429508;0,00000000
4,72773575;3,78429508;0,00000000
4,72783975;3,82781744;0,00000000
4,72794375;3,78429508;0,00000000
4,72804775;3,82781744;0,00000000
4,72815175;3,82781744;0,00000000
4,72825575;3,82781744;0,00000000
4,72835975;3,78429508;0,00000000
4,72846375;3,82781744;0,00000000
4,72856775;3,78429508;0,00000000
4,72867175;3,82781744;0,00000000
4,72877575;3,82781744;0,00000000
4,72887975;3,82781744;0,00000000
4,72898375;3,82781744;0,00000000
4,72908775;3,78429508;0,00000000
4,72919175;3,78429508;0,00000000
4,72929575;3,82781744;0,00000000
4,72939975;3,82781744;0,00000000
4,72950375;3,82781744;0,00000000
4,72960775;3,78429508;0,00000000
4,72971175;3,82781744;0,00000000
4,72981575;3,82781744;0,00000000
4,72991975;3,82781744;0,00000000
4,73002375;3,82781744;0,00000000
4,73012775;3,82781744;0,00000000
4,73023175;3,82781744;0,00000000
4,73033575;3,82781744;0,00000000
4,73043975;3,82781744;0,00000000
4,73054375;3,82781744;0,00000000
4,73064775;3,82781744;0,00000000
4,73075175;3,82781744;0,00000000
4,73085574;3,82781744;0,00000000
4,73095974;3,82781744;0,00000000
4,73106374;3,82781744;0,00000000
4,73116774;3,78429508;0,00000000
4,73127174;3,82781744;0,00000000
4,73137574;3,78429508;0,00000000
4,73147974;3,82781744;0,00000000
4,73158374;3,82781744;0,00000000
4,73168774;3,82781744;0,00000000
4,73179174;3,82781744;0,00000000
4,73189574;3,82781744;0,00000000
4,73199974;3,78429508;0,00000000
4,73210374;3,78429508;0,00000000
4,73220774;3,78429508;0,01734744
4,73231174;3,82781744;0,00000000
4,73241574;3,78429508;0,00000000
4,73251974;3,82781744;0,00000000
4,73262374;3,82781744;0,00000000
4,73272774;3,78429508;0,00000000
4,73283174;3,82781744;0,00000000
4,73293574;3,78429508;0,00000000
4,73303974;3,82781744;0,00000000
4,73314374;3,87133980;0,00000000
4,73324774;3,82781744;0,00000000
4,73335174;3,78429508;0,00000000
4,73345574;3,82781744;0,00000000
4,73355974;3,82781744;0,00000000
4,73366374;3,82781744;0,00000000
4,73376774;3,78429508;0,00000000
4,73387174;3,82781744;0,00000000
4,73397574;3,78429508;0,00000000
4,73407974;3,82781744;0,00000000
4,73418374;3,82781744;0,00000000
4,73428774;3,78429508;0,00000000
4,73439174;3,82781744;0,00000000
4,73449574;3,78429508;0,00000000
4,73459974;3,82781744;0,00000000
4,73470374;3,78429508;0,00000000
4,73480774;3,82781744;0,00000000
4,73491174;3,82781744;0,00000000
4,73501574;3,82781744;0,00000000
4,73511974;3,82781744;0,00000000
4,73522374;3,82781744;0,00000000
4,73532774;3,82781744;0,00000000
4,73543174;3,82781744;0,00000000
4,73553574;3,82781744;0,00000000
4,73563974;3,78429508;0,00000000
4,73574374;3,82781744;0,00000000
4,73584774;3,82781744;0,00000000
4,73595174;3,82781744;0,00000000
4,73605574;3,82781744;0,00000000
4,73615974;3,78429508;0,00000000
4,73626374;3,82781744;0,00000000
4,73636774;3,82781744;0,00000000
4,73647174;3,87133980;0,00000000
4,73657574;3,82781744;0,00000000
4,73667974;3,82781744;0,00000000
4,73678374;3,78429508;0,00000000
4,73688774;3,82781744;0,00000000
4,73699174;3,82781744;0,00000000
4,73709574;3,82781744;0,00000000
4,73719974;3,82781744;0,00000000
4,73730374;3,78429508;0,00000000
4,73740774;3,82781744;0,00000000
4,73751174;3,78429508;0,00000000
4,73761574;3,82781744;0,00000000
4,73771974;3,82781744;0,00000000
4,73782374;3,82781744;0,00000000
4,73792774;3,82781744;0,00000000
4,73803174;3,78429508;0,00000000
4,73813574;3,82781744;0,00000000
4,73823974;3,82781744;0,00000000
4,73834374;3,82781744;0,00000000
4,73844774;3,82781744;0,00000000
4,73855174;3,82781744;0,00000000
4,73865574;3,82781744;0,00000000
4,73875974;3,82781744;0,00000000
4,73886374;3,82781744;0,00000000
4,73896774;3,78429508;0,00000000
4,73907174;3,82781744;0,00000000
4,73917574;3,82781744;0,00000000
4,73927974;3,78429508;0,00000000
4,73938374;3,78429508;0,00000000
4,73948774;3,82781744;0,00000000
4,73959174;3,78429508;0,00000000
4,73969574;3,78429508;0,00000000
4,73979974;3,78429508;0,00000000
4,73990374;3,82781744;0,00000000
4,74000774;3,78429508;0,00000000
4,74011174;3,82781744;0,00000000
4,74021574;3,78429508;0,00000000
4,74031974;3,82781744;0,00000000
4,74042374;3,78429508;0,00000000
4,74052774;3,82781744;0,00000000
4,74063174;3,78429508;0,00000000
4,74073574;3,82781744;0,00000000
4,74083974;3,78429508;0,00000000
4,74094374;3,82781744;0,00000000
4,74104774;3,78429508;0,00000000
4,74115174;3,82781744;0,00000000
4,74125574;3,82781744;0,00000000
4,74135974;3,82781744;0,00000000
4,74146374;3,78429508;0,00000000
4,74156774;3,82781744;0,00000000
4,74167174;3,82781744;0,00000000
4,74177574;3,82781744;0,00000000
4,74187974;3,78429508;0,00000000
4,74198374;3,82781744;0,00000000
4,74208774;3,82781744;0,00000000
4,74219174;3,78429508;0,00000000
4,74229574;3,82781744;0,00000000
4,74239974;3,82781744;0,00000000
4,74250374;3,82781744;0,00000000
4,74260774;3,82781744;0,00000000
4,74271174;3,82781744;0,00000000
4,74281574;3,82781744;0,00000000
4,74291974;3,78429508;0,00000000
4,74302374;3,82781744;0,00000000
4,74312774;3,82781744;0,00000000
4,74323174;3,82781744;0,00000000
4,74333574;3,82781744;0,00000000
4,74343974;3,78429508;0,00000000
4,74354374;3,82781744;0,00000000
4,74364774;3,82781744;0,00000000
4,74375174;3,78429508;0,00000000
4,74385574;3,78429508;0,00000000
4,74395974;3,78429508;0,00000000
4,74406374;3,82781744;0,00000000
4,74416774;3,82781744;0,00000000
4,74427174;3,82781744;0,00000000
4,74437574;3,82781744;0,00000000
4,74447974;3,82781744;0,00000000
4,74458374;3,78429508;0,00000000
4,74468774;3,82781744;0,00000000
4,74479174;3,78429508;0,00000000
4,74489574;3,82781744;0,00000000
4,74499974;3,82781744;0,00000000
4,74510374;3,78429508;0,00000000
4,74520774;3,78429508;0,00000000
4,74531174;3,82781744;0,00000000
4,74541574;3,82781744;0,00000000
4,74551974;3,78429508;0,00000000
4,74562374;3,78429508;0,00000000
4,74572774;3,82781744;0,00000000
4,74583174;3,78429508;0,00000000
4,74593574;3,78429508;0,00000000
4,74603974;3,78429508;0,00000000
4,74614374;3,82781744;0,00000000
4,74624774;3,82781744;0,00000000
4,74635174;3,78429508;0,00000000
4,74645574;3,82781744;0,00000000
4,74655974;3,82781744;0,00000000
4,74666374;3,82781744;0,00000000
4,74676774;3,82781744;0,00000000
4,74687174;3,78429508;0,00000000
4,74697574;3,78429508;0,00000000
4,74707974;3,82781744;0,00000000
4,74718374;3,82781744;0,00000000
4,74728774;3,82781744;0,00000000
4,74739174;3,78429508;0,00000000
4,74749574;3,82781744;0,00000000
4,74759974;3,78429508;0,00000000
4,74770374;3,82781744;0,00000000
4,74780774;3,82781744;0,00000000
4,74791174;3,82781744;0,00000000
4,74801574;3,82781744;0,00000000
4,74811974;3,82781744;0,00000000
4,74822374;3,82781744;0,00000000
4,74832774;3,82781744;0,00000000
4,74843174;3,82781744;0,00000000
4,74853574;3,78429508;0,00000000
4,74863974;3,82781744;0,00000000
4,74874374;3,82781744;0,00000000
4,74884774;3,82781744;0,00000000
4,74895174;3,82781744;0,00000000
4,74905574;3,82781744;0,00000000
4,74915974;3,82781744;0,00000000
4,74926374;3,82781744;0,00000000
4,74936774;3,78429508;0,00000000
4,74947174;3,78429508;0,00000000
4,74957574;3,82781744;0,00000000
4,74967974;3,78429508;0,00000000
4,74978374;3,78429508;0,00000000
4,74988774;3,78429508;0,00000000
4,74999174;3,82781744;0,00000000
4,75009574;3,78429508;0,00000000
4,75019974;3,82781744;0,00000000
4,75030374;3,82781744;0,00000000
4,75040774;3,82781744;0,00000000
4,75051174;3,82781744;0,00000000
4,75061574;3,82781744;0,00000000
4,75071974;3,82781744;0,00000000
4,75082374;3,82781744;0,00000000
4,75092774;3,82781744;0,00000000
4,75103174;3,78429508;0,00000000
4,75113574;3,82781744;0,00000000
4,75123974;3,82781744;0,00000000
4,75134374;3,87133980;0,00000000
4,75144774;3,82781744;0,00000000
4,75155174;3,82781744;0,00000000
4,75165574;3,82781744;0,00000000
4,75175974;3,82781744;0,00000000
4,75186374;3,82781744;0,00000000
4,75196774;3,82781744;0,00000000
4,75207174;3,82781744;0,00000000
4,75217574;3,82781744;0,00000000
4,75227974;3,82781744;0,00000000
4,75238374;3,82781744;0,00000000
4,75248774;3,82781744;0,00000000
4,75259174;3,82781744;0,00000000
4,75269574;3,82781744;0,00000000
4,75279974;3,87133980;0,00000000
4,75290374;3,82781744;0,00000000
4,75300774;3,82781744;0,00000000
4,75311174;3,82781744;0,00000000
4,75321574;3,78429508;0,00000000
4,75331974;3,82781744;0,00000000
4,75342374;3,78429508;0,00000000
4,75352774;3,82781744;0,00000000
4,75363174;3,82781744;0,00000000
4,75373574;3,78429508;0,00000000
4,75383974;3,78429508;0,00000000
4,75394374;3,82781744;0,00000000
4,75404774;3,82781744;0,00000000
4,75415174;3,78429508;0,00000000
4,75425574;3,82781744;0,00000000
4,75435974;3,82781744;0,00000000
4,75446374;3,87133980;0,00000000
4,75456774;3,82781744;0,00000000
4,75467174;3,82781744;0,00000000
4,75477574;3,82781744;0,00000000
4,75487974;3,82781744;0,00000000
4,75498374;3,78429508;0,00000000
4,75508774;3,82781744;0,00000000
4,75519174;3,78429508;0,00000000
4,75529574;3,82781744;0,00000000
4,75539974;3,82781744;0,00000000
4,75550374;3,82781744;0,00000000
4,75560774;3,82781744;0,00000000
4,75571174;3,82781744;0,00000000
4,75581574;3,82781744;0,00000000
4,75591974;3,82781744;0,00000000
4,75602374;3,82781744;0,00000000
4,75612774;3,82781744;0,00000000
4,75623174;3,82781744;0,00000000
4,75633574;3,82781744;0,00000000
4,75643974;3,78429508;0,00000000
4,75654374;3,78429508;0,00000000
4,75664774;3,78429508;0,00000000
4,75675174;3,82781744;0,00000000
4,75685574;3,82781744;0,00000000
4,75695974;3,82781744;0,00000000
4,75706374;3,82781744;0,00000000
4,75716774;3,82781744;0,00000000
4,75727174;3,82781744;0,00000000
4,75737574;3,82781744;0,00000000
4,75747974;3,82781744;0,00000000
4,75758374;3,78429508;0,00000000
4,75768774;3,82781744;0,00000000
4,75779174;3,78429508;0,00000000
4,75789574;3,78429508;0,00000000
4,75799974;3,82781744;0,00000000
4,75810374;3,82781744;0,00000000
4,75820774;3,82781744;0,00000000
4,75831174;3,82781744;0,00000000
4,75841574;3,82781744;0,00000000
4,75851974;3,82781744;0,00000000
4,75862374;3,82781744;0,00000000
4,75872774;3,82781744;0,00000000
4,75883174;3,82781744;0,00000000
4,75893574;3,82781744;0,00000000
4,75903974;3,82781744;0,00000000
4,75914374;3,78429508;0,00000000
4,75924774;3,82781744;0,00000000
4,75935174;3,78429508;0,00000000
4,75945574;3,82781744;0,00000000
4,75955974;3,82781744;0,00000000
4,75966374;3,82781744;0,00000000
4,75976774;3,78429508;0,00000000
4,75987174;3,82781744;0,00000000
4,75997574;3,82781744;0,00000000
4,76007974;3,78429508;0,00000000
4,76018374;3,78429508;0,00000000
4,76028774;3,82781744;0,00000000
4,76039174;3,82781744;0,00000000
4,76049574;3,82781744;0,00000000
4,76059974;3,78429508;0,00000000
4,76070374;3,82781744;0,00000000
4,76080774;3,78429508;0,00000000
4,76091174;3,78429508;0,00000000
4,76101574;3,82781744;0,00000000
4,76111974;3,78429508;0,00000000
4,76122374;3,82781744;0,00000000
4,76132774;3,82781744;0,00000000
4,76143174;3,82781744;0,00000000
4,76153574;3,82781744;0,00000000
4,76163974;3,82781744;0,00000000
4,76174374;3,82781744;0,00000000
4,76184774;3,78429508;0,00000000
4,76195174;3,82781744;0,00000000
4,76205574;3,78429508;0,00000000
4,76215974;3,82781744;0,00000000
4,76226374;3,82781744;0,00000000
4,76236774;3,78429508;0,00000000
4,76247174;3,82781744;0,00000000
4,76257574;3,82781744;0,00000000
4,76267974;3,78429508;0,00000000
4,76278374;3,82781744;0,00000000
4,76288774;3,82781744;0,00000000
4,76299174;3,82781744;0,00000000
4,76309574;3,82781744;0,00000000
4,76319974;3,82781744;0,00000000
4,76330374;3,78429508;0,00000000
4,76340774;3,78429508;0,00000000
4,76351174;3,82781744;0,00000000
4,76361574;3,82781744;0,00000000
4,76371974;3,82781744;0,00000000
4,76382374;3,82781744;0,00000000
4,76392774;3,82781744;0,00000000
4,76403174;3,82781744;0,00000000
4,76413574;3,82781744;0,00000000
4,76423974;3,82781744;0,00000000
4,76434374;3,82781744;0,00000000
4,76444774;3,82781744;0,00000000
4,76455174;3,78429508;0,00000000
4,76465574;3,82781744;0,00000000
4,76475974;3,82781744;0,00000000
4,76486374;3,82781744;0,00000000
4,76496774;3,82781744;0,00000000
4,76507174;3,82781744;0,00000000
4,76517574;3,82781744;0,00000000
4,76527974;3,82781744;0,00000000
4,76538374;3,82781744;0,00000000
4,76548774;3,82781744;0,00000000
4,76559174;3,82781744;0,00000000
4,76569574;3,82781744;0,00000000
4,76579974;3,82781744;0,00000000
4,76590374;3,78429508;0,00000000
4,76600774;3,82781744;0,00000000
4,76611174;3,82781744;0,00000000
4,76621574;3,78429508;0,00000000
4,76631974;3,78429508;0,00000000
4,76642374;3,82781744;0,00000000
4,76652774;3,82781744;0,00000000
4,76663174;3,78429508;0,00000000
4,76673574;3,82781744;0,00000000
4,76683974;3,82781744;0,00000000
4,76694374;3,82781744;0,00000000
4,76704774;3,78429508;0,00000000
4,76715174;3,82781744;0,00000000
4,76725574;3,78429508;0,00000000
4,76735974;3,82781744;0,00000000
4,76746374;3,82781744;0,00000000
4,76756774;3,82781744;0,00000000
4,76767174;3,78429508;0,00000000
4,76777574;3,82781744;0,00000000
4,76787974;3,82781744;0,00000000
4,76798374;3,82781744;0,00000000
4,76808774;3,82781744;0,00000000
4,76819174;3,78429508;0,00000000
4,76829574;3,82781744;0,00000000
4,76839974;3,82781744;0,00000000
4,76850374;3,78429508;0,00000000
4,76860774;3,82781744;0,00000000
4,76871174;3,82781744;0,00000000
4,76881574;3,82781744;0,00000000
4,76891974;3,82781744;0,00000000
4,76902374;3,82781744;0,00000000
4,76912774;3,82781744;0,00000000
4,76923174;3,82781744;0,00000000
4,76933574;3,82781744;0,00000000
4,76943974;3,82781744;0,00000000
4,76954374;3,82781744;0,00000000
4,76964774;3,82781744;0,00000000
4,76975174;3,82781744;0,00000000
4,76985574;3,82781744;0,00000000
4,76995974;3,78429508;0,00000000
4,77006374;3,82781744;0,00000000
4,77016774;3,82781744;0,00000000
4,77027174;3,82781744;0,00000000
4,77037574;3,82781744;0,00000000
4,77047974;3,78429508;0,00000000
4,77058374;3,82781744;0,00000000
4,77068774;3,82781744;0,00000000
4,77079174;3,87133980;0,00000000
4,77089574;3,78429508;0,00000000
4,77099974;3,78429508;0,00000000
4,77110374;3,82781744;0,00000000
4,77120774;3,82781744;0,00000000
4,77131174;3,78429508;0,00000000
4,77141574;3,82781744;0,00000000
4,77151974;3,82781744;0,00000000
4,77162374;3,78429508;0,00000000
4,77172774;3,82781744;0,00000000
4,77183174;3,82781744;0,00000000
4,77193574;3,82781744;0,00000000
4,77203974;3,82781744;0,00000000
4,77214374;3,82781744;0,00000000
4,77224774;3,82781744;0,00000000
4,77235174;3,82781744;0,00000000
4,77245574;3,82781744;0,00000000
4,77255974;3,78429508;0,00000000
4,77266374;3,82781744;0,00000000
4,77276774;3,78429508;0,00000000
4,77287174;3,82781744;0,00000000
4,77297574;3,78429508;0,01734744
4,77307974;3,82781744;0,00000000
4,77318374;3,82781744;0,00000000
4,77328774;3,82781744;0,00000000
4,77339174;3,82781744;0,00000000
4,77349574;3,82781744;0,00000000
4,77359974;3,82781744;0,00000000
4,77370374;3,78429508;0,00000000
4,77380774;3,82781744;0,00000000
4,77391174;3,82781744;0,00000000
4,77401574;3,82781744;0,00000000
4,77411974;3,78429508;0,00000000
4,77422374;3,82781744;0,00000000
4,77432774;3,78429508;0,00000000
4,77443174;3,82781744;0,00000000
4,77453574;3,82781744;0,00000000
4,77463974;3,82781744;0,00000000
4,77474374;3,82781744;0,00000000
4,77484774;3,82781744;0,00000000
4,77495174;3,78429508;0,00000000
4,77505574;3,82781744;0,00000000
4,77515974;3,82781744;0,00000000
4,77526374;3,82781744;0,00000000
4,77536774;3,82781744;0,00000000
4,77547174;3,82781744;0,00000000
4,77557574;3,82781744;0,00000000
4,77567974;3,78429508;0,00000000
4,77578374;3,82781744;0,00000000
4,77588774;3,82781744;0,00000000
4,77599174;3,82781744;0,00000000
4,77609574;3,82781744;0,00000000
4,77619974;3,78429508;0,00000000
4,77630374;3,82781744;0,00000000
4,77640774;3,82781744;0,00000000
4,77651174;3,78429508;0,00000000
4,77661574;3,78429508;0,00000000
4,77671974;3,78429508;0,00000000
4,77682374;3,82781744;0,00000000
4,77692774;3,82781744;0,00000000
4,77703174;3,82781744;0,00000000
4,77713574;3,82781744;0,00000000
4,77723974;3,78429508;0,00000000
4,77734374;3,82781744;0,00000000
4,77744774;3,82781744;0,00000000
4,77755174;3,82781744;0,00000000
4,77765574;3,82781744;0,00000000
4,77775974;3,82781744;0,00000000
4,77786374;3,78429508;0,00000000
4,77796774;3,78429508;0,00000000
4,77807174;3,82781744;0,00000000
4,77817574;3,82781744;0,00000000
4,77827974;3,87133980;0,00000000
4,77838374;3,78429508;0,00000000
4,77848774;3,82781744;0,00000000
4,77859174;3,82781744;0,00000000
4,77869574;3,78429508;0,00000000
4,77879974;3,82781744;0,00000000
4,77890374;3,82781744;0,00000000
4,77900774;3,78429508;0,00000000
4,77911174;3,78429508;0,00000000
4,77921574;3,82781744;0,00000000
4,77931974;3,82781744;0,00000000
4,77942374;3,82781744;0,00000000
4,77952774;3,78429508;0,00000000
4,77963174;3,82781744;0,00000000
4,77973574;3,82781744;0,00000000
4,77983974;3,82781744;0,00000000
4,77994374;3,82781744;0,00000000
4,78004774;3,82781744;0,00000000
4,78015174;3,82781744;0,00000000
4,78025574;3,78429508;0,00000000
4,78035974;3,82781744;0,00000000
4,78046374;3,78429508;0,00000000
4,78056774;3,82781744;0,00000000
4,78067174;3,82781744;0,00000000
4,78077574;3,78429508;0,00000000
4,78087974;3,82781744;0,00000000
4,78098374;3,82781744;0,00000000
4,78108774;3,82781744;0,00000000
4,78119174;3,82781744;0,00000000
4,78129574;3,82781744;0,00000000
4,78139974;3,82781744;0,00000000
4,78150374;3,82781744;0,00000000
4,78160774;3,78429508;0,00000000
4,78171174;3,82781744;0,00000000
4,78181574;3,78429508;0,00000000
4,78191974;3,82781744;0,00000000
4,78202374;3,78429508;0,00000000
4,78212774;3,82781744;0,00000000
4,78223174;3,82781744;0,00000000
4,78233574;3,78429508;0,00000000
4,78243974;3,82781744;0,00000000
4,78254374;3,87133980;0,00000000
4,78264774;3,78429508;0,00000000
4,78275174;3,82781744;0,00000000
4,78285574;3,82781744;0,00000000
4,78295974;3,82781744;0,00000000
4,78306374;3,78429508;0,00000000
4,78316774;3,82781744;0,00000000
4,78327174;3,78429508;0,00000000
4,78337574;3,82781744;0,00000000
4,78347974;3,78429508;0,00000000
4,78358374;3,82781744;0,00000000
4,78368774;3,78429508;0,00000000
4,78379174;3,78429508;0,00000000
4,78389574;3,82781744;0,00000000
4,78399974;3,78429508;0,00000000
4,78410374;3,82781744;0,00000000
4,78420774;3,82781744;0,00000000
4,78431174;3,82781744;0,00000000
4,78441574;3,82781744;0,00000000
4,78451974;3,78429508;0,00000000
4,78462374;3,82781744;0,00000000
4,78472774;3,82781744;0,00000000
4,78483174;3,82781744;0,00000000
4,78493574;3,78429508;0,00000000
4,78503974;3,78429508;0,00000000
4,78514374;3,82781744;0,00000000
4,78524774;3,82781744;0,00000000
4,78535174;3,82781744;0,00000000
4,78545574;3,78429508;0,00000000
4,78555974;3,82781744;0,00000000
4,78566374;3,82781744;0,00000000
4,78576774;3,82781744;0,00000000
4,78587174;3,78429508;0,00000000
4,78597574;3,78429508;0,00000000
4,78607974;3,78429508;0,00000000
4,78618374;3,82781744;0,00000000
4,78628774;3,78429508;0,00000000
4,78639174;3,82781744;0,00000000
4,78649574;3,82781744;0,00000000
4,78659974;3,78429508;0,00000000
4,78670374;3,78429508;0,00000000
4,78680774;3,82781744;0,00000000
4,78691174;3,82781744;0,00000000
4,78701574;3,82781744;0,00000000
4,78711974;3,78429508;0,00000000
4,78722374;3,82781744;0,00000000
4,78732774;3,78429508;0,00000000
4,78743174;3,82781744;0,00000000
4,78753574;3,82781744;0,00000000
4,78763974;3,82781744;0,00000000
4,78774374;3,78429508;0,00000000
4,78784774;3,82781744;0,00000000
4,78795174;3,82781744;0,00000000
4,78805574;3,82781744;0,00000000
4,78815974;3,82781744;0,00000000
4,78826374;3,82781744;0,00000000
4,78836774;3,82781744;0,00000000
4,78847174;3,82781744;0,00000000
4,78857574;3,78429508;0,00000000
4,78867974;3,82781744;0,00000000
4,78878374;3,82781744;0,00000000
4,78888774;3,82781744;0,00000000
4,78899174;3,82781744;0,00000000
4,78909574;3,82781744;0,00000000
4,78919974;3,82781744;0,00000000
4,78930374;3,82781744;0,00000000
4,78940774;3,82781744;0,00000000
4,78951174;3,82781744;0,00000000
4,78961574;3,82781744;0,00000000
4,78971974;3,82781744;0,00000000
4,78982374;3,78429508;0,00000000
4,78992774;3,82781744;0,00000000
4,79003174;3,78429508;0,00000000
4,79013574;3,82781744;0,00000000
4,79023974;3,82781744;0,00000000
4,79034374;3,82781744;0,00000000
4,79044774;3,82781744;0,00000000
4,79055174;3,82781744;0,00000000
4,79065574;3,78429508;0,00000000
4,79075974;3,82781744;0,00000000
4,79086374;3,78429508;0,00000000
4,79096774;3,82781744;0,00000000
4,79107174;3,82781744;0,00000000
4,79117574;3,82781744;0,00000000
4,79127974;3,82781744;0,00000000
4,79138374;3,82781744;0,00000000
4,79148774;3,82781744;0,00000000
4,79159174;3,82781744;0,00000000
4,79169574;3,78429508;0,00000000
4,79179974;3,78429508;0,00000000
4,79190374;3,82781744;0,00000000
4,79200774;3,82781744;0,00000000
4,79211174;3,78429508;0,00000000
4,79221574;3,82781744;0,00000000
4,79231974;3,82781744;0,00000000
4,79242374;3,78429508;0,00000000
4,79252774;3,82781744;0,00000000
4,79263174;3,78429508;0,00000000
4,79273574;3,82781744;0,00000000
4,79283974;3,82781744;0,00000000
4,79294374;3,82781744;0,00000000
4,79304774;3,78429508;0,00000000
4,79315174;3,82781744;0,00000000
4,79325574;3,82781744;0,00000000
4,79335974;3,82781744;0,00000000
4,79346374;3,82781744;0,00000000
4,79356774;3,82781744;0,00000000
4,79367174;3,82781744;0,00000000
4,79377574;3,78429508;0,00000000
4,79387974;3,82781744;0,00000000
4,79398374;3,82781744;0,00000000
4,79408774;3,78429508;0,00000000
4,79419174;3,82781744;0,00000000
4,79429574;3,82781744;0,00000000
4,79439974;3,78429508;0,00000000
4,79450374;3,78429508;0,00000000
4,79460774;3,82781744;0,00000000
4,79471174;3,82781744;0,00000000
4,79481574;3,78429508;0,00000000
4,79491974;3,82781744;0,00000000
4,79502374;3,82781744;0,00000000
4,79512774;3,78429508;0,00000000
4,79523174;3,82781744;0,00000000
4,79533574;3,82781744;0,00000000
4,79543974;3,78429508;0,00000000
4,79554374;3,82781744;0,00000000
4,79564774;3,82781744;0,00000000
4,79575174;3,78429508;0,00000000
4,79585574;3,78429508;0,00000000
4,79595974;3,82781744;0,00000000
4,79606374;3,82781744;0,00000000
4,79616774;3,78429508;0,00000000
4,79627174;3,78429508;0,00000000
4,79637574;3,82781744;0,00000000
4,79647974;3,82781744;0,00000000
4,79658374;3,82781744;0,00000000
4,79668774;3,82781744;0,00000000
4,79679174;3,78429508;0,00000000
4,79689574;3,82781744;0,00000000
4,79699974;3,82781744;0,00000000
4,79710374;3,82781744;0,00000000
4,79720774;3,78429508;0,00000000
4,79731174;3,82781744;0,00000000
4,79741574;3,82781744;0,00000000
4,79751974;3,82781744;0,00000000
4,79762374;3,82781744;0,00000000
4,79772774;3,78429508;0,00000000
4,79783174;3,82781744;0,00000000
4,79793574;3,78429508;0,00000000
4,79803974;3,78429508;0,00000000
4,79814374;3,82781744;0,00000000
4,79824774;3,78429508;0,00000000
4,79835174;3,78429508;0,00000000
4,79845574;3,78429508;0,00000000
4,79855974;3,82781744;0,00000000
4,79866374;3,82781744;0,00000000
4,79876774;3,82781744;0,00000000
4,79887174;3,82781744;0,00000000
4,79897574;3,82781744;0,00000000
4,79907974;3,78429508;0,00000000
4,79918374;3,82781744;0,00000000
4,79928774;3,78429508;0,00000000
4,79939174;3,82781744;0,00000000
4,79949574;3,82781744;0,00000000
4,79959974;3,82781744;0,00000000
4,79970374;3,78429508;0,00000000
4,79980774;3,78429508;0,00000000
4,79991174;3,82781744;0,00000000
4,80001574;3,78429508;0,00000000
4,80011974;3,82781744;0,00000000
4,80022374;3,78429508;0,00000000
4,80032774;3,78429508;0,00000000
4,80043174;3,82781744;0,00000000
4,80053574;3,82781744;0,00000000
4,80063974;3,78429508;0,00000000
4,80074374;3,78429508;0,00000000
4,80084774;3,82781744;0,00000000
4,80095174;3,78429508;0,00000000
4,80105574;3,82781744;0,00000000
4,80115974;3,82781744;0,00000000
4,80126374;3,78429508;0,00000000
4,80136774;3,82781744;0,00000000
4,80147174;3,82781744;0,00000000
4,80157574;3,82781744;0,00000000
4,80167974;3,82781744;0,00000000
4,80178374;3,82781744;0,00000000
4,80188774;3,78429508;0,00000000
4,80199174;3,78429508;0,00000000
4,80209574;3,82781744;0,00000000
4,80219974;3,82781744;0,00000000
4,80230374;3,82781744;0,00000000
4,80240774;3,82781744;0,00000000
4,80251174;3,82781744;0,00000000
4,80261574;3,78429508;0,00000000
4,80271974;3,78429508;0,00000000
4,80282374;3,82781744;0,00000000
4,80292774;3,82781744;0,00000000
4,80303174;3,82781744;0,00000000
4,80313574;3,82781744;0,00000000
4,80323974;3,78429508;0,00000000
4,80334374;3,82781744;0,00000000
4,80344774;3,82781744;0,00000000
4,80355174;3,82781744;0,00000000
4,80365574;3,82781744;0,00000000
4,80375974;3,82781744;0,00000000
4,80386374;3,82781744;0,00000000
4,80396774;3,82781744;0,00000000
4,80407174;3,78429508;0,00000000
4,80417574;3,82781744;0,00000000
4,80427974;3,82781744;0,00000000
4,80438374;3,82781744;0,00000000
4,80448774;3,82781744;0,00000000
4,80459174;3,82781744;0,00000000
4,80469574;3,82781744;0,00000000
4,80479974;3,82781744;0,00000000
4,80490374;3,82781744;0,00000000
4,80500774;3,78429508;0,00000000
4,80511174;3,82781744;0,00000000
4,80521574;3,82781744;0,00000000
4,80531974;3,82781744;0,00000000
4,80542374;3,82781744;0,00000000
4,80552774;3,82781744;0,00000000
4,80563174;3,82781744;0,00000000
4,80573574;3,82781744;0,00000000
4,80583974;3,82781744;0,00000000
4,80594374;3,78429508;0,00000000
4,80604774;3,82781744;0,00000000
4,80615174;3,82781744;0,00000000
4,80625574;3,78429508;0,00000000
4,80635974;3,82781744;0,00000000
4,80646374;3,82781744;0,00000000
4,80656774;3,78429508;0,00000000
4,80667174;3,82781744;0,00000000
4,80677574;3,82781744;0,00000000
4,80687974;3,82781744;0,00000000
4,80698374;3,82781744;0,00000000
4,80708774;3,82781744;0,00000000
4,80719174;3,82781744;0,00000000
4,80729574;3,78429508;0,00000000
4,80739974;3,82781744;0,00000000
4,80750374;3,82781744;0,00000000
4,80760774;3,82781744;0,00000000
4,80771174;3,82781744;0,00000000
4,80781574;3,82781744;0,00000000
4,80791974;3,82781744;0,00000000
4,80802374;3,82781744;0,00000000
4,80812774;3,82781744;0,00000000
4,80823174;3,82781744;0,00000000
4,80833574;3,82781744;0,00000000
4,80843974;3,78429508;0,00000000
4,80854374;3,82781744;0,00000000
4,80864774;3,78429508;0,00000000
4,80875174;3,78429508;0,00000000
4,80885574;3,78429508;0,00000000
4,80895974;3,82781744;0,00000000
4,80906374;3,82781744;0,00000000
4,80916774;3,82781744;0,00000000
4,80927174;3,82781744;0,00000000
4,80937574;3,78429508;0,00000000
4,80947974;3,82781744;0,00000000
4,80958374;3,82781744;0,00000000
4,80968774;3,82781744;0,00000000
4,80979174;3,82781744;0,00000000
4,80989574;3,82781744;0,00000000
4,80999974;3,82781744;0,00000000
4,81010374;3,82781744;0,00000000
4,81020774;3,82781744;0,00000000
4,81031174;3,82781744;0,00000000
4,81041574;3,78429508;0,00000000
4,81051974;3,82781744;0,00000000
4,81062374;3,82781744;0,00000000
4,81072774;3,78429508;0,00000000
4,81083174;3,82781744;0,00000000
4,81093574;3,82781744;0,00000000
4,81103974;3,82781744;0,00000000
4,81114374;3,82781744;0,00000000
4,81124774;3,82781744;0,00000000
4,81135174;3,82781744;0,00000000
4,81145574;3,82781744;0,00000000
4,81155974;3,82781744;0,00000000
4,81166374;3,82781744;0,00000000
4,81176774;3,82781744;0,00000000
4,81187174;3,82781744;0,00000000
4,81197574;3,82781744;0,00000000
4,81207974;3,82781744;0,00000000
4,81218374;3,78429508;0,00000000
4,81228774;3,78429508;0,00000000
4,81239174;3,82781744;0,00000000
4,81249574;3,82781744;0,00000000
4,81259974;3,82781744;0,00000000
4,81270374;3,82781744;0,00000000
4,81280774;3,82781744;0,00000000
4,81291174;3,82781744;0,00000000
4,81301574;3,78429508;0,00000000
4,81311974;3,78429508;0,00000000
4,81322374;3,78429508;0,00000000
4,81332774;3,82781744;0,00000000
4,81343174;3,82781744;0,00000000
4,81353574;3,82781744;0,00000000
4,81363974;3,78429508;0,00000000
4,81374374;3,82781744;0,00000000
4,81384774;3,82781744;0,00000000
4,81395174;3,78429508;0,00000000
4,81405574;3,82781744;0,00000000
4,81415974;3,82781744;0,00000000
4,81426374;3,82781744;0,00000000
4,81436774;3,78429508;0,00000000
4,81447174;3,82781744;0,00000000
4,81457574;3,82781744;0,00000000
4,81467974;3,82781744;0,00000000
4,81478374;3,82781744;0,00000000
4,81488774;3,82781744;0,00000000
4,81499174;3,82781744;0,00000000
4,81509574;3,82781744;0,00000000
4,81519974;3,78429508;0,00000000
4,81530374;3,82781744;0,00000000
4,81540774;3,82781744;0,00000000
4,81551174;3,78429508;0,00000000
4,81561574;3,78429508;0,00000000
4,81571974;3,78429508;0,00000000
4,81582374;3,78429508;0,00000000
4,81592774;3,82781744;0,00000000
4,81603174;3,82781744;0,00000000
4,81613574;3,82781744;0,00000000
4,81623974;3,82781744;0,00000000
4,81634374;3,82781744;0,00000000
4,81644774;3,82781744;0,00000000
4,81655174;3,78429508;0,00000000
4,81665574;3,82781744;0,00000000
4,81675974;3,82781744;0,00000000
4,81686374;3,78429508;0,00000000
4,81696774;3,78429508;0,00000000
4,81707174;3,82781744;0,00000000
4,81717574;3,78429508;0,00000000
4,81727974;3,82781744;0,00000000
4,81738374;3,78429508;0,00000000
4,81748774;3,82781744;0,00000000
4,81759174;3,82781744;0,00000000
4,81769574;3,82781744;0,00000000
4,81779974;3,82781744;0,00000000
4,81790374;3,82781744;0,00000000
4,81800774;3,82781744;0,00000000
4,81811174;3,78429508;0,00000000
4,81821574;3,78429508;0,00000000
4,81831974;3,78429508;0,00000000
4,81842374;3,78429508;0,00000000
4,81852774;3,82781744;0,00000000
4,81863174;3,78429508;0,00000000
4,81873574;3,82781744;0,00000000
4,81883974;3,82781744;0,00000000
4,81894374;3,82781744;0,00000000
4,81904774;3,78429508;0,00000000
4,81915174;3,78429508;0,00000000
4,81925574;3,82781744;0,00000000
4,81935974;3,82781744;0,00000000
4,81946374;3,82781744;0,00000000
4,81956774;3,78429508;0,00000000
4,81967174;3,82781744;0,00000000
4,81977574;3,82781744;0,00000000
4,81987974;3,82781744;0,00000000
4,81998374;3,82781744;0,00000000
4,82008774;3,82781744;0,00000000
4,82019174;3,82781744;0,00000000
4,82029574;3,78429508;0,00000000
4,82039974;3,82781744;0,00000000
4,82050374;3,82781744;0,00000000
4,82060774;3,82781744;0,00000000
4,82071174;3,82781744;0,00000000
4,82081574;3,78429508;0,00000000
4,82091974;3,82781744;0,00000000
4,82102374;3,82781744;0,00000000
4,82112774;3,78429508;0,00000000
4,82123174;3,78429508;0,00000000
4,82133574;3,82781744;0,00000000
4,82143974;3,78429508;0,00000000
4,82154374;3,82781744;0,00000000
4,82164774;3,82781744;0,00000000
4,82175174;3,82781744;0,00000000
4,82185574;3,78429508;0,00000000
4,82195974;3,82781744;0,00000000
4,82206374;3,78429508;0,00000000
4,82216774;3,82781744;0,00000000
4,82227174;3,82781744;0,00000000
4,82237574;3,78429508;0,00000000
4,82247974;3,82781744;0,00000000
4,82258374;3,82781744;0,00000000
4,82268774;3,82781744;0,00000000
4,82279174;3,78429508;0,00000000
4,82289574;3,82781744;0,00000000
4,82299974;3,82781744;0,00000000
4,82310374;3,82781744;0,00000000
4,82320774;3,78429508;0,00000000
4,82331174;3,78429508;0,00000000
4,82341574;3,78429508;0,00000000
4,82351974;3,78429508;0,00000000
4,82362374;3,82781744;0,00000000
4,82372774;3,82781744;0,00000000
4,82383174;3,78429508;0,00000000
4,82393574;3,82781744;0,00000000
4,82403974;3,82781744;0,00000000
4,82414374;3,82781744;0,00000000
4,82424774;3,82781744;0,00000000
4,82435174;3,82781744;0,00000000
4,82445574;3,82781744;0,00000000
4,82455974;3,82781744;0,00000000
4,82466374;3,82781744;0,00000000
4,82476774;3,82781744;0,00000000
4,82487174;3,82781744;0,00000000
4,82497574;3,78429508;0,00000000
4,82507974;3,78429508;0,00000000
4,82518374;3,82781744;0,00000000
4,82528774;3,82781744;0,00000000
4,82539174;3,82781744;0,00000000
4,82549574;3,82781744;0,00000000
4,82559974;3,82781744;0,00000000
4,82570374;3,82781744;0,00000000
4,82580774;3,82781744;0,00000000
4,82591174;3,82781744;0,00000000
4,82601574;3,87133980;0,00000000
4,82611974;3,82781744;0,00000000
4,82622374;3,82781744;0,00000000
4,82632774;3,78429508;0,00000000
4,82643174;3,82781744;0,00000000
4,82653574;3,82781744;0,00000000
4,82663974;3,78429508;0,00000000
4,82674374;3,82781744;0,00000000
4,82684774;3,78429508;0,00000000
4,82695174;3,78429508;0,00000000
4,82705574;3,78429508;0,00000000
4,82715974;3,82781744;0,00000000
4,82726374;3,82781744;0,00000000
4,82736774;3,82781744;0,00000000
4,82747174;3,78429508;0,00000000
4,82757574;3,78429508;0,00000000
4,82767974;3,82781744;0,00000000
4,82778374;3,82781744;0,00000000
4,82788774;3,82781744;0,00000000
4,82799174;3,82781744;0,00000000
4,82809574;3,82781744;0,00000000
4,82819974;3,78429508;0,00000000
4,82830374;3,82781744;0,00000000
4,82840774;3,78429508;0,00000000
4,82851174;3,82781744;0,00000000
4,82861574;3,82781744;0,00000000
4,82871974;3,78429508;0,00000000
4,82882374;3,82781744;0,00000000
4,82892774;3,82781744;0,00000000
4,82903174;3,82781744;0,00000000
4,82913574;3,82781744;0,00000000
4,82923974;3,82781744;0,00000000
4,82934374;3,82781744;0,00000000
4,82944774;3,82781744;0,00000000
4,82955174;3,82781744;0,00000000
4,82965574;3,82781744;0,00000000
4,82975974;3,82781744;0,00000000
4,82986374;3,82781744;0,00000000
4,82996774;3,82781744;0,00000000
4,83007174;3,82781744;0,00000000
4,83017574;3,78429508;0,00000000
4,83027974;3,82781744;0,00000000
4,83038374;3,82781744;0,00000000
4,83048774;3,78429508;0,00000000
4,83059174;3,82781744;0,00000000
4,83069574;3,78429508;0,00000000
4,83079974;3,82781744;0,00000000
4,83090374;3,82781744;0,00000000
4,83100774;3,82781744;0,00000000
4,83111174;3,78429508;0,00000000
4,83121574;3,82781744;0,00000000
4,83131974;3,78429508;0,00000000
4,83142374;3,78429508;0,00000000
4,83152774;3,78429508;0,00000000
4,83163174;3,82781744;0,00000000
4,83173574;3,82781744;0,00000000
4,83183974;3,82781744;0,00000000
4,83194374;3,78429508;0,00000000
4,83204774;3,78429508;0,00000000
4,83215174;3,78429508;0,00000000
4,83225574;3,78429508;0,00000000
4,83235974;3,82781744;0,00000000
4,83246374;3,82781744;0,00000000
4,83256774;3,82781744;0,00000000
4,83267174;3,82781744;0,00000000
4,83277574;3,78429508;0,00000000
4,83287974;3,82781744;0,00000000
4,83298374;3,78429508;0,00000000
4,83308774;3,82781744;0,00000000
4,83319174;3,82781744;0,00000000
4,83329574;3,82781744;0,00000000
4,83339974;3,78429508;0,00000000
4,83350374;3,78429508;0,00000000
4,83360774;3,82781744;0,00000000
4,83371174;3,78429508;0,00000000
4,83381574;3,82781744;0,00000000
4,83391974;3,82781744;0,00000000
4,83402374;3,82781744;0,00000000
4,83412774;3,82781744;0,00000000
4,83423174;3,82781744;0,00000000
4,83433574;3,82781744;0,00000000
4,83443974;3,82781744;0,00000000
4,83454374;3,78429508;0,00000000
4,83464774;3,82781744;0,00000000
4,83475174;3,82781744;0,00000000
4,83485574;3,78429508;0,00000000
4,83495974;3,82781744;0,00000000
4,83506374;3,82781744;0,00000000
4,83516774;3,82781744;0,00000000
4,83527174;3,82781744;0,00000000
4,83537574;3,82781744;0,00000000
4,83547974;3,82781744;0,00000000
4,83558374;3,78429508;0,00000000
4,83568774;3,82781744;0,00000000
4,83579174;3,78429508;0,00000000
4,83589574;3,82781744;0,00000000
4,83599974;3,78429508;0,00000000
4,83610374;3,78429508;0,00000000
4,83620774;3,78429508;0,00000000
4,83631174;3,82781744;0,00000000
4,83641574;3,82781744;0,00000000
4,83651974;3,82781744;0,00000000
4,83662374;3,82781744;0,00000000
4,83672774;3,78429508;0,00000000
4,83683174;3,82781744;0,00000000
4,83693574;3,82781744;0,00000000
4,83703974;3,82781744;0,00000000
4,83714374;3,82781744;0,00000000
4,83724774;3,82781744;0,00000000
4,83735174;3,82781744;0,00000000
4,83745574;3,82781744;0,00000000
4,83755974;3,78429508;0,00000000
4,83766374;3,82781744;0,00000000
4,83776774;3,82781744;0,00000000
4,83787174;3,82781744;0,00000000
4,83797574;3,78429508;0,00000000
4,83807974;3,82781744;0,00000000
4,83818374;3,78429508;0,00000000
4,83828774;3,78429508;0,00000000
4,83839174;3,82781744;0,00000000
4,83849574;3,82781744;0,00000000
4,83859974;3,82781744;0,00000000
4,83870374;3,82781744;0,00000000
4,83880774;3,82781744;0,00000000
4,83891174;3,82781744;0,00000000
4,83901574;3,78429508;0,00000000
4,83911974;3,82781744;0,00000000
4,83922374;3,82781744;0,00000000
4,83932774;3,82781744;0,00000000
4,83943174;3,82781744;0,00000000
4,83953574;3,82781744;0,00000000
4,83963974;3,82781744;0,00000000
4,83974374;3,82781744;0,00000000
4,83984774;3,82781744;0,00000000
4,83995174;3,82781744;0,00000000
4,84005574;3,78429508;0,00000000
4,84015974;3,82781744;0,00000000
4,84026374;3,82781744;0,00000000
4,84036774;3,82781744;0,00000000
4,84047174;3,78429508;0,00000000
4,84057574;3,78429508;0,00000000
4,84067974;3,82781744;0,00000000
4,84078374;3,82781744;0,00000000
4,84088774;3,82781744;0,00000000
4,84099174;3,82781744;0,00000000
4,84109574;3,78429508;0,00000000
4,84119974;3,82781744;0,00000000
4,84130374;3,78429508;0,00000000
4,84140774;3,78429508;0,00000000
4,84151174;3,78429508;0,00000000
4,84161574;3,82781744;0,00000000
4,84171974;3,82781744;0,00000000
4,84182374;3,82781744;0,00000000
4,84192774;3,82781744;0,00000000
4,84203174;3,82781744;0,00000000
4,84213574;3,82781744;0,00000000
4,84223974;3,82781744;0,00000000
4,84234374;3,82781744;0,00000000
4,84244774;3,82781744;0,00000000
4,84255174;3,82781744;0,00000000
4,84265574;3,78429508;0,00000000
4,84275974;3,82781744;0,00000000
4,84286374;3,82781744;0,00000000
4,84296774;3,82781744;0,00000000
4,84307174;3,82781744;0,00000000
4,84317574;3,78429508;0,00000000
4,84327974;3,82781744;0,00000000
4,84338374;3,78429508;0,00000000
4,84348774;3,82781744;0,00000000
4,84359174;3,82781744;0,00000000
4,84369574;3,82781744;0,00000000
4,84379974;3,82781744;0,00000000
4,84390374;3,78429508;0,00000000
4,84400774;3,78429508;0,00000000
4,84411174;3,78429508;0,00000000
4,84421574;3,82781744;0,00000000
4,84431974;3,82781744;0,00000000
4,84442374;3,82781744;0,00000000
4,84452774;3,82781744;0,00000000
4,84463174;3,78429508;0,00000000
4,84473574;3,82781744;0,00000000
4,84483974;3,82781744;0,00000000
4,84494374;3,78429508;0,00000000
4,84504774;3,82781744;0,00000000
4,84515174;3,78429508;0,00000000
4,84525574;3,78429508;0,00000000
4,84535974;3,78429508;0,00000000
4,84546374;3,78429508;0,00000000
4,84556774;3,78429508;0,00000000
4,84567174;3,78429508;0,00000000
4,84577574;3,82781744;0,00000000
4,84587974;3,82781744;0,00000000
4,84598374;3,82781744;0,00000000
4,84608774;3,82781744;0,00000000
4,84619174;3,82781744;0,00000000
4,84629574;3,82781744;0,00000000
4,84639974;3,78429508;0,00000000
4,84650374;3,82781744;0,00000000
4,84660774;3,82781744;0,00000000
4,84671174;3,78429508;0,00000000
4,84681574;3,78429508;0,00000000
4,84691974;3,82781744;0,00000000
4,84702374;3,82781744;0,00000000
4,84712774;3,78429508;0,00000000
4,84723174;3,78429508;0,00000000
4,84733574;3,82781744;0,00000000
4,84743974;3,82781744;0,00000000
4,84754374;3,78429508;0,00000000
4,84764774;3,78429508;0,00000000
4,84775174;3,82781744;0,00000000
4,84785574;3,82781744;0,00000000
4,84795974;3,82781744;0,00000000
4,84806374;3,78429508;0,00000000
4,84816774;3,82781744;0,00000000
4,84827174;3,78429508;0,00000000
4,84837574;3,82781744;0,00000000
4,84847974;3,82781744;0,00000000
4,84858374;3,82781744;0,00000000
4,84868774;3,82781744;0,00000000
4,84879174;3,82781744;0,00000000
4,84889574;3,78429508;0,00000000
4,84899974;3,82781744;0,00000000
4,84910374;3,78429508;0,00000000
4,84920774;3,78429508;0,00000000
4,84931174;3,78429508;0,00000000
4,84941574;3,82781744;0,00000000
4,84951974;3,78429508;0,00000000
4,84962374;3,82781744;0,00000000
4,84972774;3,82781744;0,00000000
4,84983174;3,78429508;0,00000000
4,84993574;3,82781744;0,00000000
4,85003974;3,78429508;0,00000000
4,85014374;3,82781744;0,00000000
4,85024774;3,82781744;0,00000000
4,85035174;3,78429508;0,00000000
4,85045574;3,82781744;0,00000000
4,85055974;3,82781744;0,00000000
4,85066374;3,82781744;0,00000000
4,85076774;3,82781744;0,00000000
4,85087174;3,82781744;0,00000000
4,85097574;3,78429508;0,00000000
4,85107974;3,82781744;0,00000000
4,85118374;3,82781744;0,00000000
4,85128774;3,78429508;0,00000000
4,85139174;3,78429508;0,00000000
4,85149574;3,82781744;0,00000000
4,85159974;3,78429508;0,00000000
4,85170374;3,82781744;0,00000000
4,85180774;3,78429508;0,00000000
4,85191174;3,78429508;0,00000000
4,85201574;3,82781744;0,00000000
4,85211974;3,82781744;0,00000000
4,85222374;3,82781744;0,00000000
4,85232774;3,78429508;0,00000000
4,85243174;3,78429508;0,00000000
4,85253574;3,82781744;0,00000000
4,85263974;3,82781744;0,00000000
4,85274374;3,82781744;0,00000000
4,85284774;3,82781744;0,00000000
4,85295174;3,82781744;0,00000000
4,85305574;3,82781744;0,00000000
4,85315974;3,82781744;0,00000000
4,85326374;3,78429508;0,00000000
4,85336774;3,78429508;0,00000000
4,85347174;3,82781744;0,00000000
4,85357574;3,82781744;0,00000000
4,85367974;3,78429508;0,00000000
4,85378374;3,82781744;0,00000000
4,85388774;3,82781744;0,00000000
4,85399174;3,82781744;0,00000000
4,85409574;3,78429508;0,00000000
4,85419974;3,82781744;0,00000000
4,85430374;3,82781744;0,00000000
4,85440774;3,82781744;0,00000000
4,85451174;3,82781744;0,00000000
4,85461574;3,82781744;0,00000000
4,85471974;3,82781744;0,00000000
4,85482374;3,82781744;0,00000000
4,85492774;3,82781744;0,00000000
4,85503174;3,82781744;0,00000000
4,85513574;3,78429508;0,00000000
4,85523974;3,82781744;0,00000000
4,85534374;3,82781744;0,00000000
4,85544774;3,78429508;0,00000000
4,85555174;3,78429508;0,00000000
4,85565574;3,82781744;0,00000000
4,85575974;3,78429508;0,00000000
4,85586374;3,82781744;0,00000000
4,85596774;3,82781744;0,00000000
4,85607174;3,82781744;0,00000000
4,85617574;3,78429508;0,00000000
4,85627974;3,78429508;0,00000000
4,85638374;3,78429508;0,00000000
4,85648774;3,82781744;0,00000000
4,85659174;3,82781744;0,00000000
4,85669574;3,78429508;0,00000000
4,85679974;3,82781744;0,00000000
4,85690374;3,82781744;0,00000000
4,85700774;3,82781744;0,00000000
4,85711174;3,82781744;0,00000000
4,85721574;3,82781744;0,00000000
4,85731974;3,78429508;0,00000000
4,85742374;3,82781744;0,00000000
4,85752774;3,82781744;0,00000000
4,85763174;3,82781744;0,00000000
4,85773574;3,82781744;0,00000000
4,85783974;3,78429508;0,00000000
4,85794374;3,82781744;0,00000000
4,85804774;3,82781744;0,00000000
4,85815174;3,82781744;0,00000000
4,85825574;3,78429508;0,00000000
4,85835974;3,82781744;0,00000000
4,85846374;3,82781744;0,00000000
4,85856774;3,78429508;0,00000000
4,85867174;3,82781744;0,00000000
4,85877574;3,82781744;0,00000000
4,85887974;3,82781744;0,00000000
4,85898374;3,78429508;0,00000000
4,85908774;3,78429508;0,00000000
4,85919174;3,82781744;0,00000000
4,85929574;3,78429508;0,00000000
4,85939974;3,82781744;0,00000000
4,85950374;3,78429508;0,00000000
4,85960774;3,78429508;0,00000000
4,85971174;3,82781744;0,00000000
4,85981574;3,78429508;0,00000000
4,85991974;3,82781744;0,00000000
4,86002374;3,82781744;0,00000000
4,86012774;3,78429508;0,01734744
4,86023174;3,78429508;0,00000000
4,86033574;3,82781744;0,00000000
4,86043974;3,82781744;0,00000000
4,86054374;3,82781744;0,00000000
4,86064774;3,78429508;0,00000000
4,86075174;3,82781744;0,00000000
4,86085574;3,78429508;0,00000000
4,86095974;3,78429508;0,00000000
4,86106374;3,82781744;0,00000000
4,86116774;3,78429508;0,00000000
4,86127174;3,82781744;0,00000000
4,86137574;3,78429508;0,00000000
4,86147974;3,82781744;0,00000000
4,86158374;3,82781744;0,00000000
4,86168774;3,82781744;0,00000000
4,86179174;3,82781744;0,00000000
4,86189574;3,82781744;0,00000000
4,86199974;3,78429508;0,00000000
4,86210374;3,78429508;0,00000000
4,86220774;3,82781744;0,00000000
4,86231174;3,82781744;0,01734744
4,86241574;3,82781744;0,00000000
4,86251974;3,82781744;0,00000000
4,86262374;3,82781744;0,00000000
4,86272774;3,82781744;0,00000000
4,86283174;3,82781744;0,00000000
4,86293574;3,82781744;0,00000000
4,86303974;3,78429508;0,00000000
4,86314374;3,82781744;0,00000000
4,86324774;3,82781744;0,00000000
4,86335174;3,82781744;0,00000000
4,86345574;3,78429508;0,00000000
4,86355974;3,78429508;0,00000000
4,86366374;3,82781744;0,00000000
4,86376774;3,82781744;0,00000000
4,86387174;3,82781744;0,00000000
4,86397574;3,82781744;0,00000000
4,86407974;3,82781744;0,00000000
4,86418374;3,78429508;0,00000000
4,86428774;3,82781744;0,00000000
4,86439174;3,82781744;0,00000000
4,86449574;3,78429508;0,00000000
4,86459974;3,82781744;0,00000000
4,86470374;3,82781744;0,00000000
4,86480774;3,82781744;0,00000000
4,86491174;3,82781744;0,00000000
4,86501574;3,82781744;0,00000000
4,86511974;3,82781744;0,00000000
4,86522374;3,82781744;0,00000000
4,86532774;3,82781744;0,00000000
4,86543174;3,82781744;0,00000000
4,86553574;3,78429508;0,00000000
4,86563974;3,78429508;0,00000000
4,86574374;3,82781744;0,00000000
4,86584774;3,78429508;0,00000000
4,86595174;3,78429508;0,00000000
4,86605574;3,78429508;0,00000000
4,86615974;3,82781744;0,00000000
4,86626374;3,78429508;0,00000000
4,86636774;3,82781744;0,00000000
4,86647174;3,82781744;0,00000000
4,86657574;3,82781744;0,00000000
4,86667974;3,82781744;0,00000000
4,86678374;3,78429508;0,00000000
4,86688774;3,82781744;0,00000000
4,86699174;3,82781744;0,00000000
4,86709574;3,82781744;0,00000000
4,86719974;3,78429508;0,00000000
4,86730374;3,82781744;0,00000000
4,86740774;3,82781744;0,00000000
4,86751174;3,82781744;0,00000000
4,86761574;3,82781744;0,00000000
4,86771974;3,82781744;0,00000000
4,86782374;3,82781744;0,00000000
4,86792774;3,78429508;0,00000000
4,86803174;3,78429508;0,00000000
4,86813574;3,82781744;0,00000000
4,86823974;3,78429508;0,00000000
4,86834374;3,82781744;0,00000000
4,86844774;3,82781744;0,00000000
4,86855174;3,82781744;0,00000000
4,86865574;3,82781744;0,00000000
4,86875974;3,82781744;0,00000000
4,86886374;3,82781744;0,00000000
4,86896774;3,82781744;0,00000000
4,86907174;3,82781744;0,00000000
4,86917574;3,82781744;0,00000000
4,86927974;3,78429508;0,00000000
4,86938374;3,82781744;0,00000000
4,86948774;3,82781744;0,00000000
4,86959174;3,78429508;0,00000000
4,86969574;3,82781744;0,00000000
4,86979974;3,82781744;0,00000000
4,86990374;3,82781744;0,00000000
4,87000774;3,78429508;0,00000000
4,87011174;3,82781744;0,00000000
4,87021574;3,82781744;0,00000000
4,87031974;3,82781744;0,00000000
4,87042374;3,82781744;0,00000000
4,87052774;3,82781744;0,00000000
4,87063174;3,82781744;0,00000000
4,87073574;3,78429508;0,00000000
4,87083974;3,82781744;0,00000000
4,87094374;3,82781744;0,00000000
4,87104774;3,78429508;0,00000000
4,87115174;3,82781744;0,00000000
4,87125574;3,82781744;0,00000000
4,87135974;3,82781744;0,00000000
4,87146374;3,78429508;0,00000000
4,87156774;3,82781744;0,00000000
4,87167174;3,82781744;0,00000000
4,87177574;3,82781744;0,00000000
4,87187974;3,82781744;0,00000000
4,87198374;3,82781744;0,00000000
4,87208774;3,78429508;0,00000000
4,87219174;3,82781744;0,00000000
4,87229574;3,82781744;0,00000000
4,87239974;3,78429508;0,00000000
4,87250374;3,82781744;0,01734744
4,87260774;3,82781744;0,00000000
4,87271174;3,82781744;0,00000000
4,87281574;3,82781744;0,00000000
4,87291974;3,82781744;0,00000000
4,87302374;3,78429508;0,00000000
4,87312774;3,82781744;0,00000000
4,87323174;3,82781744;0,00000000
4,87333574;3,82781744;0,00000000
4,87343974;3,82781744;0,00000000
4,87354374;3,82781744;0,00000000
4,87364774;3,78429508;0,00000000
4,87375174;3,78429508;0,00000000
4,87385574;3,82781744;0,00000000
4,87395974;3,82781744;0,00000000
4,87406374;3,82781744;0,00000000
4,87416774;3,82781744;0,00000000
4,87427174;3,78429508;0,00000000
4,87437574;3,82781744;0,00000000
4,87447974;3,82781744;0,00000000
4,87458374;3,82781744;0,00000000
4,87468774;3,78429508;0,00000000
4,87479174;3,82781744;0,00000000
4,87489574;3,82781744;0,00000000
4,87499974;3,82781744;0,00000000
4,87510374;3,82781744;0,00000000
4,87520774;3,82781744;0,00000000
4,87531174;3,82781744;0,00000000
4,87541574;3,82781744;0,00000000
4,87551974;3,82781744;0,00000000
4,87562374;3,82781744;0,00000000
4,87572774;3,82781744;0,00000000
4,87583174;3,82781744;0,00000000
4,87593574;3,82781744;0,00000000
4,87603974;3,82781744;0,00000000
4,87614374;3,82781744;0,00000000
4,87624774;3,82781744;0,00000000
4,87635174;3,78429508;0,00000000
4,87645574;3,82781744;0,00000000
4,87655974;3,82781744;0,00000000
4,87666374;3,82781744;0,00000000
4,87676774;3,82781744;0,00000000
4,87687174;3,82781744;0,00000000
4,87697574;3,78429508;0,00000000
4,87707974;3,82781744;0,00000000
4,87718374;3,82781744;0,00000000
4,87728774;3,82781744;0,00000000
4,87739174;3,78429508;0,00000000
4,87749574;3,82781744;0,00000000
4,87759974;3,82781744;0,00000000
4,87770374;3,82781744;0,00000000
4,87780774;3,82781744;0,00000000
4,87791174;3,82781744;0,00000000
4,87801574;3,78429508;0,00000000
4,87811974;3,82781744;0,00000000
4,87822374;3,78429508;0,00000000
4,87832774;3,82781744;0,00000000
4,87843174;3,82781744;0,00000000
4,87853574;3,82781744;0,00000000
4,87863974;3,82781744;0,00000000
4,87874374;3,82781744;0,00000000
4,87884774;3,78429508;0,00000000
4,87895174;3,78429508;0,00000000
4,87905574;3,82781744;0,00000000
4,87915974;3,82781744;0,00000000
4,87926374;3,82781744;0,00000000
4,87936774;3,78429508;0,00000000
4,87947174;3,82781744;0,00000000
4,87957574;3,82781744;0,00000000
4,87967974;3,82781744;0,00000000
4,87978374;3,78429508;0,00000000
4,87988774;3,82781744;0,00000000
4,87999174;3,82781744;0,00000000
4,88009574;3,82781744;0,00000000
4,88019974;3,78429508;0,00000000
4,88030374;3,82781744;0,00000000
4,88040774;3,82781744;0,00000000
4,88051174;3,82781744;0,00000000
4,88061574;3,82781744;0,00000000
4,88071974;3,82781744;0,00000000
4,88082374;3,78429508;0,00000000
4,88092774;3,82781744;0,01734744
4,88103174;3,78429508;0,00000000
4,88113574;3,82781744;0,00000000
4,88123974;3,82781744;0,00000000
4,88134374;3,82781744;0,00000000
4,88144774;3,82781744;0,00000000
4,88155174;3,82781744;0,00000000
4,88165574;3,78429508;0,00000000
4,88175974;3,82781744;0,00000000
4,88186374;3,78429508;0,00000000
4,88196774;3,82781744;0,00000000
4,88207174;3,82781744;0,00000000
4,88217574;3,82781744;0,00000000
4,88227974;3,78429508;0,00000000
4,88238374;3,82781744;0,00000000
4,88248774;3,82781744;0,00000000
4,88259174;3,82781744;0,00000000
4,88269574;3,82781744;0,00000000
4,88279974;3,82781744;0,00000000
4,88290374;3,78429508;0,00000000
4,88300774;3,78429508;0,00000000
4,88311174;3,78429508;0,00000000
4,88321574;3,78429508;0,00000000
4,88331974;3,82781744;0,00000000
4,88342374;3,78429508;0,00000000
4,88352774;3,78429508;0,00000000
4,88363174;3,78429508;0,00000000
4,88373574;3,78429508;0,00000000
4,88383974;3,82781744;0,00000000
4,88394374;3,82781744;0,00000000
4,88404774;3,82781744;0,00000000
4,88415174;3,82781744;0,00000000
4,88425574;3,82781744;0,00000000
4,88435974;3,78429508;0,00000000
4,88446374;3,78429508;0,00000000
4,88456774;3,82781744;0,00000000
4,88467174;3,82781744;0,00000000
4,88477574;3,78429508;0,00000000
4,88487974;3,78429508;0,00000000
4,88498374;3,82781744;0,00000000
4,88508774;3,78429508;0,00000000
4,88519174;3,82781744;0,00000000
4,88529574;3,82781744;0,00000000
4,88539974;3,82781744;0,00000000
4,88550374;3,82781744;0,00000000
4,88560774;3,82781744;0,00000000
4,88571174;3,82781744;0,00000000
4,88581574;3,82781744;0,00000000
4,88591974;3,82781744;0,00000000
4,88602374;3,78429508;0,00000000
4,88612774;3,82781744;0,00000000
4,88623174;3,82781744;0,00000000
4,88633574;3,82781744;0,00000000
4,88643974;3,82781744;0,00000000
4,88654374;3,78429508;0,00000000
4,88664774;3,78429508;0,00000000
4,88675174;3,82781744;0,00000000
4,88685574;3,82781744;0,00000000
4,88695974;3,78429508;0,00000000
4,88706374;3,82781744;0,00000000
4,88716774;3,78429508;0,00000000
4,88727174;3,82781744;0,00000000
4,88737574;3,78429508;0,00000000
4,88747974;3,82781744;0,00000000
4,88758374;3,82781744;0,00000000
4,88768774;3,78429508;0,00000000
4,88779174;3,82781744;0,00000000
4,88789574;3,82781744;0,00000000
4,88799974;3,78429508;0,00000000
4,88810374;3,82781744;0,00000000
4,88820774;3,78429508;0,00000000
4,88831174;3,82781744;0,00000000
4,88841574;3,82781744;0,00000000
4,88851974;3,78429508;0,00000000
4,88862374;3,82781744;0,00000000
4,88872774;3,82781744;0,00000000
4,88883174;3,82781744;0,00000000
4,88893574;3,82781744;0,00000000
4,88903974;3,78429508;0,00000000
4,88914374;3,78429508;0,00000000
4,88924774;3,82781744;0,01734744
4,88935174;3,82781744;0,00000000
4,88945574;3,82781744;0,00000000
4,88955974;3,78429508;0,00000000
4,88966374;3,82781744;0,00000000
4,88976774;3,82781744;0,00000000
4,88987174;3,82781744;0,00000000
4,88997574;3,78429508;0,00000000
4,89007974;3,82781744;0,00000000
4,89018374;3,82781744;0,00000000
4,89028774;3,82781744;0,00000000
4,89039174;3,82781744;0,00000000
4,89049574;3,82781744;0,00000000
4,89059974;3,82781744;0,00000000
4,89070374;3,82781744;0,00000000
4,89080774;3,82781744;0,00000000
4,89091174;3,82781744;0,00000000
4,89101574;3,78429508;0,00000000
4,89111974;3,82781744;0,00000000
4,89122374;3,82781744;0,00000000
4,89132774;3,78429508;0,00000000
4,89143174;3,78429508;0,00000000
4,89153574;3,82781744;0,00000000
4,89163974;3,78429508;0,00000000
4,89174374;3,82781744;0,00000000
4,89184774;3,82781744;0,00000000
4,89195174;3,78429508;0,00000000
4,89205574;3,82781744;0,00000000
4,89215974;3,82781744;0,00000000
4,89226374;3,78429508;0,00000000
4,89236774;3,78429508;0,00000000
4,89247174;3,82781744;0,00000000
4,89257574;3,78429508;0,00000000
4,89267974;3,78429508;0,00000000
4,89278374;3,82781744;0,00000000
4,89288774;3,78429508;0,00000000
4,89299174;3,82781744;0,00000000
4,89309574;3,82781744;0,00000000
4,89319974;3,78429508;0,00000000
4,89330374;3,82781744;0,00000000
4,89340774;3,82781744;0,00000000
4,89351174;3,78429508;0,00000000
4,89361574;3,78429508;0,00000000
4,89371974;3,82781744;0,00000000
4,89382374;3,82781744;0,00000000
4,89392774;3,82781744;0,00000000
4,89403174;3,78429508;0,00000000
4,89413574;3,82781744;0,00000000
4,89423974;3,82781744;0,00000000
4,89434374;3,78429508;0,00000000
4,89444774;3,82781744;0,00000000
4,89455174;3,82781744;0,00000000
4,89465574;3,82781744;0,00000000
4,89475974;3,82781744;0,00000000
4,89486374;3,82781744;0,00000000
4,89496774;3,82781744;0,00000000
4,89507174;3,82781744;0,00000000
4,89517574;3,82781744;0,00000000
4,89527974;3,82781744;0,00000000
4,89538374;3,82781744;0,00000000
4,89548774;3,78429508;0,00000000
4,89559174;3,82781744;0,00000000
4,89569574;3,82781744;0,00000000
4,89579974;3,82781744;0,00000000
4,89590374;3,82781744;0,00000000
4,89600774;3,78429508;0,00000000
4,89611174;3,78429508;0,00000000
4,89621574;3,82781744;0,00000000
4,89631974;3,82781744;0,00000000
4,89642374;3,78429508;0,00000000
4,89652774;3,82781744;0,00000000
4,89663174;3,82781744;0,00000000
4,89673574;3,82781744;0,00000000
4,89683974;3,82781744;0,00000000
4,89694374;3,82781744;0,00000000
4,89704774;3,82781744;0,00000000
4,89715174;3,82781744;0,00000000
4,89725574;3,82781744;0,00000000
4,89735974;3,82781744;0,00000000
4,89746374;3,78429508;0,00000000
4,89756774;3,82781744;0,00000000
4,89767174;3,82781744;0,00000000
4,89777574;3,82781744;0,00000000
4,89787974;3,82781744;0,00000000
4,89798374;3,82781744;0,00000000
4,89808774;3,82781744;0,00000000
4,89819174;3,82781744;0,00000000
4,89829574;3,82781744;0,00000000
4,89839974;3,82781744;0,00000000
4,89850374;3,82781744;0,00000000
4,89860774;3,82781744;0,00000000
4,89871174;3,82781744;0,00000000
4,89881574;3,78429508;0,00000000
4,89891974;3,78429508;0,00000000
4,89902374;3,78429508;0,00000000
4,89912774;3,82781744;0,00000000
4,89923174;3,78429508;0,00000000
4,89933574;3,82781744;0,00000000
4,89943974;3,82781744;0,00000000
4,89954374;3,82781744;0,00000000
4,89964774;3,78429508;0,00000000
4,89975174;3,78429508;0,00000000
4,89985574;3,82781744;0,00000000
4,89995974;3,82781744;0,00000000
4,90006374;3,82781744;0,00000000
4,90016774;3,78429508;0,00000000
4,90027174;3,82781744;0,00000000
4,90037574;3,82781744;0,00000000
4,90047974;3,82781744;0,00000000
4,90058374;3,78429508;0,00000000
4,90068774;3,78429508;0,00000000
4,90079174;3,82781744;0,00000000
4,90089574;3,82781744;0,00000000
4,90099974;3,82781744;0,00000000
4,90110374;3,78429508;0,00000000
4,90120774;3,82781744;0,00000000
4,90131174;3,82781744;0,00000000
4,90141574;3,82781744;0,00000000
4,90151974;3,82781744;0,00000000
4,90162374;3,82781744;0,00000000
4,90172774;3,78429508;0,00000000
4,90183174;3,82781744;0,00000000
4,90193574;3,82781744;0,00000000
4,90203974;3,82781744;0,00000000
4,90214374;3,82781744;0,00000000
4,90224774;3,78429508;0,00000000
4,90235174;3,82781744;0,00000000
4,90245574;3,82781744;0,00000000
4,90255974;3,82781744;0,00000000
4,90266374;3,78429508;0,00000000
4,90276774;3,82781744;0,00000000
4,90287174;3,78429508;0,00000000
4,90297574;3,82781744;0,00000000
4,90307974;3,78429508;0,00000000
4,90318374;3,82781744;0,00000000
4,90328774;3,82781744;0,00000000
4,90339174;3,78429508;0,00000000
4,90349574;3,78429508;0,00000000
4,90359974;3,82781744;0,00000000
4,90370374;3,82781744;0,00000000
4,90380774;3,82781744;0,00000000
4,90391174;3,82781744;0,00000000
4,90401574;3,82781744;0,00000000
4,90411974;3,78429508;0,00000000
4,90422374;3,78429508;0,00000000
4,90432774;3,78429508;0,00000000
4,90443174;3,82781744;0,00000000
4,90453574;3,82781744;0,00000000
4,90463974;3,82781744;0,00000000
4,90474374;3,78429508;0,00000000
4,90484774;3,78429508;0,00000000
4,90495174;3,78429508;0,00000000
4,90505574;3,82781744;0,00000000
4,90515974;3,82781744;0,00000000
4,90526374;3,82781744;0,00000000
4,90536774;3,82781744;0,00000000
4,90547174;3,82781744;0,00000000
4,90557574;3,82781744;0,00000000
4,90567974;3,82781744;0,00000000
4,90578374;3,78429508;0,00000000
4,90588774;3,78429508;0,00000000
4,90599174;3,82781744;0,00000000
4,90609574;3,78429508;0,00000000
4,90619974;3,82781744;0,00000000
4,90630374;3,82781744;0,00000000
4,90640774;3,82781744;0,00000000
4,90651174;3,78429508;0,00000000
4,90661574;3,82781744;0,00000000
4,90671974;3,82781744;0,00000000
4,90682374;3,82781744;0,00000000
4,90692774;3,82781744;0,00000000
4,90703174;3,82781744;0,00000000
4,90713574;3,78429508;0,00000000
4,90723974;3,78429508;0,00000000
4,90734374;3,82781744;0,00000000
4,90744774;3,78429508;0,00000000
4,90755174;3,82781744;0,00000000
4,90765574;3,82781744;0,00000000
4,90775974;3,82781744;0,00000000
4,90786374;3,78429508;0,00000000
4,90796774;3,78429508;0,01734744
4,90807174;3,82781744;0,00000000
4,90817574;3,82781744;0,00000000
4,90827974;3,78429508;0,00000000
4,90838374;3,78429508;0,00000000
4,90848774;3,82781744;0,00000000
4,90859174;3,78429508;0,00000000
4,90869574;3,82781744;0,00000000
4,90879974;3,82781744;0,00000000
4,90890374;3,82781744;0,00000000
4,90900774;3,78429508;0,00000000
4,90911174;3,78429508;0,00000000
4,90921574;3,78429508;0,00000000
4,90931974;3,78429508;0,00000000
4,90942374;3,82781744;0,00000000
4,90952774;3,82781744;0,00000000
4,90963174;3,82781744;0,00000000
4,90973574;3,78429508;0,00000000
4,90983974;3,82781744;0,00000000
4,90994374;3,82781744;0,00000000
4,91004774;3,82781744;0,00000000
4,91015174;3,82781744;0,00000000
4,91025574;3,78429508;0,00000000
4,91035974;3,82781744;0,00000000
4,91046374;3,82781744;0,00000000
4,91056774;3,82781744;0,00000000
4,91067174;3,78429508;0,00000000
4,91077574;3,82781744;0,00000000
4,91087974;3,82781744;0,00000000
4,91098374;3,78429508;0,00000000
4,91108774;3,82781744;0,00000000
4,91119174;3,82781744;0,00000000
4,91129574;3,78429508;0,00000000
4,91139974;3,78429508;0,00000000
4,91150374;3,82781744;0,00000000
4,91160774;3,82781744;0,00000000
4,91171174;3,82781744;0,00000000
4,91181574;3,82781744;0,00000000
4,91191974;3,82781744;0,00000000
4,91202374;3,82781744;0,00000000
4,91212774;3,82781744;0,00000000
4,91223174;3,82781744;0,00000000
4,91233574;3,82781744;0,00000000
4,91243974;3,82781744;0,00000000
4,91254374;3,82781744;0,00000000
4,91264774;3,82781744;0,00000000
4,91275174;3,82781744;0,00000000
4,91285574;3,78429508;0,00000000
4,91295974;3,82781744;0,00000000
4,91306374;3,82781744;0,00000000
4,91316774;3,82781744;0,00000000
4,91327174;3,82781744;0,00000000
4,91337574;3,78429508;0,00000000
4,91347974;3,82781744;0,00000000
4,91358374;3,82781744;0,00000000
4,91368774;3,82781744;0,00000000
4,91379174;3,82781744;0,00000000
4,91389574;3,78429508;0,00000000
4,91399974;3,78429508;0,00000000
4,91410374;3,82781744;0,00000000
4,91420774;3,82781744;0,00000000
4,91431174;3,82781744;0,00000000
4,91441574;3,78429508;0,00000000
4,91451974;3,82781744;0,00000000
4,91462374;3,82781744;0,00000000
4,91472774;3,82781744;0,00000000
4,91483174;3,78429508;0,00000000
4,91493574;3,78429508;0,00000000
4,91503974;3,82781744;0,00000000
4,91514374;3,82781744;0,00000000
4,91524774;3,82781744;0,00000000
4,91535174;3,82781744;0,00000000
4,91545574;3,78429508;0,00000000
4,91555974;3,78429508;0,00000000
4,91566374;3,78429508;0,00000000
4,91576774;3,82781744;0,00000000
4,91587174;3,82781744;0,00000000
4,91597574;3,82781744;0,00000000
4,91607974;3,82781744;0,00000000
4,91618374;3,82781744;0,00000000
4,91628773;3,78429508;0,00000000
4,91639173;3,82781744;0,00000000
4,91649573;3,82781744;0,00000000
4,91659973;3,82781744;0,00000000
4,91670373;3,82781744;0,00000000
4,91680773;3,82781744;0,00000000
4,91691173;3,78429508;0,00000000
4,91701573;3,82781744;0,00000000
4,91711973;3,82781744;0,00000000
4,91722373;3,82781744;0,00000000
4,91732773;3,82781744;0,00000000
4,91743173;3,82781744;0,00000000
4,91753573;3,82781744;0,00000000
4,91763973;3,82781744;0,00000000
4,91774373;3,82781744;0,00000000
4,91784773;3,82781744;0,00000000
4,91795173;3,78429508;0,00000000
4,91805573;3,82781744;0,00000000
4,91815973;3,82781744;0,00000000
4,91826373;3,78429508;0,00000000
4,91836773;3,82781744;0,00000000
4,91847173;3,78429508;0,00000000
4,91857573;3,82781744;0,00000000
4,91867973;3,78429508;0,00000000
4,91878373;3,82781744;0,00000000
4,91888773;3,82781744;0,00000000
4,91899173;3,78429508;0,00000000
4,91909573;3,82781744;0,00000000
4,91919973;3,82781744;0,00000000
4,91930373;3,82781744;0,00000000
4,91940773;3,82781744;0,00000000
4,91951173;3,82781744;0,00000000
4,91961573;3,78429508;0,00000000
4,91971973;3,82781744;0,00000000
4,91982373;3,78429508;0,00000000
4,91992773;3,78429508;0,00000000
4,92003173;3,82781744;0,00000000
4,92013573;3,82781744;0,00000000
4,92023973;3,78429508;0,00000000
4,92034373;3,78429508;0,00000000
4,92044773;3,78429508;0,00000000
4,92055173;3,78429508;0,00000000
4,92065573;3,82781744;0,00000000
4,92075973;3,82781744;0,00000000
4,92086373;3,78429508;0,00000000
4,92096773;3,78429508;0,00000000
4,92107173;3,82781744;0,00000000
4,92117573;3,82781744;0,00000000
4,92127973;3,78429508;0,00000000
4,92138373;3,82781744;0,00000000
4,92148773;3,78429508;0,00000000
4,92159173;3,78429508;0,00000000
4,92169573;3,82781744;0,00000000
4,92179973;3,82781744;0,00000000
4,92190373;3,78429508;0,00000000
4,92200773;3,82781744;0,00000000
4,92211173;3,78429508;0,00000000
4,92221573;3,78429508;0,00000000
4,92231973;3,82781744;0,00000000
4,92242373;3,78429508;0,00000000
4,92252773;3,82781744;0,00000000
4,92263173;3,82781744;0,00000000
4,92273573;3,82781744;0,00000000
4,92283973;3,82781744;0,00000000
4,92294373;3,82781744;0,00000000
4,92304773;3,82781744;0,00000000
4,92315173;3,82781744;0,00000000
4,92325573;3,82781744;0,00000000
4,92335973;3,82781744;0,00000000
4,92346373;3,82781744;0,00000000
4,92356773;3,78429508;0,00000000
4,92367173;3,82781744;0,00000000
4,92377573;3,82781744;0,00000000
4,92387973;3,78429508;0,00000000
4,92398373;3,82781744;0,00000000
4,92408773;3,82781744;0,00000000
4,92419173;3,78429508;0,00000000
4,92429573;3,82781744;0,00000000
4,92439973;3,82781744;0,00000000
4,92450373;3,82781744;0,00000000
4,92460773;3,78429508;0,00000000
4,92471173;3,82781744;0,00000000
4,92481573;3,78429508;0,00000000
4,92491973;3,82781744;0,00000000
4,92502373;3,82781744;0,00000000
4,92512773;3,82781744;0,00000000
4,92523173;3,82781744;0,00000000
4,92533573;3,82781744;0,00000000
4,92543973;3,82781744;0,00000000
4,92554373;3,82781744;0,00000000
4,92564773;3,78429508;0,00000000
4,92575173;3,78429508;0,00000000
4,92585573;3,82781744;0,00000000
4,92595973;3,82781744;0,00000000
4,92606373;3,82781744;0,00000000
4,92616773;3,82781744;0,00000000
4,92627173;3,78429508;0,00000000
4,92637573;3,82781744;0,00000000
4,92647973;3,78429508;0,00000000
4,92658373;3,78429508;0,00000000
4,92668773;3,82781744;0,00000000
4,92679173;3,82781744;0,00000000
4,92689573;3,82781744;0,00000000
4,92699973;3,78429508;0,00000000
4,92710373;3,82781744;0,00000000
4,92720773;3,82781744;0,00000000
4,92731173;3,82781744;0,00000000
4,92741573;3,82781744;0,00000000
4,92751973;3,82781744;0,00000000
4,92762373;3,82781744;0,00000000
4,92772773;3,82781744;0,00000000
4,92783173;3,82781744;0,00000000
4,92793573;3,78429508;0,00000000
4,92803973;3,78429508;0,00000000
4,92814373;3,82781744;0,00000000
4,92824773;3,82781744;0,00000000
4,92835173;3,82781744;0,00000000
4,92845573;3,78429508;0,00000000
4,92855973;3,82781744;0,00000000
4,92866373;3,82781744;0,00000000
4,92876773;3,82781744;0,00000000
4,92887173;3,82781744;0,00000000
4,92897573;3,82781744;0,00000000
4,92907973;3,78429508;0,00000000
4,92918373;3,78429508;0,00000000
4,92928773;3,82781744;0,00000000
4,92939173;3,82781744;0,00000000
4,92949573;3,78429508;0,00000000
4,92959973;3,82781744;0,00000000
4,92970373;3,82781744;0,00000000
4,92980773;3,82781744;0,00000000
4,92991173;3,82781744;0,00000000
4,93001573;3,78429508;0,00000000
4,93011973;3,78429508;0,00000000
4,93022373;3,78429508;0,00000000
4,93032773;3,82781744;0,00000000
4,93043173;3,82781744;0,00000000
4,93053573;3,82781744;0,00000000
4,93063973;3,78429508;0,00000000
4,93074373;3,82781744;0,00000000
4,93084773;3,78429508;0,00000000
4,93095173;3,82781744;0,00000000
4,93105573;3,78429508;0,00000000
4,93115973;3,78429508;0,00000000
4,93126373;3,78429508;0,00000000
4,93136773;3,82781744;0,00000000
4,93147173;3,82781744;0,00000000
4,93157573;3,82781744;0,00000000
4,93167973;3,78429508;0,00000000
4,93178373;3,82781744;0,00000000
4,93188773;3,82781744;0,00000000
4,93199173;3,78429508;0,00000000
4,93209573;3,82781744;0,00000000
4,93219973;3,82781744;0,00000000
4,93230373;3,82781744;0,00000000
4,93240773;3,82781744;0,00000000
4,93251173;3,82781744;0,00000000
4,93261573;3,78429508;0,00000000
4,93271973;3,82781744;0,00000000
4,93282373;3,82781744;0,00000000
4,93292773;3,78429508;0,00000000
4,93303173;3,78429508;0,00000000
4,93313573;3,82781744;0,00000000
4,93323973;3,78429508;0,00000000
4,93334373;3,82781744;0,00000000
4,93344773;3,82781744;0,00000000
4,93355173;3,82781744;0,00000000
4,93365573;3,82781744;0,00000000
4,93375973;3,82781744;0,00000000
4,93386373;3,82781744;0,00000000
4,93396773;3,78429508;0,00000000
4,93407173;3,82781744;0,00000000
4,93417573;3,78429508;0,00000000
4,93427973;3,82781744;0,00000000
4,93438373;3,82781744;0,00000000
4,93448773;3,82781744;0,00000000
4,93459173;3,82781744;0,00000000
4,93469573;3,82781744;0,00000000
4,93479973;3,78429508;0,00000000
4,93490373;3,78429508;0,00000000
4,93500773;3,82781744;0,00000000
4,93511173;3,78429508;0,00000000
4,93521573;3,82781744;0,00000000
4,93531973;3,82781744;0,00000000
4,93542373;3,82781744;0,00000000
4,93552773;3,78429508;0,00000000
4,93563173;3,82781744;0,00000000
4,93573573;3,82781744;0,00000000
4,93583973;3,82781744;0,00000000
4,93594373;3,82781744;0,00000000
4,93604773;3,82781744;0,00000000
4,93615173;3,82781744;0,00000000
4,93625573;3,78429508;0,00000000
4,93635973;3,82781744;0,00000000
4,93646373;3,82781744;0,00000000
4,93656773;3,82781744;0,00000000
4,93667173;3,82781744;0,00000000
4,93677573;3,82781744;0,00000000
4,93687973;3,82781744;0,00000000
4,93698373;3,82781744;0,00000000
4,93708773;3,82781744;0,00000000
4,93719173;3,82781744;0,00000000
4,93729573;3,78429508;0,00000000
4,93739973;3,78429508;0,00000000
4,93750373;3,82781744;0,00000000
4,93760773;3,82781744;0,00000000
4,93771173;3,82781744;0,00000000
4,93781573;3,78429508;0,00000000
4,93791973;3,82781744;0,00000000
4,93802373;3,78429508;0,00000000
4,93812773;3,82781744;0,00000000
4,93823173;3,82781744;0,00000000
4,93833573;3,78429508;0,00000000
4,93843973;3,82781744;0,00000000
4,93854373;3,82781744;0,00000000
4,93864773;3,82781744;0,00000000
4,93875173;3,82781744;0,00000000
4,93885573;3,82781744;0,00000000
4,93895973;3,82781744;0,00000000
4,93906373;3,82781744;0,00000000
4,93916773;3,78429508;0,00000000
4,93927173;3,82781744;0,00000000
4,93937573;3,82781744;0,00000000
4,93947973;3,82781744;0,00000000
4,93958373;3,78429508;0,00000000
4,93968773;3,82781744;0,00000000
4,93979173;3,82781744;0,00000000
4,93989573;3,82781744;0,00000000
4,93999973;3,82781744;0,00000000
4,94010373;3,82781744;0,00000000
4,94020773;3,78429508;0,00000000
4,94031173;3,82781744;0,00000000
4,94041573;3,82781744;0,00000000
4,94051973;3,82781744;0,00000000
4,94062373;3,82781744;0,00000000
4,94072773;3,82781744;0,00000000
4,94083173;3,82781744;0,00000000
4,94093573;3,82781744;0,00000000
4,94103973;3,78429508;0,00000000
4,94114373;3,82781744;0,00000000
4,94124773;3,82781744;0,00000000
4,94135173;3,82781744;0,00000000
4,94145573;3,78429508;0,00000000
4,94155973;3,78429508;0,00000000
4,94166373;3,82781744;0,00000000
4,94176773;3,78429508;0,00000000
4,94187173;3,82781744;0,00000000
4,94197573;3,82781744;0,00000000
4,94207973;3,82781744;0,00000000
4,94218373;3,82781744;0,00000000
4,94228773;3,78429508;0,00000000
4,94239173;3,82781744;0,00000000
4,94249573;3,82781744;0,00000000
4,94259973;3,78429508;0,00000000
4,94270373;3,82781744;0,00000000
4,94280773;3,78429508;0,00000000
4,94291173;3,78429508;0,00000000
4,94301573;3,82781744;0,00000000
4,94311973;3,78429508;0,00000000
4,94322373;3,82781744;0,00000000
4,94332773;3,82781744;0,00000000
4,94343173;3,78429508;0,00000000
4,94353573;3,82781744;0,00000000
4,94363973;3,82781744;0,00000000
4,94374373;3,78429508;0,00000000
4,94384773;3,82781744;0,00000000
4,94395173;3,82781744;0,00000000
4,94405573;3,82781744;0,00000000
4,94415973;3,82781744;0,00000000
4,94426373;3,82781744;0,00000000
4,94436773;3,78429508;0,00000000
4,94447173;3,82781744;0,00000000
4,94457573;3,82781744;0,00000000
4,94467973;3,82781744;0,00000000
4,94478373;3,78429508;0,00000000
4,94488773;3,78429508;0,00000000
4,94499173;3,82781744;0,00000000
4,94509573;3,82781744;0,00000000
4,94519973;3,78429508;0,00000000
4,94530373;3,82781744;0,00000000
4,94540773;3,82781744;0,00000000
4,94551173;3,82781744;0,00000000
4,94561573;3,78429508;0,00000000
4,94571973;3,82781744;0,00000000
4,94582373;3,82781744;0,00000000
4,94592773;3,78429508;0,00000000
4,94603173;3,82781744;0,00000000
4,94613573;3,82781744;0,00000000
4,94623973;3,78429508;0,00000000
4,94634373;3,82781744;0,00000000
4,94644773;3,82781744;0,00000000
4,94655173;3,78429508;0,00000000
4,94665573;3,82781744;0,00000000
4,94675973;3,78429508;0,00000000
4,94686373;3,82781744;0,00000000
4,94696773;3,82781744;0,00000000
4,94707173;3,82781744;0,00000000
4,94717573;3,82781744;0,00000000
4,94727973;3,78429508;0,00000000
4,94738373;3,82781744;0,00000000
4,94748773;3,82781744;0,00000000
4,94759173;3,78429508;0,00000000
4,94769573;3,78429508;0,00000000
4,94779973;3,78429508;0,00000000
4,94790373;3,78429508;0,00000000
4,94800773;3,82781744;0,00000000
4,94811173;3,78429508;0,00000000
4,94821573;3,82781744;0,00000000
4,94831973;3,82781744;0,00000000
4,94842373;3,78429508;0,00000000
4,94852773;3,82781744;0,00000000
4,94863173;3,82781744;0,00000000
4,94873573;3,78429508;0,00000000
4,94883973;3,82781744;0,00000000
4,94894373;3,82781744;0,00000000
4,94904773;3,78429508;0,00000000
4,94915173;3,82781744;0,00000000
4,94925573;3,82781744;0,00000000
4,94935973;3,82781744;0,00000000
4,94946373;3,82781744;0,00000000
4,94956773;3,78429508;0,00000000
4,94967173;3,78429508;0,00000000
4,94977573;3,82781744;0,00000000
4,94987973;3,78429508;0,00000000
4,94998373;3,82781744;0,00000000
4,95008773;3,78429508;0,00000000
4,95019173;3,82781744;0,00000000
4,95029573;3,78429508;0,00000000
4,95039973;3,82781744;0,00000000
4,95050373;3,82781744;0,00000000
4,95060773;3,78429508;0,00000000
4,95071173;3,82781744;0,00000000
4,95081573;3,78429508;0,00000000
4,95091973;3,82781744;0,00000000
4,95102373;3,78429508;0,00000000
4,95112773;3,78429508;0,00000000
4,95123173;3,82781744;0,00000000
4,95133573;3,82781744;0,00000000
4,95143973;3,82781744;0,00000000
4,95154373;3,78429508;0,00000000
4,95164773;3,82781744;0,00000000
4,95175173;3,82781744;0,00000000
4,95185573;3,82781744;0,00000000
4,95195973;3,82781744;0,00000000
4,95206373;3,82781744;0,00000000
4,95216773;3,82781744;0,00000000
4,95227173;3,82781744;0,00000000
4,95237573;3,78429508;0,00000000
4,95247973;3,78429508;0,00000000
4,95258373;3,82781744;0,00000000
4,95268773;3,82781744;0,00000000
4,95279173;3,82781744;0,00000000
4,95289573;3,78429508;0,00000000
4,95299973;3,82781744;0,00000000
4,95310373;3,82781744;0,00000000
4,95320773;3,82781744;0,00000000
4,95331173;3,82781744;0,00000000
4,95341573;3,82781744;0,00000000
4,95351973;3,78429508;0,00000000
4,95362373;3,82781744;0,00000000
4,95372773;3,82781744;0,00000000
4,95383173;3,78429508;0,00000000
4,95393573;3,82781744;0,00000000
4,95403973;3,82781744;0,00000000
4,95414373;3,82781744;0,00000000
4,95424773;3,82781744;0,00000000
4,95435173;3,82781744;0,00000000
4,95445573;3,82781744;0,00000000
4,95455973;3,82781744;0,00000000
4,95466373;3,78429508;0,00000000
4,95476773;3,78429508;0,00000000
4,95487173;3,78429508;0,00000000
4,95497573;3,78429508;0,00000000
4,95507973;3,78429508;0,00000000
4,95518373;3,82781744;0,00000000
4,95528773;3,78429508;0,00000000
4,95539173;3,82781744;0,00000000
4,95549573;3,82781744;0,00000000
4,95559973;3,82781744;0,00000000
4,95570373;3,78429508;0,00000000
4,95580773;3,82781744;0,00000000
4,95591173;3,78429508;0,00000000
4,95601573;3,82781744;0,00000000
4,95611973;3,78429508;0,00000000
4,95622373;3,82781744;0,00000000
4,95632773;3,78429508;0,00000000
4,95643173;3,78429508;0,00000000
4,95653573;3,78429508;0,00000000
4,95663973;3,82781744;0,00000000
4,95674373;3,82781744;0,00000000
4,95684773;3,82781744;0,00000000
4,95695173;3,82781744;0,00000000
4,95705573;3,82781744;0,00000000
4,95715973;3,82781744;0,00000000
4,95726373;3,82781744;0,00000000
4,95736773;3,82781744;0,00000000
4,95747173;3,82781744;0,00000000
4,95757573;3,78429508;0,00000000
4,95767973;3,82781744;0,00000000
4,95778373;3,78429508;0,00000000
4,95788773;3,82781744;0,00000000
4,95799173;3,78429508;0,00000000
4,95809573;3,82781744;0,00000000
4,95819973;3,82781744;0,00000000
4,95830373;3,82781744;0,00000000
4,95840773;3,78429508;0,00000000
4,95851173;3,78429508;0,00000000
4,95861573;3,82781744;0,00000000
4,95871973;3,78429508;0,00000000
4,95882373;3,82781744;0,00000000
4,95892773;3,82781744;0,00000000
4,95903173;3,78429508;0,00000000
4,95913573;3,82781744;0,00000000
4,95923973;3,78429508;0,00000000
4,95934373;3,82781744;0,00000000
4,95944773;3,82781744;0,00000000
4,95955173;3,82781744;0,00000000
4,95965573;3,78429508;0,00000000
4,95975973;3,82781744;0,00000000
4,95986373;3,82781744;0,00000000
4,95996773;3,82781744;0,00000000
4,96007173;3,82781744;0,00000000
4,96017573;3,78429508;0,00000000
4,96027973;3,82781744;0,00000000
4,96038373;3,82781744;0,00000000
4,96048773;3,78429508;0,00000000
4,96059173;3,82781744;0,00000000
4,96069573;3,82781744;0,00000000
4,96079973;3,78429508;0,00000000
4,96090373;3,82781744;0,00000000
4,96100773;3,82781744;0,00000000
4,96111173;3,78429508;0,00000000
4,96121573;3,82781744;0,00000000
4,96131973;3,82781744;0,00000000
4,96142373;3,82781744;0,00000000
4,96152773;3,82781744;0,00000000
4,96163173;3,82781744;0,00000000
4,96173573;3,78429508;0,00000000
4,96183973;3,82781744;0,00000000
4,96194373;3,82781744;0,00000000
4,96204773;3,82781744;0,00000000
4,96215173;3,78429508;0,00000000
4,96225573;3,82781744;0,00000000
4,96235973;3,82781744;0,00000000
4,96246373;3,82781744;0,00000000
4,96256773;3,82781744;0,00000000
4,96267173;3,82781744;0,00000000
4,96277573;3,82781744;0,00000000
4,96287973;3,82781744;0,00000000
4,96298373;3,82781744;0,00000000
4,96308773;3,82781744;0,00000000
4,96319173;3,78429508;0,00000000
4,96329573;3,82781744;0,00000000
4,96339973;3,82781744;0,00000000
4,96350373;3,82781744;0,00000000
4,96360773;3,82781744;0,00000000
4,96371173;3,82781744;0,00000000
4,96381573;3,78429508;0,00000000
4,96391973;3,82781744;0,00000000
4,96402373;3,82781744;0,00000000
4,96412773;3,82781744;0,00000000
4,96423173;3,82781744;0,00000000
4,96433573;3,78429508;0,00000000
4,96443973;3,82781744;0,00000000
4,96454373;3,82781744;0,00000000
4,96464773;3,78429508;0,00000000
4,96475173;3,78429508;0,00000000
4,96485573;3,82781744;0,00000000
4,96495973;3,82781744;0,00000000
4,96506373;3,82781744;0,00000000
4,96516773;3,82781744;0,00000000
4,96527173;3,82781744;0,00000000
4,96537573;3,78429508;0,00000000
4,96547973;3,82781744;0,00000000
4,96558373;3,78429508;0,00000000
4,96568773;3,78429508;0,00000000
4,96579173;3,82781744;0,00000000
4,96589573;3,82781744;0,00000000
4,96599973;3,82781744;0,00000000
4,96610373;3,82781744;0,00000000
4,96620773;3,78429508;0,00000000
4,96631173;3,82781744;0,00000000
4,96641573;3,78429508;0,00000000
4,96651973;3,82781744;0,00000000
4,96662373;3,78429508;0,00000000
4,96672773;3,78429508;0,00000000
4,96683173;3,82781744;0,00000000
4,96693573;3,82781744;0,00000000
4,96703973;3,78429508;0,00000000
4,96714373;3,82781744;0,00000000
4,96724773;3,78429508;0,00000000
4,96735173;3,78429508;0,00000000
4,96745573;3,78429508;0,01734744
4,96755973;3,82781744;0,00000000
4,96766373;3,82781744;0,00000000
4,96776773;3,82781744;0,00000000
4,96787173;3,82781744;0,00000000
4,96797573;3,78429508;0,00000000
4,96807973;3,82781744;0,00000000
4,96818373;3,78429508;0,00000000
4,96828773;3,82781744;0,00000000
4,96839173;3,78429508;0,00000000
4,96849573;3,78429508;0,00000000
4,96859973;3,82781744;0,00000000
4,96870373;3,82781744;0,00000000
4,96880773;3,82781744;0,00000000
4,96891173;3,82781744;0,00000000
4,96901573;3,82781744;0,00000000
4,96911973;3,78429508;0,00000000
4,96922373;3,82781744;0,00000000
4,96932773;3,82781744;0,00000000
4,96943173;3,82781744;0,00000000
4,96953573;3,82781744;0,00000000
4,96963973;3,82781744;0,00000000
4,96974373;3,82781744;0,00000000
4,96984773;3,82781744;0,00000000
4,96995173;3,82781744;0,00000000
4,97005573;3,78429508;0,00000000
4,97015973;3,78429508;0,00000000
4,97026373;3,78429508;0,00000000
4,97036773;3,82781744;0,00000000
4,97047173;3,82781744;0,00000000
4,97057573;3,82781744;0,00000000
4,97067973;3,82781744;0,00000000
4,97078373;3,78429508;0,00000000
4,97088773;3,78429508;0,00000000
4,97099173;3,78429508;0,00000000
4,97109573;3,82781744;0,00000000
4,97119973;3,82781744;0,00000000
4,97130373;3,78429508;0,00000000
4,97140773;3,78429508;0,00000000
4,97151173;3,78429508;0,00000000
4,97161573;3,82781744;0,00000000
4,97171973;3,82781744;0,00000000
4,97182373;3,82781744;0,00000000
4,97192773;3,82781744;0,00000000
4,97203173;3,82781744;0,00000000
4,97213573;3,82781744;0,00000000
4,97223973;3,78429508;0,00000000
4,97234373;3,82781744;0,00000000
4,97244773;3,82781744;0,00000000
4,97255173;3,78429508;0,00000000
4,97265573;3,78429508;0,00000000
4,97275973;3,82781744;0,00000000
4,97286373;3,82781744;0,00000000
4,97296773;3,82781744;0,00000000
4,97307173;3,78429508;0,00000000
4,97317573;3,78429508;0,00000000
4,97327973;3,82781744;0,00000000
4,97338373;3,82781744;0,00000000
4,97348773;3,78429508;0,00000000
4,97359173;3,82781744;0,00000000
4,97369573;3,78429508;0,00000000
4,97379973;3,82781744;0,00000000
4,97390373;3,78429508;0,00000000
4,97400773;3,82781744;0,00000000
4,97411173;3,82781744;0,00000000
4,97421573;3,78429508;0,00000000
4,97431973;3,82781744;0,00000000
4,97442373;3,78429508;0,00000000
4,97452773;3,82781744;0,00000000
4,97463173;3,82781744;0,00000000
4,97473573;3,82781744;0,00000000
4,97483973;3,82781744;0,00000000
4,97494373;3,82781744;0,00000000
4,97504773;3,82781744;0,00000000
4,97515173;3,82781744;0,00000000
4,97525573;3,82781744;0,00000000
4,97535973;3,82781744;0,00000000
4,97546373;3,82781744;0,00000000
4,97556773;3,82781744;0,00000000
4,97567173;3,82781744;0,00000000
4,97577573;3,82781744;0,00000000
4,97587973;3,82781744;0,00000000
4,97598373;3,82781744;0,00000000
4,97608773;3,82781744;0,00000000
4,97619173;3,78429508;0,00000000
4,97629573;3,78429508;0,00000000
4,97639973;3,78429508;0,00000000
4,97650373;3,82781744;0,00000000
4,97660773;3,82781744;0,00000000
4,97671173;3,78429508;0,00000000
4,97681573;3,78429508;0,00000000
4,97691973;3,78429508;0,00000000
4,97702373;3,82781744;0,00000000
4,97712773;3,82781744;0,00000000
4,97723173;3,82781744;0,00000000
4,97733573;3,82781744;0,00000000
4,97743973;3,82781744;0,00000000
4,97754373;3,82781744;0,00000000
4,97764773;3,82781744;0,00000000
4,97775173;3,82781744;0,00000000
4,97785573;3,82781744;0,00000000
4,97795973;3,82781744;0,00000000
4,97806373;3,78429508;0,00000000
4,97816773;3,82781744;0,00000000
4,97827173;3,78429508;0,00000000
4,97837573;3,82781744;0,00000000
4,97847973;3,82781744;0,00000000
4,97858373;3,82781744;0,00000000
4,97868773;3,82781744;0,00000000
4,97879173;3,82781744;0,00000000
4,97889573;3,82781744;0,00000000
4,97899973;3,78429508;0,00000000
4,97910373;3,82781744;0,00000000
4,97920773;3,82781744;0,00000000
4,97931173;3,78429508;0,00000000
4,97941573;3,82781744;0,00000000
4,97951973;3,82781744;0,00000000
4,97962373;3,78429508;0,00000000
4,97972773;3,82781744;0,00000000
4,97983173;3,78429508;0,00000000
4,97993573;3,82781744;0,00000000
4,98003973;3,82781744;0,00000000
4,98014373;3,82781744;0,00000000
4,98024773;3,82781744;0,00000000
4,98035173;3,82781744;0,00000000
4,98045573;3,78429508;0,00000000
4,98055973;3,78429508;0,00000000
4,98066373;3,78429508;0,00000000
4,98076773;3,82781744;0,00000000
4,98087173;3,82781744;0,00000000
4,98097573;3,82781744;0,00000000
4,98107973;3,78429508;0,00000000
4,98118373;3,78429508;0,00000000
4,98128773;3,82781744;0,00000000
4,98139173;3,82781744;0,00000000
4,98149573;3,82781744;0,00000000
4,98159973;3,82781744;0,00000000
4,98170373;3,82781744;0,00000000
4,98180773;3,82781744;0,00000000
4,98191173;3,78429508;0,00000000
4,98201573;3,82781744;0,00000000
4,98211973;3,82781744;0,00000000
4,98222373;3,82781744;0,00000000
4,98232773;3,82781744;0,00000000
4,98243173;3,82781744;0,00000000
4,98253573;3,82781744;0,00000000
4,98263973;3,82781744;0,00000000
4,98274373;3,82781744;0,00000000
4,98284773;3,82781744;0,00000000
4,98295173;3,82781744;0,00000000
4,98305573;3,78429508;0,00000000
4,98315973;3,78429508;0,00000000
4,98326373;3,82781744;0,00000000
4,98336773;3,78429508;0,00000000
4,98347173;3,78429508;0,00000000
4,98357573;3,82781744;0,00000000
4,98367973;3,82781744;0,00000000
4,98378373;3,82781744;0,00000000
4,98388773;3,82781744;0,00000000
4,98399173;3,78429508;0,00000000
4,98409573;3,82781744;0,00000000
4,98419973;3,82781744;0,00000000
4,98430373;3,82781744;0,00000000
4,98440773;3,82781744;0,00000000
4,98451173;3,82781744;0,00000000
4,98461573;3,82781744;0,00000000
4,98471973;3,82781744;0,00000000
4,98482373;3,78429508;0,00000000
4,98492773;3,82781744;0,00000000
4,98503173;3,78429508;0,00000000
4,98513573;3,78429508;0,00000000
4,98523973;3,78429508;0,00000000
4,98534373;3,82781744;0,00000000
4,98544773;3,78429508;0,00000000
4,98555173;3,82781744;0,00000000
4,98565573;3,82781744;0,00000000
4,98575973;3,78429508;0,00000000
4,98586373;3,82781744;0,00000000
4,98596773;3,82781744;0,00000000
4,98607173;3,82781744;0,00000000
4,98617573;3,82781744;0,00000000
4,98627973;3,82781744;0,00000000
4,98638373;3,82781744;0,00000000
4,98648773;3,82781744;0,00000000
4,98659173;3,82781744;0,00000000
4,98669573;3,82781744;0,00000000
4,98679973;3,82781744;0,00000000
4,98690373;3,82781744;0,00000000
4,98700773;3,82781744;0,00000000
4,98711173;3,78429508;0,00000000
4,98721573;3,82781744;0,00000000
4,98731973;3,78429508;0,00000000
4,98742373;3,82781744;0,00000000
4,98752773;3,78429508;0,00000000
4,98763173;3,82781744;0,00000000
4,98773573;3,78429508;0,00000000
4,98783973;3,82781744;0,00000000
4,98794373;3,82781744;0,00000000
4,98804773;3,82781744;0,00000000
4,98815173;3,82781744;0,01734744
4,98825573;3,82781744;0,00000000
4,98835973;3,82781744;0,00000000
4,98846373;3,78429508;0,00000000
4,98856773;3,82781744;0,00000000
4,98867173;3,82781744;0,00000000
4,98877573;3,78429508;0,00000000
4,98887973;3,82781744;0,00000000
4,98898373;3,78429508;0,00000000
4,98908773;3,82781744;0,00000000
4,98919173;3,82781744;0,00000000
4,98929573;3,78429508;0,00000000
4,98939973;3,78429508;0,00000000
4,98950373;3,82781744;0,00000000
4,98960773;3,82781744;0,00000000
4,98971173;3,82781744;0,00000000
4,98981573;3,82781744;0,00000000
4,98991973;3,82781744;0,00000000
4,99002373;3,82781744;0,00000000
4,99012773;3,82781744;0,00000000
4,99023173;3,82781744;0,00000000
4,99033573;3,82781744;0,00000000
4,99043973;3,78429508;0,00000000
4,99054373;3,78429508;0,00000000
4,99064773;3,82781744;0,00000000
4,99075173;3,82781744;0,00000000
4,99085573;3,82781744;0,00000000
4,99095973;3,82781744;0,00000000
4,99106373;3,82781744;0,00000000
4,99116773;3,82781744;0,00000000
4,99127173;3,82781744;0,00000000
4,99137573;3,82781744;0,00000000
4,99147973;3,82781744;0,00000000
4,99158373;3,82781744;0,00000000
4,99168773;3,82781744;0,00000000
4,99179173;3,82781744;0,00000000
4,99189573;3,82781744;0,00000000
4,99199973;3,82781744;0,00000000
4,99210373;3,78429508;0,00000000
4,99220773;3,82781744;0,00000000
4,99231173;3,82781744;0,00000000
4,99241573;3,82781744;0,00000000
4,99251973;3,82781744;0,00000000
4,99262373;3,82781744;0,00000000
4,99272773;3,82781744;0,00000000
4,99283173;3,82781744;0,00000000
4,99293573;3,78429508;0,00000000
4,99303973;3,82781744;0,00000000
4,99314373;3,82781744;0,00000000
4,99324773;3,82781744;0,00000000
4,99335173;3,78429508;0,00000000
4,99345573;3,82781744;0,00000000
4,99355973;3,82781744;0,00000000
4,99366373;3,82781744;0,00000000
4,99376773;3,82781744;0,00000000
4,99387173;3,78429508;0,00000000
4,99397573;3,82781744;0,00000000
4,99407973;3,82781744;0,00000000
4,99418373;3,78429508;0,00000000
4,99428773;3,78429508;0,00000000
4,99439173;3,78429508;0,00000000
4,99449573;3,82781744;0,00000000
4,99459973;3,78429508;0,00000000
4,99470373;3,82781744;0,00000000
4,99480773;3,82781744;0,00000000
4,99491173;3,78429508;0,00000000
4,99501573;3,78429508;0,00000000
4,99511973;3,78429508;0,00000000
4,99522373;3,82781744;0,00000000
4,99532773;3,78429508;0,00000000
4,99543173;3,82781744;0,00000000
4,99553573;3,78429508;0,00000000
4,99563973;3,82781744;0,00000000
4,99574373;3,82781744;0,00000000
4,99584773;3,78429508;0,00000000
4,99595173;3,82781744;0,00000000
4,99605573;3,82781744;0,00000000
4,99615973;3,82781744;0,00000000
4,99626373;3,82781744;0,00000000
4,99636773;3,82781744;0,00000000
4,99647173;3,82781744;0,00000000
4,99657573;3,78429508;0,00000000
4,99667973;3,82781744;0,00000000
4,99678373;3,78429508;0,00000000
4,99688773;3,78429508;0,00000000
4,99699173;3,82781744;0,00000000
4,99709573;3,82781744;0,00000000
4,99719973;3,82781744;0,00000000
4,99730373;3,82781744;0,00000000
4,99740773;3,78429508;0,00000000
4,99751173;3,82781744;0,00000000
4,99761573;3,78429508;0,00000000
4,99771973;3,78429508;0,00000000
4,99782373;3,78429508;0,00000000
4,99792773;3,82781744;0,00000000
4,99803173;3,82781744;0,00000000
4,99813573;3,82781744;0,00000000
4,99823973;3,82781744;0,00000000
4,99834373;3,82781744;0,00000000
4,99844773;3,82781744;0,00000000
4,99855173;3,82781744;0,00000000
4,99865573;3,78429508;0,00000000
4,99875973;3,82781744;0,00000000
4,99886373;3,78429508;0,00000000
4,99896773;3,82781744;0,00000000
4,99907173;3,78429508;0,00000000
4,99917573;3,82781744;0,00000000
4,99927973;3,82781744;0,00000000
4,99938373;3,78429508;0,00000000
4,99948773;3,78429508;0,00000000
4,99959173;3,82781744;0,00000000
4,99969573;3,82781744;0,00000000
4,99979973;3,82781744;0,00000000
4,99990373;3,82781744;0,00000000
5,00000773;3,82781744;0,00000000
5,00011173;3,82781744;0,00000000
5,00021573;3,82781744;0,00000000
5,00031973;3,82781744;0,00000000
5,00042373;3,78429508;0,00000000
5,00052773;3,82781744;0,00000000
5,00063173;3,82781744;0,00000000
5,00073573;3,82781744;0,00000000
5,00083973;3,82781744;0,00000000
5,00094373;3,82781744;0,00000000
5,00104773;3,78429508;0,00000000
5,00115173;3,82781744;0,00000000
5,00125573;3,82781744;0,00000000
5,00135973;3,78429508;0,00000000
5,00146373;3,78429508;0,00000000
5,00156773;3,82781744;0,00000000
5,00167173;3,78429508;0,00000000
5,00177573;3,78429508;0,00000000
5,00187973;3,82781744;0,00000000
5,00198373;3,82781744;0,00000000
5,00208773;3,78429508;0,00000000
5,00219173;3,82781744;0,00000000
5,00229573;3,78429508;0,00000000
5,00239973;3,82781744;0,00000000
5,00250373;3,82781744;0,00000000
5,00260773;3,82781744;0,00000000
5,00271173;3,82781744;0,00000000
5,00281573;3,82781744;0,00000000
5,00291973;3,82781744;0,00000000
5,00302373;3,82781744;0,00000000
5,00312773;3,78429508;0,00000000
5,00323173;3,82781744;0,00000000
5,00333573;3,82781744;0,00000000
5,00343973;3,82781744;0,00000000
5,00354373;3,78429508;0,00000000
5,00364773;3,82781744;0,00000000
5,00375173;3,78429508;0,00000000
5,00385573;3,82781744;0,00000000
5,00395973;3,78429508;0,00000000
5,00406373;3,82781744;0,00000000
5,00416773;3,82781744;0,00000000
5,00427173;3,82781744;0,00000000
5,00437573;3,78429508;0,00000000
5,00447973;3,82781744;0,00000000
5,00458373;3,78429508;0,00000000
5,00468773;3,82781744;0,00000000
5,00479173;3,82781744;0,00000000
5,00489573;3,82781744;0,00000000
5,00499973;3,78429508;0,00000000
5,00510373;3,82781744;0,00000000
5,00520773;3,78429508;0,00000000
5,00531173;3,82781744;0,00000000
5,00541573;3,78429508;0,00000000
5,00551973;3,82781744;0,00000000
5,00562373;3,82781744;0,00000000
5,00572773;3,78429508;0,00000000
5,00583173;3,82781744;0,00000000
5,00593573;3,82781744;0,00000000
5,00603973;3,82781744;0,00000000
5,00614373;3,82781744;0,00000000
5,00624773;3,82781744;0,00000000
5,00635173;3,82781744;0,00000000
5,00645573;3,78429508;0,00000000
5,00655973;3,78429508;0,00000000
5,00666373;3,78429508;0,00000000
5,00676773;3,82781744;0,00000000
5,00687173;3,82781744;0,00000000
5,00697573;3,82781744;0,00000000
5,00707973;3,78429508;0,00000000
5,00718373;3,78429508;0,00000000
5,00728773;3,78429508;0,00000000
5,00739173;3,78429508;0,00000000
5,00749573;3,82781744;0,00000000
5,00759973;3,78429508;0,00000000
5,00770373;3,82781744;0,00000000
5,00780773;3,78429508;0,00000000
5,00791173;3,82781744;0,00000000
5,00801573;3,82781744;0,00000000
5,00811973;3,82781744;0,00000000
5,00822373;3,78429508;0,00000000
5,00832773;3,82781744;0,00000000
5,00843173;3,82781744;0,00000000
5,00853573;3,82781744;0,00000000
5,00863973;3,78429508;0,00000000
5,00874373;3,78429508;0,00000000
5,00884773;3,82781744;0,00000000
5,00895173;3,82781744;0,00000000
5,00905573;3,82781744;0,00000000
5,00915973;3,78429508;0,00000000
5,00926373;3,78429508;0,00000000
5,00936773;3,82781744;0,00000000
5,00947173;3,78429508;0,00000000
5,00957573;3,82781744;0,00000000
5,00967973;3,82781744;0,00000000
5,00978373;3,82781744;0,00000000
5,00988773;3,82781744;0,00000000
5,00999173;3,82781744;0,00000000
5,01009573;3,82781744;0,00000000
5,01019973;3,78429508;0,00000000
5,01030373;3,82781744;0,00000000
5,01040773;3,82781744;0,00000000
5,01051173;3,78429508;0,00000000
5,01061573;3,82781744;0,00000000
5,01071973;3,82781744;0,00000000
5,01082373;3,82781744;0,00000000
5,01092773;3,82781744;0,00000000
5,01103173;3,82781744;0,00000000
5,01113573;3,82781744;0,00000000
5,01123973;3,82781744;0,00000000
5,01134373;3,82781744;0,00000000
5,01144773;3,82781744;0,00000000
5,01155173;3,78429508;0,00000000
5,01165573;3,78429508;0,00000000
5,01175973;3,82781744;0,00000000
5,01186373;3,78429508;0,00000000
5,01196773;3,82781744;0,00000000
5,01207173;3,78429508;0,00000000
5,01217573;3,82781744;0,00000000
5,01227973;3,82781744;0,00000000
5,01238373;3,82781744;0,00000000
5,01248773;3,82781744;0,00000000
5,01259173;3,78429508;0,00000000
5,01269573;3,78429508;0,00000000
5,01279973;3,82781744;0,00000000
5,01290373;3,82781744;0,00000000
5,01300773;3,82781744;0,00000000
5,01311173;3,82781744;0,00000000
5,01321573;3,82781744;0,00000000
5,01331973;3,82781744;0,00000000
5,01342373;3,78429508;0,00000000
5,01352773;3,82781744;0,00000000
5,01363173;3,78429508;0,00000000
5,01373573;3,78429508;0,00000000
5,01383973;3,78429508;0,00000000
5,01394373;3,82781744;0,00000000
5,01404773;3,78429508;0,00000000
5,01415173;3,78429508;0,00000000
5,01425573;3,78429508;0,00000000
5,01435973;3,82781744;0,00000000
5,01446373;3,82781744;0,00000000
5,01456773;3,82781744;0,00000000
5,01467173;3,82781744;0,00000000
5,01477573;3,82781744;0,00000000
5,01487973;3,82781744;0,00000000
5,01498373;3,82781744;0,00000000
5,01508773;3,82781744;0,00000000
5,01519173;3,82781744;0,00000000
5,01529573;3,82781744;0,00000000
5,01539973;3,78429508;0,00000000
5,01550373;3,82781744;0,00000000
5,01560773;3,78429508;0,00000000
5,01571173;3,82781744;0,00000000
5,01581573;3,82781744;0,00000000
5,01591973;3,82781744;0,00000000
5,01602373;3,82781744;0,00000000
5,01612773;3,82781744;0,00000000
5,01623173;3,82781744;0,00000000
5,01633573;3,78429508;0,00000000
5,01643973;3,82781744;0,00000000
5,01654373;3,82781744;0,00000000
5,01664773;3,78429508;0,00000000
5,01675173;3,82781744;0,00000000
5,01685573;3,82781744;0,00000000
5,01695973;3,78429508;0,00000000
5,01706373;3,82781744;0,00000000
5,01716773;3,82781744;0,00000000
5,01727173;3,78429508;0,00000000
5,01737573;3,82781744;0,00000000
5,01747973;3,82781744;0,00000000
5,01758373;3,78429508;0,00000000
5,01768773;3,82781744;0,00000000
5,01779173;3,82781744;0,00000000
5,01789573;3,78429508;0,00000000
5,01799973;3,78429508;0,00000000
5,01810373;3,82781744;0,00000000
5,01820773;3,78429508;0,00000000
5,01831173;3,82781744;0,00000000
5,01841573;3,82781744;0,00000000
5,01851973;3,82781744;0,00000000
5,01862373;3,82781744;0,00000000
5,01872773;3,82781744;0,00000000
5,01883173;3,82781744;0,00000000
5,01893573;3,78429508;0,00000000
5,01903973;3,82781744;0,00000000
5,01914373;3,78429508;0,00000000
5,01924773;3,82781744;0,00000000
5,01935173;3,82781744;0,00000000
5,01945573;3,78429508;0,00000000
5,01955973;3,78429508;0,00000000
5,01966373;3,82781744;0,00000000
5,01976773;3,82781744;0,00000000
5,01987173;3,82781744;0,00000000
5,01997573;3,82781744;0,00000000
5,02007973;3,82781744;0,00000000
5,02018373;3,82781744;0,00000000
5,02028773;3,82781744;0,00000000
5,02039173;3,82781744;0,00000000
5,02049573;3,82781744;0,00000000
5,02059973;3,87133980;0,00000000
5,02070373;3,78429508;0,00000000
5,02080773;3,82781744;0,00000000
5,02091173;3,82781744;0,00000000
5,02101573;3,82781744;0,00000000
5,02111973;3,78429508;0,00000000
5,02122373;3,82781744;0,00000000
5,02132773;3,82781744;0,00000000
5,02143173;3,82781744;0,00000000
5,02153573;3,82781744;0,00000000
5,02163973;3,82781744;0,00000000
5,02174373;3,82781744;0,00000000
5,02184773;3,78429508;0,00000000
5,02195173;3,78429508;0,00000000
5,02205573;3,78429508;0,00000000
5,02215973;3,82781744;0,00000000
5,02226373;3,78429508;0,00000000
5,02236773;3,82781744;0,00000000
5,02247173;3,82781744;0,00000000
5,02257573;3,78429508;0,00000000
5,02267973;3,82781744;0,00000000
5,02278373;3,82781744;0,00000000
5,02288773;3,82781744;0,00000000
5,02299173;3,78429508;0,00000000
5,02309573;3,78429508;0,00000000
5,02319973;3,78429508;0,00000000
5,02330373;3,82781744;0,00000000
5,02340773;3,82781744;0,00000000
5,02351173;3,78429508;0,00000000
5,02361573;3,78429508;0,00000000
5,02371973;3,78429508;0,00000000
5,02382373;3,82781744;0,00000000
5,02392773;3,78429508;0,00000000
5,02403173;3,82781744;0,00000000
5,02413573;3,82781744;0,00000000
5,02423973;3,78429508;0,00000000
5,02434373;3,82781744;0,00000000
5,02444773;3,82781744;0,00000000
5,02455173;3,78429508;0,00000000
5,02465573;3,78429508;0,00000000
5,02475973;3,82781744;0,00000000
5,02486373;3,78429508;0,00000000
5,02496773;3,78429508;0,00000000
5,02507173;3,78429508;0,00000000
5,02517573;3,82781744;0,00000000
5,02527973;3,78429508;0,00000000
5,02538373;3,82781744;0,00000000
5,02548773;3,82781744;0,00000000
5,02559173;3,82781744;0,00000000
5,02569573;3,82781744;0,00000000
5,02579973;3,78429508;0,00000000
5,02590373;3,82781744;0,00000000
5,02600773;3,82781744;0,00000000
5,02611173;3,82781744;0,00000000
5,02621573;3,82781744;0,00000000
5,02631973;3,82781744;0,00000000
5,02642373;3,82781744;0,00000000
5,02652773;3,82781744;0,00000000
5,02663173;3,82781744;0,00000000
5,02673573;3,82781744;0,00000000
5,02683973;3,78429508;0,00000000
5,02694373;3,78429508;0,00000000
5,02704773;3,82781744;0,00000000
5,02715173;3,82781744;0,00000000
5,02725573;3,82781744;0,00000000
5,02735973;3,82781744;0,00000000
5,02746373;3,82781744;0,00000000
5,02756773;3,78429508;0,00000000
5,02767173;3,78429508;0,00000000
5,02777573;3,78429508;0,00000000
5,02787973;3,82781744;0,00000000
5,02798373;3,82781744;0,00000000
5,02808773;3,82781744;0,00000000
5,02819173;3,78429508;0,00000000
5,02829573;3,82781744;0,00000000
5,02839973;3,78429508;0,00000000
5,02850373;3,82781744;0,00000000
5,02860773;3,82781744;0,00000000
5,02871173;3,78429508;0,00000000
5,02881573;3,78429508;0,00000000
5,02891973;3,78429508;0,00000000
5,02902373;3,78429508;0,00000000
5,02912773;3,82781744;0,00000000
5,02923173;3,78429508;0,00000000
5,02933573;3,82781744;0,00000000
5,02943973;3,82781744;0,00000000
5,02954373;3,82781744;0,00000000
5,02964773;3,82781744;0,00000000
5,02975173;3,82781744;0,00000000
5,02985573;3,78429508;0,00000000
5,02995973;3,82781744;0,00000000
5,03006373;3,82781744;0,00000000
5,03016773;3,82781744;0,00000000
5,03027173;3,78429508;0,00000000
5,03037573;3,78429508;0,00000000
5,03047973;3,82781744;0,00000000
5,03058373;3,82781744;0,00000000
5,03068773;3,82781744;0,00000000
5,03079173;3,82781744;0,00000000
5,03089573;3,82781744;0,00000000
5,03099973;3,78429508;0,00000000
5,03110373;3,82781744;0,00000000
5,03120773;3,82781744;0,00000000
5,03131173;3,82781744;0,00000000
5,03141573;3,82781744;0,00000000
5,03151973;3,78429508;0,00000000
5,03162373;3,82781744;0,00000000
5,03172773;3,78429508;0,00000000
5,03183173;3,78429508;0,00000000
5,03193573;3,82781744;0,00000000
5,03203973;3,78429508;0,00000000
5,03214373;3,82781744;0,00000000
5,03224773;3,82781744;0,00000000
5,03235173;3,82781744;0,00000000
5,03245573;3,82781744;0,00000000
5,03255973;3,82781744;0,00000000
5,03266373;3,78429508;0,00000000
5,03276773;3,82781744;0,00000000
5,03287173;3,82781744;0,00000000
5,03297573;3,82781744;0,00000000
5,03307973;3,82781744;0,00000000
5,03318373;3,82781744;0,00000000
5,03328773;3,82781744;0,00000000
5,03339173;3,82781744;0,00000000
5,03349573;3,82781744;0,00000000
5,03359973;3,82781744;0,00000000
5,03370373;3,82781744;0,00000000
5,03380773;3,82781744;0,00000000
5,03391173;3,82781744;0,00000000
5,03401573;3,82781744;0,00000000
5,03411973;3,82781744;0,00000000
5,03422373;3,78429508;0,00000000
5,03432773;3,82781744;0,00000000
5,03443173;3,78429508;0,00000000
5,03453573;3,82781744;0,00000000
5,03463973;3,82781744;0,00000000
5,03474373;3,82781744;0,00000000
5,03484773;3,82781744;0,00000000
5,03495173;3,82781744;0,00000000
5,03505573;3,82781744;0,00000000
5,03515973;3,78429508;0,00000000
5,03526373;3,78429508;0,00000000
5,03536773;3,78429508;0,00000000
5,03547173;3,82781744;0,00000000
5,03557573;3,82781744;0,00000000
5,03567973;3,82781744;0,00000000
5,03578373;3,82781744;0,00000000
5,03588773;3,82781744;0,00000000
5,03599173;3,82781744;0,00000000
5,03609573;3,78429508;0,00000000
5,03619973;3,82781744;0,00000000
5,03630373;3,82781744;0,00000000
5,03640773;3,82781744;0,00000000
5,03651173;3,82781744;0,00000000
5,03661573;3,82781744;0,00000000
5,03671973;3,82781744;0,00000000
5,03682373;3,82781744;0,00000000
5,03692773;3,78429508;0,00000000
5,03703173;3,82781744;0,00000000
5,03713573;3,82781744;0,00000000
5,03723973;3,82781744;0,00000000
5,03734373;3,78429508;0,00000000
5,03744773;3,82781744;0,00000000
5,03755173;3,78429508;0,00000000
5,03765573;3,82781744;0,00000000
5,03775973;3,82781744;0,00000000
5,03786373;3,78429508;0,00000000
5,03796773;3,82781744;0,00000000
5,03807173;3,82781744;0,00000000
5,03817573;3,82781744;0,00000000
5,03827973;3,82781744;0,00000000
5,03838373;3,82781744;0,00000000
5,03848773;3,82781744;0,00000000
5,03859173;3,82781744;0,00000000
5,03869573;3,82781744;0,00000000
5,03879973;3,78429508;0,00000000
5,03890373;3,82781744;0,00000000
5,03900773;3,78429508;0,00000000
5,03911173;3,82781744;0,00000000
5,03921573;3,82781744;0,00000000
5,03931973;3,82781744;0,00000000
5,03942373;3,82781744;0,00000000
5,03952773;3,78429508;0,00000000
5,03963173;3,82781744;0,00000000
5,03973573;3,78429508;0,00000000
5,03983973;3,82781744;0,00000000
5,03994373;3,82781744;0,00000000
5,04004773;3,78429508;0,00000000
5,04015173;3,82781744;0,00000000
5,04025573;3,78429508;0,00000000
5,04035973;3,82781744;0,00000000
5,04046373;3,82781744;0,00000000
5,04056773;3,82781744;0,00000000
5,04067173;3,82781744;0,00000000
5,04077573;3,82781744;0,00000000
5,04087973;3,82781744;0,01734744
5,04098373;3,82781744;0,00000000
5,04108773;3,78429508;0,00000000
5,04119173;3,82781744;0,00000000
5,04129573;3,82781744;0,00000000
5,04139973;3,78429508;0,00000000
5,04150373;3,82781744;0,00000000
5,04160773;3,82781744;0,00000000
5,04171173;3,82781744;0,00000000
5,04181573;3,82781744;0,00000000
5,04191973;3,82781744;0,00000000
5,04202373;3,82781744;0,00000000
5,04212773;3,82781744;0,00000000
5,04223173;3,78429508;0,00000000
5,04233573;3,78429508;0,00000000
5,04243973;3,82781744;0,00000000
5,04254373;3,82781744;0,00000000
5,04264773;3,78429508;0,00000000
5,04275173;3,82781744;0,00000000
5,04285573;3,82781744;0,00000000
5,04295973;3,82781744;0,00000000
5,04306373;3,82781744;0,00000000
5,04316773;3,82781744;0,00000000
5,04327173;3,82781744;0,00000000
5,04337573;3,78429508;0,00000000
5,04347973;3,82781744;0,00000000
5,04358373;3,82781744;0,00000000
5,04368773;3,82781744;0,00000000
5,04379173;3,82781744;0,00000000
5,04389573;3,78429508;0,00000000
5,04399973;3,82781744;0,00000000
5,04410373;3,82781744;0,00000000
5,04420773;3,82781744;0,00000000
5,04431173;3,82781744;0,00000000
5,04441573;3,82781744;0,00000000
5,04451973;3,82781744;0,00000000
5,04462373;3,78429508;0,00000000
5,04472773;3,82781744;0,00000000
5,04483173;3,82781744;0,00000000
5,04493573;3,82781744;0,00000000
5,04503973;3,78429508;0,00000000
5,04514373;3,82781744;0,00000000
5,04524773;3,82781744;0,00000000
5,04535173;3,82781744;0,00000000
5,04545573;3,82781744;0,00000000
5,04555973;3,82781744;0,00000000
5,04566373;3,82781744;0,00000000
5,04576773;3,82781744;0,00000000
5,04587173;3,82781744;0,00000000
5,04597573;3,78429508;0,00000000
5,04607973;3,82781744;0,00000000
5,04618373;0,08689100;0,00000000
5,04628773;0,17393577;0,00000000
5,04639173;-0,04336860;0,00000000
5,04649573;-0,04336860;0,00000000
5,04659973;0,00000000;0,00000000
5,04670373;0,00000000;0,00000000
5,04680773;0,00000000;0,00000000
5,04691173;0,00000000;0,00000000
5,04701573;0,00000000;0,00000000
5,04711973;0,00000000;0,00000000
5,04722373;0,00000000;0,00000000
5,04732773;0,00000000;0,00000000
5,04743173;0,00000000;0,00000000
5,04753573;0,00000000;0,00000000
5,04763973;0,00000000;0,00000000
5,04774373;0,04336860;0,00000000
5,04784773;0,04336860;0,00000000
5,04795173;0,04336860;0,00000000
5,04805573;0,00000000;-0,01734744
5,04815973;0,04336860;0,00000000
5,04826373;0,04336860;0,00000000
5,04836773;0,00000000;0,00000000
5,04847173;0,00000000;0,00000000
5,04857573;0,00000000;0,00000000
5,04867973;0,04336860;0,00000000
5,04878373;0,00000000;0,00000000
5,04888773;0,00000000;0,00000000
5,04899173;0,04336860;0,00000000
5,04909573;0,04336860;0,00000000
5,04919973;0,04336860;0,00000000
5,04930373;0,00000000;0,00000000
5,04940773;0,04336860;0,00000000
5,04951173;0,04336860;0,00000000
5,04961573;0,04336860;0,00000000
5,04971973;0,00000000;0,00000000
5,04982373;0,04336860;0,00000000
5,04992773;0,04336860;0,00000000
5,05003173;0,04336860;0,00000000
5,05013573;0,04336860;0,00000000
5,05023973;0,00000000;0,00000000
5,05034373;0,04336860;0,00000000
5,05044773;0,00000000;0,00000000
5,05055173;0,04336860;0,00000000
5,05065573;0,04336860;0,00000000
5,05075973;0,04336860;0,00000000
5,05086373;0,04336860;0,00000000
5,05096773;0,04336860;0,00000000
5,05107173;0,00000000;0,00000000
5,05117573;0,00000000;0,00000000
5,05127973;0,04336860;0,00000000
5,05138373;0,04336860;0,00000000
5,05148773;0,00000000;0,00000000
5,05159173;0,04336860;0,00000000
5,05169573;0,04336860;0,00000000
5,05179973;0,00000000;0,00000000
5,05190373;0,00000000;0,00000000
5,05200773;0,00000000;0,00000000
5,05211173;0,04336860;0,00000000
5,05221573;0,00000000;0,00000000
5,05231973;0,04336860;0,00000000
5,05242373;0,00000000;0,00000000
5,05252773;0,00000000;0,00000000
5,05263173;0,00000000;0,00000000
5,05273573;0,04336860;0,00000000
5,05283973;0,00000000;0,00000000
5,05294373;0,00000000;0,00000000
5,05304773;0,00000000;0,00000000
5,05315173;0,04336860;0,00000000
5,05325573;0,04336860;0,00000000
5,05335973;0,00000000;0,00000000
5,05346373;0,04336860;0,00000000
5,05356773;0,04336860;0,00000000
5,05367173;0,04336860;0,00000000
5,05377573;0,00000000;0,00000000
5,05387973;0,00000000;-0,01734744
5,05398373;0,04336860;0,00000000
5,05408773;0,04336860;0,00000000
5,05419173;0,00000000;0,00000000
5,05429573;0,04336860;0,00000000
5,05439973;0,04336860;0,00000000
5,05450373;0,00000000;0,00000000
5,05460773;0,00000000;0,00000000
5,05471173;0,04336860;0,00000000
5,05481573;0,04336860;0,00000000
5,05491973;0,04336860;0,00000000
5,05502373;0,04336860;0,00000000
5,05512773;0,04336860;0,00000000
5,05523173;0,04336860;0,00000000
5,05533573;0,00000000;0,00000000
5,05543973;0,00000000;0,00000000
5,05554373;0,04336860;0,00000000
5,05564773;0,00000000;0,00000000
5,05575173;0,04336860;-0,01734744
5,05585573;0,00000000;0,00000000
5,05595973;0,00000000;0,00000000
5,05606373;0,04336860;0,00000000
5,05616773;0,00000000;0,00000000
5,05627173;0,04336860;0,00000000
5,05637573;0,00000000;0,00000000
5,05647973;0,04336860;0,00000000
5,05658373;0,00000000;0,00000000
5,05668773;0,00000000;0,00000000
5,05679173;0,00000000;0,00000000
5,05689573;0,00000000;0,00000000
5,05699973;0,00000000;0,00000000
5,05710373;0,04336860;0,00000000
5,05720773;0,04336860;0,00000000
5,05731173;0,04336860;0,00000000
5,05741573;0,00000000;0,00000000
5,05751973;0,04336860;0,00000000
5,05762373;0,04336860;0,00000000
5,05772773;0,04336860;0,00000000
5,05783173;0,04336860;0,00000000
5,05793573;0,00000000;0,00000000
5,05803973;0,04336860;0,00000000
5,05814373;0,00000000;0,00000000
5,05824773;0,04336860;0,00000000
5,05835173;0,00000000;0,00000000
5,05845573;0,00000000;0,00000000
5,05855973;0,04336860;0,00000000
5,05866373;0,04336860;0,00000000
5,05876773;0,00000000;0,00000000
5,05887173;0,04336860;0,00000000
5,05897573;0,00000000;0,00000000
5,05907973;0,00000000;0,00000000
5,05918373;0,04336860;0,00000000
5,05928773;0,04336860;0,00000000
5,05939173;0,04336860;0,00000000
5,05949573;0,04336860;0,00000000
5,05959973;0,04336860;0,00000000
5,05970373;0,00000000;0,00000000
5,05980773;0,00000000;0,00000000
5,05991173;0,00000000;0,00000000
5,06001573;0,04336860;0,00000000
5,06011973;0,00000000;0,00000000
5,06022373;0,00000000;0,00000000
5,06032773;0,04336860;-0,01734744
5,06043173;0,04336860;0,00000000
5,06053573;0,04336860;0,00000000
5,06063973;0,00000000;0,00000000
5,06074373;0,04336860;0,00000000
5,06084773;0,00000000;0,00000000
5,06095173;0,04336860;0,00000000
5,06105573;0,04336860;0,00000000
5,06115973;0,04336860;0,00000000
5,06126373;0,04336860;0,00000000
5,06136773;0,04336860;0,00000000
5,06147173;0,00000000;0,00000000
5,06157573;0,00000000;0,00000000
5,06167973;0,00000000;0,00000000
5,06178373;0,04336860;0,00000000
5,06188773;0,04336860;0,00000000
5,06199173;0,00000000;0,00000000
5,06209573;0,00000000;0,00000000
5,06219973;0,00000000;0,00000000
5,06230373;0,00000000;0,00000000
5,06240773;0,00000000;0,00000000
5,06251173;0,00000000;0,00000000
5,06261573;0,04336860;0,00000000
5,06271973;0,00000000;0,00000000
5,06282373;0,00000000;0,00000000
5,06292773;0,04336860;0,00000000
5,06303173;0,00000000;0,00000000
5,06313573;0,00000000;0,00000000
5,06323973;0,00000000;0,00000000
5,06334373;0,00000000;0,00000000
5,06344773;0,04336860;0,00000000
5,06355173;0,00000000;0,00000000
5,06365573;0,04336860;0,00000000
5,06375973;0,00000000;0,00000000
5,06386373;0,04336860;0,00000000
5,06396773;0,04336860;0,00000000
5,06407173;0,04336860;0,00000000
5,06417573;0,00000000;0,00000000
5,06427973;0,00000000;0,00000000
5,06438373;0,04336860;0,00000000
5,06448773;0,00000000;0,00000000
5,06459173;0,04336860;0,00000000
5,06469573;0,00000000;0,00000000
5,06479973;0,00000000;0,00000000
5,06490373;0,00000000;0,00000000
5,06500773;0,04336860;0,00000000
5,06511173;0,00000000;0,00000000
5,06521573;0,00000000;0,00000000
5,06531973;0,00000000;0,00000000
5,06542373;0,04336860;0,00000000
5,06552773;0,04336860;0,00000000
5,06563173;0,00000000;0,00000000
5,06573573;0,04336860;0,00000000
5,06583973;0,04336860;0,00000000
5,06594373;0,00000000;0,00000000
5,06604773;0,04336860;0,00000000
5,06615173;0,00000000;0,00000000
5,06625573;0,04336860;0,00000000
5,06635973;0,04336860;0,00000000
5,06646373;0,04336860;0,00000000
5,06656773;0,00000000;0,00000000
5,06667173;0,00000000;0,00000000
5,06677573;0,04336860;0,00000000
5,06687973;0,04336860;0,00000000
5,06698373;0,00000000;0,00000000
5,06708773;0,04336860;0,00000000
5,06719173;0,00000000;0,00000000
5,06729573;0,00000000;0,00000000
5,06739973;0,00000000;0,00000000
5,06750373;0,00000000;0,00000000
5,06760773;0,00000000;-0,01734744
5,06771173;0,00000000;0,00000000
5,06781573;0,04336860;0,00000000
5,06791973;0,00000000;0,00000000
5,06802373;0,04336860;0,00000000
5,06812773;0,00000000;0,00000000
5,06823173;0,00000000;0,00000000
5,06833573;0,00000000;0,00000000
5,06843973;0,00000000;0,00000000
5,06854373;0,00000000;0,00000000
5,06864773;0,00000000;0,00000000
5,06875173;0,04336860;0,00000000
5,06885573;0,04336860;0,00000000
5,06895973;0,00000000;0,00000000
5,06906373;0,00000000;0,00000000
5,06916773;0,04336860;0,00000000
5,06927173;0,00000000;0,00000000
5,06937573;0,04336860;0,00000000
5,06947973;0,00000000;0,00000000
5,06958373;0,04336860;0,00000000
5,06968773;0,04336860;0,00000000
5,06979173;0,00000000;0,00000000
5,06989573;0,04336860;0,00000000
5,06999973;0,04336860;0,00000000
5,07010373;0,00000000;0,00000000
5,07020773;0,00000000;-0,01734744
5,07031173;0,04336860;0,00000000
5,07041573;0,00000000;0,00000000
5,07051973;0,04336860;0,00000000
5,07062373;0,00000000;0,00000000
5,07072773;0,00000000;0,00000000
5,07083173;0,00000000;0,00000000
5,07093573;0,00000000;0,00000000
5,07103973;0,04336860;0,00000000
5,07114373;0,00000000;0,00000000
5,07124773;0,00000000;0,00000000
5,07135173;0,04336860;0,00000000
5,07145573;0,00000000;0,00000000
5,07155973;0,00000000;0,00000000
5,07166373;0,00000000;0,00000000
5,07176773;0,00000000;0,00000000
5,07187173;0,00000000;0,00000000
5,07197573;0,04336860;0,00000000
5,07207973;0,04336860;0,00000000
5,07218373;0,04336860;0,00000000
5,07228773;0,00000000;0,00000000
5,07239173;0,00000000;-0,01734744
5,07249573;0,04336860;0,00000000
5,07259973;0,04336860;0,00000000
5,07270373;0,00000000;0,00000000
5,07280773;0,04336860;0,00000000
5,07291173;0,04336860;0,00000000
5,07301573;0,00000000;0,00000000
5,07311973;0,00000000;0,00000000
5,07322373;0,04336860;0,00000000
5,07332773;0,04336860;0,00000000
5,07343173;0,04336860;0,00000000
5,07353573;0,00000000;0,00000000
5,07363973;0,04336860;0,00000000
5,07374373;0,04336860;0,00000000
5,07384773;0,00000000;0,00000000
5,07395173;0,00000000;0,00000000
5,07405573;0,00000000;-0,01734744
5,07415973;0,04336860;0,00000000
5,07426373;0,00000000;0,00000000
5,07436773;0,04336860;0,00000000
5,07447173;0,04336860;0,00000000
5,07457573;0,00000000;0,00000000
5,07467973;0,04336860;0,00000000
5,07478373;0,04336860;0,00000000
5,07488773;0,00000000;0,00000000
5,07499173;0,00000000;-0,01734744
5,07509573;0,00000000;0,00000000
5,07519973;0,04336860;0,00000000
5,07530373;0,04336860;0,00000000
5,07540773;0,04336860;0,00000000
5,07551173;0,04336860;0,00000000
5,07561573;0,04336860;-0,01734744
5,07571973;0,00000000;0,00000000
5,07582373;0,04336860;-0,01734744
5,07592773;0,04336860;0,00000000
5,07603173;0,00000000;0,00000000
5,07613573;0,00000000;0,00000000
5,07623973;0,00000000;0,00000000
5,07634373;0,00000000;0,00000000
5,07644773;0,04336860;0,00000000
5,07655173;0,00000000;0,00000000
5,07665573;0,04336860;0,00000000
5,07675973;0,04336860;0,00000000
5,07686373;0,04336860;0,00000000
5,07696773;0,00000000;0,00000000
5,07707173;0,00000000;0,00000000
5,07717573;0,00000000;0,00000000
5,07727973;0,00000000;0,00000000
5,07738373;0,00000000;0,00000000
5,07748773;0,04336860;0,00000000
5,07759173;0,04336860;0,00000000
5,07769573;0,00000000;0,00000000
5,07779973;0,00000000;0,00000000
5,07790373;0,00000000;0,00000000
5,07800773;0,00000000;0,00000000
5,07811173;0,00000000;0,00000000
5,07821573;0,04336860;0,00000000
5,07831973;0,00000000;0,00000000
5,07842373;0,00000000;0,00000000
5,07852773;0,04336860;0,00000000
5,07863173;0,00000000;0,00000000
5,07873573;0,00000000;0,00000000
5,07883973;0,00000000;-0,01734744
5,07894373;0,04336860;0,00000000
5,07904773;0,04336860;0,00000000
5,07915173;0,00000000;0,00000000
5,07925573;0,04336860;0,00000000
5,07935973;0,00000000;0,00000000
5,07946373;0,00000000;0,00000000
5,07956773;0,00000000;0,00000000
5,07967173;0,04336860;0,00000000
5,07977573;0,00000000;0,00000000
5,07987973;0,00000000;0,00000000
5,07998373;0,00000000;0,00000000
5,08008773;0,00000000;0,00000000
5,08019173;0,00000000;0,00000000
5,08029573;0,04336860;0,00000000
5,08039973;0,00000000;0,00000000
5,08050373;0,04336860;0,00000000
5,08060773;0,04336860;0,00000000
5,08071173;0,00000000;0,00000000
5,08081573;0,00000000;0,00000000
5,08091973;0,00000000;0,00000000
5,08102373;0,00000000;0,00000000
5,08112773;0,04336860;0,00000000
5,08123173;0,04336860;0,00000000
5,08133573;0,04336860;0,00000000
5,08143973;0,00000000;0,00000000
5,08154373;0,00000000;0,00000000
5,08164773;0,04336860;0,00000000
5,08175173;0,04336860;0,00000000
5,08185573;0,00000000;0,00000000
5,08195973;0,00000000;-0,01734744
5,08206373;0,00000000;0,00000000
5,08216773;0,00000000;0,00000000
5,08227173;0,00000000;0,00000000
5,08237573;0,00000000;0,00000000
5,08247973;0,00000000;0,00000000
5,08258373;0,00000000;0,00000000
5,08268773;0,00000000;0,00000000
5,08279173;0,00000000;0,00000000
5,08289573;0,00000000;0,00000000
5,08299973;0,00000000;0,00000000
5,08310373;0,00000000;0,00000000
5,08320773;0,00000000;-0,01734744
5,08331173;0,00000000;0,00000000
5,08341573;0,00000000;0,00000000
5,08351973;0,00000000;0,00000000
5,08362373;0,00000000;0,00000000
5,08372773;0,04336860;0,00000000
5,08383173;0,00000000;0,00000000
5,08393573;0,04336860;0,00000000
5,08403973;0,00000000;0,00000000
5,08414373;0,00000000;0,00000000
5,08424773;0,00000000;0,00000000
5,08435173;0,04336860;0,00000000
5,08445573;0,04336860;0,00000000
5,08455973;0,00000000;0,00000000
5,08466373;0,00000000;0,00000000
5,08476773;0,00000000;0,00000000
5,08487173;0,04336860;0,00000000
5,08497573;0,00000000;0,00000000
5,08507973;0,00000000;0,00000000
5,08518373;0,00000000;0,00000000
5,08528773;0,00000000;0,00000000
5,08539173;0,00000000;0,00000000
5,08549573;0,00000000;0,00000000
5,08559973;0,00000000;0,00000000
5,08570373;0,00000000;-0,01734744
5,08580773;0,04336860;0,00000000
5,08591173;0,04336860;0,00000000
5,08601573;0,00000000;-0,01734744
5,08611973;0,00000000;0,00000000
5,08622373;0,00000000;0,00000000
5,08632773;0,04336860;0,00000000
5,08643173;0,00000000;0,00000000
5,08653573;0,00000000;0,00000000
5,08663973;0,04336860;0,00000000
5,08674373;0,04336860;0,00000000
5,08684773;0,00000000;0,00000000
5,08695173;0,04336860;0,00000000
5,08705573;0,00000000;0,00000000
5,08715973;0,04336860;0,00000000
5,08726373;0,00000000;0,00000000
5,08736773;0,00000000;0,00000000
5,08747173;0,00000000;0,00000000
5,08757573;0,00000000;-0,01734744
5,08767973;0,00000000;0,00000000
5,08778373;0,00000000;0,00000000
5,08788773;0,00000000;0,00000000
5,08799173;0,00000000;0,00000000
5,08809573;0,04336860;0,00000000
5,08819973;0,00000000;0,00000000
5,08830373;0,00000000;-0,01734744
5,08840773;0,00000000;0,00000000
5,08851173;0,00000000;0,00000000
5,08861573;0,00000000;0,00000000
5,08871973;0,00000000;0,00000000
5,08882373;0,04336860;0,00000000
5,08892773;0,00000000;0,00000000
5,08903173;0,00000000;-0,01734744
5,08913573;0,00000000;0,00000000
5,08923973;0,00000000;0,00000000
5,08934373;0,00000000;0,00000000
5,08944773;0,00000000;0,00000000
5,08955173;0,00000000;0,00000000
5,08965573;0,00000000;0,00000000
5,08975973;0,00000000;0,00000000
5,08986373;0,00000000;0,00000000
5,08996773;0,00000000;0,00000000
5,09007173;0,00000000;0,00000000
5,09017573;0,00000000;0,00000000
5,09027973;0,00000000;0,00000000
5,09038373;0,00000000;0,00000000
5,09048773;0,00000000;0,00000000
5,09059173;0,00000000;0,00000000
5,09069573;0,04336860;0,00000000
5,09079973;0,04336860;0,00000000
5,09090373;0,00000000;0,00000000
5,09100773;0,04336860;-0,01734744
5,09111173;0,04336860;0,00000000
5,09121573;0,04336860;0,00000000
5,09131973;0,00000000;0,00000000
5,09142373;0,00000000;0,00000000
5,09152773;0,04336860;0,00000000
5,09163173;0,00000000;0,00000000
5,09173573;0,00000000;0,00000000
5,09183973;0,00000000;0,00000000
5,09194373;0,00000000;0,00000000
5,09204773;0,04336860;0,00000000
5,09215173;0,04336860;0,00000000
5,09225573;0,00000000;0,00000000
5,09235973;0,00000000;0,00000000
5,09246373;0,04336860;0,00000000
5,09256773;0,00000000;0,00000000
5,09267173;0,00000000;0,00000000
5,09277573;0,04336860;0,00000000
5,09287973;0,04336860;0,00000000
5,09298373;0,04336860;0,00000000
5,09308773;0,00000000;0,00000000
5,09319173;0,00000000;0,00000000
5,09329573;0,00000000;0,00000000
5,09339973;0,00000000;0,00000000
5,09350373;0,00000000;0,00000000
5,09360773;0,00000000;0,00000000
5,09371173;0,00000000;0,00000000
5,09381573;0,00000000;0,00000000
5,09391973;0,04336860;0,00000000
5,09402373;0,04336860;0,00000000
5,09412773;0,00000000;0,00000000
5,09423173;0,00000000;0,00000000
5,09433573;0,00000000;0,00000000
5,09443973;0,04336860;-0,01734744
5,09454373;0,00000000;0,00000000
5,09464773;0,04336860;0,00000000
5,09475173;0,00000000;0,00000000
5,09485573;0,04336860;0,00000000
5,09495973;0,00000000;0,00000000
5,09506373;0,04336860;0,00000000
5,09516773;0,00000000;0,00000000
5,09527173;0,04336860;0,00000000
5,09537573;0,00000000;0,00000000
5,09547973;0,00000000;0,00000000
5,09558373;0,04336860;0,00000000
5,09568773;0,00000000;0,00000000
5,09579173;0,00000000;0,00000000
5,09589573;0,00000000;0,00000000
5,09599973;0,00000000;0,00000000
5,09610373;0,00000000;0,00000000
5,09620773;0,00000000;0,00000000
5,09631173;0,00000000;-0,01734744
5,09641573;0,00000000;0,00000000
5,09651973;0,00000000;0,00000000
5,09662373;0,04336860;0,00000000
5,09672773;0,00000000;0,00000000
5,09683173;0,00000000;0,00000000
5,09693573;0,04336860;-0,01734744
5,09703973;0,00000000;0,00000000
5,09714373;0,00000000;0,00000000
5,09724773;0,04336860;0,00000000
5,09735173;0,04336860;0,00000000
5,09745573;0,00000000;0,00000000
5,09755973;0,04336860;0,00000000
5,09766373;0,00000000;0,00000000
5,09776773;0,00000000;0,00000000
5,09787173;0,04336860;0,00000000
5,09797573;0,04336860;0,00000000
5,09807973;0,00000000;0,00000000
5,09818373;0,00000000;0,00000000
5,09828773;0,00000000;0,00000000
5,09839173;0,00000000;0,00000000
5,09849573;0,00000000;0,00000000
5,09859973;0,00000000;0,00000000
5,09870373;0,04336860;0,00000000
5,09880773;0,04336860;0,00000000
5,09891173;0,04336860;0,00000000
5,09901573;0,04336860;0,00000000
5,09911973;0,00000000;0,00000000
5,09922373;0,00000000;0,00000000
5,09932773;0,04336860;0,00000000
5,09943173;0,00000000;0,00000000
5,09953573;0,04336860;0,00000000
5,09963973;0,00000000;0,00000000
5,09974373;0,04336860;0,00000000
5,09984773;0,00000000;0,00000000
5,09995173;0,00000000;0,00000000
5,10005573;0,00000000;0,00000000
5,10015973;0,00000000;0,00000000
5,10026373;0,00000000;0,00000000
5,10036773;0,00000000;0,00000000
5,10047173;0,00000000;0,00000000
5,10057573;0,04336860;0,00000000
5,10067973;0,00000000;0,00000000
5,10078373;0,00000000;0,00000000
5,10088773;0,00000000;0,00000000
5,10099173;0,00000000;0,00000000
5,10109573;0,00000000;0,00000000
5,10119973;0,04336860;0,00000000
5,10130373;0,00000000;0,00000000
5,10140773;0,00000000;0,00000000
5,10151173;0,04336860;0,00000000
5,10161573;0,00000000;0,00000000
5,10171973;0,04336860;0,00000000
5,10182372;0,00000000;0,00000000
5,10192772;0,00000000;0,00000000
5,10203172;0,00000000;0,00000000
5,10213572;0,00000000;0,00000000
5,10223972;0,04336860;0,00000000
5,10234372;0,00000000;0,00000000
5,10244772;0,00000000;0,00000000
5,10255172;0,04336860;0,00000000
5,10265572;0,00000000;0,00000000
5,10275972;0,04336860;0,00000000
5,10286372;0,00000000;0,00000000
5,10296772;0,04336860;0,00000000
5,10307172;0,04336860;0,00000000
5,10317572;0,00000000;0,00000000
5,10327972;0,00000000;0,00000000
5,10338372;0,04336860;-0,01734744
5,10348772;0,04336860;0,00000000
5,10359172;0,04336860;0,00000000
5,10369572;0,00000000;0,00000000
5,10379972;0,00000000;0,00000000
5,10390372;0,00000000;0,00000000
5,10400772;0,00000000;0,00000000
5,10411172;0,00000000;0,00000000
5,10421572;0,00000000;0,00000000
5,10431972;0,04336860;0,00000000
5,10442372;0,04336860;0,00000000
5,10452772;0,00000000;0,00000000
5,10463172;0,00000000;0,00000000
5,10473572;0,00000000;0,00000000
5,10483972;0,00000000;0,00000000
5,10494372;0,00000000;0,00000000
5,10504772;0,00000000;-0,01734744
5,10515172;0,00000000;0,00000000
5,10525572;0,04336860;0,00000000
5,10535972;0,04336860;0,00000000
5,10546372;0,00000000;0,00000000
5,10556772;0,00000000;0,00000000
5,10567172;0,04336860;0,00000000
5,10577572;0,00000000;0,00000000
5,10587972;0,00000000;0,00000000
5,10598372;0,00000000;0,00000000
5,10608772;0,00000000;0,00000000
5,10619172;0,04336860;0,00000000
5,10629572;0,04336860;0,00000000
5,10639972;0,00000000;0,00000000
5,10650372;0,04336860;0,00000000
5,10660772;0,00000000;0,00000000
5,10671172;0,00000000;0,00000000
5,10681572;0,00000000;0,00000000
5,10691972;0,00000000;0,00000000
5,10702372;0,00000000;0,00000000
5,10712772;0,00000000;0,00000000
5,10723172;0,00000000;0,00000000
5,10733572;0,00000000;0,00000000
5,10743972;0,00000000;0,00000000
5,10754372;0,00000000;0,00000000
5,10764772;0,00000000;0,00000000
5,10775172;0,00000000;0,00000000
5,10785572;0,00000000;0,00000000
5,10795972;0,04336860;-0,01734744
5,10806372;0,00000000;-0,01734744
5,10816772;0,04336860;0,00000000
5,10827172;0,00000000;0,00000000
5,10837572;0,00000000;0,00000000
5,10847972;0,00000000;0,00000000
5,10858372;0,00000000;0,00000000
5,10868772;0,00000000;0,00000000
5,10879172;0,04336860;0,00000000
5,10889572;0,00000000;0,00000000
5,10899972;0,00000000;0,00000000
5,10910372;0,04336860;0,00000000
5,10920772;0,00000000;0,00000000
5,10931172;0,04336860;-0,01734744
5,10941572;0,04336860;0,00000000
5,10951972;0,00000000;0,00000000
5,10962372;0,00000000;0,00000000
5,10972772;0,00000000;0,00000000
5,10983172;0,00000000;0,00000000
5,10993572;0,00000000;0,00000000
5,11003972;0,00000000;0,00000000
5,11014372;0,00000000;0,00000000
5,11024772;0,00000000;0,00000000
5,11035172;0,00000000;0,00000000
5,11045572;0,00000000;0,00000000
5,11055972;0,04336860;0,00000000
5,11066372;0,00000000;0,00000000
5,11076772;0,00000000;0,00000000
5,11087172;0,00000000;0,00000000
5,11097572;0,00000000;0,00000000
5,11107972;0,00000000;0,00000000
5,11118372;0,00000000;0,00000000
5,11128772;0,04336860;0,00000000
5,11139172;0,00000000;0,00000000
5,11149572;0,00000000;0,00000000
5,11159972;0,00000000;0,00000000
5,11170372;0,04336860;0,00000000
5,11180772;0,00000000;0,00000000
5,11191172;0,00000000;0,00000000
5,11201572;0,04336860;0,00000000
5,11211972;0,00000000;0,00000000
5,11222372;0,00000000;0,00000000
5,11232772;0,00000000;0,00000000
5,11243172;0,04336860;-0,01734744
5,11253572;0,04336860;0,00000000
5,11263972;0,04336860;0,00000000
5,11274372;0,00000000;0,00000000
5,11284772;0,04336860;0,00000000
5,11295172;0,00000000;0,00000000
5,11305572;0,00000000;0,00000000
5,11315972;0,00000000;0,00000000
5,11326372;0,00000000;0,00000000
5,11336772;0,00000000;0,00000000
5,11347172;0,04336860;0,00000000
5,11357572;0,04336860;0,00000000
5,11367972;0,00000000;0,00000000
5,11378372;0,00000000;0,00000000
5,11388772;0,00000000;0,00000000
5,11399172;0,00000000;0,00000000
5,11409572;0,00000000;0,00000000
5,11419972;0,00000000;0,00000000
5,11430372;0,00000000;0,00000000
5,11440772;0,04336860;0,00000000
5,11451172;0,00000000;0,00000000
5,11461572;0,04336860;0,00000000
5,11471972;0,00000000;0,00000000
5,11482372;0,04336860;0,00000000
5,11492772;0,00000000;0,00000000
5,11503172;0,00000000;0,00000000
5,11513572;0,00000000;0,00000000
5,11523972;0,00000000;0,00000000
5,11534372;0,00000000;0,00000000
5,11544772;0,00000000;0,00000000
5,11555172;0,00000000;0,00000000
5,11565572;0,00000000;0,00000000
5,11575972;0,04336860;0,00000000
5,11586372;0,00000000;0,00000000
5,11596772;0,00000000;0,00000000
5,11607172;0,04336860;0,00000000
5,11617572;0,00000000;0,00000000
5,11627972;0,04336860;0,00000000
5,11638372;0,00000000;0,00000000
5,11648772;0,00000000;0,00000000
5,11659172;0,00000000;0,00000000
5,11669572;0,00000000;0,00000000
5,11679972;0,04336860;0,00000000
5,11690372;0,04336860;0,00000000
5,11700772;0,00000000;0,00000000
5,11711172;0,04336860;0,00000000
5,11721572;0,00000000;0,00000000
5,11731972;0,00000000;0,00000000
5,11742372;0,00000000;0,00000000
5,11752772;0,00000000;0,00000000
5,11763172;0,00000000;0,00000000
5,11773572;0,00000000;0,00000000
5,11783972;0,04336860;0,00000000
5,11794372;0,00000000;0,00000000
5,11804772;0,00000000;0,00000000
5,11815172;0,00000000;0,00000000
5,11825572;0,00000000;0,00000000
5,11835972;0,00000000;0,00000000
5,11846372;0,00000000;0,00000000
5,11856772;0,00000000;0,00000000
5,11867172;-0,04336860;0,00000000
5,11877572;0,04336860;-0,01734744
5,11887972;0,00000000;0,00000000
5,11898372;0,04336860;0,00000000
5,11908772;0,00000000;0,00000000
5,11919172;0,00000000;0,00000000
5,11929572;0,00000000;0,00000000
5,11939972;0,04336860;0,00000000
5,11950372;0,00000000;0,00000000
5,11960772;0,00000000;0,00000000
5,11971172;0,00000000;0,00000000
5,11981572;0,00000000;0,00000000
5,11991972;0,04336860;0,00000000
5,12002372;0,00000000;0,00000000
5,12012772;0,00000000;0,00000000
5,12023172;0,00000000;0,00000000
5,12033572;0,04336860;0,00000000
5,12043972;0,00000000;0,00000000
5,12054372;0,00000000;0,00000000
5,12064772;0,00000000;0,00000000
5,12075172;0,00000000;0,00000000
5,12085572;0,00000000;0,00000000
5,12095972;0,00000000;0,00000000
5,12106372;0,00000000;0,00000000
5,12116772;0,04336860;0,00000000
5,12127172;0,00000000;0,00000000
5,12137572;0,00000000;0,00000000
5,12147972;0,00000000;0,00000000
5,12158372;0,00000000;0,00000000
5,12168772;0,00000000;0,00000000
5,12179172;0,04336860;0,00000000
5,12189572;0,00000000;0,00000000
5,12199972;0,00000000;0,00000000
5,12210372;0,04336860;0,00000000
5,12220772;0,00000000;0,00000000
5,12231172;0,00000000;0,00000000
5,12241572;0,00000000;0,00000000
5,12251972;0,00000000;0,00000000
5,12262372;0,04336860;0,00000000
5,12272772;0,00000000;0,00000000
5,12283172;0,04336860;0,00000000
5,12293572;0,00000000;0,00000000
5,12303972;0,00000000;0,00000000
5,12314372;0,00000000;0,00000000
5,12324772;0,00000000;0,00000000
5,12335172;0,04336860;-0,01734744
5,12345572;0,04336860;0,00000000
5,12355972;0,00000000;0,00000000
5,12366372;0,00000000;0,00000000
5,12376772;0,00000000;0,00000000
5,12387172;0,00000000;0,00000000
5,12397572;0,00000000;0,00000000
5,12407972;0,04336860;0,00000000
5,12418372;0,00000000;0,00000000
5,12428772;0,00000000;0,00000000
5,12439172;0,04336860;0,00000000
5,12449572;0,00000000;0,00000000
5,12459972;0,00000000;0,00000000
5,12470372;0,00000000;0,00000000
5,12480772;0,00000000;0,00000000
5,12491172;0,00000000;0,00000000
5,12501572;0,00000000;0,00000000
5,12511972;0,00000000;0,00000000
5,12522372;0,00000000;0,00000000
5,12532772;0,00000000;0,00000000
5,12543172;0,00000000;0,00000000
5,12553572;0,00000000;0,00000000
5,12563972;0,00000000;0,00000000
5,12574372;0,00000000;0,00000000
5,12584772;0,04336860;0,00000000
5,12595172;0,04336860;0,00000000
5,12605572;0,00000000;0,00000000
5,12615972;0,04336860;0,00000000
5,12626372;0,00000000;0,00000000
5,12636772;0,04336860;0,00000000
5,12647172;0,00000000;0,00000000
5,12657572;0,00000000;0,00000000
5,12667972;0,00000000;0,00000000
5,12678372;0,04336860;0,00000000
5,12688772;0,00000000;0,00000000
5,12699172;0,04336860;0,00000000
5,12709572;0,00000000;0,00000000
5,12719972;0,00000000;0,00000000
5,12730372;0,04336860;0,00000000
5,12740772;0,00000000;0,00000000
5,12751172;0,00000000;0,00000000
5,12761572;0,04336860;0,00000000
5,12771972;0,00000000;0,00000000
5,12782372;0,00000000;0,00000000
5,12792772;0,00000000;0,00000000
5,12803172;0,00000000;0,00000000
5,12813572;0,04336860;0,00000000
5,12823972;0,04336860;0,00000000
5,12834372;0,00000000;0,00000000
5,12844772;0,04336860;0,00000000
5,12855172;0,04336860;0,00000000
5,12865572;0,00000000;0,00000000
5,12875972;0,00000000;0,00000000
5,12886372;0,00000000;0,00000000
5,12896772;0,00000000;0,00000000
5,12907172;0,00000000;0,00000000
5,12917572;0,00000000;0,00000000
5,12927972;0,04336860;0,00000000
5,12938372;0,04336860;0,00000000
5,12948772;0,00000000;0,00000000
5,12959172;0,04336860;0,00000000
5,12969572;0,00000000;0,00000000
5,12979972;0,00000000;0,00000000
5,12990372;0,04336860;0,00000000
5,13000772;0,00000000;0,00000000
5,13011172;0,00000000;0,00000000
5,13021572;0,00000000;0,00000000
5,13031972;0,00000000;0,00000000
5,13042372;0,00000000;0,00000000
5,13052772;0,00000000;0,00000000
5,13063172;0,00000000;0,00000000
5,13073572;0,00000000;0,00000000
5,13083972;0,00000000;0,00000000
5,13094372;0,00000000;0,00000000
5,13104772;0,00000000;0,00000000
5,13115172;0,04336860;0,00000000
5,13125572;0,04336860;0,00000000
5,13135972;0,00000000;0,00000000
5,13146372;0,00000000;0,00000000
5,13156772;0,04336860;0,00000000
5,13167172;0,04336860;0,00000000
5,13177572;0,00000000;0,00000000
5,13187972;0,04336860;0,00000000
5,13198372;0,00000000;0,00000000
5,13208772;0,00000000;0,00000000
5,13219172;0,04336860;0,00000000
5,13229572;0,00000000;0,00000000
5,13239972;0,00000000;0,00000000
5,13250372;0,04336860;0,00000000
5,13260772;0,04336860;0,00000000
5,13271172;0,00000000;0,00000000
5,13281572;0,00000000;0,00000000
5,13291972;0,04336860;0,00000000
5,13302372;0,00000000;0,00000000
5,13312772;0,00000000;0,00000000
5,13323172;0,04336860;0,00000000
5,13333572;0,00000000;0,00000000
5,13343972;0,00000000;0,00000000
5,13354372;0,00000000;0,00000000
5,13364772;0,00000000;0,00000000
5,13375172;0,04336860;0,00000000
5,13385572;0,00000000;0,00000000
5,13395972;0,00000000;0,00000000
5,13406372;0,00000000;0,00000000
5,13416772;0,04336860;0,00000000
5,13427172;0,00000000;0,00000000
5,13437572;0,00000000;0,00000000
5,13447972;0,00000000;0,00000000
5,13458372;0,04336860;0,00000000
5,13468772;0,00000000;0,00000000
5,13479172;0,00000000;0,00000000
5,13489572;0,00000000;0,00000000
5,13499972;0,00000000;0,00000000
5,13510372;0,00000000;0,00000000
5,13520772;0,00000000;0,00000000
5,13531172;0,00000000;0,00000000
5,13541572;0,00000000;-0,01734744
5,13551972;0,00000000;0,00000000
5,13562372;0,00000000;0,00000000
5,13572772;0,00000000;0,00000000
5,13583172;0,00000000;0,00000000
5,13593572;0,00000000;0,00000000
5,13603972;0,00000000;0,00000000
5,13614372;0,00000000;0,00000000
5,13624772;0,00000000;0,00000000
5,13635172;0,00000000;0,00000000
5,13645572;0,00000000;0,00000000
5,13655972;0,00000000;0,00000000
5,13666372;0,00000000;0,00000000
5,13676772;0,00000000;0,00000000
5,13687172;0,00000000;0,00000000
5,13697572;0,00000000;0,00000000
5,13707972;0,00000000;0,00000000
5,13718372;0,00000000;0,00000000
5,13728772;0,00000000;0,00000000
5,13739172;0,00000000;0,00000000
5,13749572;0,00000000;0,00000000
5,13759972;0,00000000;0,00000000
5,13770372;0,00000000;0,00000000
5,13780772;0,00000000;0,00000000
5,13791172;0,04336860;0,00000000
5,13801572;0,00000000;0,00000000
5,13811972;0,00000000;0,00000000
5,13822372;0,00000000;0,00000000
5,13832772;0,00000000;0,00000000
5,13843172;0,04336860;0,00000000
5,13853572;0,00000000;0,00000000
5,13863972;0,00000000;0,00000000
5,13874372;0,00000000;0,00000000
5,13884772;0,00000000;0,00000000
5,13895172;0,04336860;0,00000000
5,13905572;0,00000000;0,00000000
5,13915972;0,00000000;0,00000000
5,13926372;0,00000000;0,00000000
5,13936772;0,00000000;0,00000000
5,13947172;0,00000000;0,00000000
5,13957572;0,04336860;0,00000000
5,13967972;0,04336860;0,00000000
5,13978372;0,00000000;0,00000000
5,13988772;0,00000000;0,00000000
5,13999172;0,00000000;0,00000000
5,14009572;0,00000000;0,00000000
5,14019972;0,00000000;0,00000000
5,14030372;0,00000000;0,00000000
5,14040772;0,00000000;0,00000000
5,14051172;0,04336860;0,00000000
5,14061572;0,00000000;0,00000000
5,14071972;0,04336860;0,00000000
5,14082372;0,04336860;0,00000000
5,14092772;0,04336860;0,00000000
5,14103172;0,00000000;0,00000000
5,14113572;0,00000000;0,00000000
5,14123972;0,04336860;0,00000000
5,14134372;0,04336860;0,00000000
5,14144772;0,00000000;0,00000000
5,14155172;0,04336860;0,00000000
5,14165572;0,00000000;0,00000000
5,14175972;0,00000000;0,00000000
5,14186372;0,04336860;0,00000000
5,14196772;0,00000000;0,00000000
5,14207172;0,00000000;0,00000000
5,14217572;0,00000000;0,00000000
5,14227972;0,00000000;0,00000000
5,14238372;0,00000000;0,00000000
5,14248772;0,04336860;0,00000000
5,14259172;0,04336860;0,00000000
5,14269572;0,04336860;0,00000000
5,14279972;0,00000000;0,00000000
5,14290372;0,04336860;0,00000000
5,14300772;0,00000000;-0,01734744
5,14311172;0,00000000;0,00000000
5,14321572;0,00000000;0,00000000
5,14331972;0,04336860;0,00000000
5,14342372;0,00000000;0,00000000
5,14352772;0,00000000;0,00000000
5,14363172;0,00000000;0,00000000
5,14373572;0,00000000;-0,01734744
5,14383972;0,00000000;0,00000000
5,14394372;0,00000000;-0,01734744
5,14404772;0,00000000;0,00000000
5,14415172;0,00000000;0,00000000
5,14425572;0,04336860;0,00000000
5,14435972;0,00000000;0,00000000
5,14446372;0,00000000;0,00000000
5,14456772;0,00000000;0,00000000
5,14467172;0,00000000;0,00000000
5,14477572;0,00000000;0,00000000
5,14487972;0,00000000;0,00000000
5,14498372;0,00000000;0,00000000
5,14508772;0,00000000;0,00000000
5,14519172;0,00000000;0,00000000
5,14529572;0,04336860;0,00000000
5,14539972;0,04336860;0,00000000
5,14550372;0,00000000;0,00000000
5,14560772;0,04336860;0,00000000
5,14571172;0,00000000;-0,01734744
5,14581572;0,04336860;0,00000000
5,14591972;0,00000000;0,00000000
5,14602372;0,00000000;0,00000000
5,14612772;0,00000000;0,00000000
5,14623172;0,00000000;0,00000000
5,14633572;0,04336860;0,00000000
5,14643972;0,04336860;0,00000000
5,14654372;0,00000000;0,00000000
5,14664772;0,00000000;0,00000000
5,14675172;0,00000000;0,00000000
5,14685572;0,00000000;0,00000000
5,14695972;0,00000000;0,00000000
5,14706372;0,00000000;0,00000000
5,14716772;0,00000000;0,00000000
5,14727172;0,00000000;0,00000000
5,14737572;0,00000000;0,00000000
5,14747972;0,00000000;0,00000000
5,14758372;0,04336860;0,00000000
5,14768772;0,04336860;0,00000000
5,14779172;0,00000000;0,00000000
5,14789572;0,00000000;0,00000000
5,14799972;0,00000000;0,00000000
5,14810372;0,00000000;0,00000000
5,14820772;0,00000000;0,00000000
5,14831172;0,04336860;0,00000000
5,14841572;0,00000000;0,00000000
5,14851972;0,00000000;0,00000000
5,14862372;0,00000000;0,00000000
5,14872772;0,00000000;0,00000000
5,14883172;0,00000000;0,00000000
5,14893572;0,00000000;0,00000000
5,14903972;0,00000000;0,00000000
5,14914372;0,04336860;0,00000000
5,14924772;0,00000000;0,00000000
5,14935172;0,00000000;0,00000000
5,14945572;0,00000000;0,00000000
5,14955972;0,00000000;0,00000000
5,14966372;0,00000000;0,00000000
5,14976772;0,00000000;0,00000000
5,14987172;0,04336860;0,00000000
5,14997572;0,00000000;0,00000000
5,15007972;0,00000000;0,00000000
5,15018372;0,00000000;0,00000000
5,15028772;0,00000000;0,00000000
5,15039172;0,00000000;0,00000000
5,15049572;0,00000000;0,00000000
5,15059972;0,04336860;0,00000000
5,15070372;0,00000000;0,00000000
5,15080772;0,00000000;0,00000000
5,15091172;0,00000000;0,00000000
5,15101572;0,04336860;0,00000000
5,15111972;0,04336860;0,00000000
5,15122372;0,00000000;0,00000000
5,15132772;0,00000000;0,00000000
5,15143172;0,04336860;0,00000000
5,15153572;0,04336860;0,00000000
5,15163972;0,04336860;0,00000000
5,15174372;0,00000000;0,00000000
5,15184772;0,04336860;0,00000000
5,15195172;0,00000000;0,00000000
5,15205572;0,00000000;0,00000000
5,15215972;0,04336860;0,00000000
5,15226372;0,00000000;0,00000000
5,15236772;0,04336860;0,00000000
5,15247172;0,00000000;0,00000000
5,15257572;0,04336860;0,00000000
5,15267972;0,00000000;-0,01734744
5,15278372;0,00000000;0,00000000
5,15288772;0,00000000;0,00000000
5,15299172;0,00000000;0,00000000
5,15309572;0,00000000;0,00000000
5,15319972;0,00000000;0,00000000
5,15330372;0,00000000;0,00000000
5,15340772;0,00000000;0,00000000
5,15351172;0,00000000;0,00000000
5,15361572;0,04336860;0,00000000
5,15371972;0,00000000;0,00000000
5,15382372;0,00000000;0,00000000
5,15392772;0,00000000;0,00000000
5,15403172;0,04336860;0,00000000
5,15413572;0,00000000;0,00000000
5,15423972;0,04336860;0,00000000
5,15434372;0,00000000;0,00000000
5,15444772;0,04336860;0,00000000
5,15455172;0,04336860;0,00000000
5,15465572;0,00000000;0,00000000
5,15475972;0,00000000;0,00000000
5,15486372;0,00000000;0,00000000
5,15496772;0,00000000;0,00000000
5,15507172;0,04336860;0,00000000
5,15517572;0,00000000;0,00000000
5,15527972;0,00000000;0,00000000
5,15538372;0,00000000;0,00000000
5,15548772;0,00000000;0,00000000
5,15559172;0,04336860;0,00000000
5,15569572;0,00000000;0,00000000
5,15579972;0,04336860;0,00000000
5,15590372;0,00000000;0,00000000
5,15600772;0,04336860;0,00000000
5,15611172;0,00000000;0,00000000
5,15621572;0,00000000;0,00000000
5,15631972;0,00000000;0,00000000
5,15642372;0,00000000;0,00000000
5,15652772;0,00000000;0,00000000
5,15663172;0,00000000;0,00000000
5,15673572;0,00000000;0,00000000
5,15683972;0,04336860;0,00000000
5,15694372;0,04336860;0,00000000
5,15704772;0,00000000;0,00000000
5,15715172;0,00000000;0,00000000
5,15725572;0,00000000;0,00000000
5,15735972;0,00000000;0,00000000
5,15746372;0,00000000;0,00000000
5,15756772;0,00000000;0,00000000
5,15767172;0,00000000;0,00000000
5,15777572;0,04336860;0,00000000
5,15787972;0,00000000;0,00000000
5,15798372;0,00000000;0,00000000
5,15808772;0,00000000;0,00000000
5,15819172;0,04336860;0,00000000
5,15829572;0,00000000;0,00000000
5,15839972;0,04336860;0,00000000
5,15850372;0,00000000;0,00000000
5,15860772;0,00000000;0,00000000
5,15871172;0,00000000;0,00000000
5,15881572;0,00000000;0,00000000
5,15891972;0,00000000;0,00000000
5,15902372;0,00000000;0,00000000
5,15912772;0,04336860;0,00000000
5,15923172;0,00000000;0,00000000
5,15933572;0,00000000;0,00000000
5,15943972;0,04336860;0,00000000
5,15954372;0,00000000;0,00000000
5,15964772;0,04336860;0,00000000
5,15975172;0,00000000;-0,01734744
5,15985572;0,04336860;0,00000000
5,15995972;0,00000000;0,00000000
5,16006372;0,00000000;0,00000000
5,16016772;0,00000000;0,00000000
5,16027172;0,00000000;0,00000000
5,16037572;0,04336860;0,00000000
5,16047972;0,00000000;0,00000000
5,16058372;0,00000000;0,00000000
5,16068772;0,04336860;0,00000000
5,16079172;0,00000000;0,00000000
5,16089572;0,04336860;0,00000000
5,16099972;0,00000000;0,00000000
5,16110372;0,00000000;0,00000000
5,16120772;0,00000000;0,00000000
5,16131172;0,00000000;0,00000000
5,16141572;0,00000000;0,00000000
5,16151972;0,00000000;0,00000000
5,16162372;0,00000000;0,00000000
5,16172772;0,00000000;-0,01734744
5,16183172;0,04336860;0,00000000
5,16193572;0,04336860;0,00000000
5,16203972;0,00000000;0,00000000
5,16214372;0,00000000;0,00000000
5,16224772;0,00000000;0,00000000
5,16235172;0,00000000;0,00000000
5,16245572;0,00000000;0,00000000
5,16255972;0,00000000;0,00000000
5,16266372;0,00000000;0,00000000
5,16276772;0,04336860;0,00000000
5,16287172;0,00000000;0,00000000
5,16297572;0,00000000;0,00000000
5,16307972;0,04336860;0,00000000
5,16318372;0,00000000;0,00000000
5,16328772;0,00000000;0,00000000
5,16339172;0,00000000;0,00000000
5,16349572;0,00000000;0,00000000
5,16359972;0,04336860;0,00000000
5,16370372;0,04336860;0,00000000
5,16380772;0,04336860;0,00000000
5,16391172;0,00000000;0,00000000
5,16401572;0,00000000;0,00000000
5,16411972;0,04336860;0,00000000
5,16422372;0,04336860;0,00000000
5,16432772;0,00000000;0,00000000
5,16443172;0,00000000;0,00000000
5,16453572;0,04336860;0,00000000
5,16463972;0,00000000;0,00000000
5,16474372;0,00000000;0,00000000
5,16484772;0,00000000;0,00000000
5,16495172;0,00000000;0,00000000
5,16505572;0,04336860;0,00000000
5,16515972;0,00000000;0,00000000
5,16526372;0,00000000;0,00000000
5,16536772;0,00000000;0,00000000
5,16547172;0,04336860;-0,01734744
5,16557572;0,04336860;0,00000000
5,16567972;0,04336860;0,00000000
5,16578372;0,00000000;-0,01734744
5,16588772;0,00000000;0,00000000
5,16599172;0,04336860;0,00000000
5,16609572;0,00000000;0,00000000
5,16619972;0,00000000;0,00000000
5,16630372;0,04336860;0,00000000
5,16640772;0,04336860;0,00000000
5,16651172;0,04336860;0,00000000
5,16661572;0,00000000;0,00000000
5,16671972;0,04336860;0,00000000
5,16682372;0,04336860;0,00000000
5,16692772;0,00000000;0,00000000
5,16703172;0,04336860;0,00000000
5,16713572;0,04336860;0,00000000
5,16723972;0,04336860;0,00000000
5,16734372;0,00000000;0,00000000
5,16744772;0,00000000;0,00000000
5,16755172;0,00000000;0,00000000
5,16765572;0,04336860;0,00000000
5,16775972;0,00000000;0,00000000
5,16786372;0,00000000;0,00000000
5,16796772;0,00000000;0,00000000
5,16807172;0,00000000;0,00000000
5,16817572;0,00000000;0,00000000
5,16827972;0,00000000;0,00000000
5,16838372;0,00000000;0,00000000
5,16848772;0,00000000;0,00000000
5,16859172;0,04336860;0,00000000
5,16869572;0,00000000;0,00000000
5,16879972;0,00000000;0,00000000
5,16890372;0,04336860;0,00000000
5,16900772;0,04336860;0,00000000
5,16911172;0,00000000;0,00000000
5,16921572;0,00000000;0,00000000
5,16931972;0,04336860;0,00000000
5,16942372;0,00000000;0,00000000
5,16952772;0,00000000;0,00000000
5,16963172;0,04336860;0,00000000
5,16973572;0,00000000;0,00000000
5,16983972;0,00000000;0,00000000
5,16994372;0,04336860;0,00000000
5,17004772;0,00000000;0,00000000
5,17015172;0,00000000;0,00000000
5,17025572;0,04336860;0,00000000
5,17035972;0,04336860;0,00000000
5,17046372;0,00000000;0,00000000
5,17056772;0,00000000;-0,01734744
5,17067172;0,00000000;0,00000000
5,17077572;0,00000000;0,00000000
5,17087972;0,04336860;0,00000000
5,17098372;0,00000000;0,00000000
5,17108772;0,00000000;0,00000000
5,17119172;0,00000000;0,00000000
5,17129572;0,00000000;0,00000000
5,17139972;0,00000000;0,00000000
5,17150372;0,00000000;0,00000000
5,17160772;0,00000000;0,00000000
5,17171172;0,00000000;0,00000000
5,17181572;0,00000000;0,00000000
5,17191972;0,00000000;0,00000000
5,17202372;0,04336860;0,00000000
5,17212772;0,04336860;0,00000000
5,17223172;0,00000000;0,00000000
5,17233572;0,00000000;0,00000000
5,17243972;0,00000000;0,00000000
5,17254372;0,00000000;0,00000000
5,17264772;0,00000000;0,00000000
5,17275172;0,00000000;0,00000000
5,17285572;0,00000000;0,00000000
5,17295972;0,04336860;0,00000000
5,17306372;0,00000000;0,00000000
5,17316772;0,04336860;0,00000000
5,17327172;0,04336860;0,00000000
5,17337572;0,00000000;0,00000000
5,17347972;0,00000000;0,00000000
5,17358372;0,00000000;0,00000000
5,17368772;0,00000000;0,00000000
5,17379172;0,00000000;0,00000000
5,17389572;0,00000000;0,00000000
5,17399972;0,04336860;0,00000000
5,17410372;0,00000000;0,00000000
5,17420772;0,00000000;0,00000000
5,17431172;0,00000000;0,00000000
5,17441572;0,00000000;0,00000000
5,17451972;0,00000000;0,00000000
5,17462372;0,00000000;0,00000000
5,17472772;0,00000000;0,00000000
5,17483172;0,04336860;0,00000000
5,17493572;0,04336860;0,00000000
5,17503972;0,04336860;0,00000000
5,17514372;0,00000000;0,00000000
5,17524772;0,04336860;0,00000000
5,17535172;0,00000000;0,00000000
5,17545572;0,00000000;0,00000000
5,17555972;0,00000000;0,00000000
5,17566372;0,00000000;0,00000000
5,17576772;0,00000000;0,00000000
5,17587172;0,04336860;0,00000000
5,17597572;0,04336860;0,00000000
5,17607972;0,00000000;0,00000000
5,17618372;0,04336860;0,00000000
5,17628772;0,04336860;0,00000000
5,17639172;0,04336860;0,00000000
5,17649572;0,00000000;0,00000000
5,17659972;0,00000000;0,00000000
5,17670372;0,00000000;0,00000000
5,17680772;0,00000000;0,00000000
5,17691172;0,00000000;0,00000000
5,17701572;0,00000000;0,00000000
5,17711972;0,00000000;0,00000000
5,17722372;0,04336860;0,00000000
5,17732772;0,00000000;0,00000000
5,17743172;0,04336860;0,00000000
5,17753572;0,00000000;0,00000000
5,17763972;0,00000000;0,00000000
5,17774372;0,00000000;0,00000000
5,17784772;0,00000000;0,00000000
5,17795172;0,04336860;0,00000000
5,17805572;0,04336860;0,00000000
5,17815972;0,00000000;0,00000000
5,17826372;0,00000000;0,00000000
5,17836772;0,00000000;0,00000000
5,17847172;0,00000000;0,00000000
5,17857572;0,04336860;0,00000000
5,17867972;0,00000000;0,00000000
5,17878372;0,04336860;0,00000000
5,17888772;0,04336860;0,00000000
5,17899172;0,00000000;0,00000000
5,17909572;0,04336860;0,00000000
5,17919972;0,00000000;0,00000000
5,17930372;0,00000000;0,00000000
5,17940772;0,00000000;0,00000000
5,17951172;0,00000000;0,00000000
5,17961572;0,00000000;0,00000000
5,17971972;0,04336860;0,00000000
5,17982372;0,04336860;0,00000000
5,17992772;0,04336860;0,00000000
5,18003172;0,00000000;0,00000000
5,18013572;0,04336860;0,00000000
5,18023972;0,00000000;0,00000000
5,18034372;0,04336860;0,00000000
5,18044772;0,00000000;0,00000000
5,18055172;0,00000000;0,00000000
5,18065572;0,00000000;0,00000000
5,18075972;0,00000000;0,00000000
5,18086372;0,00000000;0,00000000
5,18096772;0,00000000;0,00000000
5,18107172;0,00000000;0,00000000
5,18117572;0,00000000;0,00000000
5,18127972;0,00000000;0,00000000
5,18138372;0,00000000;0,00000000
5,18148772;0,00000000;0,00000000
5,18159172;0,00000000;0,00000000
5,18169572;0,00000000;0,00000000
5,18179972;0,00000000;0,00000000
5,18190372;0,00000000;0,00000000
5,18200772;0,00000000;0,00000000
5,18211172;0,00000000;0,00000000
5,18221572;0,00000000;0,00000000
5,18231972;0,00000000;0,00000000
5,18242372;0,00000000;0,00000000
5,18252772;0,00000000;0,00000000
5,18263172;0,04336860;0,00000000
5,18273572;0,00000000;-0,01734744
5,18283972;0,00000000;0,00000000
5,18294372;0,00000000;-0,01734744
5,18304772;0,00000000;0,00000000
5,18315172;0,04336860;0,00000000
5,18325572;0,04336860;0,00000000
5,18335972;0,04336860;0,00000000
5,18346372;0,04336860;0,00000000
5,18356772;0,00000000;0,00000000
5,18367172;0,00000000;0,00000000
5,18377572;0,04336860;0,00000000
5,18387972;0,00000000;0,00000000
5,18398372;0,00000000;0,00000000
5,18408772;0,00000000;0,00000000
5,18419172;0,00000000;0,00000000
5,18429572;0,00000000;0,00000000
5,18439972;0,04336860;0,00000000
5,18450372;0,00000000;0,00000000
5,18460772;0,04336860;0,00000000
5,18471172;0,00000000;0,00000000
5,18481572;0,04336860;0,00000000
5,18491972;0,00000000;0,00000000
5,18502372;0,00000000;0,00000000
5,18512772;0,00000000;0,00000000
5,18523172;0,00000000;0,00000000
5,18533572;0,04336860;0,00000000
5,18543972;0,04336860;0,00000000
5,18554372;0,00000000;0,00000000
5,18564772;0,04336860;0,00000000
5,18575172;0,00000000;0,00000000
5,18585572;0,00000000;0,00000000
5,18595972;0,00000000;0,00000000
5,18606372;0,00000000;0,00000000
5,18616772;0,00000000;-0,01734744
5,18627172;0,00000000;0,00000000
5,18637572;0,00000000;0,00000000
5,18647972;0,04336860;0,00000000
5,18658372;0,00000000;0,00000000
5,18668772;0,00000000;0,00000000
5,18679172;0,04336860;0,00000000
5,18689572;0,00000000;0,00000000
5,18699972;0,00000000;0,00000000
5,18710372;0,00000000;0,00000000
5,18720772;0,00000000;0,00000000
5,18731172;0,04336860;0,00000000
5,18741572;0,00000000;0,00000000
5,18751972;0,00000000;-0,01734744
5,18762372;0,00000000;0,00000000
5,18772772;0,00000000;0,00000000
5,18783172;0,00000000;0,00000000
5,18793572;0,00000000;0,00000000
5,18803972;0,00000000;0,00000000
5,18814372;0,00000000;0,00000000
5,18824772;0,00000000;0,00000000
5,18835172;0,04336860;0,00000000
5,18845572;0,00000000;0,00000000
5,18855972;0,04336860;0,00000000
5,18866372;0,00000000;0,00000000
5,18876772;0,00000000;0,00000000
5,18887172;0,00000000;0,00000000
5,18897572;0,00000000;0,00000000
5,18907972;0,00000000;0,00000000
5,18918372;0,00000000;0,00000000
5,18928772;0,00000000;0,00000000
5,18939172;0,00000000;0,00000000
5,18949572;0,00000000;0,00000000
5,18959972;0,00000000;0,00000000
5,18970372;0,04336860;0,00000000
5,18980772;0,00000000;0,00000000
5,18991172;0,00000000;0,00000000
5,19001572;0,00000000;0,00000000
5,19011972;0,00000000;0,00000000
5,19022372;0,00000000;0,00000000
5,19032772;0,04336860;0,00000000
5,19043172;0,00000000;0,00000000
5,19053572;0,00000000;0,00000000
5,19063972;0,00000000;0,00000000
5,19074372;0,00000000;0,00000000
5,19084772;0,00000000;0,00000000
5,19095172;0,00000000;0,00000000
5,19105572;0,00000000;0,00000000
5,19115972;0,04336860;0,00000000
5,19126372;0,04336860;0,00000000
5,19136772;0,00000000;0,00000000
5,19147172;0,00000000;0,00000000
5,19157572;0,04336860;0,00000000
5,19167972;0,00000000;0,00000000
5,19178372;0,04336860;0,00000000
5,19188772;0,00000000;0,00000000
5,19199172;0,04336860;0,00000000
5,19209572;0,00000000;0,00000000
5,19219972;0,00000000;0,00000000
5,19230372;0,00000000;0,00000000
5,19240772;0,00000000;0,00000000
5,19251172;0,00000000;0,00000000
5,19261572;0,00000000;0,00000000
5,19271972;0,00000000;0,00000000
5,19282372;0,00000000;0,00000000
5,19292772;0,00000000;0,00000000
5,19303172;0,04336860;0,00000000
5,19313572;0,00000000;0,00000000
5,19323972;0,00000000;0,00000000
5,19334372;0,00000000;0,00000000
5,19344772;0,00000000;0,00000000
5,19355172;0,00000000;0,00000000
5,19365572;0,00000000;0,00000000
5,19375972;0,00000000;0,00000000
5,19386372;0,00000000;0,00000000
5,19396772;0,00000000;0,00000000
5,19407172;0,00000000;0,00000000
5,19417572;0,00000000;0,00000000
5,19427972;0,04336860;0,00000000
5,19438372;0,04336860;0,00000000
5,19448772;0,00000000;0,00000000
5,19459172;0,00000000;0,00000000
5,19469572;0,04336860;0,00000000
5,19479972;0,00000000;0,00000000
5,19490372;0,04336860;0,00000000
5,19500772;0,00000000;0,00000000
5,19511172;0,00000000;0,00000000
5,19521572;0,00000000;0,00000000
5,19531972;0,00000000;0,00000000
5,19542372;0,04336860;0,00000000
5,19552772;0,04336860;-0,01734744
5,19563172;0,00000000;0,00000000
5,19573572;0,00000000;0,00000000
5,19583972;0,00000000;0,00000000
5,19594372;0,04336860;0,00000000
5,19604772;0,00000000;0,00000000
5,19615172;0,00000000;0,00000000
5,19625572;0,00000000;0,00000000
5,19635972;0,04336860;0,00000000
5,19646372;0,00000000;0,00000000
5,19656772;0,00000000;0,00000000
5,19667172;0,00000000;0,00000000
5,19677572;0,00000000;0,00000000
5,19687972;0,00000000;0,00000000
5,19698372;0,04336860;0,00000000
5,19708772;0,00000000;0,00000000
5,19719172;0,00000000;0,00000000
5,19729572;0,00000000;0,00000000
5,19739972;0,00000000;0,00000000
5,19750372;0,00000000;0,00000000
5,19760772;0,00000000;0,00000000
5,19771172;0,04336860;0,00000000
5,19781572;0,00000000;-0,01734744
5,19791972;0,04336860;0,00000000
5,19802372;0,00000000;0,00000000
5,19812772;0,04336860;0,00000000
5,19823172;0,00000000;0,00000000
5,19833572;0,00000000;0,00000000
5,19843972;0,04336860;0,00000000
5,19854372;0,00000000;0,00000000
5,19864772;0,04336860;0,00000000
5,19875172;0,00000000;0,00000000
5,19885572;0,00000000;0,00000000
5,19895972;0,00000000;0,00000000
5,19906372;0,00000000;0,00000000
5,19916772;0,00000000;0,00000000
5,19927172;0,04336860;0,00000000
5,19937572;0,00000000;0,00000000
5,19947972;0,00000000;0,00000000
5,19958372;0,00000000;0,00000000
5,19968772;0,00000000;0,00000000
5,19979172;0,00000000;0,00000000
5,19989572;0,00000000;0,00000000
5,19999972;0,04336860;0,00000000
5,20010372;0,00000000;0,00000000
5,20020772;0,00000000;0,00000000
5,20031172;0,00000000;0,00000000
5,20041572;0,00000000;0,00000000
5,20051972;0,04336860;0,00000000
5,20062372;0,04336860;0,00000000
5,20072772;0,04336860;0,00000000
5,20083172;0,00000000;0,00000000
5,20093572;0,00000000;0,00000000
5,20103972;0,00000000;0,00000000
5,20114372;0,00000000;0,00000000
5,20124772;0,00000000;0,00000000
5,20135172;0,00000000;0,00000000
5,20145572;0,00000000;0,00000000
5,20155972;0,04336860;0,00000000
5,20166372;0,04336860;0,00000000
5,20176772;0,04336860;0,00000000
5,20187172;0,04336860;0,00000000
5,20197572;0,00000000;0,00000000
5,20207972;0,00000000;0,00000000
5,20218372;0,04336860;0,00000000
5,20228772;0,00000000;0,00000000
5,20239172;0,00000000;0,00000000
5,20249572;0,00000000;0,00000000
5,20259972;0,04336860;0,00000000
5,20270372;0,04336860;0,00000000
5,20280772;0,04336860;0,00000000
5,20291172;0,00000000;0,00000000
5,20301572;0,04336860;0,00000000
5,20311972;0,00000000;0,00000000
5,20322372;0,00000000;0,00000000
5,20332772;0,00000000;0,00000000
5,20343172;0,00000000;0,00000000
5,20353572;0,00000000;0,00000000
5,20363972;0,00000000;0,00000000
5,20374372;0,00000000;0,00000000
5,20384772;0,00000000;0,00000000
5,20395172;0,00000000;0,00000000
5,20405572;0,00000000;0,00000000
5,20415972;0,00000000;0,00000000
5,20426372;0,00000000;0,00000000
5,20436772;0,00000000;0,00000000
5,20447172;0,04336860;0,00000000
5,20457572;0,00000000;0,00000000
5,20467972;0,00000000;0,00000000
5,20478372;0,00000000;-0,01734744
5,20488772;0,00000000;0,00000000
5,20499172;0,00000000;0,00000000
5,20509572;0,04336860;0,00000000
5,20519972;0,00000000;0,00000000
5,20530372;0,04336860;0,00000000
5,20540772;0,00000000;0,00000000
5,20551172;0,00000000;0,00000000
5,20561572;0,00000000;0,00000000
5,20571972;0,00000000;0,00000000
5,20582372;0,00000000;0,00000000
5,20592772;0,00000000;0,00000000
5,20603172;0,00000000;0,00000000
5,20613572;0,00000000;0,00000000
5,20623972;0,00000000;0,00000000
5,20634372;0,00000000;0,00000000
5,20644772;0,00000000;0,00000000
5,20655172;0,00000000;0,00000000
5,20665572;0,00000000;0,00000000
5,20675972;0,00000000;0,00000000
5,20686372;0,04336860;0,00000000
5,20696772;0,00000000;-0,01734744
5,20707172;0,04336860;0,00000000
5,20717572;0,00000000;0,00000000
5,20727972;0,00000000;0,00000000
5,20738372;0,00000000;0,00000000
5,20748772;0,00000000;0,00000000
5,20759172;0,00000000;0,00000000
5,20769572;0,00000000;0,00000000
5,20779972;0,00000000;0,00000000
5,20790372;0,04336860;0,00000000
5,20800772;0,00000000;0,00000000
5,20811172;0,00000000;0,00000000
5,20821572;0,00000000;0,00000000
5,20831972;0,00000000;0,00000000
5,20842372;0,04336860;0,00000000
5,20852772;0,00000000;0,00000000
5,20863172;0,04336860;0,00000000
5,20873572;0,04336860;0,00000000
5,20883972;0,04336860;0,00000000
5,20894372;0,00000000;0,00000000
5,20904772;0,00000000;0,00000000
5,20915172;0,00000000;0,00000000
5,20925572;0,00000000;0,00000000
5,20935972;0,00000000;0,00000000
5,20946372;0,00000000;0,00000000
5,20956772;0,00000000;0,00000000
5,20967172;0,00000000;0,00000000
5,20977572;0,00000000;0,00000000
5,20987972;0,04336860;0,00000000
5,20998372;0,00000000;0,00000000
5,21008772;0,04336860;0,00000000
5,21019172;0,00000000;0,00000000
5,21029572;0,00000000;0,00000000
5,21039972;0,00000000;0,00000000
5,21050372;0,00000000;0,00000000
5,21060772;0,00000000;0,00000000
5,21071172;0,00000000;0,00000000
5,21081572;0,00000000;0,00000000
5,21091972;0,00000000;0,00000000
5,21102372;0,00000000;0,00000000
5,21112772;0,04336860;0,00000000
5,21123172;0,00000000;0,00000000
5,21133572;0,00000000;0,00000000
5,21143972;0,04336860;0,00000000
5,21154372;0,00000000;0,00000000
5,21164772;0,00000000;0,00000000
5,21175172;0,00000000;0,00000000
5,21185572;0,00000000;0,00000000
5,21195972;0,00000000;-0,01734744
5,21206372;0,00000000;0,00000000
5,21216772;0,04336860;0,00000000
5,21227172;0,00000000;0,00000000
5,21237572;0,00000000;0,00000000
5,21247972;0,04336860;0,00000000
5,21258372;0,00000000;0,00000000
5,21268772;0,04336860;0,00000000
5,21279172;0,04336860;0,00000000
5,21289572;0,04336860;0,00000000
5,21299972;0,00000000;0,00000000
5,21310372;0,04336860;0,00000000
5,21320772;0,00000000;0,00000000
5,21331172;0,00000000;0,00000000
5,21341572;0,00000000;0,00000000
5,21351972;0,00000000;0,00000000
5,21362372;0,00000000;0,00000000
5,21372772;0,00000000;0,00000000
5,21383172;0,00000000;0,00000000
5,21393572;0,00000000;0,00000000
5,21403972;0,04336860;0,00000000
5,21414372;0,04336860;0,00000000
5,21424772;0,04336860;-0,01734744
5,21435172;0,04336860;0,00000000
5,21445572;0,00000000;0,00000000
5,21455972;0,04336860;0,00000000
5,21466372;0,00000000;0,00000000
5,21476772;0,04336860;0,00000000
5,21487172;0,04336860;0,00000000
5,21497572;0,04336860;0,00000000
5,21507972;0,00000000;0,00000000
5,21518372;0,04336860;0,00000000
5,21528772;0,00000000;0,00000000
5,21539172;0,04336860;0,00000000
5,21549572;0,04336860;0,00000000
5,21559972;0,00000000;0,00000000
5,21570372;0,00000000;0,00000000
5,21580772;0,04336860;0,00000000
5,21591172;0,00000000;0,00000000
5,21601572;0,04336860;0,00000000
5,21611972;0,00000000;0,00000000
5,21622372;0,00000000;0,00000000
5,21632772;0,00000000;0,00000000
5,21643172;0,04336860;0,00000000
5,21653572;0,00000000;0,00000000
5,21663972;0,04336860;0,00000000
5,21674372;0,00000000;0,00000000
5,21684772;0,00000000;0,00000000
5,21695172;0,04336860;0,00000000
5,21705572;0,00000000;0,00000000
5,21715972;0,00000000;0,00000000
5,21726372;0,00000000;0,00000000
5,21736772;0,00000000;0,00000000
5,21747172;0,00000000;0,00000000
5,21757572;0,00000000;0,00000000
5,21767972;0,04336860;0,00000000
5,21778372;0,04336860;0,00000000
5,21788772;0,00000000;0,00000000
5,21799172;0,00000000;0,00000000
5,21809572;0,00000000;-0,01734744
5,21819972;0,00000000;0,00000000
5,21830372;0,04336860;0,00000000
5,21840772;0,04336860;0,00000000
5,21851172;0,00000000;0,00000000
5,21861572;0,00000000;0,00000000
5,21871972;0,04336860;0,00000000
5,21882372;0,00000000;0,00000000
5,21892772;0,00000000;0,00000000
5,21903172;0,00000000;-0,01734744
5,21913572;0,04336860;0,00000000
5,21923972;0,00000000;0,00000000
5,21934372;0,00000000;0,00000000
5,21944772;0,00000000;0,00000000
5,21955172;0,00000000;0,00000000
5,21965572;0,04336860;0,00000000
5,21975972;0,04336860;0,00000000
5,21986372;0,00000000;0,00000000
5,21996772;0,00000000;0,00000000
5,22007172;0,00000000;0,00000000
5,22017572;0,00000000;0,00000000
5,22027972;0,04336860;0,00000000
5,22038372;0,00000000;0,00000000
5,22048772;0,00000000;0,00000000
5,22059172;0,00000000;0,00000000
5,22069572;0,00000000;0,00000000
5,22079972;0,00000000;0,00000000
5,22090372;0,00000000;0,00000000
5,22100772;0,00000000;0,00000000
5,22111172;0,00000000;-0,01734744
5,22121572;0,00000000;0,00000000
5,22131972;0,00000000;0,00000000
5,22142372;0,00000000;0,00000000
5,22152772;0,00000000;0,00000000
5,22163172;0,00000000;-0,01734744
5,22173572;0,00000000;0,00000000
5,22183972;0,04336860;0,00000000
5,22194372;0,00000000;0,00000000
5,22204772;0,00000000;0,00000000
5,22215172;0,00000000;0,00000000
5,22225572;0,00000000;0,00000000
5,22235972;0,00000000;0,00000000
5,22246372;0,00000000;0,00000000
5,22256772;0,00000000;0,00000000
5,22267172;0,04336860;0,00000000
5,22277572;0,00000000;0,00000000
5,22287972;0,00000000;0,00000000
5,22298372;0,00000000;0,00000000
5,22308772;0,04336860;0,00000000
5,22319172;0,00000000;0,00000000
5,22329572;0,04336860;0,00000000
5,22339972;0,00000000;0,00000000
5,22350372;0,04336860;0,00000000
5,22360772;0,04336860;0,00000000
5,22371172;0,04336860;0,00000000
5,22381572;0,00000000;0,00000000
5,22391972;0,04336860;0,00000000
5,22402372;0,00000000;0,00000000
5,22412772;0,00000000;0,00000000
5,22423172;0,00000000;0,00000000
5,22433572;0,00000000;0,00000000
5,22443972;0,00000000;0,00000000
5,22454372;0,00000000;0,00000000
5,22464772;0,00000000;0,00000000
5,22475172;0,00000000;0,00000000
5,22485572;0,00000000;0,00000000
5,22495972;0,00000000;0,00000000
5,22506372;0,00000000;0,00000000
5,22516772;0,00000000;0,00000000
5,22527172;0,00000000;0,00000000
5,22537572;0,00000000;0,00000000
5,22547972;0,00000000;0,00000000
5,22558372;0,00000000;0,00000000
5,22568772;0,04336860;0,00000000
5,22579172;0,00000000;0,00000000
5,22589572;0,00000000;0,00000000
5,22599972;0,00000000;0,00000000
5,22610372;0,00000000;0,00000000
5,22620772;0,00000000;0,00000000
5,22631172;0,04336860;0,00000000
5,22641572;0,00000000;0,00000000
5,22651972;0,00000000;0,00000000
5,22662372;0,04336860;0,00000000
5,22672772;0,00000000;0,00000000
5,22683172;0,04336860;0,00000000
5,22693572;0,00000000;0,00000000
5,22703972;0,00000000;0,00000000
5,22714372;0,04336860;0,00000000
5,22724772;0,00000000;0,00000000
5,22735172;0,00000000;0,00000000
5,22745572;0,04336860;0,00000000
5,22755972;0,00000000;0,00000000
5,22766372;0,00000000;0,00000000
5,22776772;0,04336860;0,00000000
5,22787172;0,00000000;0,00000000
5,22797572;0,00000000;0,00000000
5,22807972;0,00000000;0,00000000
5,22818372;0,00000000;0,00000000
5,22828772;0,04336860;0,00000000
5,22839172;0,00000000;0,00000000
5,22849572;0,00000000;0,00000000
5,22859972;0,00000000;0,00000000
5,22870372;0,00000000;0,00000000
5,22880772;0,00000000;0,00000000
5,22891172;0,00000000;0,00000000
5,22901572;0,00000000;0,00000000
5,22911972;0,00000000;0,00000000
5,22922372;0,00000000;0,00000000
5,22932772;0,04336860;0,00000000
5,22943172;0,04336860;0,00000000
5,22953572;0,00000000;0,00000000
5,22963972;0,00000000;0,00000000
5,22974372;0,04336860;0,00000000
5,22984772;0,00000000;0,00000000
5,22995172;0,00000000;0,00000000
5,23005572;0,00000000;0,00000000
5,23015972;0,00000000;0,00000000
5,23026372;0,00000000;0,00000000
5,23036772;0,00000000;0,00000000
5,23047172;0,00000000;0,00000000
5,23057572;0,00000000;0,00000000
5,23067972;0,04336860;0,00000000
5,23078372;0,00000000;0,00000000
5,23088772;0,00000000;0,00000000
5,23099172;0,00000000;0,00000000
5,23109572;0,04336860;0,00000000
5,23119972;0,00000000;0,00000000
5,23130372;0,00000000;0,00000000
5,23140772;0,00000000;0,00000000
5,23151172;0,00000000;0,00000000
5,23161572;0,04336860;0,00000000
5,23171972;0,04336860;0,00000000
5,23182372;0,00000000;0,00000000
5,23192772;0,00000000;0,00000000
5,23203172;0,04336860;0,00000000
5,23213572;0,00000000;0,00000000
5,23223972;0,04336860;0,00000000
5,23234372;0,04336860;0,00000000
5,23244772;0,00000000;0,00000000
5,23255172;0,00000000;0,00000000
5,23265572;0,04336860;0,00000000
5,23275972;0,00000000;0,00000000
5,23286372;0,00000000;0,00000000
5,23296772;0,00000000;0,00000000
5,23307172;0,04336860;0,00000000
5,23317572;0,00000000;0,00000000
5,23327972;0,00000000;-0,01734744
5,23338372;0,04336860;-0,01734744
5,23348772;0,00000000;0,00000000
5,23359172;0,00000000;0,00000000
5,23369572;0,00000000;0,00000000
5,23379972;0,00000000;0,00000000
5,23390372;0,00000000;0,00000000
5,23400772;0,04336860;0,00000000
5,23411172;0,04336860;0,00000000
5,23421572;0,00000000;0,00000000
5,23431972;0,00000000;0,00000000
5,23442372;0,00000000;0,00000000
5,23452772;0,00000000;0,00000000
5,23463172;0,00000000;0,00000000
5,23473572;0,00000000;0,00000000
5,23483972;0,00000000;0,00000000
5,23494372;0,00000000;0,00000000
5,23504772;0,00000000;0,00000000
5,23515172;0,00000000;0,00000000
5,23525572;0,00000000;0,00000000
5,23535972;0,00000000;0,00000000
5,23546372;0,00000000;0,00000000
5,23556772;0,00000000;0,00000000
5,23567172;0,00000000;0,00000000
5,23577572;0,00000000;0,00000000
5,23587972;0,00000000;0,00000000
5,23598372;0,00000000;0,00000000
5,23608772;0,04336860;0,00000000
5,23619172;0,00000000;0,00000000
5,23629572;0,00000000;-0,01734744
5,23639972;0,00000000;0,00000000
5,23650372;0,04336860;-0,01734744
5,23660772;0,00000000;0,00000000
5,23671172;0,00000000;0,00000000
5,23681572;0,04336860;0,00000000
5,23691972;0,00000000;0,00000000
5,23702372;0,00000000;0,00000000
5,23712772;0,00000000;-0,01734744
5,23723172;0,04336860;0,00000000
5,23733572;0,04336860;0,00000000
5,23743972;0,04336860;0,00000000
5,23754372;0,00000000;0,00000000
5,23764772;0,00000000;0,00000000
5,23775172;0,00000000;0,00000000
5,23785572;0,04336860;0,00000000
5,23795972;0,00000000;0,00000000
5,23806372;0,04336860;0,00000000
5,23816772;0,00000000;0,00000000
5,23827172;0,04336860;0,00000000
5,23837572;0,00000000;0,00000000
5,23847972;0,00000000;0,00000000
5,23858372;0,00000000;0,00000000
5,23868772;0,04336860;0,00000000
5,23879172;0,00000000;0,00000000
5,23889572;0,00000000;0,00000000
5,23899972;0,00000000;0,00000000
5,23910372;0,00000000;0,00000000
5,23920772;0,00000000;0,00000000
5,23931172;0,04336860;0,00000000
5,23941572;0,00000000;0,00000000
5,23951972;0,00000000;0,00000000
5,23962372;0,00000000;0,00000000
5,23972772;0,00000000;0,00000000
5,23983172;0,00000000;0,00000000
5,23993572;0,00000000;0,00000000
5,24003972;0,04336860;0,00000000
5,24014372;0,00000000;0,00000000
5,24024772;0,04336860;0,00000000
5,24035172;0,00000000;0,00000000
5,24045572;0,00000000;0,00000000
5,24055972;0,00000000;0,00000000
5,24066372;0,00000000;0,00000000
5,24076772;0,00000000;0,00000000
5,24087172;0,00000000;0,00000000
5,24097572;0,00000000;0,00000000
5,24107972;0,00000000;0,00000000
5,24118372;0,00000000;0,00000000
5,24128772;0,00000000;0,00000000
5,24139172;0,00000000;0,00000000
5,24149572;0,00000000;0,00000000
5,24159972;0,04336860;0,00000000
5,24170372;0,00000000;0,00000000
5,24180772;0,00000000;0,00000000
5,24191172;0,04336860;0,00000000
5,24201572;0,00000000;0,00000000
5,24211972;0,00000000;0,00000000
5,24222372;0,00000000;-0,01734744
5,24232772;0,04336860;0,00000000
5,24243172;0,00000000;0,00000000
5,24253572;0,00000000;0,00000000
5,24263972;0,00000000;0,00000000
5,24274372;0,00000000;0,00000000
5,24284772;0,00000000;0,00000000
5,24295172;0,00000000;0,00000000
5,24305572;0,04336860;0,00000000
5,24315972;0,04336860;0,00000000
5,24326372;0,00000000;0,00000000
5,24336772;0,00000000;0,00000000
5,24347172;0,00000000;0,00000000
5,24357572;0,00000000;0,00000000
5,24367972;0,00000000;0,00000000
5,24378372;0,00000000;0,00000000
5,24388772;0,04336860;0,00000000
5,24399172;0,04336860;0,00000000
5,24409572;0,00000000;0,00000000
5,24419972;0,04336860;0,00000000
5,24430372;0,04336860;0,00000000
5,24440772;0,00000000;0,00000000
5,24451172;0,00000000;0,00000000
5,24461572;0,04336860;0,00000000
5,24471972;0,00000000;0,00000000
5,24482372;0,04336860;0,00000000
5,24492772;0,04336860;0,00000000
5,24503172;0,00000000;0,00000000
5,24513572;0,00000000;0,00000000
5,24523972;0,00000000;0,00000000
5,24534372;0,00000000;0,00000000
5,24544772;0,04336860;0,00000000
5,24555172;0,00000000;0,00000000
5,24565572;0,00000000;0,00000000
5,24575972;0,00000000;0,00000000
5,24586372;0,04336860;0,00000000
5,24596772;0,04336860;0,00000000
5,24607172;0,00000000;0,00000000
5,24617572;0,04336860;0,00000000
5,24627972;0,00000000;0,00000000
5,24638372;0,04336860;0,00000000
5,24648772;0,04336860;0,00000000
5,24659172;0,00000000;0,00000000
5,24669572;0,00000000;0,00000000
5,24679972;0,00000000;0,00000000
5,24690372;0,04336860;0,00000000
5,24700772;0,00000000;0,00000000
5,24711172;0,00000000;0,00000000
5,24721572;0,00000000;0,00000000
5,24731972;0,00000000;0,00000000
5,24742372;0,00000000;0,00000000
5,24752772;0,00000000;0,00000000
5,24763172;0,04336860;0,00000000
5,24773572;0,04336860;0,00000000
5,24783972;0,00000000;0,00000000
5,24794372;0,04336860;0,00000000
5,24804772;0,00000000;0,00000000
5,24815172;0,00000000;0,00000000
5,24825572;0,04336860;0,00000000
5,24835972;0,00000000;0,00000000
5,24846372;0,00000000;0,00000000
5,24856772;0,00000000;0,00000000
5,24867172;0,00000000;0,00000000
5,24877572;0,04336860;0,00000000
5,24887972;0,00000000;0,00000000
5,24898372;0,04336860;0,00000000
5,24908772;0,00000000;0,00000000
5,24919172;0,00000000;0,00000000
5,24929572;0,00000000;0,00000000
5,24939972;0,00000000;0,00000000
5,24950372;0,00000000;0,00000000
5,24960772;0,00000000;0,00000000
5,24971172;0,00000000;0,00000000
5,24981572;0,00000000;0,00000000
5,24991972;0,04336860;0,00000000
5,25002372;0,00000000;0,00000000
5,25012772;0,00000000;0,00000000
5,25023172;0,00000000;0,00000000
5,25033572;0,00000000;0,00000000
5,25043972;0,00000000;0,00000000
5,25054372;0,04336860;0,00000000
5,25064772;0,00000000;0,00000000
5,25075172;0,00000000;0,00000000
5,25085572;0,00000000;0,00000000
5,25095972;0,00000000;0,00000000
5,25106372;0,00000000;0,00000000
5,25116772;0,00000000;0,00000000
5,25127172;0,00000000;0,00000000
5,25137572;0,00000000;0,00000000
5,25147972;0,00000000;0,00000000
5,25158372;0,04336860;0,00000000
5,25168772;0,00000000;0,00000000
5,25179172;0,00000000;0,00000000
5,25189572;0,00000000;0,00000000
5,25199972;0,00000000;0,00000000
5,25210372;0,00000000;0,00000000
5,25220772;0,00000000;0,00000000
5,25231172;0,00000000;0,00000000
5,25241572;0,00000000;0,00000000
5,25251972;0,00000000;0,00000000
5,25262372;0,00000000;0,00000000
5,25272772;0,00000000;0,00000000
5,25283172;0,00000000;0,00000000
5,25293572;0,00000000;0,00000000
5,25303972;0,00000000;0,00000000
5,25314372;0,00000000;0,00000000
5,25324772;0,04336860;0,00000000
5,25335172;0,00000000;0,00000000
5,25345572;0,00000000;0,00000000
5,25355972;0,04336860;0,00000000
5,25366372;0,00000000;0,00000000
5,25376772;0,04336860;0,00000000
5,25387172;0,00000000;0,00000000
5,25397572;0,00000000;0,00000000
5,25407972;0,00000000;0,00000000
5,25418372;0,04336860;0,00000000
5,25428772;0,04336860;0,00000000
5,25439172;0,00000000;0,00000000
5,25449572;0,00000000;0,00000000
5,25459972;0,00000000;0,00000000
5,25470372;0,00000000;0,00000000
5,25480772;0,04336860;0,00000000
5,25491172;0,04336860;0,00000000
5,25501572;0,00000000;0,00000000
5,25511972;0,00000000;0,00000000
5,25522372;0,04336860;0,00000000
5,25532772;0,00000000;0,00000000
5,25543172;0,04336860;0,00000000
5,25553572;0,00000000;0,00000000
5,25563972;0,00000000;0,00000000
5,25574372;0,00000000;0,00000000
5,25584772;0,04336860;0,00000000
5,25595172;0,00000000;0,00000000
5,25605572;0,00000000;0,00000000
5,25615972;0,00000000;0,00000000
5,25626372;0,00000000;0,00000000
5,25636772;0,00000000;0,00000000
5,25647172;0,00000000;0,00000000
5,25657572;0,04336860;0,00000000
5,25667972;0,04336860;0,00000000
5,25678372;0,00000000;0,00000000
5,25688772;0,00000000;0,00000000
5,25699172;0,04336860;0,00000000
5,25709572;0,04336860;0,00000000
5,25719972;0,00000000;0,00000000
5,25730372;0,00000000;0,00000000
5,25740772;0,00000000;0,00000000
5,25751172;0,00000000;0,00000000
5,25761572;0,00000000;0,00000000
5,25771972;0,04336860;0,00000000
5,25782372;0,00000000;0,00000000
5,25792772;0,04336860;0,00000000
5,25803172;0,00000000;0,00000000
5,25813572;0,00000000;0,00000000
5,25823972;0,04336860;0,00000000
5,25834372;0,00000000;0,00000000
5,25844772;0,04336860;0,00000000
5,25855172;0,00000000;0,00000000
5,25865572;0,04336860;0,00000000
5,25875972;0,00000000;0,00000000
5,25886372;0,00000000;0,00000000
5,25896772;0,00000000;0,00000000
5,25907172;0,00000000;0,00000000
5,25917572;0,04336860;0,00000000
5,25927972;0,00000000;0,00000000
5,25938372;0,00000000;0,00000000
5,25948772;0,00000000;0,00000000
5,25959172;0,00000000;0,00000000
5,25969572;0,00000000;0,00000000
5,25979972;0,00000000;0,00000000
5,25990372;0,00000000;0,00000000
5,26000772;0,00000000;0,00000000
5,26011172;0,04336860;0,00000000
5,26021572;0,00000000;0,00000000
5,26031972;0,04336860;0,00000000
5,26042372;0,00000000;0,00000000
5,26052772;0,00000000;0,00000000
5,26063172;0,00000000;0,00000000
5,26073572;0,04336860;0,00000000
5,26083972;0,00000000;0,00000000
5,26094372;0,00000000;0,00000000
5,26104772;0,00000000;0,00000000
5,26115172;0,00000000;0,00000000
5,26125572;0,00000000;0,00000000
5,26135972;0,00000000;0,00000000
5,26146372;0,00000000;0,00000000
5,26156772;0,00000000;0,00000000
5,26167172;0,00000000;0,00000000
5,26177572;0,04336860;0,00000000
5,26187972;0,00000000;0,00000000
5,26198372;0,04336860;0,00000000
5,26208772;0,04336860;0,00000000
5,26219172;0,04336860;0,00000000
5,26229572;0,00000000;0,00000000
5,26239972;0,00000000;0,00000000
5,26250372;0,00000000;0,00000000
5,26260772;0,00000000;0,00000000
5,26271172;0,00000000;0,00000000
5,26281572;0,00000000;0,00000000
5,26291972;0,04336860;0,00000000
5,26302372;0,04336860;0,00000000
5,26312772;0,04336860;0,00000000
5,26323172;0,04336860;0,00000000
5,26333572;0,00000000;0,00000000
5,26343972;0,04336860;0,00000000
5,26354372;0,00000000;0,00000000
5,26364772;0,00000000;0,00000000
5,26375172;0,00000000;0,00000000
5,26385572;0,00000000;-0,01734744
5,26395972;0,00000000;0,00000000
5,26406372;0,00000000;0,00000000
5,26416772;0,00000000;0,00000000
5,26427172;0,04336860;0,00000000
5,26437572;0,00000000;0,00000000
5,26447972;0,00000000;0,00000000
5,26458372;0,00000000;0,00000000
5,26468772;0,04336860;0,00000000
5,26479172;0,04336860;0,00000000
5,26489572;0,00000000;0,00000000
5,26499972;0,04336860;0,00000000
5,26510372;0,04336860;0,00000000
5,26520772;0,00000000;0,00000000
5,26531172;0,00000000;0,00000000
5,26541572;0,00000000;0,00000000
5,26551972;0,00000000;0,00000000
5,26562372;0,00000000;0,00000000
5,26572772;0,00000000;0,00000000
5,26583172;0,00000000;0,00000000
5,26593572;0,00000000;0,00000000
5,26603972;0,04336860;0,00000000
5,26614372;0,00000000;0,00000000
5,26624772;0,00000000;0,00000000
5,26635172;0,00000000;0,00000000
5,26645572;0,00000000;0,00000000
5,26655972;0,00000000;0,00000000
5,26666372;0,00000000;0,00000000
5,26676772;0,00000000;0,00000000
5,26687172;0,00000000;-0,01734744
5,26697572;0,04336860;0,00000000
5,26707972;0,00000000;0,00000000
5,26718372;0,00000000;0,00000000
5,26728772;0,00000000;0,00000000
5,26739172;0,00000000;0,00000000
5,26749572;0,00000000;0,00000000
5,26759972;0,00000000;0,00000000
5,26770372;0,00000000;0,00000000
5,26780772;0,00000000;0,00000000
5,26791172;0,00000000;0,00000000
5,26801572;0,04336860;0,00000000
5,26811972;0,00000000;0,00000000
5,26822372;0,00000000;0,00000000
5,26832772;0,00000000;0,00000000
5,26843172;0,04336860;0,00000000
5,26853572;0,04336860;0,00000000
5,26863972;0,00000000;0,00000000
5,26874372;0,04336860;0,00000000
5,26884772;0,04336860;0,00000000
5,26895172;0,00000000;0,00000000
5,26905572;0,04336860;0,00000000
5,26915972;0,04336860;0,00000000
5,26926372;0,04336860;0,00000000
5,26936772;0,00000000;0,00000000
5,26947172;0,00000000;0,00000000
5,26957572;0,04336860;0,00000000
5,26967972;0,04336860;0,00000000
5,26978372;0,00000000;0,00000000
5,26988772;0,04336860;0,00000000
5,26999172;0,00000000;0,00000000
5,27009572;0,00000000;0,00000000
5,27019972;0,00000000;0,00000000
5,27030372;0,00000000;0,00000000
5,27040772;0,00000000;0,00000000
5,27051172;0,04336860;0,00000000
5,27061572;0,00000000;0,00000000
5,27071972;0,04336860;0,00000000
5,27082372;0,00000000;0,00000000
5,27092772;0,00000000;0,00000000
5,27103172;0,00000000;0,00000000
5,27113572;0,00000000;0,00000000
5,27123972;0,00000000;0,00000000
5,27134372;0,00000000;0,00000000
5,27144772;0,00000000;0,00000000
5,27155172;0,00000000;0,00000000
5,27165572;0,00000000;0,00000000
5,27175972;0,00000000;0,00000000
5,27186372;0,00000000;0,00000000
5,27196772;0,00000000;0,00000000
5,27207172;0,00000000;0,00000000
5,27217572;0,00000000;0,00000000
5,27227972;0,00000000;0,00000000
5,27238372;0,00000000;0,00000000
5,27248772;0,00000000;0,00000000
5,27259172;0,04336860;0,00000000
5,27269572;0,04336860;0,00000000
5,27279972;0,04336860;0,00000000
5,27290372;0,00000000;0,00000000
5,27300772;0,04336860;0,00000000
5,27311172;0,00000000;0,00000000
5,27321572;0,04336860;0,00000000
5,27331972;0,04336860;0,00000000
5,27342372;0,00000000;0,00000000
5,27352772;0,04336860;0,00000000
5,27363172;0,04336860;0,00000000
5,27373572;0,00000000;0,00000000
5,27383972;0,00000000;0,00000000
5,27394372;0,00000000;0,00000000
5,27404772;0,04336860;0,00000000
5,27415172;0,00000000;0,00000000
5,27425572;0,00000000;0,00000000
5,27435972;0,04336860;0,00000000
5,27446372;0,00000000;0,00000000
5,27456772;0,04336860;0,00000000
5,27467172;0,04336860;0,00000000
5,27477572;0,00000000;-0,01734744
5,27487972;0,04336860;0,00000000
5,27498372;0,00000000;0,00000000
5,27508772;0,04336860;0,00000000
5,27519172;0,04336860;0,00000000
5,27529572;0,04336860;0,00000000
5,27539972;0,00000000;0,00000000
5,27550372;0,00000000;0,00000000
5,27560772;0,00000000;0,00000000
5,27571172;0,00000000;0,00000000
5,27581572;0,00000000;0,00000000
5,27591972;0,04336860;0,00000000
5,27602372;0,00000000;0,00000000
5,27612772;0,00000000;0,00000000
5,27623172;0,00000000;0,00000000
5,27633572;0,00000000;0,00000000
5,27643972;0,00000000;0,00000000
5,27654372;0,04336860;0,00000000
5,27664772;0,00000000;0,00000000
5,27675172;0,00000000;0,00000000
5,27685572;0,00000000;0,00000000
5,27695972;0,00000000;0,00000000
5,27706372;0,00000000;0,00000000
5,27716772;0,00000000;0,00000000
5,27727172;0,00000000;0,00000000
5,27737572;0,00000000;0,00000000
5,27747972;0,00000000;0,00000000
5,27758372;0,04336860;0,00000000
5,27768772;0,00000000;0,00000000
5,27779172;0,04336860;0,00000000
5,27789572;0,00000000;0,00000000
5,27799972;0,04336860;0,00000000
5,27810372;0,00000000;0,00000000
5,27820772;0,00000000;0,00000000
5,27831172;0,00000000;0,00000000
5,27841572;0,00000000;0,00000000
5,27851972;0,04336860;0,00000000
5,27862372;0,00000000;0,00000000
5,27872772;0,00000000;0,00000000
5,27883172;0,00000000;0,00000000
5,27893572;0,00000000;0,00000000
5,27903972;0,00000000;0,00000000
5,27914372;0,04336860;0,00000000
5,27924772;0,00000000;0,00000000
5,27935172;0,00000000;0,00000000
5,27945572;0,00000000;0,00000000
5,27955972;0,00000000;0,00000000
5,27966372;0,00000000;0,00000000
5,27976772;0,00000000;0,00000000
5,27987172;0,00000000;0,00000000
5,27997572;0,00000000;-0,01734744
5,28007972;0,00000000;0,00000000
5,28018372;0,00000000;0,00000000
5,28028772;0,00000000;0,00000000
5,28039172;0,00000000;0,00000000
5,28049572;0,00000000;0,00000000
5,28059972;0,04336860;0,00000000
5,28070372;0,04336860;0,00000000
5,28080772;0,00000000;0,00000000
5,28091172;0,00000000;0,00000000
5,28101572;0,00000000;0,00000000
5,28111972;0,00000000;0,00000000
5,28122372;0,00000000;0,00000000
5,28132772;0,00000000;0,00000000
5,28143172;0,00000000;0,00000000
5,28153572;0,04336860;0,00000000
5,28163972;0,04336860;0,00000000
5,28174372;0,00000000;0,00000000
5,28184772;0,00000000;0,00000000
5,28195172;0,00000000;-0,01734744
5,28205572;0,00000000;0,00000000
5,28215972;0,04336860;0,00000000
5,28226372;0,00000000;0,00000000
5,28236772;0,04336860;0,00000000
5,28247172;0,00000000;0,00000000
5,28257572;0,00000000;0,00000000
5,28267972;0,00000000;0,00000000
5,28278372;0,00000000;0,00000000
5,28288772;0,00000000;0,00000000
5,28299172;0,00000000;0,00000000
5,28309572;-0,04336860;-0,01734744
5,28319972;0,00000000;0,00000000
5,28330372;0,00000000;0,00000000
5,28340772;0,00000000;0,00000000
5,28351172;0,04336860;0,00000000
5,28361572;0,00000000;0,00000000
5,28371972;0,00000000;0,00000000
5,28382372;0,04336860;0,00000000
5,28392772;0,04336860;0,00000000
5,28403172;0,00000000;0,00000000
5,28413572;0,00000000;0,00000000
5,28423972;0,00000000;0,00000000
5,28434372;0,00000000;0,00000000
5,28444772;0,04336860;0,00000000
5,28455172;0,04336860;0,00000000
5,28465572;0,00000000;0,00000000
5,28475972;0,00000000;0,00000000
5,28486372;0,00000000;0,00000000
5,28496772;0,00000000;0,00000000
5,28507172;0,00000000;0,00000000
5,28517572;0,00000000;0,00000000
5,28527972;0,00000000;0,00000000
5,28538372;0,00000000;0,00000000
5,28548772;0,00000000;0,00000000
5,28559172;0,04336860;0,00000000
5,28569572;0,00000000;0,00000000
5,28579972;0,04336860;0,00000000
5,28590372;0,04336860;0,00000000
5,28600772;0,04336860;0,00000000
5,28611172;0,04336860;0,00000000
5,28621572;0,00000000;0,00000000
5,28631972;0,04336860;0,00000000
5,28642372;0,00000000;0,00000000
5,28652772;0,00000000;0,00000000
5,28663172;0,00000000;0,00000000
5,28673572;0,00000000;0,00000000
5,28683972;0,00000000;0,00000000
5,28694372;0,04336860;0,00000000
5,28704772;0,04336860;0,00000000
5,28715172;0,00000000;0,00000000
5,28725572;0,00000000;0,00000000
5,28735971;0,00000000;0,00000000
5,28746371;0,00000000;0,00000000
5,28756771;0,00000000;0,00000000
5,28767171;0,04336860;0,00000000
5,28777571;0,00000000;0,00000000
5,28787971;0,00000000;0,00000000
5,28798371;0,04336860;0,00000000
5,28808771;0,00000000;0,00000000
5,28819171;0,00000000;0,00000000
5,28829571;0,04336860;0,00000000
5,28839971;0,00000000;0,00000000
5,28850371;0,00000000;0,00000000
5,28860771;0,00000000;0,00000000
5,28871171;0,00000000;0,00000000
5,28881571;0,00000000;0,00000000
5,28891971;0,00000000;-0,01734744
5,28902371;0,04336860;0,00000000
5,28912771;0,00000000;0,00000000
5,28923171;0,00000000;0,00000000
5,28933571;0,00000000;0,00000000
5,28943971;0,00000000;0,00000000
5,28954371;0,00000000;0,00000000
5,28964771;0,04336860;0,00000000
5,28975171;0,00000000;0,00000000
5,28985571;0,04336860;0,00000000
5,28995971;0,00000000;0,00000000
5,29006371;0,00000000;0,00000000
5,29016771;0,00000000;0,00000000
5,29027171;0,00000000;0,00000000
5,29037571;0,04336860;0,00000000
5,29047971;0,00000000;0,00000000
5,29058371;0,00000000;0,00000000
5,29068771;0,04336860;0,00000000
5,29079171;0,00000000;0,00000000
5,29089571;0,00000000;0,00000000
5,29099971;0,00000000;0,00000000
5,29110371;0,04336860;0,00000000
5,29120771;0,00000000;0,00000000
5,29131171;0,00000000;0,00000000
5,29141571;0,00000000;0,00000000
5,29151971;0,00000000;0,00000000
5,29162371;0,00000000;0,00000000
5,29172771;0,00000000;0,00000000
5,29183171;0,00000000;0,00000000
5,29193571;0,04336860;0,00000000
5,29203971;0,00000000;0,00000000
5,29214371;0,04336860;0,00000000
5,29224771;0,00000000;0,00000000
5,29235171;0,00000000;0,00000000
5,29245571;0,00000000;0,00000000
5,29255971;0,00000000;0,00000000
5,29266371;0,04336860;0,00000000
5,29276771;0,00000000;0,00000000
5,29287171;0,00000000;-0,01734744
5,29297571;0,00000000;0,00000000
5,29307971;0,00000000;0,00000000
5,29318371;0,04336860;0,00000000
5,29328771;0,00000000;0,00000000
5,29339171;0,00000000;0,00000000
5,29349571;0,00000000;0,00000000
5,29359971;0,00000000;0,00000000
5,29370371;0,04336860;0,00000000
5,29380771;0,00000000;0,00000000
5,29391171;0,00000000;-0,01734744
5,29401571;0,00000000;0,00000000
5,29411971;0,00000000;0,00000000
5,29422371;0,04336860;0,00000000
5,29432771;0,00000000;0,00000000
5,29443171;0,04336860;0,00000000
5,29453571;0,04336860;0,00000000
5,29463971;0,00000000;0,00000000
5,29474371;0,00000000;0,00000000
5,29484771;0,00000000;0,00000000
5,29495171;0,00000000;0,00000000
5,29505571;0,00000000;0,00000000
5,29515971;0,00000000;0,00000000
5,29526371;0,00000000;0,00000000
5,29536771;0,00000000;0,00000000
5,29547171;0,00000000;0,00000000
5,29557571;0,00000000;0,00000000
5,29567971;0,00000000;0,00000000
5,29578371;0,00000000;0,00000000
5,29588771;0,00000000;0,00000000
5,29599171;0,00000000;0,00000000
5,29609571;0,04336860;0,00000000
5,29619971;0,00000000;0,00000000
5,29630371;0,00000000;0,00000000
5,29640771;0,00000000;0,00000000
5,29651171;0,04336860;0,00000000
5,29661571;0,00000000;0,00000000
5,29671971;0,00000000;0,00000000
5,29682371;0,04336860;0,00000000
5,29692771;0,00000000;0,00000000
5,29703171;0,00000000;0,00000000
5,29713571;0,04336860;0,00000000
5,29723971;0,00000000;0,00000000
5,29734371;0,04336860;0,00000000
5,29744771;0,00000000;0,00000000
5,29755171;0,00000000;0,00000000
5,29765571;0,00000000;0,00000000
5,29775971;0,00000000;0,00000000
5,29786371;0,00000000;0,00000000
5,29796771;0,00000000;0,00000000
5,29807171;0,04336860;0,00000000
5,29817571;0,00000000;0,00000000
5,29827971;0,04336860;0,00000000
5,29838371;0,00000000;0,00000000
5,29848771;0,00000000;0,00000000
5,29859171;0,00000000;0,00000000
5,29869571;0,04336860;0,00000000
5,29879971;0,00000000;0,00000000
5,29890371;0,04336860;0,00000000
5,29900771;0,04336860;0,00000000
5,29911171;0,00000000;0,00000000
5,29921571;0,00000000;0,00000000
5,29931971;0,00000000;0,00000000
5,29942371;0,04336860;0,00000000
5,29952771;0,04336860;0,00000000
5,29963171;0,00000000;0,00000000
5,29973571;0,04336860;0,00000000
5,29983971;0,04336860;0,00000000
5,29994371;0,00000000;0,00000000
5,30004771;0,04336860;0,00000000
5,30015171;0,00000000;0,00000000
5,30025571;0,00000000;0,00000000
5,30035971;0,00000000;0,00000000
5,30046371;0,04336860;0,00000000
5,30056771;0,00000000;0,00000000
5,30067171;0,04336860;0,00000000
5,30077571;0,00000000;0,00000000
5,30087971;0,00000000;0,00000000
5,30098371;0,00000000;0,00000000
5,30108771;0,00000000;0,00000000
5,30119171;0,00000000;0,00000000
5,30129571;0,00000000;0,00000000
5,30139971;0,04336860;0,00000000
5,30150371;0,04336860;0,00000000
5,30160771;0,00000000;0,00000000
5,30171171;0,04336860;0,00000000
5,30181571;0,00000000;0,00000000
5,30191971;0,00000000;0,00000000
5,30202371;0,04336860;0,00000000
5,30212771;0,00000000;0,00000000
5,30223171;0,00000000;0,00000000
5,30233571;0,00000000;0,00000000
5,30243971;0,00000000;-0,01734744
5,30254371;0,00000000;0,00000000
5,30264771;0,00000000;0,00000000
5,30275171;0,00000000;0,00000000
5,30285571;0,00000000;0,00000000
5,30295971;0,04336860;0,00000000
5,30306371;0,04336860;0,00000000
5,30316771;0,00000000;0,00000000
5,30327171;0,00000000;0,00000000
5,30337571;0,00000000;0,00000000
5,30347971;0,00000000;0,00000000
5,30358371;0,00000000;0,00000000
5,30368771;0,00000000;0,00000000
5,30379171;0,00000000;0,00000000
5,30389571;0,00000000;0,00000000
5,30399971;0,04336860;0,00000000
5,30410371;0,04336860;0,00000000
5,30420771;0,00000000;0,00000000
5,30431171;0,00000000;0,00000000
5,30441571;0,00000000;0,00000000
5,30451971;0,00000000;0,00000000
5,30462371;0,00000000;0,00000000
5,30472771;0,00000000;0,00000000
5,30483171;0,00000000;0,00000000
5,30493571;0,00000000;0,00000000
5,30503971;0,04336860;0,00000000
5,30514371;0,00000000;0,00000000
5,30524771;0,04336860;0,00000000
5,30535171;0,00000000;0,00000000
5,30545571;0,04336860;0,00000000
5,30555971;0,00000000;0,00000000
5,30566371;0,00000000;0,00000000
5,30576771;0,00000000;0,00000000
5,30587171;0,00000000;0,00000000
5,30597571;0,04336860;0,00000000
5,30607971;0,00000000;0,00000000
5,30618371;0,00000000;-0,01734744
5,30628771;0,04336860;0,00000000
5,30639171;0,00000000;0,00000000
5,30649571;0,04336860;0,00000000
5,30659971;0,00000000;0,00000000
5,30670371;0,00000000;0,00000000
5,30680771;0,00000000;0,00000000
5,30691171;0,00000000;0,00000000
5,30701571;0,00000000;0,00000000
5,30711971;0,04336860;0,00000000
5,30722371;0,04336860;0,00000000
5,30732771;0,00000000;0,00000000
5,30743171;0,00000000;-0,01734744
5,30753571;0,04336860;0,00000000
5,30763971;0,00000000;0,00000000
5,30774371;0,00000000;0,00000000
5,30784771;0,00000000;0,00000000
5,30795171;0,00000000;0,00000000
5,30805571;0,00000000;0,00000000
5,30815971;0,00000000;0,00000000
5,30826371;0,00000000;0,00000000
5,30836771;0,00000000;0,00000000
5,30847171;0,00000000;0,00000000
5,30857571;0,04336860;0,00000000
5,30867971;0,00000000;0,00000000
5,30878371;0,04336860;0,00000000
5,30888771;0,04336860;0,00000000
5,30899171;0,04336860;-0,01734744
5,30909571;0,00000000;0,00000000
5,30919971;0,00000000;0,00000000
5,30930371;0,00000000;0,00000000
5,30940771;0,00000000;0,00000000
5,30951171;0,00000000;0,00000000
5,30961571;0,00000000;0,00000000
5,30971971;0,04336860;0,00000000
5,30982371;0,00000000;0,00000000
5,30992771;0,00000000;0,00000000
5,31003171;0,00000000;0,00000000
5,31013571;0,04336860;0,00000000
5,31023971;0,00000000;0,00000000
5,31034371;0,00000000;0,00000000
5,31044771;0,00000000;0,00000000
5,31055171;0,00000000;0,00000000
5,31065571;0,00000000;0,00000000
5,31075971;0,00000000;0,00000000
5,31086371;0,04336860;0,00000000
5,31096771;0,04336860;0,00000000
5,31107171;0,04336860;0,00000000
5,31117571;0,04336860;0,00000000
5,31127971;0,00000000;0,00000000
5,31138371;0,00000000;0,00000000
5,31148771;0,00000000;0,00000000
5,31159171;0,00000000;0,00000000
5,31169571;0,00000000;0,00000000
5,31179971;0,00000000;0,00000000
5,31190371;0,04336860;0,00000000
5,31200771;0,00000000;0,00000000
5,31211171;0,00000000;0,00000000
5,31221571;0,00000000;0,00000000
5,31231971;0,00000000;0,00000000
5,31242371;0,00000000;0,00000000
5,31252771;0,00000000;0,00000000
5,31263171;0,00000000;0,00000000
5,31273571;0,04336860;0,00000000
5,31283971;0,00000000;0,00000000
5,31294371;0,04336860;0,00000000
5,31304771;0,00000000;0,00000000
5,31315171;0,00000000;0,00000000
5,31325571;0,00000000;0,00000000
5,31335971;0,00000000;0,00000000
5,31346371;0,04336860;0,00000000
5,31356771;0,00000000;0,00000000
5,31367171;0,00000000;0,00000000
5,31377571;0,00000000;0,00000000
5,31387971;0,00000000;0,00000000
5,31398371;0,00000000;0,00000000
5,31408771;0,00000000;0,00000000
5,31419171;0,04336860;0,00000000
5,31429571;0,04336860;0,00000000
5,31439971;0,00000000;0,00000000
5,31450371;0,00000000;0,00000000
5,31460771;0,00000000;0,00000000
5,31471171;0,00000000;0,00000000
5,31481571;0,04336860;0,00000000
5,31491971;0,00000000;0,00000000
5,31502371;0,00000000;0,00000000
5,31512771;0,00000000;0,00000000
5,31523171;0,00000000;0,00000000
5,31533571;0,00000000;0,00000000
5,31543971;0,00000000;0,00000000
5,31554371;0,00000000;0,00000000
5,31564771;0,00000000;0,00000000
5,31575171;0,00000000;0,00000000
5,31585571;0,00000000;0,00000000
5,31595971;0,00000000;0,00000000
5,31606371;0,00000000;0,00000000
5,31616771;0,00000000;0,00000000
5,31627171;0,00000000;0,00000000
5,31637571;0,00000000;0,00000000
5,31647971;0,04336860;0,00000000
5,31658371;0,00000000;0,00000000
5,31668771;0,00000000;0,00000000
5,31679171;0,00000000;0,00000000
5,31689571;0,04336860;0,00000000
5,31699971;0,00000000;0,00000000
5,31710371;0,00000000;0,00000000
5,31720771;0,00000000;0,00000000
5,31731171;0,00000000;0,00000000
5,31741571;0,00000000;0,00000000
5,31751971;0,04336860;0,00000000
5,31762371;0,00000000;0,00000000
5,31772771;0,00000000;0,00000000
5,31783171;0,00000000;0,00000000
5,31793571;0,00000000;0,00000000
5,31803971;0,00000000;0,00000000
5,31814371;0,00000000;0,00000000
5,31824771;0,04336860;0,00000000
5,31835171;0,04336860;0,00000000
5,31845571;0,00000000;0,00000000
5,31855971;0,04336860;0,00000000
5,31866371;0,00000000;0,00000000
5,31876771;0,04336860;0,00000000
5,31887171;0,00000000;0,00000000
5,31897571;0,00000000;0,00000000
5,31907971;0,00000000;0,00000000
5,31918371;0,00000000;0,00000000
5,31928771;0,00000000;0,00000000
5,31939171;0,00000000;0,00000000
5,31949571;0,04336860;0,00000000
5,31959971;0,00000000;0,00000000
5,31970371;0,00000000;0,00000000
5,31980771;0,00000000;0,00000000
5,31991171;0,00000000;0,00000000
5,32001571;0,00000000;0,00000000
5,32011971;0,00000000;0,00000000
5,32022371;0,00000000;0,00000000
5,32032771;0,00000000;0,00000000
5,32043171;0,00000000;0,00000000
5,32053571;0,00000000;0,00000000
5,32063971;0,00000000;0,00000000
5,32074371;0,00000000;0,00000000
5,32084771;0,04336860;0,00000000
5,32095171;0,00000000;0,00000000
5,32105571;0,00000000;0,00000000
5,32115971;0,04336860;0,00000000
5,32126371;0,00000000;0,00000000
5,32136771;0,00000000;0,00000000
5,32147171;0,00000000;-0,01734744
5,32157571;0,00000000;0,00000000
5,32167971;0,00000000;0,00000000
5,32178371;0,00000000;0,00000000
5,32188771;0,04336860;0,00000000
5,32199171;0,04336860;0,00000000
5,32209571;0,00000000;0,00000000
5,32219971;0,00000000;0,00000000
5,32230371;0,00000000;0,00000000
5,32240771;0,00000000;0,00000000
5,32251171;0,00000000;0,00000000
5,32261571;0,00000000;0,00000000
5,32271971;0,00000000;0,00000000
5,32282371;0,00000000;-0,01734744
5,32292771;0,00000000;0,00000000
5,32303171;0,00000000;0,00000000
5,32313571;0,00000000;0,00000000
5,32323971;0,00000000;-0,01734744
5,32334371;0,00000000;0,00000000
5,32344771;0,00000000;0,00000000
5,32355171;0,04336860;0,00000000
5,32365571;0,00000000;0,00000000
5,32375971;0,00000000;0,00000000
5,32386371;0,00000000;0,00000000
5,32396771;0,04336860;0,00000000
5,32407171;0,00000000;0,00000000
5,32417571;0,04336860;0,00000000
5,32427971;0,00000000;0,00000000
5,32438371;0,00000000;0,00000000
5,32448771;0,00000000;0,00000000
5,32459171;0,00000000;0,00000000
5,32469571;0,00000000;0,00000000
5,32479971;0,00000000;0,00000000
5,32490371;0,04336860;0,00000000
5,32500771;0,00000000;0,00000000
5,32511171;0,00000000;0,00000000
5,32521571;0,04336860;0,00000000
5,32531971;0,04336860;0,00000000
5,32542371;0,00000000;0,00000000
5,32552771;0,00000000;0,00000000
5,32563171;0,00000000;0,00000000
5,32573571;0,00000000;0,00000000
5,32583971;0,00000000;0,00000000
5,32594371;0,00000000;0,00000000
5,32604771;0,00000000;0,00000000
5,32615171;0,04336860;0,00000000
5,32625571;0,04336860;0,00000000
5,32635971;0,00000000;0,00000000
5,32646371;0,04336860;0,00000000
5,32656771;0,00000000;0,00000000
5,32667171;0,04336860;0,00000000
5,32677571;0,00000000;0,00000000
5,32687971;0,00000000;0,00000000
5,32698371;0,00000000;0,00000000
5,32708771;0,04336860;0,00000000
5,32719171;0,00000000;0,00000000
5,32729571;0,00000000;0,00000000
5,32739971;0,00000000;0,00000000
5,32750371;0,00000000;0,00000000
5,32760771;0,00000000;0,00000000
5,32771171;0,00000000;0,00000000
5,32781571;0,00000000;0,00000000
5,32791971;0,00000000;0,00000000
5,32802371;0,00000000;0,00000000
5,32812771;0,00000000;0,00000000
5,32823171;0,00000000;0,00000000
5,32833571;0,00000000;0,00000000
5,32843971;0,00000000;0,00000000
5,32854371;0,00000000;0,00000000
5,32864771;0,00000000;0,00000000
5,32875171;0,04336860;0,00000000
5,32885571;0,00000000;0,00000000
5,32895971;0,04336860;0,00000000
5,32906371;0,00000000;0,00000000
5,32916771;0,04336860;0,00000000
5,32927171;0,00000000;0,00000000
5,32937571;0,00000000;0,00000000
5,32947971;0,04336860;0,00000000
5,32958371;0,04336860;0,00000000
5,32968771;0,04336860;0,00000000
5,32979171;0,00000000;0,00000000
5,32989571;0,00000000;0,00000000
5,32999971;0,04336860;0,00000000
5,33010371;0,00000000;0,00000000
5,33020771;0,04336860;0,00000000
5,33031171;0,00000000;0,00000000
5,33041571;0,04336860;0,00000000
5,33051971;0,00000000;0,00000000
5,33062371;0,00000000;0,00000000
5,33072771;0,00000000;0,00000000
5,33083171;0,00000000;0,00000000
5,33093571;0,00000000;0,00000000
5,33103971;0,00000000;0,00000000
5,33114371;0,04336860;0,00000000
5,33124771;0,00000000;0,00000000
5,33135171;0,00000000;0,00000000
5,33145571;0,04336860;0,00000000
5,33155971;0,00000000;0,00000000
5,33166371;0,00000000;0,00000000
5,33176771;0,00000000;0,00000000
5,33187171;0,00000000;0,00000000
5,33197571;0,00000000;0,00000000
5,33207971;0,00000000;0,00000000
5,33218371;0,00000000;0,00000000
5,33228771;0,04336860;0,00000000
5,33239171;0,00000000;0,00000000
5,33249571;0,00000000;0,00000000
5,33259971;0,00000000;0,00000000
5,33270371;0,04336860;0,00000000
5,33280771;0,00000000;0,00000000
5,33291171;0,00000000;0,00000000
5,33301571;0,00000000;0,00000000
5,33311971;0,00000000;0,00000000
5,33322371;0,00000000;0,00000000
5,33332771;0,00000000;0,00000000
5,33343171;0,00000000;0,00000000
5,33353571;0,00000000;0,00000000
5,33363971;0,04336860;0,00000000
5,33374371;0,04336860;0,00000000
5,33384771;0,00000000;-0,01734744
5,33395171;0,00000000;0,00000000
5,33405571;0,00000000;0,00000000
5,33415971;0,04336860;0,00000000
5,33426371;0,00000000;0,00000000
5,33436771;0,00000000;0,00000000
5,33447171;0,04336860;0,00000000
5,33457571;0,00000000;0,00000000
5,33467971;0,00000000;0,00000000
5,33478371;0,04336860;0,00000000
5,33488771;0,00000000;0,00000000
5,33499171;0,00000000;0,00000000
5,33509571;0,00000000;0,00000000
5,33519971;0,00000000;0,00000000
5,33530371;0,00000000;0,00000000
5,33540771;0,04336860;0,00000000
5,33551171;0,00000000;0,00000000
5,33561571;0,00000000;0,00000000
5,33571971;0,00000000;0,00000000
5,33582371;0,04336860;0,00000000
5,33592771;0,00000000;0,00000000
5,33603171;0,00000000;0,00000000
5,33613571;0,00000000;0,00000000
5,33623971;0,00000000;0,00000000
5,33634371;0,00000000;0,00000000
5,33644771;0,00000000;0,00000000
5,33655171;0,00000000;0,00000000
5,33665571;0,00000000;0,00000000
5,33675971;0,00000000;0,00000000
5,33686371;0,04336860;0,00000000
5,33696771;0,00000000;0,00000000
5,33707171;0,00000000;0,00000000
5,33717571;0,00000000;-0,01734744
5,33727971;0,00000000;0,00000000
5,33738371;0,00000000;0,00000000
5,33748771;0,00000000;0,00000000
5,33759171;0,00000000;0,00000000
5,33769571;0,00000000;0,00000000
5,33779971;0,00000000;0,00000000
5,33790371;0,00000000;0,00000000
5,33800771;0,00000000;0,00000000
5,33811171;0,00000000;0,00000000
5,33821571;0,00000000;0,00000000
5,33831971;0,00000000;0,00000000
5,33842371;0,00000000;0,00000000
5,33852771;0,00000000;0,00000000
5,33863171;0,00000000;0,00000000
5,33873571;0,00000000;0,00000000
5,33883971;0,00000000;0,00000000
5,33894371;0,00000000;0,00000000
5,33904771;0,00000000;0,00000000
5,33915171;0,00000000;0,00000000
5,33925571;0,00000000;0,00000000
5,33935971;0,00000000;0,00000000
5,33946371;0,00000000;-0,01734744
5,33956771;0,00000000;0,00000000
5,33967171;0,00000000;0,00000000
5,33977571;0,04336860;0,00000000
5,33987971;0,00000000;0,00000000
5,33998371;0,00000000;0,00000000
5,34008771;0,00000000;0,00000000
5,34019171;0,00000000;0,00000000
5,34029571;0,00000000;0,00000000
5,34039971;0,00000000;0,00000000
5,34050371;0,00000000;0,00000000
5,34060771;0,00000000;0,00000000
5,34071171;0,00000000;0,00000000
5,34081571;0,04336860;0,00000000
5,34091971;0,04336860;0,00000000
5,34102371;0,00000000;0,00000000
5,34112771;0,00000000;0,00000000
5,34123171;0,00000000;0,00000000
5,34133571;0,00000000;0,00000000
5,34143971;0,04336860;0,00000000
5,34154371;0,00000000;0,00000000
5,34164771;0,00000000;0,00000000
5,34175171;0,00000000;0,00000000
5,34185571;0,00000000;0,00000000
5,34195971;0,00000000;0,00000000
5,34206371;0,00000000;0,00000000
5,34216771;0,00000000;0,00000000
5,34227171;0,00000000;0,00000000
5,34237571;0,04336860;0,00000000
5,34247971;0,00000000;0,00000000
5,34258371;0,04336860;0,00000000
5,34268771;0,00000000;0,00000000
5,34279171;0,00000000;-0,01734744
5,34289571;0,00000000;0,00000000
5,34299971;0,00000000;0,00000000
5,34310371;0,00000000;0,00000000
5,34320771;0,00000000;0,00000000
5,34331171;0,04336860;0,00000000
5,34341571;0,00000000;0,00000000
5,34351971;0,00000000;0,00000000
5,34362371;0,00000000;0,00000000
5,34372771;0,00000000;0,00000000
5,34383171;0,00000000;0,00000000
5,34393571;0,00000000;0,00000000
5,34403971;0,00000000;0,00000000
5,34414371;0,00000000;0,00000000
5,34424771;0,00000000;0,00000000
5,34435171;0,00000000;0,00000000
5,34445571;0,00000000;0,00000000
5,34455971;0,00000000;0,00000000
5,34466371;0,00000000;0,00000000
5,34476771;0,00000000;0,00000000
5,34487171;0,04336860;0,00000000
5,34497571;0,04336860;0,00000000
5,34507971;0,00000000;0,00000000
5,34518371;0,00000000;0,00000000
5,34528771;0,00000000;0,00000000
5,34539171;0,00000000;0,00000000
5,34549571;0,04336860;0,00000000
5,34559971;0,00000000;0,00000000
5,34570371;0,00000000;0,00000000
5,34580771;0,00000000;0,00000000
5,34591171;0,00000000;0,00000000
5,34601571;0,04336860;0,00000000
5,34611971;0,00000000;0,00000000
5,34622371;0,04336860;0,00000000
5,34632771;0,00000000;0,00000000
5,34643171;0,04336860;0,00000000
5,34653571;0,00000000;0,00000000
5,34663971;0,00000000;0,00000000
5,34674371;0,00000000;0,00000000
5,34684771;0,04336860;0,00000000
5,34695171;0,04336860;0,00000000
5,34705571;0,00000000;0,00000000
5,34715971;0,00000000;0,00000000
5,34726371;0,00000000;0,00000000
5,34736771;0,00000000;0,00000000
5,34747171;0,00000000;0,00000000
5,34757571;0,00000000;0,00000000
5,34767971;0,00000000;0,00000000
5,34778371;0,00000000;0,00000000
5,34788771;0,00000000;0,00000000
5,34799171;0,00000000;0,00000000
5,34809571;0,00000000;0,00000000
5,34819971;0,00000000;0,00000000
5,34830371;0,00000000;0,00000000
5,34840771;0,00000000;0,00000000
5,34851171;0,00000000;0,00000000
5,34861571;0,00000000;0,00000000
5,34871971;0,00000000;0,00000000
5,34882371;0,00000000;0,00000000
5,34892771;0,00000000;0,00000000
5,34903171;-0,04336860;0,00000000
5,34913571;0,04336860;0,00000000
5,34923971;0,00000000;0,00000000
5,34934371;0,00000000;0,00000000
5,34944771;0,00000000;0,00000000
5,34955171;0,00000000;0,00000000
5,34965571;0,00000000;0,00000000
5,34975971;0,00000000;0,00000000
5,34986371;0,04336860;0,00000000
5,34996771;0,04336860;0,00000000
5,35007171;0,00000000;0,00000000
5,35017571;0,04336860;0,00000000
5,35027971;0,00000000;0,00000000
5,35038371;0,00000000;0,00000000
5,35048771;0,04336860;0,00000000
5,35059171;0,04336860;-0,01734744
5,35069571;0,00000000;0,00000000
5,35079971;0,00000000;0,00000000
5,35090371;0,00000000;-0,01734744
5,35100771;0,00000000;0,00000000
5,35111171;0,00000000;0,00000000
5,35121571;0,00000000;0,00000000
5,35131971;0,00000000;0,00000000
5,35142371;0,00000000;0,00000000
5,35152771;0,00000000;0,00000000
5,35163171;0,00000000;0,00000000
5,35173571;0,00000000;0,00000000
5,35183971;0,00000000;0,00000000
5,35194371;0,04336860;0,00000000
5,35204771;0,00000000;0,00000000
5,35215171;0,04336860;0,00000000
5,35225571;0,00000000;0,00000000
5,35235971;0,00000000;-0,01734744
5,35246371;0,00000000;0,00000000
5,35256771;0,00000000;0,00000000
5,35267171;0,00000000;0,00000000
5,35277571;0,00000000;0,00000000
5,35287971;0,00000000;0,00000000
5,35298371;0,00000000;0,00000000
5,35308771;0,00000000;0,00000000
5,35319171;0,00000000;0,00000000
5,35329571;0,04336860;0,00000000
5,35339971;0,00000000;0,00000000
5,35350371;0,00000000;0,00000000
5,35360771;0,00000000;0,00000000
5,35371171;0,00000000;-0,01734744
5,35381571;0,00000000;0,00000000
5,35391971;0,04336860;0,00000000
5,35402371;0,00000000;0,00000000
5,35412771;0,04336860;-0,01734744
5,35423171;0,00000000;0,00000000
5,35433571;0,00000000;0,00000000
5,35443971;0,00000000;0,00000000
5,35454371;0,04336860;0,00000000
5,35464771;0,04336860;0,00000000
5,35475171;0,00000000;0,00000000
5,35485571;0,00000000;0,00000000
5,35495971;0,00000000;0,00000000
5,35506371;0,00000000;0,00000000
5,35516771;0,04336860;0,00000000
5,35527171;0,00000000;-0,01734744
5,35537571;0,04336860;0,00000000
5,35547971;0,00000000;0,00000000
5,35558371;0,00000000;0,00000000
5,35568771;0,00000000;0,00000000
5,35579171;0,00000000;0,00000000
5,35589571;0,00000000;0,00000000
5,35599971;0,00000000;0,00000000
5,35610371;0,00000000;0,00000000
5,35620771;0,00000000;0,00000000
5,35631171;0,04336860;0,00000000
5,35641571;0,00000000;0,00000000
5,35651971;0,04336860;0,00000000
5,35662371;0,00000000;0,00000000
5,35672771;0,04336860;0,00000000
5,35683171;0,00000000;0,00000000
5,35693571;0,00000000;0,00000000
5,35703971;0,00000000;0,00000000
5,35714371;0,04336860;-0,01734744
5,35724771;0,00000000;0,00000000
5,35735171;0,04336860;0,00000000
5,35745571;0,04336860;0,00000000
5,35755971;0,04336860;0,00000000
5,35766371;0,00000000;0,00000000
5,35776771;0,04336860;0,00000000
5,35787171;0,00000000;0,00000000
5,35797571;0,00000000;-0,01734744
5,35807971;0,00000000;0,00000000
5,35818371;0,00000000;0,00000000
5,35828771;0,00000000;0,00000000
5,35839171;0,00000000;0,00000000
5,35849571;0,00000000;0,00000000
5,35859971;0,00000000;0,00000000
5,35870371;0,00000000;0,00000000
5,35880771;0,00000000;0,00000000
5,35891171;0,00000000;0,00000000
5,35901571;0,00000000;0,00000000
5,35911971;0,00000000;0,00000000
5,35922371;0,00000000;0,00000000
5,35932771;0,00000000;0,00000000
5,35943171;0,00000000;0,00000000
5,35953571;0,00000000;0,00000000
5,35963971;0,00000000;0,00000000
5,35974371;0,00000000;0,00000000
5,35984771;0,00000000;0,00000000
5,35995171;0,00000000;0,00000000
5,36005571;0,00000000;0,00000000
5,36015971;0,00000000;0,00000000
5,36026371;0,04336860;0,00000000
5,36036771;0,00000000;0,00000000
5,36047171;0,00000000;0,00000000
5,36057571;0,04336860;0,00000000
5,36067971;0,00000000;0,00000000
5,36078371;0,00000000;0,00000000
5,36088771;0,00000000;0,00000000
5,36099171;0,00000000;0,00000000
5,36109571;0,00000000;0,00000000
5,36119971;0,00000000;0,00000000
5,36130371;0,00000000;0,00000000
5,36140771;0,00000000;0,00000000
5,36151171;0,04336860;0,00000000
5,36161571;0,00000000;0,00000000
5,36171971;0,00000000;0,00000000
5,36182371;0,00000000;0,00000000
5,36192771;0,00000000;0,00000000
5,36203171;0,00000000;0,00000000
5,36213571;0,00000000;0,00000000
5,36223971;0,04336860;0,00000000
5,36234371;0,04336860;0,00000000
5,36244771;0,04336860;0,00000000
5,36255171;0,00000000;0,00000000
5,36265571;0,04336860;0,00000000
5,36275971;0,00000000;0,00000000
5,36286371;0,04336860;0,00000000
5,36296771;-0,04336860;0,00000000
5,36307171;0,00000000;0,00000000
5,36317571;0,00000000;0,00000000
5,36327971;0,00000000;0,00000000
5,36338371;0,04336860;0,00000000
5,36348771;0,04336860;0,00000000
5,36359171;0,00000000;0,00000000
5,36369571;0,04336860;0,00000000
5,36379971;0,00000000;0,00000000
5,36390371;0,04336860;0,00000000
5,36400771;0,00000000;0,00000000
5,36411171;0,00000000;0,00000000
5,36421571;0,00000000;0,00000000
5,36431971;0,00000000;0,00000000
5,36442371;0,00000000;0,00000000
5,36452771;0,04336860;0,00000000
5,36463171;0,00000000;0,00000000
5,36473571;0,00000000;0,00000000
5,36483971;0,00000000;0,00000000
5,36494371;0,00000000;0,00000000
5,36504771;0,00000000;0,00000000
5,36515171;0,04336860;0,00000000
5,36525571;0,00000000;0,00000000
5,36535971;0,04336860;0,00000000
5,36546371;0,04336860;0,00000000
5,36556771;0,00000000;0,00000000
5,36567171;0,00000000;0,00000000
5,36577571;0,04336860;0,00000000
5,36587971;0,00000000;0,00000000
5,36598371;0,00000000;0,00000000
5,36608771;0,00000000;0,00000000
5,36619171;0,00000000;0,00000000
5,36629571;0,04336860;-0,01734744
5,36639971;0,00000000;0,00000000
5,36650371;0,04336860;0,00000000
5,36660771;0,04336860;0,00000000
5,36671171;0,00000000;0,00000000
5,36681571;0,00000000;0,00000000
5,36691971;0,00000000;0,00000000
5,36702371;0,00000000;0,00000000
5,36712771;0,00000000;0,00000000
5,36723171;0,04336860;0,00000000
5,36733571;0,00000000;-0,01734744
5,36743971;0,00000000;0,00000000
5,36754371;0,04336860;0,00000000
5,36764771;0,00000000;0,00000000
5,36775171;0,00000000;0,00000000
5,36785571;0,00000000;0,00000000
5,36795971;0,00000000;0,00000000
5,36806371;0,00000000;0,00000000
5,36816771;0,00000000;0,00000000
5,36827171;0,00000000;0,00000000
5,36837571;0,00000000;0,00000000
5,36847971;0,00000000;0,00000000
5,36858371;0,04336860;0,00000000
5,36868771;0,00000000;0,00000000
5,36879171;0,00000000;0,00000000
5,36889571;0,04336860;0,00000000
5,36899971;0,00000000;0,00000000
5,36910371;0,04336860;0,00000000
5,36920771;0,00000000;0,00000000
5,36931171;0,00000000;0,00000000
5,36941571;0,00000000;0,00000000
5,36951971;0,04336860;0,00000000
5,36962371;0,04336860;0,00000000
5,36972771;0,04336860;0,00000000
5,36983171;0,00000000;0,00000000
5,36993571;0,04336860;0,00000000
5,37003971;0,00000000;0,00000000
5,37014371;0,00000000;0,00000000
5,37024771;0,00000000;-0,01734744
5,37035171;0,04336860;0,00000000
5,37045571;0,00000000;0,00000000
5,37055971;0,00000000;0,00000000
5,37066371;0,00000000;0,00000000
5,37076771;0,00000000;0,00000000
5,37087171;0,04336860;0,00000000
5,37097571;0,04336860;0,00000000
5,37107971;0,00000000;0,00000000
5,37118371;0,04336860;0,00000000
5,37128771;0,04336860;-0,01734744
5,37139171;0,00000000;0,00000000
5,37149571;0,04336860;0,00000000
5,37159971;0,00000000;0,00000000
5,37170371;0,00000000;0,00000000
5,37180771;0,04336860;0,00000000
5,37191171;0,00000000;-0,01734744
5,37201571;0,04336860;0,00000000
5,37211971;0,00000000;0,00000000
5,37222371;0,00000000;0,00000000
5,37232771;0,00000000;0,00000000
5,37243171;0,00000000;0,00000000
5,37253571;0,00000000;0,00000000
5,37263971;0,00000000;0,00000000
5,37274371;0,00000000;0,00000000
5,37284771;0,00000000;0,00000000
5,37295171;0,00000000;0,00000000
5,37305571;0,00000000;0,00000000
5,37315971;0,00000000;0,00000000
5,37326371;0,00000000;0,00000000
5,37336771;0,00000000;0,00000000
5,37347171;0,04336860;0,00000000
5,37357571;0,00000000;0,00000000
5,37367971;0,04336860;0,00000000
5,37378371;0,00000000;0,00000000
5,37388771;0,00000000;0,00000000
5,37399171;0,04336860;0,00000000
5,37409571;0,00000000;0,00000000
5,37419971;0,00000000;0,00000000
5,37430371;0,00000000;0,00000000
5,37440771;0,04336860;0,00000000
5,37451171;0,00000000;0,00000000
5,37461571;0,00000000;0,00000000
5,37471971;0,00000000;0,00000000
5,37482371;0,00000000;0,00000000
5,37492771;0,00000000;0,00000000
5,37503171;0,00000000;0,00000000
5,37513571;0,04336860;0,00000000
5,37523971;0,04336860;0,00000000
5,37534371;0,00000000;0,00000000
5,37544771;0,00000000;0,00000000
5,37555171;0,00000000;0,00000000
5,37565571;0,04336860;0,00000000
5,37575971;0,00000000;0,00000000
5,37586371;0,00000000;0,00000000
5,37596771;0,00000000;-0,01734744
5,37607171;0,00000000;0,00000000
5,37617571;0,00000000;0,00000000
5,37627971;0,00000000;0,00000000
5,37638371;0,00000000;0,00000000
5,37648771;0,04336860;-0,01734744
5,37659171;0,00000000;0,00000000
5,37669571;0,00000000;0,00000000
5,37679971;0,04336860;0,00000000
5,37690371;0,00000000;-0,01734744
5,37700771;0,00000000;0,00000000
5,37711171;0,04336860;-0,01734744
5,37721571;0,00000000;0,00000000
5,37731971;0,04336860;0,00000000
5,37742371;0,04336860;0,00000000
5,37752771;0,00000000;0,00000000
5,37763171;0,00000000;0,00000000
5,37773571;0,00000000;0,00000000
5,37783971;0,00000000;0,00000000
5,37794371;0,00000000;0,00000000
5,37804771;0,00000000;0,00000000
5,37815171;0,00000000;0,00000000
5,37825571;0,00000000;0,00000000
5,37835971;0,04336860;0,00000000
5,37846371;0,00000000;0,00000000
5,37856771;0,04336860;0,00000000
5,37867171;0,00000000;0,00000000
5,37877571;0,00000000;0,00000000
5,37887971;0,00000000;0,00000000
5,37898371;0,00000000;0,00000000
5,37908771;0,00000000;0,00000000
5,37919171;0,00000000;0,00000000
5,37929571;0,00000000;0,00000000
5,37939971;0,00000000;0,00000000
5,37950371;0,00000000;0,00000000
5,37960771;0,00000000;0,00000000
5,37971171;0,04336860;0,00000000
5,37981571;0,00000000;0,00000000
5,37991971;0,04336860;0,00000000
5,38002371;0,00000000;0,00000000
5,38012771;0,00000000;0,00000000
5,38023171;0,00000000;-0,01734744
5,38033571;0,00000000;0,00000000
5,38043971;0,00000000;0,00000000
5,38054371;0,00000000;0,00000000
5,38064771;0,00000000;0,00000000
5,38075171;0,00000000;0,00000000
5,38085571;0,00000000;0,00000000
5,38095971;0,00000000;0,00000000
5,38106371;0,00000000;0,00000000
5,38116771;0,04336860;0,00000000
5,38127171;0,00000000;0,00000000
5,38137571;0,00000000;0,00000000
5,38147971;0,04336860;0,00000000
5,38158371;0,00000000;0,00000000
5,38168771;0,00000000;0,00000000
5,38179171;0,00000000;-0,01734744
5,38189571;0,00000000;0,00000000
5,38199971;0,04336860;0,00000000
5,38210371;0,00000000;0,00000000
5,38220771;0,00000000;0,00000000
5,38231171;0,00000000;0,00000000
5,38241571;0,00000000;0,00000000
5,38251971;0,04336860;0,00000000
5,38262371;0,00000000;0,00000000
5,38272771;0,04336860;0,00000000
5,38283171;0,00000000;0,00000000
5,38293571;0,04336860;0,00000000
5,38303971;0,00000000;0,00000000
5,38314371;0,04336860;0,00000000
5,38324771;0,00000000;0,00000000
5,38335171;0,00000000;0,00000000
5,38345571;0,04336860;0,00000000
5,38355971;0,00000000;-0,01734744
5,38366371;0,00000000;0,00000000
5,38376771;0,04336860;0,00000000
5,38387171;0,04336860;0,00000000
5,38397571;0,00000000;0,00000000
5,38407971;0,00000000;0,00000000
5,38418371;0,00000000;0,00000000
5,38428771;0,00000000;0,00000000
5,38439171;0,04336860;0,00000000
5,38449571;0,00000000;0,00000000
5,38459971;0,00000000;0,00000000
5,38470371;0,04336860;0,00000000
5,38480771;0,00000000;0,00000000
5,38491171;0,00000000;0,00000000
5,38501571;0,00000000;0,00000000
5,38511971;0,00000000;0,00000000
5,38522371;0,04336860;0,00000000
5,38532771;0,00000000;0,00000000
5,38543171;0,04336860;0,00000000
5,38553571;0,00000000;0,00000000
5,38563971;0,00000000;0,00000000
5,38574371;0,00000000;0,00000000
5,38584771;0,00000000;0,00000000
5,38595171;0,00000000;0,00000000
5,38605571;0,00000000;0,00000000
5,38615971;0,00000000;0,00000000
5,38626371;0,00000000;0,00000000
5,38636771;0,00000000;0,00000000
5,38647171;0,00000000;0,00000000
5,38657571;0,00000000;0,00000000
5,38667971;0,00000000;0,00000000
5,38678371;0,04336860;0,00000000
5,38688771;0,00000000;0,00000000
5,38699171;0,00000000;0,00000000
5,38709571;0,00000000;0,00000000
5,38719971;0,00000000;0,00000000
5,38730371;0,04336860;0,00000000
5,38740771;0,00000000;0,00000000
5,38751171;0,00000000;0,00000000
5,38761571;0,04336860;0,00000000
5,38771971;0,00000000;0,00000000
5,38782371;0,00000000;0,00000000
5,38792771;0,00000000;0,00000000
5,38803171;0,04336860;0,00000000
5,38813571;0,00000000;0,00000000
5,38823971;0,00000000;0,00000000
5,38834371;0,00000000;0,00000000
5,38844771;0,04336860;0,00000000
5,38855171;0,00000000;0,00000000
5,38865571;0,00000000;0,00000000
5,38875971;0,00000000;0,00000000
5,38886371;0,00000000;0,00000000
5,38896771;0,00000000;0,00000000
5,38907171;0,00000000;0,00000000
5,38917571;0,00000000;0,00000000
5,38927971;0,00000000;0,00000000
5,38938371;0,00000000;0,00000000
5,38948771;0,00000000;0,00000000
5,38959171;0,00000000;0,00000000
5,38969571;0,00000000;0,00000000
5,38979971;0,00000000;0,00000000
5,38990371;0,04336860;0,00000000
5,39000771;0,00000000;0,00000000
5,39011171;0,00000000;0,00000000
5,39021571;0,00000000;0,00000000
5,39031971;0,04336860;0,00000000
5,39042371;0,04336860;0,00000000
5,39052771;0,00000000;0,00000000
5,39063171;0,00000000;0,00000000
5,39073571;0,04336860;0,00000000
5,39083971;0,04336860;0,00000000
5,39094371;0,00000000;0,00000000
5,39104771;0,04336860;0,00000000
5,39115171;0,00000000;0,00000000
5,39125571;0,00000000;0,00000000
5,39135971;0,00000000;0,00000000
5,39146371;0,00000000;-0,01734744
5,39156771;0,04336860;0,00000000
5,39167171;0,00000000;0,00000000
5,39177571;0,04336860;0,00000000
5,39187971;0,00000000;0,00000000
5,39198371;0,00000000;0,00000000
5,39208771;0,00000000;0,00000000
5,39219171;0,04336860;0,00000000
5,39229571;0,04336860;-0,01734744
5,39239971;0,00000000;0,00000000
5,39250371;0,04336860;0,00000000
5,39260771;0,00000000;0,00000000
5,39271171;0,00000000;0,00000000
5,39281571;0,00000000;0,00000000
5,39291971;0,00000000;0,00000000
5,39302371;0,00000000;0,00000000
5,39312771;0,00000000;-0,01734744
5,39323171;0,00000000;0,00000000
5,39333571;0,00000000;0,00000000
5,39343971;0,04336860;0,00000000
5,39354371;0,04336860;0,00000000
5,39364771;0,00000000;0,00000000
5,39375171;0,00000000;0,00000000
5,39385571;0,04336860;0,00000000
5,39395971;0,00000000;0,00000000
5,39406371;0,00000000;-0,01734744
5,39416771;0,04336860;0,00000000
5,39427171;0,04336860;0,00000000
5,39437571;0,00000000;0,00000000
5,39447971;0,00000000;0,00000000
5,39458371;0,00000000;0,00000000
5,39468771;0,00000000;0,00000000
5,39479171;0,00000000;0,00000000
5,39489571;0,04336860;0,00000000
5,39499971;0,00000000;0,00000000
5,39510371;0,00000000;0,00000000
5,39520771;0,00000000;0,00000000
5,39531171;0,00000000;0,00000000
5,39541571;0,04336860;-0,01734744
5,39551971;0,00000000;0,00000000
5,39562371;0,00000000;-0,01734744
5,39572771;0,00000000;-0,01734744
5,39583171;0,00000000;0,00000000
5,39593571;0,00000000;0,00000000
5,39603971;0,00000000;0,00000000
5,39614371;0,00000000;0,00000000
5,39624771;0,00000000;0,00000000
5,39635171;0,00000000;0,00000000
5,39645571;0,00000000;0,00000000
5,39655971;0,00000000;0,00000000
5,39666371;0,04336860;0,00000000
5,39676771;0,04336860;0,00000000
5,39687171;0,00000000;0,00000000
5,39697571;0,00000000;0,00000000
5,39707971;0,00000000;0,00000000
5,39718371;0,00000000;0,00000000
5,39728771;0,00000000;0,00000000
5,39739171;0,00000000;0,00000000
5,39749571;0,00000000;0,00000000
5,39759971;0,00000000;0,00000000
5,39770371;0,00000000;0,00000000
5,39780771;0,04336860;0,00000000
5,39791171;0,00000000;0,00000000
5,39801571;0,00000000;0,00000000
5,39811971;0,00000000;0,00000000
5,39822371;0,00000000;0,00000000
5,39832771;0,00000000;0,00000000
5,39843171;0,00000000;0,00000000
5,39853571;0,00000000;0,00000000
5,39863971;0,00000000;0,00000000
5,39874371;0,04336860;-0,01734744
5,39884771;0,00000000;0,00000000
5,39895171;0,00000000;0,00000000
5,39905571;0,00000000;0,00000000
5,39915971;0,00000000;0,00000000
5,39926371;0,00000000;0,00000000
5,39936771;0,04336860;0,00000000
5,39947171;0,04336860;0,00000000
5,39957571;0,00000000;0,00000000
5,39967971;0,00000000;0,00000000
5,39978371;0,00000000;0,00000000
5,39988771;0,00000000;0,00000000
5,39999171;0,00000000;0,00000000
5,40009571;0,00000000;0,00000000
5,40019971;0,04336860;-0,01734744
5,40030371;0,00000000;0,00000000
5,40040771;0,04336860;0,00000000
5,40051171;0,04336860;0,00000000
5,40061571;0,00000000;0,00000000
5,40071971;0,00000000;0,00000000
5,40082371;0,00000000;0,00000000
5,40092771;0,04336860;-0,01734744
5,40103171;0,04336860;0,00000000
5,40113571;0,00000000;0,00000000
5,40123971;0,00000000;0,00000000
5,40134371;0,04336860;0,00000000
5,40144771;0,00000000;0,00000000
5,40155171;0,00000000;0,00000000
5,40165571;0,00000000;0,00000000
5,40175971;0,00000000;0,00000000
5,40186371;0,00000000;0,00000000
5,40196771;0,04336860;0,00000000
5,40207171;0,00000000;0,00000000
5,40217571;0,00000000;-0,01734744
5,40227971;0,04336860;0,00000000
5,40238371;0,00000000;0,00000000
5,40248771;0,04336860;0,00000000
5,40259171;0,00000000;0,00000000
5,40269571;0,00000000;0,00000000
5,40279971;0,00000000;0,00000000
5,40290371;0,00000000;0,00000000
5,40300771;0,00000000;0,00000000
5,40311171;0,00000000;0,00000000
5,40321571;0,00000000;0,00000000
5,40331971;0,04336860;0,00000000
5,40342371;0,00000000;0,00000000
5,40352771;0,00000000;0,00000000
5,40363171;0,00000000;0,00000000
5,40373571;0,04336860;0,00000000
5,40383971;0,00000000;0,00000000
5,40394371;0,00000000;0,00000000
5,40404771;0,00000000;0,00000000
5,40415171;0,00000000;0,00000000
5,40425571;0,00000000;0,00000000
5,40435971;0,00000000;0,00000000
5,40446371;0,00000000;0,00000000
5,40456771;0,04336860;0,00000000
5,40467171;0,00000000;0,00000000
5,40477571;0,04336860;0,00000000
5,40487971;0,00000000;0,00000000
5,40498371;0,00000000;0,00000000
5,40508771;0,00000000;0,00000000
5,40519171;0,04336860;0,00000000
5,40529571;0,04336860;-0,01734744
5,40539971;0,00000000;0,00000000
5,40550371;0,00000000;0,00000000
5,40560771;0,00000000;0,00000000
5,40571171;0,00000000;0,00000000
5,40581571;0,00000000;0,00000000
5,40591971;0,00000000;0,00000000
5,40602371;0,00000000;0,00000000
5,40612771;0,00000000;0,00000000
5,40623171;0,00000000;0,00000000
5,40633571;0,00000000;0,00000000
5,40643971;0,04336860;0,00000000
5,40654371;0,04336860;0,00000000
5,40664771;0,00000000;0,00000000
5,40675171;0,00000000;0,00000000
5,40685571;0,00000000;0,00000000
5,40695971;0,00000000;0,00000000
5,40706371;0,04336860;0,00000000
5,40716771;0,04336860;0,00000000
5,40727171;0,00000000;0,00000000
5,40737571;0,04336860;0,00000000
5,40747971;0,00000000;0,00000000
5,40758371;0,00000000;0,00000000
5,40768771;0,00000000;0,00000000
5,40779171;0,00000000;0,00000000
5,40789571;0,04336860;0,00000000
5,40799971;0,00000000;0,00000000
5,40810371;0,00000000;0,00000000
5,40820771;0,00000000;0,00000000
5,40831171;0,00000000;0,00000000
5,40841571;0,00000000;0,00000000
5,40851971;0,00000000;0,00000000
5,40862371;0,04336860;0,00000000
5,40872771;0,00000000;0,00000000
5,40883171;0,00000000;0,00000000
5,40893571;0,00000000;0,00000000
5,40903971;0,00000000;0,00000000
5,40914371;0,00000000;0,00000000
5,40924771;0,04336860;0,00000000
5,40935171;0,04336860;0,00000000
5,40945571;0,00000000;0,00000000
5,40955971;0,00000000;0,00000000
5,40966371;0,00000000;0,00000000
5,40976771;0,00000000;0,00000000
5,40987171;0,00000000;0,00000000
5,40997571;0,00000000;0,00000000
5,41007971;0,00000000;0,00000000
5,41018371;0,00000000;0,00000000
5,41028771;0,00000000;0,00000000
5,41039171;0,04336860;0,00000000
5,41049571;0,00000000;0,00000000
5,41059971;0,04336860;-0,01734744
5,41070371;0,00000000;0,00000000
5,41080771;0,00000000;-0,01734744
5,41091171;0,04336860;0,00000000
5,41101571;0,04336860;0,00000000
5,41111971;0,00000000;0,00000000
5,41122371;0,04336860;0,00000000
5,41132771;0,00000000;0,00000000
5,41143171;0,00000000;0,00000000
5,41153571;0,00000000;0,00000000
5,41163971;0,00000000;0,00000000
5,41174371;0,04336860;0,00000000
5,41184771;0,00000000;0,00000000
5,41195171;0,00000000;0,00000000
5,41205571;0,04336860;0,00000000
5,41215971;0,00000000;0,00000000
5,41226371;0,00000000;0,00000000
5,41236771;0,04336860;0,00000000
5,41247171;0,04336860;0,00000000
5,41257571;0,00000000;0,00000000
5,41267971;0,00000000;0,00000000
5,41278371;0,04336860;0,00000000
5,41288771;0,00000000;0,00000000
5,41299171;0,00000000;0,00000000
5,41309571;0,00000000;-0,01734744
5,41319971;0,00000000;0,00000000
5,41330371;0,00000000;0,00000000
5,41340771;0,00000000;0,00000000
5,41351171;0,00000000;0,00000000
5,41361571;0,04336860;0,00000000
5,41371971;0,04336860;0,00000000
5,41382371;0,00000000;0,00000000
5,41392771;0,00000000;0,00000000
5,41403171;0,00000000;0,00000000
5,41413571;0,00000000;0,00000000
5,41423971;0,00000000;-0,01734744
5,41434371;0,00000000;0,00000000
5,41444771;0,00000000;0,00000000
5,41455171;0,00000000;0,00000000
5,41465571;0,00000000;0,00000000
5,41475971;0,00000000;0,00000000
5,41486371;0,00000000;0,00000000
5,41496771;0,00000000;0,00000000
5,41507171;0,04336860;0,00000000
5,41517571;0,00000000;0,00000000
5,41527971;0,00000000;0,00000000
5,41538371;0,04336860;0,00000000
5,41548771;0,04336860;0,00000000
5,41559171;0,00000000;0,00000000
5,41569571;0,04336860;0,00000000
5,41579971;0,04336860;0,00000000
5,41590371;0,00000000;0,00000000
5,41600771;0,00000000;0,00000000
5,41611171;0,00000000;0,00000000
5,41621571;0,00000000;0,00000000
5,41631971;0,04336860;0,00000000
5,41642371;0,00000000;0,00000000
5,41652771;0,00000000;-0,01734744
5,41663171;0,04336860;0,00000000
5,41673571;0,00000000;0,00000000
5,41683971;0,00000000;0,00000000
5,41694371;0,00000000;0,00000000
5,41704771;0,00000000;0,00000000
5,41715171;0,00000000;0,00000000
5,41725571;0,00000000;0,00000000
5,41735971;0,00000000;0,00000000
5,41746371;0,04336860;0,00000000
5,41756771;0,00000000;0,00000000
5,41767171;0,00000000;0,00000000
5,41777571;0,00000000;0,00000000
5,41787971;0,04336860;0,00000000
5,41798371;0,00000000;0,00000000
5,41808771;0,00000000;0,00000000
5,41819171;0,00000000;0,00000000
5,41829571;0,04336860;0,00000000
5,41839971;0,04336860;-0,01734744
5,41850371;0,00000000;0,00000000
5,41860771;0,04336860;0,00000000
5,41871171;0,04336860;0,00000000
5,41881571;0,00000000;0,00000000
5,41891971;0,00000000;0,00000000
5,41902371;0,00000000;0,00000000
5,41912771;0,00000000;0,00000000
5,41923171;0,00000000;0,00000000
5,41933571;0,04336860;0,00000000
5,41943971;0,00000000;0,00000000
5,41954371;0,00000000;0,00000000
5,41964771;0,04336860;0,00000000
5,41975171;0,00000000;0,00000000
5,41985571;0,00000000;0,00000000
5,41995971;0,00000000;0,00000000
5,42006371;0,04336860;0,00000000
5,42016771;0,04336860;0,00000000
5,42027171;0,00000000;0,00000000
5,42037571;0,00000000;0,00000000
5,42047971;0,00000000;0,00000000
5,42058371;0,00000000;0,00000000
5,42068771;0,04336860;0,00000000
5,42079171;0,00000000;0,00000000
5,42089571;0,00000000;0,00000000
5,42099971;0,00000000;0,00000000
5,42110371;0,04336860;0,00000000
5,42120771;0,04336860;0,00000000
5,42131171;0,04336860;0,00000000
5,42141571;0,00000000;0,00000000
5,42151971;0,00000000;0,00000000
5,42162371;0,04336860;0,00000000
5,42172771;0,00000000;0,00000000
5,42183171;0,00000000;0,00000000
5,42193571;0,00000000;-0,01734744
5,42203971;0,00000000;0,00000000
5,42214371;0,00000000;0,00000000
5,42224771;0,00000000;0,00000000
5,42235171;0,00000000;0,00000000
5,42245571;0,00000000;0,00000000
5,42255971;0,00000000;0,00000000
5,42266371;0,00000000;0,00000000
5,42276771;0,00000000;0,00000000
5,42287171;0,00000000;0,00000000
5,42297571;0,00000000;0,00000000
5,42307971;0,04336860;0,00000000
5,42318371;0,00000000;0,00000000
5,42328771;0,00000000;0,00000000
5,42339171;0,04336860;0,00000000
5,42349571;0,00000000;0,00000000
5,42359971;0,04336860;0,00000000
5,42370371;0,00000000;0,00000000
5,42380771;0,00000000;0,00000000
5,42391171;0,00000000;0,00000000
5,42401571;0,00000000;0,00000000
5,42411971;0,04336860;0,00000000
5,42422371;0,00000000;0,00000000
5,42432771;0,00000000;0,00000000
5,42443171;0,04336860;0,00000000
5,42453571;0,00000000;0,00000000
5,42463971;0,00000000;0,00000000
5,42474371;0,04336860;0,00000000
5,42484771;0,00000000;0,00000000
5,42495171;0,00000000;0,00000000
5,42505571;0,04336860;0,00000000
5,42515971;0,00000000;0,00000000
5,42526371;0,00000000;0,00000000
5,42536771;0,00000000;0,00000000
5,42547171;0,00000000;0,00000000
5,42557571;0,00000000;0,00000000
5,42567971;0,00000000;0,00000000
5,42578371;0,00000000;0,00000000
5,42588771;0,00000000;0,00000000
5,42599171;0,00000000;0,00000000
5,42609571;0,00000000;0,00000000
5,42619971;0,00000000;0,00000000
5,42630371;0,00000000;0,00000000
5,42640771;0,00000000;0,00000000
5,42651171;0,00000000;0,00000000
5,42661571;0,04336860;0,00000000
5,42671971;0,00000000;-0,01734744
5,42682371;0,00000000;0,00000000
5,42692771;0,04336860;0,00000000
5,42703171;0,00000000;0,00000000
5,42713571;0,00000000;0,00000000
5,42723971;0,00000000;0,00000000
5,42734371;0,00000000;0,00000000
5,42744771;0,00000000;0,00000000
5,42755171;0,04336860;0,00000000
5,42765571;0,00000000;0,00000000
5,42775971;0,04336860;0,00000000
5,42786371;0,00000000;0,00000000
5,42796771;0,00000000;0,00000000
5,42807171;0,00000000;0,00000000
5,42817571;0,04336860;0,00000000
5,42827971;0,00000000;0,00000000
5,42838371;0,00000000;0,00000000
5,42848771;0,00000000;0,00000000
5,42859171;0,00000000;0,00000000
5,42869571;0,00000000;0,00000000
5,42879971;0,00000000;0,00000000
5,42890371;0,00000000;0,00000000
5,42900771;0,00000000;0,00000000
5,42911171;0,04336860;0,00000000
5,42921571;0,04336860;0,00000000
5,42931971;0,00000000;0,00000000
5,42942371;0,04336860;0,00000000
5,42952771;0,00000000;0,00000000
5,42963171;0,04336860;0,00000000
5,42973571;0,00000000;0,00000000
5,42983971;0,00000000;0,00000000
5,42994371;0,00000000;0,00000000
5,43004771;0,00000000;0,00000000
5,43015171;0,00000000;0,00000000
5,43025571;0,00000000;0,00000000
5,43035971;0,00000000;-0,01734744
5,43046371;0,04336860;0,00000000
5,43056771;0,04336860;0,00000000
5,43067171;0,00000000;0,00000000
5,43077571;0,00000000;0,00000000
5,43087971;0,00000000;0,00000000
5,43098371;0,00000000;0,00000000
5,43108771;0,00000000;0,00000000
5,43119171;0,00000000;0,00000000
5,43129571;0,00000000;0,00000000
5,43139971;0,00000000;0,00000000
5,43150371;0,00000000;0,00000000
5,43160771;0,00000000;0,00000000
5,43171171;0,00000000;0,00000000
5,43181571;0,00000000;0,00000000
5,43191971;0,00000000;0,00000000
5,43202371;0,00000000;0,00000000
5,43212771;0,00000000;0,00000000
5,43223171;0,00000000;0,00000000
5,43233571;0,00000000;0,00000000
5,43243971;0,00000000;0,00000000
5,43254371;0,00000000;0,00000000
5,43264771;0,00000000;0,00000000
5,43275171;0,04336860;0,00000000
5,43285571;0,00000000;0,00000000
5,43295971;0,04336860;0,00000000
5,43306371;0,00000000;0,00000000
5,43316771;0,04336860;0,00000000
5,43327171;0,00000000;0,00000000
5,43337571;0,00000000;0,00000000
5,43347971;0,04336860;0,00000000
5,43358371;0,00000000;0,00000000
5,43368771;0,00000000;0,00000000
5,43379171;0,00000000;0,00000000
5,43389571;0,00000000;0,00000000
5,43399971;0,04336860;0,00000000
5,43410371;0,00000000;0,00000000
5,43420771;0,00000000;0,00000000
5,43431171;0,00000000;0,00000000
5,43441571;0,00000000;0,00000000
5,43451971;0,00000000;0,00000000
5,43462371;0,00000000;0,00000000
5,43472771;0,00000000;0,00000000
5,43483171;0,00000000;0,00000000
5,43493571;0,00000000;0,00000000
5,43503971;0,00000000;0,00000000
5,43514371;0,04336860;0,00000000
5,43524771;0,00000000;0,00000000
5,43535171;0,00000000;0,00000000
5,43545571;0,00000000;0,00000000
5,43555971;0,00000000;0,00000000
5,43566371;0,04336860;0,00000000
5,43576771;0,00000000;0,00000000
5,43587171;0,00000000;0,00000000
5,43597571;0,00000000;0,00000000
5,43607971;0,04336860;0,00000000
5,43618371;0,00000000;0,00000000
5,43628771;0,00000000;0,00000000
5,43639171;0,00000000;0,00000000
5,43649571;0,00000000;0,00000000
5,43659971;0,00000000;0,00000000
5,43670371;0,04336860;0,00000000
5,43680771;0,00000000;0,00000000
5,43691171;0,00000000;0,00000000
5,43701571;0,00000000;0,00000000
5,43711971;0,00000000;0,00000000
5,43722371;0,00000000;0,00000000
5,43732771;0,00000000;0,00000000
5,43743171;0,00000000;0,00000000
5,43753571;0,00000000;0,00000000
5,43763971;0,00000000;0,00000000
5,43774371;0,00000000;0,00000000
5,43784771;0,00000000;0,00000000
5,43795171;0,00000000;0,00000000
5,43805571;0,04336860;0,00000000
5,43815971;0,04336860;0,00000000
5,43826371;0,04336860;0,00000000
5,43836771;0,00000000;0,00000000
5,43847171;0,00000000;0,00000000
5,43857571;0,00000000;0,00000000
5,43867971;0,00000000;0,00000000
5,43878371;0,04336860;0,00000000
5,43888771;0,00000000;0,00000000
5,43899171;0,00000000;0,00000000
5,43909571;0,00000000;0,00000000
5,43919971;0,00000000;0,00000000
5,43930371;0,04336860;0,00000000
5,43940771;0,00000000;0,00000000
5,43951171;0,00000000;0,00000000
5,43961571;0,00000000;0,00000000
5,43971971;0,00000000;0,00000000
5,43982371;0,04336860;0,00000000
5,43992771;0,00000000;0,00000000
5,44003171;0,00000000;0,00000000
5,44013571;0,00000000;0,00000000
5,44023971;0,04336860;0,00000000
5,44034371;0,00000000;0,00000000
5,44044771;0,00000000;0,00000000
5,44055171;0,00000000;0,00000000
5,44065571;0,04336860;0,00000000
5,44075971;0,00000000;0,00000000
5,44086371;0,00000000;0,00000000
5,44096771;0,00000000;0,00000000
5,44107171;0,00000000;-0,01734744
5,44117571;0,00000000;0,00000000
5,44127971;0,00000000;0,00000000
5,44138371;0,00000000;0,00000000
5,44148771;0,04336860;0,00000000
5,44159171;0,00000000;0,00000000
5,44169571;0,00000000;0,00000000
5,44179971;0,04336860;0,00000000
5,44190371;0,00000000;0,00000000
5,44200771;0,04336860;0,00000000
5,44211171;0,00000000;0,00000000
5,44221571;0,00000000;0,00000000
5,44231971;0,00000000;0,00000000
5,44242371;0,00000000;0,00000000
5,44252771;0,00000000;0,00000000
5,44263171;0,04336860;0,00000000
5,44273571;0,00000000;0,00000000
5,44283971;0,04336860;0,00000000
5,44294371;0,00000000;0,00000000
5,44304771;0,00000000;0,00000000
5,44315171;0,04336860;0,00000000
5,44325571;0,00000000;-0,01734744
5,44335971;0,00000000;0,00000000
5,44346371;0,00000000;0,00000000
5,44356771;0,00000000;0,00000000
5,44367171;0,00000000;0,00000000
5,44377571;0,04336860;0,00000000
5,44387971;0,00000000;0,00000000
5,44398371;0,00000000;0,00000000
5,44408771;0,04336860;0,00000000
5,44419171;0,00000000;0,00000000
5,44429571;0,04336860;0,00000000
5,44439971;0,00000000;0,00000000
5,44450371;0,00000000;0,00000000
5,44460771;0,00000000;0,00000000
5,44471171;0,00000000;0,00000000
5,44481571;0,00000000;0,00000000
5,44491971;0,00000000;0,00000000
5,44502371;0,00000000;0,00000000
5,44512771;0,04336860;0,00000000
5,44523171;0,04336860;0,00000000
5,44533571;0,00000000;0,00000000
5,44543971;0,00000000;0,00000000
5,44554371;0,00000000;-0,01734744
5,44564771;0,00000000;0,00000000
5,44575171;0,00000000;0,00000000
5,44585571;0,04336860;0,00000000
5,44595971;0,00000000;0,00000000
5,44606371;0,04336860;0,00000000
5,44616771;0,00000000;0,00000000
5,44627171;0,00000000;0,00000000
5,44637571;0,00000000;0,00000000
5,44647971;0,04336860;0,00000000
5,44658371;0,00000000;0,00000000
5,44668771;0,04336860;0,00000000
5,44679171;0,00000000;0,00000000
5,44689571;0,00000000;0,00000000
5,44699971;0,04336860;0,00000000
5,44710371;0,00000000;0,00000000
5,44720771;0,00000000;0,00000000
5,44731171;0,04336860;0,00000000
5,44741571;0,00000000;0,00000000
5,44751971;0,00000000;0,00000000
5,44762371;0,04336860;0,00000000
5,44772771;0,00000000;0,00000000
5,44783171;0,00000000;0,00000000
5,44793571;0,00000000;0,00000000
5,44803971;0,00000000;0,00000000
5,44814371;0,00000000;0,00000000
5,44824771;0,00000000;0,00000000
5,44835171;0,00000000;0,00000000
5,44845571;0,04336860;-0,01734744
5,44855971;0,00000000;0,00000000
5,44866371;0,00000000;-0,01734744
5,44876771;0,04336860;0,00000000
5,44887171;0,04336860;0,00000000
5,44897571;0,04336860;0,00000000
5,44907971;0,00000000;0,00000000
5,44918371;0,04336860;0,00000000
5,44928771;0,00000000;0,00000000
5,44939171;0,00000000;0,00000000
5,44949571;0,00000000;0,00000000
5,44959971;0,04336860;0,00000000
5,44970371;0,00000000;0,00000000
5,44980771;0,00000000;0,00000000
5,44991171;0,00000000;0,00000000
5,45001571;0,04336860;0,00000000
5,45011971;0,00000000;0,00000000
5,45022371;0,00000000;0,00000000
5,45032771;0,04336860;0,00000000
5,45043171;0,00000000;0,00000000
5,45053571;0,00000000;0,00000000
5,45063971;0,00000000;0,00000000
5,45074371;0,00000000;0,00000000
5,45084771;0,00000000;0,00000000
5,45095171;0,00000000;0,00000000
5,45105571;0,04336860;0,00000000
5,45115971;0,00000000;0,00000000
5,45126371;0,00000000;0,00000000
5,45136771;0,00000000;0,00000000
5,45147171;0,04336860;0,00000000
5,45157571;0,00000000;0,00000000
5,45167971;0,00000000;0,00000000
5,45178371;0,00000000;0,00000000
5,45188771;0,00000000;0,00000000
5,45199171;0,00000000;0,00000000
5,45209571;0,00000000;0,00000000
5,45219971;0,04336860;0,00000000
5,45230371;0,00000000;0,00000000
5,45240771;0,00000000;0,00000000
5,45251171;0,04336860;0,00000000
5,45261571;0,04336860;0,00000000
5,45271971;0,00000000;0,00000000
5,45282371;0,00000000;0,00000000
5,45292771;0,00000000;0,00000000
5,45303171;0,00000000;0,00000000
5,45313571;0,00000000;0,00000000
5,45323971;0,00000000;-0,01734744
5,45334371;0,00000000;0,00000000
5,45344771;0,00000000;0,00000000
5,45355171;0,00000000;0,00000000
5,45365571;0,00000000;-0,01734744
5,45375971;0,04336860;0,00000000
5,45386371;0,00000000;0,00000000
5,45396771;0,00000000;0,00000000
5,45407171;0,04336860;0,00000000
5,45417571;0,00000000;0,00000000
5,45427971;0,00000000;-0,01734744
5,45438371;0,00000000;0,00000000
5,45448771;0,00000000;0,00000000
5,45459171;0,00000000;0,00000000
5,45469571;0,00000000;0,00000000
5,45479971;0,00000000;0,00000000
5,45490371;0,00000000;0,00000000
5,45500771;0,00000000;0,00000000
5,45511171;0,00000000;-0,01734744
5,45521571;0,00000000;0,00000000
5,45531971;0,04336860;0,00000000
5,45542371;0,00000000;0,00000000
5,45552771;0,00000000;0,00000000
5,45563171;0,04336860;0,00000000
5,45573571;0,04336860;0,00000000
5,45583971;0,00000000;0,00000000
5,45594371;0,00000000;0,00000000
5,45604771;0,00000000;0,00000000
5,45615171;0,00000000;0,00000000
5,45625571;0,00000000;0,00000000
5,45635971;0,00000000;0,00000000
5,45646371;0,00000000;0,00000000
5,45656771;0,00000000;0,00000000
5,45667171;0,00000000;0,00000000
5,45677571;0,04336860;0,00000000
5,45687971;0,00000000;0,00000000
5,45698371;0,04336860;0,00000000
5,45708771;0,00000000;0,00000000
5,45719171;0,00000000;0,00000000
5,45729571;0,00000000;0,00000000
5,45739971;0,00000000;0,00000000
5,45750371;0,04336860;0,00000000
5,45760771;0,04336860;0,00000000
5,45771171;0,04336860;0,00000000
5,45781571;0,04336860;0,00000000
5,45791971;0,00000000;0,00000000
5,45802371;0,04336860;0,00000000
5,45812771;0,00000000;0,00000000
5,45823171;0,00000000;0,00000000
5,45833571;0,00000000;0,00000000
5,45843971;0,04336860;0,00000000
5,45854371;0,04336860;0,00000000
5,45864771;0,00000000;0,00000000
5,45875171;0,00000000;0,00000000
5,45885571;0,00000000;0,00000000
5,45895971;0,04336860;0,00000000
5,45906371;0,00000000;0,00000000
5,45916771;0,00000000;0,00000000
5,45927171;0,00000000;0,00000000
5,45937571;0,04336860;0,00000000
5,45947971;0,04336860;0,00000000
5,45958371;0,04336860;0,00000000
5,45968771;0,00000000;0,00000000
5,45979171;0,04336860;0,00000000
5,45989571;0,04336860;0,00000000
5,45999971;0,00000000;0,00000000
5,46010371;0,00000000;0,00000000
5,46020771;0,00000000;0,00000000
5,46031171;0,04336860;-0,01734744
5,46041571;0,04336860;0,00000000
5,46051971;0,00000000;0,00000000
5,46062371;0,00000000;0,00000000
5,46072771;0,00000000;0,00000000
5,46083171;0,00000000;0,00000000
5,46093571;0,00000000;0,00000000
5,46103971;0,04336860;0,00000000
5,46114371;0,00000000;0,00000000
5,46124771;0,00000000;0,00000000
5,46135171;0,00000000;0,00000000
5,46145571;0,00000000;0,00000000
5,46155971;0,00000000;0,00000000
5,46166371;0,00000000;0,00000000
5,46176771;0,00000000;0,00000000
5,46187171;0,00000000;0,00000000
5,46197571;0,00000000;-0,01734744
5,46207971;0,00000000;0,00000000
5,46218371;0,04336860;0,00000000
5,46228771;0,00000000;0,00000000
5,46239171;0,04336860;0,00000000
5,46249571;0,04336860;0,00000000
5,46259971;0,04336860;0,00000000
5,46270371;0,00000000;0,00000000
5,46280771;0,00000000;0,00000000
5,46291171;0,00000000;0,00000000
5,46301571;0,00000000;0,00000000
5,46311971;0,04336860;0,00000000
5,46322371;0,00000000;0,00000000
5,46332771;0,00000000;0,00000000
5,46343171;0,04336860;0,00000000
5,46353571;0,00000000;0,00000000
5,46363971;0,04336860;-0,01734744
5,46374371;0,00000000;0,00000000
5,46384771;0,00000000;0,00000000
5,46395171;0,00000000;0,00000000
5,46405571;0,00000000;0,00000000
5,46415971;0,00000000;0,00000000
5,46426371;0,00000000;0,00000000
5,46436771;0,00000000;0,00000000
5,46447171;0,00000000;0,00000000
5,46457571;0,00000000;0,00000000
5,46467971;0,00000000;0,00000000
5,46478371;0,04336860;0,00000000
5,46488771;0,00000000;0,00000000
5,46499171;0,04336860;0,00000000
5,46509571;0,00000000;0,00000000
5,46519971;0,00000000;0,00000000
5,46530371;0,00000000;0,00000000
5,46540771;0,00000000;-0,01734744
5,46551171;0,00000000;0,00000000
5,46561571;0,00000000;0,00000000
5,46571971;0,00000000;-0,01734744
5,46582371;0,00000000;0,00000000
5,46592771;0,00000000;0,00000000
5,46603171;0,00000000;0,00000000
5,46613571;0,00000000;0,00000000
5,46623971;0,00000000;0,00000000
5,46634371;0,04336860;0,00000000
5,46644771;0,00000000;0,00000000
5,46655171;0,00000000;0,00000000
5,46665571;0,00000000;0,00000000
5,46675971;0,00000000;0,00000000
5,46686371;0,00000000;0,00000000
5,46696771;0,00000000;0,00000000
5,46707171;0,00000000;0,00000000
5,46717571;0,00000000;0,00000000
5,46727971;0,00000000;0,00000000
5,46738371;0,00000000;0,00000000
5,46748771;0,00000000;0,00000000
5,46759171;0,00000000;0,00000000
5,46769571;0,04336860;0,00000000
5,46779971;0,00000000;0,00000000
5,46790371;0,00000000;0,00000000
5,46800771;0,04336860;0,00000000
5,46811171;0,00000000;0,00000000
5,46821571;0,00000000;0,00000000
5,46831971;0,00000000;0,00000000
5,46842371;0,00000000;0,00000000
5,46852771;0,00000000;0,00000000
5,46863171;0,00000000;0,00000000
5,46873571;0,00000000;0,00000000
5,46883971;0,00000000;0,00000000
5,46894371;0,00000000;0,00000000
5,46904771;0,00000000;0,00000000
5,46915171;0,04336860;0,00000000
5,46925571;0,00000000;0,00000000
5,46935971;0,00000000;0,00000000
5,46946371;0,00000000;0,00000000
5,46956771;0,04336860;0,00000000
5,46967171;0,00000000;0,00000000
5,46977571;0,00000000;0,00000000
5,46987971;0,04336860;0,00000000
5,46998371;0,00000000;0,00000000
5,47008771;0,00000000;0,00000000
5,47019171;0,00000000;0,00000000
5,47029571;0,00000000;0,00000000
5,47039971;0,00000000;0,00000000
5,47050371;0,00000000;0,00000000
5,47060771;0,00000000;-0,01734744
5,47071171;0,00000000;0,00000000
5,47081571;0,00000000;0,00000000
5,47091971;0,00000000;0,00000000
5,47102371;0,00000000;0,00000000
5,47112771;0,00000000;0,00000000
5,47123171;0,04336860;0,00000000
5,47133571;0,00000000;0,00000000
5,47143971;0,00000000;0,00000000
5,47154371;0,04336860;0,00000000
5,47164771;0,00000000;0,00000000
5,47175171;0,00000000;0,00000000
5,47185571;0,04336860;0,00000000
5,47195971;0,00000000;0,00000000
5,47206371;0,00000000;0,00000000
5,47216771;0,00000000;0,00000000
5,47227171;0,00000000;0,00000000
5,47237571;0,04336860;0,00000000
5,47247971;0,00000000;0,00000000
5,47258371;0,04336860;0,00000000
5,47268771;0,04336860;0,00000000
5,47279171;0,00000000;0,00000000
5,47289570;0,00000000;0,00000000
5,47299970;0,00000000;0,00000000
5,47310370;0,00000000;0,00000000
5,47320770;0,00000000;0,00000000
5,47331170;0,00000000;0,00000000
5,47341570;0,00000000;0,00000000
5,47351970;0,04336860;0,00000000
5,47362370;0,00000000;0,00000000
5,47372770;0,00000000;0,00000000
5,47383170;0,00000000;0,00000000
5,47393570;0,00000000;0,00000000
5,47403970;0,00000000;0,00000000
5,47414370;0,00000000;0,00000000
5,47424770;0,00000000;0,00000000
5,47435170;0,00000000;0,00000000
5,47445570;0,00000000;0,00000000
5,47455970;0,00000000;0,00000000
5,47466370;0,00000000;-0,01734744
5,47476770;0,00000000;0,00000000
5,47487170;0,00000000;0,00000000
5,47497570;0,00000000;0,00000000
5,47507970;0,00000000;0,00000000
5,47518370;0,00000000;0,00000000
5,47528770;0,00000000;0,00000000
5,47539170;0,04336860;0,00000000
5,47549570;0,00000000;-0,01734744
5,47559970;0,04336860;0,00000000
5,47570370;0,00000000;0,00000000
5,47580770;0,00000000;0,00000000
5,47591170;0,00000000;0,00000000
5,47601570;0,00000000;0,00000000
5,47611970;0,00000000;0,00000000
5,47622370;0,00000000;0,00000000
5,47632770;0,00000000;0,00000000
5,47643170;0,00000000;0,00000000
5,47653570;0,00000000;0,00000000
5,47663970;0,04336860;0,00000000
5,47674370;0,00000000;0,00000000
5,47684770;0,04336860;0,00000000
5,47695170;0,04336860;0,00000000
5,47705570;0,04336860;0,00000000
5,47715970;0,04336860;0,00000000
5,47726370;0,00000000;0,00000000
5,47736770;0,04336860;0,00000000
5,47747170;0,00000000;0,00000000
5,47757570;0,00000000;0,00000000
5,47767970;0,00000000;0,00000000
5,47778370;0,00000000;0,00000000
5,47788770;0,00000000;0,00000000
5,47799170;0,00000000;0,00000000
5,47809570;0,00000000;0,00000000
5,47819970;0,00000000;-0,01734744
5,47830370;0,04336860;0,00000000
5,47840770;0,00000000;0,00000000
5,47851170;0,00000000;0,00000000
5,47861570;0,04336860;0,00000000
5,47871970;0,00000000;0,00000000
5,47882370;0,00000000;0,00000000
5,47892770;0,00000000;0,00000000
5,47903170;0,00000000;0,00000000
5,47913570;0,04336860;0,00000000
5,47923970;0,00000000;-0,01734744
5,47934370;0,04336860;0,00000000
5,47944770;0,00000000;0,00000000
5,47955170;0,00000000;0,00000000
5,47965570;0,00000000;0,00000000
5,47975970;0,00000000;-0,01734744
5,47986370;0,00000000;0,00000000
5,47996770;0,00000000;0,00000000
5,48007170;0,04336860;0,00000000
5,48017570;0,04336860;0,00000000
5,48027970;0,00000000;0,00000000
5,48038370;0,00000000;0,00000000
5,48048770;0,00000000;0,00000000
5,48059170;0,00000000;0,00000000
5,48069570;0,04336860;0,00000000
5,48079970;0,00000000;0,00000000
5,48090370;0,00000000;0,00000000
5,48100770;0,00000000;0,00000000
5,48111170;0,00000000;0,00000000
5,48121570;0,00000000;0,00000000
5,48131970;0,00000000;0,00000000
5,48142370;0,04336860;0,00000000
5,48152770;0,04336860;0,00000000
5,48163170;0,00000000;0,00000000
5,48173570;0,00000000;0,00000000
5,48183970;0,00000000;0,00000000
5,48194370;0,04336860;0,00000000
5,48204770;0,04336860;0,00000000
5,48215170;0,00000000;0,00000000
5,48225570;0,04336860;0,00000000
5,48235970;0,04336860;0,00000000
5,48246370;0,00000000;0,00000000
5,48256770;0,00000000;0,00000000
5,48267170;0,04336860;0,00000000
5,48277570;0,00000000;0,00000000
5,48287970;0,00000000;0,00000000
5,48298370;0,00000000;0,00000000
5,48308770;0,00000000;0,00000000
5,48319170;0,00000000;0,00000000
5,48329570;0,00000000;0,00000000
5,48339970;0,04336860;0,00000000
5,48350370;0,00000000;0,00000000
5,48360770;0,00000000;0,00000000
5,48371170;0,00000000;0,00000000
5,48381570;0,00000000;0,00000000
5,48391970;0,00000000;0,00000000
5,48402370;0,00000000;0,00000000
5,48412770;0,04336860;0,00000000
5,48423170;0,04336860;0,00000000
5,48433570;0,00000000;0,00000000
5,48443970;0,00000000;0,00000000
5,48454370;0,00000000;0,00000000
5,48464770;0,00000000;0,00000000
5,48475170;0,00000000;0,00000000
5,48485570;0,00000000;0,00000000
5,48495970;0,04336860;0,00000000
5,48506370;0,00000000;-0,01734744
5,48516770;0,04336860;0,00000000
5,48527170;0,00000000;0,00000000
5,48537570;0,04336860;0,00000000
5,48547970;0,00000000;0,00000000
5,48558370;0,04336860;0,00000000
5,48568770;0,00000000;0,00000000
5,48579170;0,00000000;0,00000000
5,48589570;0,00000000;0,00000000
5,48599970;0,00000000;0,00000000
5,48610370;0,00000000;0,00000000
5,48620770;0,00000000;0,00000000
5,48631170;0,04336860;0,00000000
5,48641570;0,00000000;0,00000000
5,48651970;0,00000000;0,00000000
5,48662370;0,00000000;0,00000000
5,48672770;0,04336860;0,00000000
5,48683170;0,00000000;0,00000000
5,48693570;0,00000000;0,00000000
5,48703970;0,00000000;0,00000000
5,48714370;0,00000000;0,00000000
5,48724770;0,00000000;0,00000000
5,48735170;0,00000000;0,00000000
5,48745570;0,04336860;0,00000000
5,48755970;0,00000000;0,00000000
5,48766370;0,04336860;0,00000000
5,48776770;0,00000000;0,00000000
5,48787170;0,04336860;0,00000000
5,48797570;0,00000000;0,00000000
5,48807970;0,04336860;0,00000000
5,48818370;0,04336860;0,00000000
5,48828770;0,00000000;0,00000000
5,48839170;0,00000000;0,00000000
5,48849570;0,00000000;0,00000000
5,48859970;0,00000000;0,00000000
5,48870370;0,00000000;0,00000000
5,48880770;0,04336860;0,00000000
5,48891170;0,00000000;0,00000000
5,48901570;0,00000000;-0,01734744
5,48911970;0,00000000;0,00000000
5,48922370;0,00000000;0,00000000
5,48932770;0,00000000;0,00000000
5,48943170;0,00000000;0,00000000
5,48953570;0,00000000;0,00000000
5,48963970;0,00000000;0,00000000
5,48974370;0,00000000;0,00000000
5,48984770;0,00000000;0,00000000
5,48995170;0,04336860;0,00000000
5,49005570;0,00000000;0,00000000
5,49015970;0,04336860;0,00000000
5,49026370;0,04336860;-0,01734744
5,49036770;0,00000000;0,00000000
5,49047170;0,00000000;0,00000000
5,49057570;0,00000000;0,00000000
5,49067970;0,00000000;0,00000000
5,49078370;0,00000000;0,00000000
5,49088770;0,00000000;0,00000000
5,49099170;0,00000000;0,00000000
5,49109570;0,04336860;0,00000000
5,49119970;0,00000000;0,00000000
5,49130370;0,00000000;0,00000000
5,49140770;0,00000000;0,00000000
5,49151170;0,04336860;0,00000000
5,49161570;0,00000000;0,00000000
5,49171970;0,00000000;0,00000000
5,49182370;0,00000000;0,00000000
5,49192770;0,00000000;0,00000000
5,49203170;0,00000000;0,00000000
5,49213570;0,00000000;0,00000000
5,49223970;0,00000000;0,00000000
5,49234370;0,00000000;0,00000000
5,49244770;0,04336860;0,00000000
5,49255170;0,00000000;0,00000000
5,49265570;0,00000000;0,00000000
5,49275970;0,04336860;0,00000000
5,49286370;0,00000000;0,00000000
5,49296770;0,00000000;0,00000000
5,49307170;0,00000000;0,00000000
5,49317570;0,00000000;0,00000000
5,49327970;0,00000000;0,00000000
5,49338370;0,04336860;0,00000000
5,49348770;0,00000000;0,00000000
5,49359170;0,00000000;0,00000000
5,49369570;0,00000000;0,00000000
5,49379970;0,00000000;0,00000000
5,49390370;0,00000000;0,00000000
5,49400770;0,00000000;0,00000000
5,49411170;0,00000000;0,00000000
5,49421570;0,00000000;0,00000000
5,49431970;0,00000000;0,00000000
5,49442370;0,00000000;0,00000000
5,49452770;0,00000000;0,00000000
5,49463170;0,00000000;0,00000000
5,49473570;0,00000000;0,00000000
5,49483970;0,00000000;0,00000000
5,49494370;0,00000000;0,00000000
5,49504770;0,00000000;0,00000000
5,49515170;0,00000000;0,00000000
5,49525570;0,00000000;0,00000000
5,49535970;0,04336860;0,00000000
5,49546370;0,00000000;0,00000000
5,49556770;0,00000000;0,00000000
5,49567170;0,00000000;0,00000000
5,49577570;0,00000000;0,00000000
5,49587970;0,00000000;0,00000000
5,49598370;0,04336860;0,00000000
5,49608770;0,00000000;0,00000000
5,49619170;0,00000000;0,00000000
5,49629570;0,00000000;0,00000000
5,49639970;0,00000000;0,00000000
5,49650370;0,00000000;0,00000000
5,49660770;0,00000000;0,00000000
5,49671170;0,00000000;0,00000000
5,49681570;0,00000000;0,00000000
5,49691970;0,00000000;0,00000000
5,49702370;0,00000000;0,00000000
5,49712770;0,00000000;-0,01734744
5,49723170;0,00000000;0,00000000
5,49733570;0,00000000;0,00000000
5,49743970;0,04336860;0,00000000
5,49754370;0,04336860;0,00000000
5,49764770;0,04336860;0,00000000
5,49775170;0,00000000;0,00000000
5,49785570;0,00000000;0,00000000
5,49795970;0,04336860;0,00000000
5,49806370;0,00000000;0,00000000
5,49816770;0,04336860;0,00000000
5,49827170;0,00000000;0,00000000
5,49837570;0,00000000;0,00000000
5,49847970;0,00000000;0,00000000
5,49858370;0,00000000;0,00000000
5,49868770;0,04336860;0,00000000
5,49879170;0,04336860;0,00000000
5,49889570;0,00000000;0,00000000
5,49899970;0,04336860;0,00000000
5,49910370;0,04336860;0,00000000
5,49920770;0,04336860;0,00000000
5,49931170;0,00000000;0,00000000
5,49941570;0,00000000;0,00000000
5,49951970;0,00000000;0,00000000
5,49962370;0,00000000;0,00000000
5,49972770;0,00000000;0,00000000
5,49983170;0,04336860;0,00000000
5,49993570;0,00000000;0,00000000
5,50003970;0,04336860;0,00000000
5,50014370;0,04336860;0,00000000
5,50024770;0,00000000;0,00000000
5,50035170;0,00000000;0,00000000
5,50045570;0,00000000;0,00000000
5,50055970;0,00000000;0,00000000
5,50066370;0,00000000;0,00000000
5,50076770;0,00000000;0,00000000
5,50087170;0,04336860;0,00000000
5,50097570;0,00000000;0,00000000
5,50107970;0,00000000;0,00000000
5,50118370;0,00000000;0,00000000
5,50128770;0,04336860;0,00000000
5,50139170;0,04336860;0,00000000
5,50149570;0,04336860;0,00000000
5,50159970;0,04336860;0,00000000
5,50170370;0,00000000;0,00000000
5,50180770;0,00000000;0,00000000
5,50191170;0,00000000;0,00000000
5,50201570;0,00000000;0,00000000
5,50211970;0,00000000;0,00000000
5,50222370;0,00000000;0,00000000
5,50232770;0,00000000;0,00000000
5,50243170;0,04336860;0,00000000
5,50253570;0,04336860;0,00000000
5,50263970;0,04336860;0,00000000
5,50274370;0,04336860;0,00000000
5,50284770;0,04336860;0,00000000
5,50295170;0,04336860;0,00000000
5,50305570;0,00000000;0,00000000
5,50315970;0,00000000;0,00000000
5,50326370;0,00000000;0,00000000
5,50336770;0,04336860;0,00000000
5,50347170;0,04336860;0,00000000
5,50357570;0,00000000;0,00000000
5,50367970;0,04336860;0,00000000
5,50378370;0,04336860;0,00000000
5,50388770;0,00000000;0,00000000
5,50399170;0,00000000;0,00000000
5,50409570;0,04336860;0,00000000
5,50419970;0,00000000;0,00000000
5,50430370;0,00000000;0,00000000
5,50440770;0,00000000;0,00000000
5,50451170;0,00000000;0,00000000
5,50461570;0,04336860;0,00000000
5,50471970;0,00000000;0,00000000
5,50482370;0,00000000;0,00000000
5,50492770;0,04336860;0,00000000
5,50503170;0,00000000;0,00000000
5,50513570;0,00000000;0,00000000
5,50523970;0,00000000;0,00000000
5,50534370;0,00000000;0,00000000
5,50544770;0,00000000;0,00000000
5,50555170;0,00000000;0,00000000
5,50565570;0,00000000;0,00000000
5,50575970;0,00000000;0,00000000
5,50586370;0,00000000;0,00000000
5,50596770;0,00000000;0,00000000
5,50607170;0,00000000;0,00000000
5,50617570;0,04336860;0,00000000
5,50627970;0,00000000;0,00000000
5,50638370;0,04336860;0,00000000
5,50648770;0,00000000;0,00000000
5,50659170;0,00000000;0,00000000
5,50669570;0,04336860;0,00000000
5,50679970;0,00000000;0,00000000
5,50690370;0,00000000;0,00000000
5,50700770;0,04336860;0,00000000
5,50711170;0,00000000;0,00000000
5,50721570;0,00000000;0,00000000
5,50731970;0,00000000;0,00000000
5,50742370;0,00000000;0,00000000
5,50752770;0,04336860;0,00000000
5,50763170;0,00000000;0,00000000
5,50773570;0,00000000;0,00000000
5,50783970;0,04336860;0,00000000
5,50794370;0,00000000;0,00000000
5,50804770;0,00000000;0,00000000
5,50815170;0,04336860;0,00000000
5,50825570;0,00000000;0,00000000
5,50835970;0,00000000;0,00000000
5,50846370;0,00000000;0,00000000
5,50856770;0,04336860;0,00000000
5,50867170;0,04336860;0,00000000
5,50877570;0,00000000;0,00000000
5,50887970;0,00000000;0,00000000
5,50898370;0,00000000;0,00000000
5,50908770;0,00000000;0,00000000
5,50919170;0,00000000;0,00000000
5,50929570;0,00000000;0,00000000
5,50939970;0,04336860;0,00000000
5,50950370;0,00000000;0,00000000
5,50960770;0,00000000;0,00000000
5,50971170;0,04336860;-0,01734744
5,50981570;0,00000000;0,00000000
5,50991970;0,00000000;0,00000000
5,51002370;0,00000000;0,00000000
5,51012770;0,00000000;0,00000000
5,51023170;0,00000000;0,00000000
5,51033570;0,04336860;0,00000000
5,51043970;0,00000000;-0,01734744
5,51054370;0,04336860;0,00000000
5,51064770;0,00000000;0,00000000
5,51075170;0,00000000;0,00000000
5,51085570;0,00000000;0,00000000
5,51095970;0,00000000;0,00000000
5,51106370;0,00000000;0,00000000
5,51116770;0,00000000;0,00000000
5,51127170;0,00000000;0,00000000
5,51137570;0,00000000;0,00000000
5,51147970;0,04336860;0,00000000
5,51158370;0,00000000;0,00000000
5,51168770;0,00000000;0,00000000
5,51179170;0,04336860;-0,01734744
5,51189570;0,00000000;0,00000000
5,51199970;0,04336860;0,00000000
5,51210370;0,00000000;0,00000000
5,51220770;0,00000000;0,00000000
5,51231170;0,00000000;0,00000000
5,51241570;0,00000000;0,00000000
5,51251970;0,00000000;0,00000000
5,51262370;0,04336860;0,00000000
5,51272770;0,00000000;0,00000000
5,51283170;0,00000000;0,00000000
5,51293570;0,00000000;0,00000000
5,51303970;0,04336860;0,00000000
5,51314370;0,04336860;0,00000000
5,51324770;0,00000000;0,00000000
5,51335170;0,00000000;0,00000000
5,51345570;0,00000000;0,00000000
5,51355970;0,00000000;0,00000000
5,51366370;0,00000000;0,00000000
5,51376770;0,00000000;0,00000000
5,51387170;0,00000000;0,00000000
5,51397570;0,00000000;0,00000000
5,51407970;0,04336860;0,00000000
5,51418370;0,00000000;0,00000000
5,51428770;0,00000000;0,00000000
5,51439170;0,00000000;0,00000000
5,51449570;0,04336860;0,00000000
5,51459970;0,00000000;0,00000000
5,51470370;0,04336860;0,00000000
5,51480770;0,00000000;0,00000000
5,51491170;0,00000000;0,00000000
5,51501570;0,00000000;0,00000000
5,51511970;0,00000000;0,00000000
5,51522370;0,00000000;0,00000000
5,51532770;0,00000000;0,00000000
5,51543170;0,00000000;0,00000000
5,51553570;0,00000000;0,00000000
5,51563970;0,04336860;0,00000000
5,51574370;0,00000000;0,00000000
5,51584770;0,00000000;0,00000000
5,51595170;0,00000000;0,00000000
5,51605570;0,04336860;0,00000000
5,51615970;0,00000000;0,00000000
5,51626370;0,00000000;0,00000000
5,51636770;0,00000000;0,00000000
5,51647170;0,00000000;0,00000000
5,51657570;0,00000000;0,00000000
5,51667970;0,00000000;0,00000000
5,51678370;0,04336860;0,00000000
5,51688770;0,00000000;0,00000000
5,51699170;0,00000000;0,00000000
5,51709570;0,04336860;0,00000000
5,51719970;0,00000000;0,00000000
5,51730370;0,04336860;0,00000000
5,51740770;0,04336860;0,00000000
5,51751170;0,00000000;0,00000000
5,51761570;0,00000000;0,00000000
5,51771970;0,00000000;0,00000000
5,51782370;0,04336860;0,00000000
5,51792770;0,00000000;0,00000000
5,51803170;0,00000000;0,00000000
5,51813570;0,00000000;0,00000000
5,51823970;0,00000000;0,00000000
5,51834370;0,00000000;0,00000000
5,51844770;0,00000000;0,00000000
5,51855170;0,04336860;0,00000000
5,51865570;0,00000000;0,00000000
5,51875970;0,00000000;0,00000000
5,51886370;0,00000000;0,00000000
5,51896770;0,00000000;0,00000000
5,51907170;0,00000000;0,00000000
5,51917570;0,04336860;0,00000000
5,51927970;0,00000000;0,00000000
5,51938370;0,00000000;-0,01734744
5,51948770;0,00000000;0,00000000
5,51959170;0,00000000;0,00000000
5,51969570;0,00000000;0,00000000
5,51979970;0,00000000;0,00000000
5,51990370;0,00000000;0,00000000
5,52000770;0,04336860;0,00000000
5,52011170;0,00000000;0,00000000
5,52021570;0,04336860;0,00000000
5,52031970;0,00000000;0,00000000
5,52042370;0,00000000;0,00000000
5,52052770;0,00000000;0,00000000
5,52063170;0,00000000;0,00000000
5,52073570;0,00000000;0,00000000
5,52083970;0,00000000;0,00000000
5,52094370;0,00000000;0,00000000
5,52104770;0,00000000;0,00000000
5,52115170;0,00000000;0,00000000
5,52125570;0,00000000;0,00000000
5,52135970;0,04336860;0,00000000
5,52146370;0,00000000;0,00000000
5,52156770;0,00000000;-0,01734744
5,52167170;0,00000000;0,00000000
5,52177570;0,04336860;0,00000000
5,52187970;0,00000000;0,00000000
5,52198370;0,04336860;0,00000000
5,52208770;0,00000000;0,00000000
5,52219170;0,04336860;0,00000000
5,52229570;0,04336860;0,00000000
5,52239970;0,04336860;0,00000000
5,52250370;0,00000000;0,00000000
5,52260770;0,04336860;0,00000000
5,52271170;0,00000000;0,00000000
5,52281570;0,00000000;0,00000000
5,52291970;0,00000000;0,00000000
5,52302370;0,00000000;0,00000000
5,52312770;0,00000000;0,00000000
5,52323170;0,00000000;0,00000000
5,52333570;0,00000000;0,00000000
5,52343970;0,00000000;0,00000000
5,52354370;0,00000000;0,00000000
5,52364770;0,00000000;0,00000000
5,52375170;0,00000000;0,00000000
5,52385570;0,00000000;0,00000000
5,52395970;0,00000000;0,00000000
5,52406370;0,00000000;0,00000000
5,52416770;0,04336860;0,00000000
5,52427170;0,04336860;-0,01734744
5,52437570;0,00000000;0,00000000
5,52447970;0,00000000;0,00000000
5,52458370;0,00000000;0,00000000
5,52468770;0,04336860;0,00000000
5,52479170;0,00000000;0,00000000
5,52489570;0,00000000;0,00000000
5,52499970;0,00000000;0,00000000
5,52510370;0,04336860;0,00000000
5,52520770;0,04336860;0,00000000
5,52531170;0,00000000;0,00000000
5,52541570;0,00000000;0,00000000
5,52551970;0,00000000;-0,01734744
5,52562370;0,00000000;0,00000000
5,52572770;0,00000000;0,00000000
5,52583170;0,04336860;0,00000000
5,52593570;0,04336860;0,00000000
5,52603970;0,04336860;0,00000000
5,52614370;0,00000000;0,00000000
5,52624770;0,00000000;-0,01734744
5,52635170;0,00000000;0,00000000
5,52645570;0,00000000;0,00000000
5,52655970;0,00000000;0,00000000
5,52666370;0,04336860;0,00000000
5,52676770;0,00000000;0,00000000
5,52687170;0,00000000;0,00000000
5,52697570;0,04336860;0,00000000
5,52707970;0,00000000;0,00000000
5,52718370;0,00000000;0,00000000
5,52728770;0,04336860;0,00000000
5,52739170;0,04336860;0,00000000
5,52749570;0,00000000;0,00000000
5,52759970;0,00000000;0,00000000
5,52770370;0,00000000;0,00000000
5,52780770;0,00000000;0,00000000
5,52791170;0,00000000;0,00000000
5,52801570;0,00000000;0,00000000
5,52811970;0,00000000;0,00000000
5,52822370;0,04336860;0,00000000
5,52832770;0,00000000;0,00000000
5,52843170;0,00000000;0,00000000
5,52853570;0,00000000;0,00000000
5,52863970;0,00000000;0,00000000
5,52874370;0,00000000;0,00000000
5,52884770;0,04336860;0,00000000
5,52895170;0,00000000;0,00000000
5,52905570;0,00000000;0,00000000
5,52915970;0,00000000;0,00000000
5,52926370;0,04336860;0,00000000
5,52936770;0,00000000;0,00000000
5,52947170;0,00000000;0,00000000
5,52957570;0,00000000;0,00000000
5,52967970;0,00000000;0,00000000
5,52978370;0,00000000;0,00000000
5,52988770;0,04336860;0,00000000
5,52999170;0,00000000;0,00000000
5,53009570;0,00000000;0,00000000
5,53019970;0,00000000;0,00000000
5,53030370;0,04336860;0,00000000
5,53040770;0,04336860;0,00000000
5,53051170;0,00000000;0,00000000
5,53061570;0,04336860;0,00000000
5,53071970;0,00000000;0,00000000
5,53082370;0,00000000;0,00000000
5,53092770;0,00000000;0,00000000
5,53103170;0,00000000;-0,01734744
5,53113570;0,00000000;0,00000000
5,53123970;0,04336860;0,00000000
5,53134370;0,04336860;0,00000000
5,53144770;0,00000000;0,00000000
5,53155170;0,00000000;0,00000000
5,53165570;0,00000000;0,00000000
5,53175970;0,00000000;0,00000000
5,53186370;0,04336860;0,00000000
5,53196770;0,00000000;0,00000000
5,53207170;0,00000000;0,00000000
5,53217570;0,00000000;0,00000000
5,53227970;0,00000000;0,00000000
5,53238370;0,04336860;0,00000000
5,53248770;0,00000000;0,00000000
5,53259170;0,04336860;0,00000000
5,53269570;0,00000000;0,00000000
5,53279970;0,00000000;0,00000000
5,53290370;0,00000000;0,00000000
5,53300770;0,00000000;0,00000000
5,53311170;0,04336860;0,00000000
5,53321570;0,04336860;0,00000000
5,53331970;0,00000000;0,00000000
5,53342370;0,00000000;0,00000000
5,53352770;0,00000000;0,00000000
5,53363170;0,04336860;0,00000000
5,53373570;0,00000000;0,00000000
5,53383970;0,00000000;0,00000000
5,53394370;0,00000000;0,00000000
5,53404770;0,04336860;0,00000000
5,53415170;0,00000000;0,00000000
5,53425570;0,00000000;0,00000000
5,53435970;0,00000000;0,00000000
5,53446370;0,00000000;0,00000000
5,53456770;0,00000000;0,00000000
5,53467170;0,04336860;0,00000000
5,53477570;0,00000000;0,00000000
5,53487970;0,00000000;0,00000000
5,53498370;0,00000000;0,00000000
5,53508770;0,00000000;0,00000000
5,53519170;0,00000000;0,00000000
5,53529570;0,00000000;0,00000000
5,53539970;0,04336860;0,00000000
5,53550370;0,00000000;0,00000000
5,53560770;0,00000000;0,00000000
5,53571170;0,00000000;0,00000000
5,53581570;0,00000000;0,00000000
5,53591970;0,00000000;0,00000000
5,53602370;0,00000000;0,00000000
5,53612770;0,00000000;0,00000000
5,53623170;0,00000000;0,00000000
5,53633570;0,00000000;0,00000000
5,53643970;0,00000000;0,00000000
5,53654370;0,00000000;0,00000000
5,53664770;0,00000000;0,00000000
5,53675170;0,00000000;0,00000000
5,53685570;0,00000000;0,00000000
5,53695970;0,00000000;0,00000000
5,53706370;0,00000000;0,00000000
5,53716770;0,04336860;0,00000000
5,53727170;0,00000000;0,00000000
5,53737570;0,00000000;0,00000000
5,53747970;0,00000000;0,00000000
5,53758370;0,00000000;0,00000000
5,53768770;0,00000000;-0,01734744
5,53779170;0,04336860;0,00000000
5,53789570;0,00000000;0,00000000
5,53799970;0,00000000;0,00000000
5,53810370;0,04336860;0,00000000
5,53820770;0,00000000;0,00000000
5,53831170;0,00000000;0,00000000
5,53841570;0,00000000;0,00000000
5,53851970;0,00000000;0,00000000
5,53862370;0,00000000;0,00000000
5,53872770;0,00000000;0,00000000
5,53883170;0,04336860;0,00000000
5,53893570;0,04336860;0,00000000
5,53903970;0,00000000;0,00000000
5,53914370;0,00000000;0,00000000
5,53924770;0,00000000;0,00000000
5,53935170;0,00000000;0,00000000
5,53945570;0,00000000;0,00000000
5,53955970;0,04336860;0,00000000
5,53966370;0,00000000;0,00000000
5,53976770;0,00000000;0,00000000
5,53987170;0,00000000;0,00000000
5,53997570;0,00000000;0,00000000
5,54007970;0,00000000;0,00000000
5,54018370;0,00000000;-0,01734744
5,54028770;0,00000000;0,00000000
5,54039170;0,00000000;0,00000000
5,54049570;0,00000000;-0,01734744
5,54059970;0,04336860;0,00000000
5,54070370;0,04336860;0,00000000
5,54080770;0,00000000;0,00000000
5,54091170;0,00000000;0,00000000
5,54101570;0,00000000;0,00000000
5,54111970;0,00000000;0,00000000
5,54122370;0,00000000;0,00000000
5,54132770;0,00000000;0,00000000
5,54143170;0,04336860;0,00000000
5,54153570;0,00000000;0,00000000
5,54163970;0,00000000;0,00000000
5,54174370;0,04336860;0,00000000
5,54184770;0,00000000;0,00000000
5,54195170;0,00000000;0,00000000
5,54205570;0,00000000;0,00000000
5,54215970;0,04336860;0,00000000
5,54226370;0,00000000;0,00000000
5,54236770;0,00000000;0,00000000
5,54247170;0,00000000;0,00000000
5,54257570;0,00000000;0,00000000
5,54267970;0,00000000;0,00000000
5,54278370;0,00000000;0,00000000
5,54288770;0,04336860;0,00000000
5,54299170;0,00000000;0,00000000
5,54309570;0,00000000;0,00000000
5,54319970;0,04336860;0,00000000
5,54330370;0,00000000;0,00000000
5,54340770;0,04336860;0,00000000
5,54351170;0,00000000;0,00000000
5,54361570;0,04336860;0,00000000
5,54371970;0,00000000;0,00000000
5,54382370;0,04336860;0,00000000
5,54392770;0,00000000;0,00000000
5,54403170;0,00000000;0,00000000
5,54413570;0,04336860;0,00000000
5,54423970;0,04336860;0,00000000
5,54434370;0,00000000;0,00000000
5,54444770;0,00000000;0,00000000
5,54455170;0,00000000;0,00000000
5,54465570;0,00000000;0,00000000
5,54475970;0,04336860;0,00000000
5,54486370;0,00000000;0,00000000
5,54496770;0,04336860;0,00000000
5,54507170;0,04336860;0,00000000
5,54517570;0,04336860;0,00000000
5,54527970;0,00000000;0,00000000
5,54538370;0,04336860;0,00000000
5,54548770;0,04336860;0,00000000
5,54559170;0,00000000;0,00000000
5,54569570;0,04336860;0,00000000
5,54579970;0,00000000;0,00000000
5,54590370;0,04336860;0,00000000
5,54600770;0,04336860;0,00000000
5,54611170;0,00000000;0,00000000
5,54621570;3,56683683;0,00000000
5,54631970;3,78429508;0,00000000
5,54642370;3,91470838;0,00000000
5,54652770;3,82781744;0,00000000
5,54663170;3,82781744;0,00000000
5,54673570;3,82781744;0,00000000
5,54683970;3,87133980;0,00000000
5,54694370;3,82781744;0,00000000
5,54704770;3,82781744;0,00000000
5,54715170;3,82781744;0,00000000
5,54725570;3,82781744;0,00000000
5,54735970;3,82781744;0,00000000
5,54746370;3,82781744;0,00000000
5,54756770;3,82781744;0,00000000
5,54767170;3,82781744;0,00000000
5,54777570;3,82781744;0,00000000
5,54787970;3,82781744;0,00000000
5,54798370;3,82781744;0,00000000
5,54808770;3,82781744;0,00000000
5,54819170;3,82781744;0,00000000
5,54829570;3,82781744;0,00000000
5,54839970;3,82781744;0,00000000
5,54850370;3,82781744;0,00000000
5,54860770;3,82781744;0,00000000
5,54871170;3,82781744;0,00000000
5,54881570;3,82781744;0,00000000
5,54891970;3,78429508;0,00000000
5,54902370;3,82781744;0,00000000
5,54912770;3,82781744;0,00000000
5,54923170;3,78429508;0,00000000
5,54933570;3,78429508;0,00000000
5,54943970;3,78429508;0,00000000
5,54954370;3,78429508;0,00000000
5,54964770;3,78429508;0,00000000
5,54975170;3,78429508;0,00000000
5,54985570;3,82781744;0,00000000
5,54995970;3,78429508;0,00000000
5,55006370;3,78429508;0,00000000
5,55016770;3,82781744;0,00000000
5,55027170;3,82781744;0,00000000
5,55037570;3,78429508;0,00000000
5,55047970;3,82781744;0,00000000
5,55058370;3,78429508;0,00000000
5,55068770;3,78429508;0,00000000
5,55079170;3,78429508;0,00000000
5,55089570;3,78429508;0,00000000
5,55099970;3,78429508;0,00000000
5,55110370;3,78429508;0,00000000
5,55120770;3,78429508;0,00000000
5,55131170;3,78429508;0,00000000
5,55141570;3,78429508;0,00000000
5,55151970;3,78429508;0,00000000
5,55162370;3,78429508;0,00000000
5,55172770;3,82781744;0,00000000
5,55183170;3,82781744;0,00000000
5,55193570;3,78429508;0,00000000
5,55203970;3,78429508;0,00000000
5,55214370;3,78429508;0,00000000
5,55224770;3,78429508;0,00000000
5,55235170;3,78429508;0,00000000
5,55245570;3,78429508;0,00000000
5,55255970;3,82781744;0,00000000
5,55266370;3,78429508;0,00000000
5,55276770;3,82781744;0,00000000
5,55287170;3,78429508;0,00000000
5,55297570;3,82781744;0,00000000
5,55307970;3,78429508;0,00000000
5,55318370;3,78429508;0,00000000
5,55328770;3,78429508;0,00000000
5,55339170;3,82781744;0,00000000
5,55349570;3,78429508;0,00000000
5,55359970;3,78429508;0,00000000
5,55370370;3,78429508;0,00000000
5,55380770;3,78429508;0,00000000
5,55391170;3,82781744;0,00000000
5,55401570;3,78429508;0,00000000
5,55411970;3,78429508;0,00000000
5,55422370;3,82781744;0,00000000
5,55432770;3,78429508;0,00000000
5,55443170;3,82781744;0,00000000
5,55453570;3,78429508;0,00000000
5,55463970;3,78429508;0,00000000
5,55474370;3,82781744;0,00000000
5,55484770;3,78429508;0,00000000
5,55495170;3,78429508;0,00000000
5,55505570;3,78429508;0,00000000
5,55515970;3,82781744;0,00000000
5,55526370;3,78429508;0,00000000
5,55536770;3,82781744;0,00000000
5,55547170;3,82781744;0,00000000
5,55557570;3,78429508;0,00000000
5,55567970;3,78429508;0,00000000
5,55578370;3,78429508;0,00000000
5,55588770;3,78429508;0,00000000
5,55599170;3,78429508;0,00000000
5,55609570;3,82781744;0,00000000
5,55619970;3,78429508;0,00000000
5,55630370;3,78429508;0,00000000
5,55640770;3,82781744;0,00000000
5,55651170;3,82781744;0,00000000
5,55661570;3,78429508;0,00000000
5,55671970;3,82781744;0,00000000
5,55682370;3,78429508;0,00000000
5,55692770;3,78429508;0,00000000
5,55703170;3,78429508;0,00000000
5,55713570;3,82781744;0,00000000
5,55723970;3,78429508;0,00000000
5,55734370;3,78429508;0,00000000
5,55744770;3,78429508;0,00000000
5,55755170;3,78429508;0,00000000
5,55765570;3,82781744;0,00000000
5,55775970;3,78429508;0,00000000
5,55786370;3,82781744;0,00000000
5,55796770;3,82781744;0,00000000
5,55807170;3,82781744;0,00000000
5,55817570;3,78429508;0,00000000
5,55827970;3,78429508;0,00000000
5,55838370;3,82781744;0,00000000
5,55848770;3,78429508;0,00000000
5,55859170;3,82781744;0,00000000
5,55869570;3,78429508;0,00000000
5,55879970;3,82781744;0,00000000
5,55890370;3,82781744;0,00000000
5,55900770;3,82781744;0,00000000
5,55911170;3,82781744;0,00000000
5,55921570;3,82781744;0,00000000
5,55931970;3,78429508;0,00000000
5,55942370;3,82781744;0,00000000
5,55952770;3,82781744;0,00000000
5,55963170;3,82781744;0,00000000
5,55973570;3,82781744;0,00000000
5,55983970;3,78429508;0,00000000
5,55994370;3,78429508;0,00000000
5,56004770;3,78429508;0,00000000
5,56015170;3,78429508;0,00000000
5,56025570;3,78429508;0,00000000
5,56035970;3,82781744;0,00000000
5,56046370;3,82781744;0,00000000
5,56056770;3,82781744;0,00000000
5,56067170;3,82781744;0,00000000
5,56077570;3,78429508;0,00000000
5,56087970;3,82781744;0,00000000
5,56098370;3,78429508;0,00000000
5,56108770;3,78429508;0,00000000
5,56119170;3,78429508;0,00000000
5,56129570;3,78429508;0,00000000
5,56139970;3,78429508;0,00000000
5,56150370;3,82781744;0,00000000
5,56160770;3,82781744;0,00000000
5,56171170;3,78429508;0,00000000
5,56181570;3,78429508;0,00000000
5,56191970;3,82781744;0,00000000
5,56202370;3,78429508;0,00000000
5,56212770;3,78429508;0,00000000
5,56223170;3,82781744;0,00000000
5,56233570;3,82781744;0,00000000
5,56243970;3,78429508;0,00000000
5,56254370;3,78429508;0,00000000
5,56264770;3,78429508;0,00000000
5,56275170;3,82781744;0,00000000
5,56285570;3,78429508;0,00000000
5,56295970;3,82781744;0,00000000
5,56306370;3,78429508;0,00000000
5,56316770;3,78429508;0,00000000
5,56327170;3,82781744;0,00000000
5,56337570;3,82781744;0,00000000
5,56347970;3,78429508;0,00000000
5,56358370;3,82781744;0,00000000
5,56368770;3,82781744;0,00000000
5,56379170;3,82781744;0,00000000
5,56389570;3,78429508;0,00000000
5,56399970;3,82781744;0,00000000
5,56410370;3,82781744;0,00000000
5,56420770;3,82781744;0,00000000
5,56431170;3,78429508;0,00000000
5,56441570;3,82781744;0,00000000
5,56451970;3,78429508;0,00000000
5,56462370;3,78429508;0,00000000
5,56472770;3,82781744;0,00000000
5,56483170;3,82781744;0,00000000
5,56493570;3,78429508;0,00000000
5,56503970;3,82781744;0,00000000
5,56514370;3,82781744;0,00000000
5,56524770;3,82781744;0,00000000
5,56535170;3,82781744;0,00000000
5,56545570;3,78429508;0,00000000
5,56555970;3,82781744;0,00000000
5,56566370;3,82781744;0,00000000
5,56576770;3,82781744;0,00000000
5,56587170;3,82781744;0,00000000
5,56597570;3,82781744;0,00000000
5,56607970;3,78429508;0,00000000
5,56618370;3,82781744;0,00000000
5,56628770;3,82781744;0,00000000
5,56639170;3,82781744;0,00000000
5,56649570;3,82781744;0,00000000
5,56659970;3,82781744;0,00000000
5,56670370;3,82781744;0,00000000
5,56680770;3,78429508;0,00000000
5,56691170;3,82781744;0,00000000
5,56701570;3,82781744;0,00000000
5,56711970;3,82781744;0,00000000
5,56722370;3,82781744;0,00000000
5,56732770;3,82781744;0,00000000
5,56743170;3,82781744;0,00000000
5,56753570;3,82781744;0,00000000
5,56763970;3,78429508;0,00000000
5,56774370;3,78429508;0,00000000
5,56784770;3,82781744;0,00000000
5,56795170;3,82781744;0,00000000
5,56805570;3,82781744;0,00000000
5,56815970;3,78429508;0,00000000
5,56826370;3,82781744;0,00000000
5,56836770;3,78429508;0,00000000
5,56847170;3,78429508;0,00000000
5,56857570;3,82781744;0,00000000
5,56867970;3,78429508;0,00000000
5,56878370;3,82781744;0,00000000
5,56888770;3,82781744;0,00000000
5,56899170;3,82781744;0,00000000
5,56909570;3,82781744;0,00000000
5,56919970;3,82781744;0,00000000
5,56930370;3,82781744;0,00000000
5,56940770;3,78429508;0,00000000
5,56951170;3,82781744;0,00000000
5,56961570;3,82781744;0,00000000
5,56971970;3,78429508;0,00000000
5,56982370;3,82781744;0,00000000
5,56992770;3,82781744;0,00000000
5,57003170;3,82781744;0,00000000
5,57013570;3,82781744;0,00000000
5,57023970;3,82781744;0,00000000
5,57034370;3,78429508;0,00000000
5,57044770;3,82781744;0,00000000
5,57055170;3,82781744;0,00000000
5,57065570;3,82781744;0,00000000
5,57075970;3,78429508;0,00000000
5,57086370;3,82781744;0,00000000
5,57096770;3,82781744;0,00000000
5,57107170;3,78429508;0,00000000
5,57117570;3,82781744;0,00000000
5,57127970;3,82781744;0,00000000
5,57138370;3,82781744;0,00000000
5,57148770;3,82781744;0,00000000
5,57159170;3,82781744;0,00000000
5,57169570;3,82781744;0,00000000
5,57179970;3,78429508;0,00000000
5,57190370;3,78429508;0,00000000
5,57200770;3,82781744;0,00000000
5,57211170;3,82781744;0,00000000
5,57221570;3,78429508;0,00000000
5,57231970;3,82781744;0,00000000
5,57242370;3,82781744;0,00000000
5,57252770;3,82781744;0,00000000
5,57263170;3,78429508;0,00000000
5,57273570;3,82781744;0,00000000
5,57283970;3,78429508;0,00000000
5,57294370;3,82781744;0,00000000
5,57304770;3,82781744;0,00000000
5,57315170;3,78429508;0,00000000
5,57325570;3,78429508;0,00000000
5,57335970;3,78429508;0,00000000
5,57346370;3,82781744;0,00000000
5,57356770;3,82781744;0,00000000
5,57367170;3,78429508;0,00000000
5,57377570;3,82781744;0,00000000
5,57387970;3,82781744;0,00000000
5,57398370;3,82781744;0,00000000
5,57408770;3,82781744;0,00000000
5,57419170;3,78429508;0,00000000
5,57429570;3,82781744;0,00000000
5,57439970;3,82781744;0,00000000
5,57450370;3,78429508;0,00000000
5,57460770;3,82781744;0,00000000
5,57471170;3,82781744;0,00000000
5,57481570;3,82781744;0,00000000
5,57491970;3,82781744;0,00000000
5,57502370;3,78429508;0,00000000
5,57512770;3,78429508;0,00000000
5,57523170;3,82781744;0,00000000
5,57533570;3,82781744;0,00000000
5,57543970;3,78429508;0,00000000
5,57554370;3,82781744;0,00000000
5,57564770;3,82781744;0,00000000
5,57575170;3,82781744;0,00000000
5,57585570;3,82781744;0,00000000
5,57595970;3,82781744;0,00000000
5,57606370;3,82781744;0,00000000
5,57616770;3,82781744;0,00000000
5,57627170;3,82781744;0,00000000
5,57637570;3,78429508;0,00000000
5,57647970;3,82781744;0,00000000
5,57658370;3,78429508;0,00000000
5,57668770;3,82781744;0,00000000
5,57679170;3,78429508;0,00000000
5,57689570;3,82781744;0,00000000
5,57699970;3,82781744;0,00000000
5,57710370;3,82781744;0,00000000
5,57720770;3,78429508;0,00000000
5,57731170;3,82781744;0,00000000
5,57741570;3,82781744;0,00000000
5,57751970;3,82781744;0,00000000
5,57762370;3,82781744;0,00000000
5,57772770;3,78429508;0,00000000
5,57783170;3,82781744;0,00000000
5,57793570;3,78429508;0,00000000
5,57803970;3,82781744;0,00000000
5,57814370;3,78429508;0,00000000
5,57824770;3,82781744;0,00000000
5,57835170;3,82781744;0,00000000
5,57845570;3,82781744;0,00000000
5,57855970;3,78429508;0,00000000
5,57866370;3,78429508;0,00000000
5,57876770;3,82781744;0,00000000
5,57887170;3,82781744;0,00000000
5,57897570;3,82781744;0,00000000
5,57907970;3,78429508;0,00000000
5,57918370;3,82781744;0,00000000
5,57928770;3,82781744;0,00000000
5,57939170;3,78429508;0,00000000
5,57949570;3,82781744;0,00000000
5,57959970;3,82781744;0,00000000
5,57970370;3,78429508;0,00000000
5,57980770;3,78429508;0,00000000
5,57991170;3,78429508;0,00000000
5,58001570;3,82781744;0,00000000
5,58011970;3,82781744;0,00000000
5,58022370;3,78429508;0,00000000
5,58032770;3,78429508;0,00000000
5,58043170;3,78429508;0,00000000
5,58053570;3,82781744;0,00000000
5,58063970;3,82781744;0,00000000
5,58074370;3,82781744;0,00000000
5,58084770;3,78429508;0,00000000
5,58095170;3,82781744;0,00000000
5,58105570;3,82781744;0,00000000
5,58115970;3,78429508;0,00000000
5,58126370;3,82781744;0,00000000
5,58136770;3,82781744;0,00000000
5,58147170;3,82781744;0,00000000
5,58157570;3,78429508;0,00000000
5,58167970;3,82781744;0,00000000
5,58178370;3,78429508;0,00000000
5,58188770;3,82781744;0,00000000
5,58199170;3,82781744;0,00000000
5,58209570;3,87133980;0,00000000
5,58219970;3,82781744;0,00000000
5,58230370;3,82781744;0,00000000
5,58240770;3,82781744;0,00000000
5,58251170;3,82781744;0,00000000
5,58261570;3,82781744;0,00000000
5,58271970;3,82781744;0,00000000
5,58282370;3,82781744;0,00000000
5,58292770;3,78429508;0,00000000
5,58303170;3,82781744;0,00000000
5,58313570;3,82781744;0,00000000
5,58323970;3,82781744;0,00000000
5,58334370;3,82781744;0,00000000
5,58344770;3,82781744;0,00000000
5,58355170;3,78429508;0,00000000
5,58365570;3,82781744;0,00000000
5,58375970;3,82781744;0,00000000
5,58386370;3,82781744;0,00000000
5,58396770;3,82781744;0,00000000
5,58407170;3,78429508;0,00000000
5,58417570;3,78429508;0,00000000
5,58427970;3,78429508;0,00000000
5,58438370;3,82781744;0,00000000
5,58448770;3,82781744;0,00000000
5,58459170;3,82781744;0,00000000
5,58469570;3,82781744;0,00000000
5,58479970;3,78429508;0,00000000
5,58490370;3,78429508;0,00000000
5,58500770;3,82781744;0,00000000
5,58511170;3,82781744;0,00000000
5,58521570;3,82781744;0,00000000
5,58531970;3,78429508;0,00000000
5,58542370;3,82781744;0,00000000
5,58552770;3,82781744;0,00000000
5,58563170;3,82781744;0,00000000
5,58573570;3,82781744;0,00000000
5,58583970;3,78429508;0,00000000
5,58594370;3,78429508;0,00000000
5,58604770;3,82781744;0,00000000
5,58615170;3,82781744;0,00000000
5,58625570;3,82781744;0,00000000
5,58635970;3,82781744;0,00000000
5,58646370;3,82781744;0,00000000
5,58656770;3,78429508;0,00000000
5,58667170;3,82781744;0,00000000
5,58677570;3,82781744;0,00000000
5,58687970;3,78429508;0,00000000
5,58698370;3,82781744;0,00000000
5,58708770;3,78429508;0,00000000
5,58719170;3,82781744;0,00000000
5,58729570;3,82781744;0,00000000
5,58739970;3,82781744;0,00000000
5,58750370;3,82781744;0,00000000
5,58760770;3,82781744;0,00000000
5,58771170;3,82781744;0,00000000
5,58781570;3,82781744;0,00000000
5,58791970;3,78429508;0,00000000
5,58802370;3,82781744;0,00000000
5,58812770;3,82781744;0,00000000
5,58823170;3,78429508;0,00000000
5,58833570;3,78429508;0,00000000
5,58843970;3,78429508;0,00000000
5,58854370;3,82781744;0,00000000
5,58864770;3,78429508;0,00000000
5,58875170;3,78429508;0,00000000
5,58885570;3,82781744;0,00000000
5,58895970;3,82781744;0,00000000
5,58906370;3,78429508;0,00000000
5,58916770;3,82781744;0,00000000
5,58927170;3,82781744;0,00000000
5,58937570;3,82781744;0,00000000
5,58947970;3,82781744;0,00000000
5,58958370;3,78429508;0,00000000
5,58968770;3,82781744;0,00000000
5,58979170;3,78429508;0,00000000
5,58989570;3,82781744;0,00000000
5,58999970;3,82781744;0,00000000
5,59010370;3,82781744;0,00000000
5,59020770;3,78429508;0,00000000
5,59031170;3,82781744;0,00000000
5,59041570;3,82781744;0,00000000
5,59051970;3,78429508;0,00000000
5,59062370;3,82781744;0,00000000
5,59072770;3,82781744;0,00000000
5,59083170;3,78429508;0,00000000
5,59093570;3,78429508;0,00000000
5,59103970;3,78429508;0,00000000
5,59114370;3,78429508;0,00000000
5,59124770;3,82781744;0,00000000
5,59135170;3,82781744;0,00000000
5,59145570;3,82781744;0,00000000
5,59155970;3,82781744;0,00000000
5,59166370;3,82781744;0,00000000
5,59176770;3,82781744;0,00000000
5,59187170;3,82781744;0,00000000
5,59197570;3,78429508;0,00000000
5,59207970;3,78429508;0,00000000
5,59218370;3,82781744;0,00000000
5,59228770;3,82781744;0,00000000
5,59239170;3,78429508;0,00000000
5,59249570;3,82781744;0,00000000
5,59259970;3,78429508;0,00000000
5,59270370;3,82781744;0,00000000
5,59280770;3,82781744;0,00000000
5,59291170;3,82781744;0,00000000
5,59301570;3,78429508;0,00000000
5,59311970;3,82781744;0,00000000
5,59322370;3,82781744;0,00000000
5,59332770;3,78429508;0,00000000
5,59343170;3,82781744;0,00000000
5,59353570;3,78429508;0,00000000
5,59363970;3,82781744;0,00000000
5,59374370;3,78429508;0,00000000
5,59384770;3,78429508;0,00000000
5,59395170;3,82781744;0,00000000
5,59405570;3,78429508;0,00000000
5,59415970;3,78429508;0,00000000
5,59426370;3,82781744;0,00000000
5,59436770;3,78429508;0,00000000
5,59447170;3,78429508;0,00000000
5,59457570;3,82781744;0,00000000
5,59467970;3,78429508;0,00000000
5,59478370;3,82781744;0,00000000
5,59488770;3,82781744;0,00000000
5,59499170;3,78429508;0,00000000
5,59509570;3,82781744;0,00000000
5,59519970;3,82781744;0,00000000
5,59530370;3,78429508;0,00000000
5,59540770;3,78429508;0,00000000
5,59551170;3,78429508;0,00000000
5,59561570;3,78429508;0,00000000
5,59571970;3,82781744;0,00000000
5,59582370;3,82781744;0,01734744
5,59592770;3,82781744;0,00000000
5,59603170;3,82781744;0,00000000
5,59613570;3,82781744;0,00000000
5,59623970;3,78429508;0,00000000
5,59634370;3,78429508;0,00000000
5,59644770;3,78429508;0,00000000
5,59655170;3,82781744;0,00000000
5,59665570;3,82781744;0,00000000
5,59675970;3,78429508;0,00000000
5,59686370;3,82781744;0,00000000
5,59696770;3,82781744;0,00000000
5,59707170;3,78429508;0,00000000
5,59717570;3,78429508;0,00000000
5,59727970;3,78429508;0,00000000
5,59738370;3,78429508;0,00000000
5,59748770;3,78429508;0,00000000
5,59759170;3,78429508;0,00000000
5,59769570;3,82781744;0,00000000
5,59779970;3,82781744;0,00000000
5,59790370;3,78429508;0,00000000
5,59800770;3,78429508;0,00000000
5,59811170;3,82781744;0,00000000
5,59821570;3,82781744;0,00000000
5,59831970;3,82781744;0,00000000
5,59842370;3,82781744;0,00000000
5,59852770;3,82781744;0,00000000
5,59863170;3,82781744;0,00000000
5,59873570;3,78429508;0,00000000
5,59883970;3,82781744;0,00000000
5,59894370;3,78429508;0,00000000
5,59904770;3,78429508;0,00000000
5,59915170;3,78429508;0,00000000
5,59925570;3,82781744;0,00000000
5,59935970;3,78429508;0,00000000
5,59946370;3,82781744;0,00000000
5,59956770;3,82781744;0,00000000
5,59967170;3,82781744;0,00000000
5,59977570;3,82781744;0,00000000
5,59987970;3,78429508;0,00000000
5,59998370;3,82781744;0,00000000
5,60008770;3,82781744;0,00000000
5,60019170;3,82781744;0,00000000
5,60029570;3,82781744;0,00000000
5,60039970;3,78429508;0,00000000
5,60050370;3,82781744;0,00000000
5,60060770;3,78429508;0,00000000
5,60071170;3,82781744;0,00000000
5,60081570;3,82781744;0,00000000
5,60091970;3,82781744;0,00000000
5,60102370;3,82781744;0,00000000
5,60112770;3,78429508;0,00000000
5,60123170;3,78429508;0,00000000
5,60133570;3,82781744;0,00000000
5,60143970;3,78429508;0,00000000
5,60154370;3,82781744;0,00000000
5,60164770;3,82781744;0,00000000
5,60175170;3,82781744;0,00000000
5,60185570;3,82781744;0,00000000
5,60195970;3,82781744;0,00000000
5,60206370;3,82781744;0,00000000
5,60216770;3,82781744;0,00000000
5,60227170;3,78429508;0,00000000
5,60237570;3,78429508;0,00000000
5,60247970;3,78429508;0,00000000
5,60258370;3,78429508;0,00000000
5,60268770;3,78429508;0,00000000
5,60279170;3,82781744;0,00000000
5,60289570;3,82781744;0,00000000
5,60299970;3,82781744;0,00000000
5,60310370;3,82781744;0,00000000
5,60320770;3,78429508;0,00000000
5,60331170;3,82781744;0,00000000
5,60341570;3,78429508;0,00000000
5,60351970;3,82781744;0,00000000
5,60362370;3,78429508;0,00000000
5,60372770;3,82781744;0,00000000
5,60383170;3,78429508;0,00000000
5,60393570;3,82781744;0,00000000
5,60403970;3,82781744;0,00000000
5,60414370;3,78429508;0,00000000
5,60424770;3,82781744;0,00000000
5,60435170;3,82781744;0,00000000
5,60445570;3,78429508;0,00000000
5,60455970;3,82781744;0,00000000
5,60466370;3,78429508;0,00000000
5,60476770;3,82781744;0,00000000
5,60487170;3,82781744;0,00000000
5,60497570;3,78429508;0,00000000
5,60507970;3,82781744;0,00000000
5,60518370;3,82781744;0,00000000
5,60528770;3,78429508;0,00000000
5,60539170;3,78429508;0,00000000
5,60549570;3,78429508;0,00000000
5,60559970;3,82781744;0,00000000
5,60570370;3,82781744;0,00000000
5,60580770;3,78429508;0,00000000
5,60591170;3,82781744;0,00000000
5,60601570;3,82781744;0,00000000
5,60611970;3,82781744;0,00000000
5,60622370;3,82781744;0,00000000
5,60632770;3,87133980;0,00000000
5,60643170;3,82781744;0,00000000
5,60653570;3,82781744;0,00000000
5,60663970;3,82781744;0,00000000
5,60674370;3,78429508;0,00000000
5,60684770;3,82781744;0,00000000
5,60695170;3,82781744;0,00000000
5,60705570;3,78429508;0,00000000
5,60715970;3,78429508;0,00000000
5,60726370;3,82781744;0,00000000
5,60736770;3,78429508;0,00000000
5,60747170;3,82781744;0,00000000
5,60757570;3,78429508;0,00000000
5,60767970;3,82781744;0,00000000
5,60778370;3,82781744;0,00000000
5,60788770;3,78429508;0,00000000
5,60799170;3,82781744;0,00000000
5,60809570;3,82781744;0,00000000
5,60819970;3,78429508;0,00000000
5,60830370;3,82781744;0,00000000
5,60840770;3,82781744;0,00000000
5,60851170;3,78429508;0,00000000
5,60861570;3,82781744;0,00000000
5,60871970;3,82781744;0,00000000
5,60882370;3,82781744;0,00000000
5,60892770;3,78429508;0,00000000
5,60903170;3,78429508;0,00000000
5,60913570;3,82781744;0,00000000
5,60923970;3,78429508;0,00000000
5,60934370;3,82781744;0,00000000
5,60944770;3,78429508;0,00000000
5,60955170;3,82781744;0,00000000
5,60965570;3,82781744;0,00000000
5,60975970;3,82781744;0,00000000
5,60986370;3,82781744;0,00000000
5,60996770;3,82781744;0,00000000
5,61007170;3,82781744;0,00000000
5,61017570;3,82781744;0,00000000
5,61027970;3,82781744;0,00000000
5,61038370;3,82781744;0,00000000
5,61048770;3,82781744;0,00000000
5,61059170;3,82781744;0,00000000
5,61069570;3,82781744;0,00000000
5,61079970;3,78429508;0,00000000
5,61090370;3,82781744;0,00000000
5,61100770;3,78429508;0,00000000
5,61111170;3,82781744;0,00000000
5,61121570;3,82781744;0,00000000
5,61131970;3,82781744;0,00000000
5,61142370;3,82781744;0,00000000
5,61152770;3,82781744;0,00000000
5,61163170;3,82781744;0,00000000
5,61173570;3,78429508;0,00000000
5,61183970;3,82781744;0,00000000
5,61194370;3,82781744;0,00000000
5,61204770;3,82781744;0,00000000
5,61215170;3,82781744;0,00000000
5,61225570;3,82781744;0,00000000
5,61235970;3,82781744;0,00000000
5,61246370;3,78429508;0,00000000
5,61256770;3,78429508;0,00000000
5,61267170;3,82781744;0,00000000
5,61277570;3,82781744;0,00000000
5,61287970;3,82781744;0,00000000
5,61298370;3,82781744;0,00000000
5,61308770;3,82781744;0,00000000
5,61319170;3,82781744;0,00000000
5,61329570;3,82781744;0,00000000
5,61339970;3,82781744;0,00000000
5,61350370;3,82781744;0,00000000
5,61360770;3,82781744;0,00000000
5,61371170;3,82781744;0,00000000
5,61381570;3,82781744;0,00000000
5,61391970;3,82781744;0,00000000
5,61402370;3,82781744;0,00000000
5,61412770;3,78429508;0,00000000
5,61423170;3,82781744;0,00000000
5,61433570;3,82781744;0,00000000
5,61443970;3,82781744;0,00000000
5,61454370;3,82781744;0,00000000
5,61464770;3,82781744;0,00000000
5,61475170;3,82781744;0,00000000
5,61485570;3,82781744;0,00000000
5,61495970;3,78429508;0,00000000
5,61506370;3,82781744;0,00000000
5,61516770;3,82781744;0,00000000
5,61527170;3,78429508;0,00000000
5,61537570;3,78429508;0,00000000
5,61547970;3,78429508;0,00000000
5,61558370;3,82781744;0,00000000
5,61568770;3,82781744;0,00000000
5,61579170;3,82781744;0,00000000
5,61589570;3,82781744;0,00000000
5,61599970;3,82781744;0,00000000
5,61610370;3,82781744;0,00000000
5,61620770;3,78429508;0,00000000
5,61631170;3,82781744;0,00000000
5,61641570;3,82781744;0,00000000
5,61651970;3,78429508;0,00000000
5,61662370;3,82781744;0,00000000
5,61672770;3,82781744;0,00000000
5,61683170;3,82781744;0,00000000
5,61693570;3,78429508;0,00000000
5,61703970;3,82781744;0,00000000
5,61714370;3,78429508;0,00000000
5,61724770;3,78429508;0,00000000
5,61735170;3,82781744;0,00000000
5,61745570;3,82781744;0,00000000
5,61755970;3,82781744;0,00000000
5,61766370;3,82781744;0,00000000
5,61776770;3,82781744;0,00000000
5,61787170;3,82781744;0,00000000
5,61797570;3,82781744;0,00000000
5,61807970;3,82781744;0,00000000
5,61818370;3,82781744;0,00000000
5,61828770;3,78429508;0,00000000
5,61839170;3,82781744;0,00000000
5,61849570;3,82781744;0,00000000
5,61859970;3,82781744;0,00000000
5,61870370;3,78429508;0,00000000
5,61880770;3,82781744;0,00000000
5,61891170;3,82781744;0,00000000
5,61901570;3,82781744;0,00000000
5,61911970;3,82781744;0,00000000
5,61922370;3,82781744;0,00000000
5,61932770;3,82781744;0,00000000
5,61943170;3,82781744;0,00000000
5,61953570;3,78429508;0,00000000
5,61963970;3,78429508;0,00000000
5,61974370;3,82781744;0,00000000
5,61984770;3,82781744;0,00000000
5,61995170;3,82781744;0,00000000
5,62005570;3,82781744;0,00000000
5,62015970;3,78429508;0,00000000
5,62026370;3,82781744;0,00000000
5,62036770;3,82781744;0,00000000
5,62047170;3,82781744;0,00000000
5,62057570;3,82781744;0,00000000
5,62067970;3,82781744;0,00000000
5,62078370;3,82781744;0,01734744
5,62088770;3,82781744;0,00000000
5,62099170;3,82781744;0,00000000
5,62109570;3,78429508;0,00000000
5,62119970;3,78429508;0,00000000
5,62130370;3,82781744;0,00000000
5,62140770;3,82781744;0,00000000
5,62151170;3,78429508;0,00000000
5,62161570;3,78429508;0,00000000
5,62171970;3,82781744;0,00000000
5,62182370;3,82781744;0,00000000
5,62192770;3,82781744;0,00000000
5,62203170;3,82781744;0,00000000
5,62213570;3,78429508;0,00000000
5,62223970;3,78429508;0,00000000
5,62234370;3,82781744;0,00000000
5,62244770;3,78429508;0,00000000
5,62255170;3,82781744;0,00000000
5,62265570;3,82781744;0,00000000
5,62275970;3,82781744;0,00000000
5,62286370;3,78429508;0,00000000
5,62296770;3,82781744;0,00000000
5,62307170;3,82781744;0,00000000
5,62317570;3,82781744;0,00000000
5,62327970;3,82781744;0,00000000
5,62338370;3,82781744;0,00000000
5,62348770;3,82781744;0,00000000
5,62359170;3,82781744;0,00000000
5,62369570;3,82781744;0,00000000
5,62379970;3,82781744;0,00000000
5,62390370;3,78429508;0,00000000
5,62400770;3,82781744;0,00000000
5,62411170;3,82781744;0,00000000
5,62421570;3,82781744;0,00000000
5,62431970;3,82781744;0,00000000
5,62442370;3,82781744;0,00000000
5,62452770;3,82781744;0,00000000
5,62463170;3,82781744;0,00000000
5,62473570;3,82781744;0,00000000
5,62483970;3,82781744;0,00000000
5,62494370;3,82781744;0,00000000
5,62504770;3,82781744;0,00000000
5,62515170;3,82781744;0,00000000
5,62525570;3,82781744;0,00000000
5,62535970;3,78429508;0,00000000
5,62546370;3,82781744;0,00000000
5,62556770;3,82781744;0,00000000
5,62567170;3,82781744;0,00000000
5,62577570;3,82781744;0,00000000
5,62587970;3,78429508;0,00000000
5,62598370;3,82781744;0,00000000
5,62608770;3,82781744;0,00000000
5,62619170;3,78429508;0,00000000
5,62629570;3,82781744;0,00000000
5,62639970;3,78429508;0,00000000
5,62650370;3,78429508;0,00000000
5,62660770;3,82781744;0,00000000
5,62671170;3,78429508;0,00000000
5,62681570;3,82781744;0,00000000
5,62691970;3,82781744;0,00000000
5,62702370;3,78429508;0,00000000
5,62712770;3,82781744;0,00000000
5,62723170;3,82781744;0,00000000
5,62733570;3,82781744;0,00000000
5,62743970;3,82781744;0,00000000
5,62754370;3,82781744;0,00000000
5,62764770;3,82781744;0,00000000
5,62775170;3,78429508;0,00000000
5,62785570;3,82781744;0,00000000
5,62795970;3,82781744;0,00000000
5,62806370;3,78429508;0,00000000
5,62816770;3,78429508;0,00000000
5,62827170;3,78429508;0,00000000
5,62837570;3,78429508;0,00000000
5,62847970;3,82781744;0,00000000
5,62858370;3,82781744;0,00000000
5,62868770;3,78429508;0,00000000
5,62879170;3,82781744;0,00000000
5,62889570;3,82781744;0,01734744
5,62899970;3,78429508;0,00000000
5,62910370;3,82781744;0,00000000
5,62920770;3,78429508;0,00000000
5,62931170;3,78429508;0,00000000
5,62941570;3,78429508;0,00000000
5,62951970;3,78429508;0,00000000
5,62962370;3,78429508;0,00000000
5,62972770;3,82781744;0,00000000
5,62983170;3,78429508;0,00000000
5,62993570;3,82781744;0,00000000
5,63003970;3,78429508;0,00000000
5,63014370;3,82781744;0,00000000
5,63024770;3,82781744;0,00000000
5,63035170;3,78429508;0,00000000
5,63045570;3,78429508;0,00000000
5,63055970;3,78429508;0,00000000
5,63066370;3,82781744;0,00000000
5,63076770;3,82781744;0,00000000
5,63087170;3,82781744;0,00000000
5,63097570;3,78429508;0,00000000
5,63107970;3,82781744;0,00000000
5,63118370;3,82781744;0,00000000
5,63128770;3,82781744;0,00000000
5,63139170;3,82781744;0,00000000
5,63149570;3,82781744;0,00000000
5,63159970;3,82781744;0,00000000
5,63170370;3,78429508;0,00000000
5,63180770;3,82781744;0,00000000
5,63191170;3,82781744;0,00000000
5,63201570;3,78429508;0,00000000
5,63211970;3,82781744;0,00000000
5,63222370;3,82781744;0,00000000
5,63232770;3,78429508;0,00000000
5,63243170;3,82781744;0,00000000
5,63253570;3,78429508;0,00000000
5,63263970;3,78429508;0,00000000
5,63274370;3,82781744;0,00000000
5,63284770;3,82781744;0,00000000
5,63295170;3,78429508;0,00000000
5,63305570;3,82781744;0,00000000
5,63315970;3,82781744;0,00000000
5,63326370;3,82781744;0,00000000
5,63336770;3,82781744;0,00000000
5,63347170;3,82781744;0,00000000
5,63357570;3,82781744;0,00000000
5,63367970;3,82781744;0,00000000
5,63378370;3,78429508;0,00000000
5,63388770;3,82781744;0,00000000
5,63399170;3,82781744;0,00000000
5,63409570;3,82781744;0,00000000
5,63419970;3,82781744;0,00000000
5,63430370;3,82781744;0,00000000
5,63440770;3,82781744;0,00000000
5,63451170;3,82781744;0,00000000
5,63461570;3,82781744;0,00000000
5,63471970;3,78429508;0,00000000
5,63482370;3,78429508;0,00000000
5,63492770;3,78429508;0,00000000
5,63503170;3,82781744;0,00000000
5,63513570;3,82781744;0,00000000
5,63523970;3,82781744;0,00000000
5,63534370;3,82781744;0,00000000
5,63544770;3,82781744;0,00000000
5,63555170;3,82781744;0,00000000
5,63565570;3,82781744;0,00000000
5,63575970;3,78429508;0,00000000
5,63586370;3,82781744;0,00000000
5,63596770;3,78429508;0,00000000
5,63607170;3,78429508;0,00000000
5,63617570;3,82781744;0,00000000
5,63627970;3,82781744;0,00000000
5,63638370;3,82781744;0,00000000
5,63648770;3,82781744;0,00000000
5,63659170;3,82781744;0,00000000
5,63669570;3,78429508;0,01734744
5,63679970;3,82781744;0,00000000
5,63690370;3,82781744;0,00000000
5,63700770;3,78429508;0,00000000
5,63711170;3,82781744;0,00000000
5,63721570;3,82781744;0,00000000
5,63731970;3,82781744;0,00000000
5,63742370;3,82781744;0,00000000
5,63752770;3,82781744;0,00000000
5,63763170;3,82781744;0,00000000
5,63773570;3,78429508;0,00000000
5,63783970;3,82781744;0,00000000
5,63794370;3,78429508;0,00000000
5,63804770;3,82781744;0,00000000
5,63815170;3,82781744;0,00000000
5,63825570;3,82781744;0,00000000
5,63835970;3,82781744;0,00000000
5,63846370;3,82781744;0,00000000
5,63856770;3,82781744;0,00000000
5,63867170;3,78429508;0,00000000
5,63877570;3,82781744;0,00000000
5,63887970;3,78429508;0,00000000
5,63898370;3,82781744;0,00000000
5,63908770;3,82781744;0,00000000
5,63919170;3,82781744;0,00000000
5,63929570;3,82781744;0,00000000
5,63939970;3,82781744;0,00000000
5,63950370;3,78429508;0,00000000
5,63960770;3,78429508;0,00000000
5,63971170;3,78429508;0,00000000
5,63981570;3,82781744;0,00000000
5,63991970;3,82781744;0,00000000
5,64002370;3,82781744;0,00000000
5,64012770;3,82781744;0,00000000
5,64023170;3,82781744;0,00000000
5,64033570;3,82781744;0,00000000
5,64043970;3,78429508;0,00000000
5,64054370;3,82781744;0,00000000
5,64064770;3,78429508;0,00000000
5,64075170;3,78429508;0,00000000
5,64085570;3,82781744;0,00000000
5,64095970;3,78429508;0,00000000
5,64106370;3,82781744;0,00000000
5,64116770;3,78429508;0,00000000
5,64127170;3,78429508;0,00000000
5,64137570;3,82781744;0,00000000
5,64147970;3,82781744;0,00000000
5,64158370;3,82781744;0,00000000
5,64168770;3,78429508;0,00000000
5,64179170;3,82781744;0,00000000
5,64189570;3,82781744;0,00000000
5,64199970;3,78429508;0,00000000
5,64210370;3,78429508;0,00000000
5,64220770;3,78429508;0,00000000
5,64231170;3,82781744;0,00000000
5,64241570;3,82781744;0,00000000
5,64251970;3,78429508;0,00000000
5,64262370;3,82781744;0,00000000
5,64272770;3,82781744;0,00000000
5,64283170;3,78429508;0,00000000
5,64293570;3,82781744;0,00000000
5,64303970;3,82781744;0,00000000
5,64314370;3,82781744;0,00000000
5,64324770;3,82781744;0,00000000
5,64335170;3,82781744;0,00000000
5,64345570;3,82781744;0,00000000
5,64355970;3,82781744;0,00000000
5,64366370;3,82781744;0,00000000
5,64376770;3,78429508;0,00000000
5,64387170;3,82781744;0,00000000
5,64397570;3,78429508;0,00000000
5,64407970;3,82781744;0,00000000
5,64418370;3,78429508;0,00000000
5,64428770;3,78429508;0,00000000
5,64439170;3,82781744;0,00000000
5,64449570;3,78429508;0,00000000
5,64459970;3,82781744;0,00000000
5,64470370;3,82781744;0,00000000
5,64480770;3,82781744;0,00000000
5,64491170;3,82781744;0,00000000
5,64501570;3,78429508;0,00000000
5,64511970;3,82781744;0,00000000
5,64522370;3,82781744;0,00000000
5,64532770;3,78429508;0,00000000
5,64543170;3,78429508;0,00000000
5,64553570;3,78429508;0,00000000
5,64563970;3,78429508;0,00000000
5,64574370;3,82781744;0,00000000
5,64584770;3,82781744;0,00000000
5,64595170;3,82781744;0,00000000
5,64605570;3,82781744;0,00000000
5,64615970;3,82781744;0,00000000
5,64626370;3,78429508;0,00000000
5,64636770;3,82781744;0,00000000
5,64647170;3,82781744;0,00000000
5,64657570;3,82781744;0,00000000
5,64667970;3,82781744;0,00000000
5,64678370;3,82781744;0,00000000
5,64688770;3,78429508;0,00000000
5,64699170;3,78429508;0,00000000
5,64709570;3,78429508;0,00000000
5,64719970;3,82781744;0,00000000
5,64730370;3,82781744;0,00000000
5,64740770;3,82781744;0,00000000
5,64751170;3,82781744;0,00000000
5,64761570;3,82781744;0,00000000
5,64771970;3,82781744;0,00000000
5,64782370;3,82781744;0,00000000
5,64792770;3,78429508;0,00000000
5,64803170;3,78429508;0,00000000
5,64813570;3,82781744;0,00000000
5,64823970;3,78429508;0,00000000
5,64834370;3,82781744;0,00000000
5,64844770;3,82781744;0,00000000
5,64855170;3,82781744;0,00000000
5,64865570;3,82781744;0,00000000
5,64875970;3,82781744;0,00000000
5,64886370;3,82781744;0,00000000
5,64896770;3,78429508;0,00000000
5,64907170;3,82781744;0,00000000
5,64917570;3,82781744;0,00000000
5,64927970;3,78429508;0,00000000
5,64938370;3,82781744;0,00000000
5,64948770;3,78429508;0,00000000
5,64959170;3,78429508;0,00000000
5,64969570;3,82781744;0,00000000
5,64979970;3,82781744;0,00000000
5,64990370;3,78429508;0,00000000
5,65000770;3,82781744;0,00000000
5,65011170;3,82781744;0,00000000
5,65021570;3,78429508;0,00000000
5,65031970;3,82781744;0,00000000
5,65042370;3,82781744;0,00000000
5,65052770;3,82781744;0,00000000
5,65063170;3,78429508;0,00000000
5,65073570;3,78429508;0,00000000
5,65083970;3,82781744;0,00000000
5,65094370;3,82781744;0,00000000
5,65104770;3,78429508;0,00000000
5,65115170;3,82781744;0,00000000
5,65125570;3,82781744;0,00000000
5,65135970;3,78429508;0,00000000
5,65146370;3,82781744;0,00000000
5,65156770;3,82781744;0,00000000
5,65167170;3,78429508;0,00000000
5,65177570;3,82781744;0,00000000
5,65187970;3,78429508;0,00000000
5,65198370;3,82781744;0,00000000
5,65208770;3,82781744;0,00000000
5,65219170;3,82781744;0,00000000
5,65229570;3,82781744;0,00000000
5,65239970;3,82781744;0,00000000
5,65250370;3,82781744;0,00000000
5,65260770;3,82781744;0,00000000
5,65271170;3,82781744;0,00000000
5,65281570;3,78429508;0,00000000
5,65291970;3,78429508;0,00000000
5,65302370;3,78429508;0,00000000
5,65312770;3,82781744;0,00000000
5,65323170;3,82781744;0,00000000
5,65333570;3,82781744;0,00000000
5,65343970;3,78429508;0,00000000
5,65354370;3,78429508;0,00000000
5,65364770;3,78429508;0,00000000
5,65375170;3,78429508;0,00000000
5,65385570;3,82781744;0,00000000
5,65395970;3,82781744;0,00000000
5,65406370;3,78429508;0,00000000
5,65416770;3,82781744;0,00000000
5,65427170;3,78429508;0,00000000
5,65437570;3,82781744;0,00000000
5,65447970;3,78429508;0,00000000
5,65458370;3,78429508;0,00000000
5,65468770;3,78429508;0,00000000
5,65479170;3,78429508;0,00000000
5,65489570;3,82781744;0,00000000
5,65499970;3,78429508;0,00000000
5,65510370;3,78429508;0,00000000
5,65520770;3,82781744;0,00000000
5,65531170;3,82781744;0,00000000
5,65541570;3,82781744;0,00000000
5,65551970;3,82781744;0,00000000
5,65562370;3,82781744;0,00000000
5,65572770;3,82781744;0,00000000
5,65583170;3,78429508;0,00000000
5,65593570;3,82781744;0,00000000
5,65603970;3,82781744;0,00000000
5,65614370;3,78429508;0,00000000
5,65624770;3,82781744;0,00000000
5,65635170;3,82781744;0,00000000
5,65645570;3,82781744;0,00000000
5,65655970;3,82781744;0,00000000
5,65666370;3,82781744;0,00000000
5,65676770;3,82781744;0,00000000
5,65687170;3,78429508;0,00000000
5,65697570;3,78429508;0,00000000
5,65707970;3,82781744;0,00000000
5,65718370;3,78429508;0,00000000
5,65728770;3,82781744;0,00000000
5,65739170;3,82781744;0,00000000
5,65749570;3,78429508;0,00000000
5,65759970;3,82781744;0,00000000
5,65770370;3,78429508;0,00000000
5,65780770;3,78429508;0,00000000
5,65791170;3,82781744;0,00000000
5,65801570;3,82781744;0,00000000
5,65811970;3,82781744;0,00000000
5,65822370;3,82781744;0,00000000
5,65832770;3,78429508;0,00000000
5,65843169;3,82781744;0,00000000
5,65853569;3,82781744;0,00000000
5,65863969;3,82781744;0,00000000
5,65874369;3,78429508;0,00000000
5,65884769;3,82781744;0,00000000
5,65895169;3,82781744;0,00000000
5,65905569;3,82781744;0,00000000
5,65915969;3,82781744;0,00000000
5,65926369;3,78429508;0,00000000
5,65936769;3,82781744;0,00000000
5,65947169;3,82781744;0,00000000
5,65957569;3,82781744;0,00000000
5,65967969;3,78429508;0,00000000
5,65978369;3,82781744;0,00000000
5,65988769;3,78429508;0,00000000
5,65999169;3,82781744;0,00000000
5,66009569;3,78429508;0,00000000
5,66019969;3,78429508;0,00000000
5,66030369;3,78429508;0,00000000
5,66040769;3,82781744;0,00000000
5,66051169;3,82781744;0,00000000
5,66061569;3,78429508;0,00000000
5,66071969;3,82781744;0,00000000
5,66082369;3,78429508;0,00000000
5,66092769;3,82781744;0,00000000
5,66103169;3,82781744;0,00000000
5,66113569;3,82781744;0,00000000
5,66123969;3,82781744;0,00000000
5,66134369;3,78429508;0,00000000
5,66144769;3,82781744;0,00000000
5,66155169;3,78429508;0,00000000
5,66165569;3,82781744;0,00000000
5,66175969;3,82781744;0,00000000
5,66186369;3,82781744;0,00000000
5,66196769;3,82781744;0,00000000
5,66207169;3,82781744;0,00000000
5,66217569;3,82781744;0,00000000
5,66227969;3,82781744;0,00000000
5,66238369;3,78429508;0,00000000
5,66248769;3,82781744;0,00000000
5,66259169;3,78429508;0,00000000
5,66269569;3,82781744;0,00000000
5,66279969;3,82781744;0,00000000
5,66290369;3,82781744;0,00000000
5,66300769;3,82781744;0,00000000
5,66311169;3,82781744;0,00000000
5,66321569;3,78429508;0,00000000
5,66331969;3,78429508;0,00000000
5,66342369;3,82781744;0,00000000
5,66352769;3,78429508;0,00000000
5,66363169;3,82781744;0,00000000
5,66373569;3,82781744;0,00000000
5,66383969;3,82781744;0,00000000
5,66394369;3,82781744;0,00000000
5,66404769;3,82781744;0,00000000
5,66415169;3,78429508;0,00000000
5,66425569;3,82781744;0,00000000
5,66435969;3,78429508;0,00000000
5,66446369;3,78429508;0,00000000
5,66456769;3,78429508;0,00000000
5,66467169;3,82781744;0,00000000
5,66477569;3,78429508;0,00000000
5,66487969;3,82781744;0,00000000
5,66498369;3,82781744;0,00000000
5,66508769;3,82781744;0,00000000
5,66519169;3,82781744;0,00000000
5,66529569;3,82781744;0,00000000
5,66539969;3,78429508;0,00000000
5,66550369;3,82781744;0,00000000
5,66560769;3,78429508;0,00000000
5,66571169;3,82781744;0,00000000
5,66581569;3,82781744;0,00000000
5,66591969;3,82781744;0,00000000
5,66602369;3,78429508;0,00000000
5,66612769;3,78429508;0,00000000
5,66623169;3,82781744;0,00000000
5,66633569;3,82781744;0,00000000
5,66643969;3,82781744;0,00000000
5,66654369;3,82781744;0,00000000
5,66664769;3,82781744;0,00000000
5,66675169;3,82781744;0,00000000
5,66685569;3,78429508;0,00000000
5,66695969;3,82781744;0,00000000
5,66706369;3,78429508;0,00000000
5,66716769;3,82781744;0,00000000
5,66727169;3,82781744;0,00000000
5,66737569;3,78429508;0,00000000
5,66747969;3,78429508;0,00000000
5,66758369;3,78429508;0,00000000
5,66768769;3,82781744;0,00000000
5,66779169;3,82781744;0,00000000
5,66789569;3,82781744;0,00000000
5,66799969;3,78429508;0,00000000
5,66810369;3,82781744;0,00000000
5,66820769;3,82781744;0,00000000
5,66831169;3,82781744;0,00000000
5,66841569;3,78429508;0,00000000
5,66851969;3,82781744;0,00000000
5,66862369;3,78429508;0,00000000
5,66872769;3,82781744;0,00000000
5,66883169;3,82781744;0,00000000
5,66893569;3,78429508;0,00000000
5,66903969;3,82781744;0,00000000
5,66914369;3,78429508;0,00000000
5,66924769;3,78429508;0,00000000
5,66935169;3,82781744;0,00000000
5,66945569;3,82781744;0,00000000
5,66955969;3,82781744;0,00000000
5,66966369;3,82781744;0,00000000
5,66976769;3,78429508;0,00000000
5,66987169;3,82781744;0,00000000
5,66997569;3,82781744;0,00000000
5,67007969;3,78429508;0,00000000
5,67018369;3,82781744;0,00000000
5,67028769;3,78429508;0,00000000
5,67039169;3,82781744;0,00000000
5,67049569;3,78429508;0,00000000
5,67059969;3,78429508;0,00000000
5,67070369;3,82781744;0,00000000
5,67080769;3,82781744;0,00000000
5,67091169;3,82781744;0,00000000
5,67101569;3,82781744;0,00000000
5,67111969;3,78429508;0,00000000
5,67122369;3,78429508;0,00000000
5,67132769;3,82781744;0,00000000
5,67143169;3,82781744;0,00000000
5,67153569;3,78429508;0,00000000
5,67163969;3,82781744;0,01734744
5,67174369;3,82781744;0,00000000
5,67184769;3,82781744;0,00000000
5,67195169;3,82781744;0,00000000
5,67205569;3,78429508;0,00000000
5,67215969;3,78429508;0,00000000
5,67226369;3,82781744;0,00000000
5,67236769;3,78429508;0,00000000
5,67247169;3,78429508;0,00000000
5,67257569;3,82781744;0,00000000
5,67267969;3,78429508;0,00000000
5,67278369;3,82781744;0,00000000
5,67288769;3,82781744;0,00000000
5,67299169;3,82781744;0,00000000
5,67309569;3,82781744;0,00000000
5,67319969;3,78429508;0,00000000
5,67330369;3,82781744;0,00000000
5,67340769;3,82781744;0,00000000
5,67351169;3,78429508;0,00000000
5,67361569;3,78429508;0,00000000
5,67371969;3,82781744;0,00000000
5,67382369;3,78429508;0,00000000
5,67392769;3,82781744;0,00000000
5,67403169;3,82781744;0,00000000
5,67413569;3,82781744;0,00000000
5,67423969;3,82781744;0,00000000
5,67434369;3,82781744;0,00000000
5,67444769;3,82781744;0,00000000
5,67455169;3,78429508;0,00000000
5,67465569;3,82781744;0,00000000
5,67475969;3,78429508;0,00000000
5,67486369;3,82781744;0,00000000
5,67496769;3,82781744;0,00000000
5,67507169;3,82781744;0,00000000
5,67517569;3,82781744;0,00000000
5,67527969;3,82781744;0,00000000
5,67538369;3,78429508;0,00000000
5,67548769;3,82781744;0,00000000
5,67559169;3,82781744;0,00000000
5,67569569;3,78429508;0,00000000
5,67579969;3,82781744;0,00000000
5,67590369;3,82781744;0,00000000
5,67600769;3,82781744;0,00000000
5,67611169;3,78429508;0,00000000
5,67621569;3,82781744;0,00000000
5,67631969;3,82781744;0,00000000
5,67642369;3,82781744;0,00000000
5,67652769;3,82781744;0,00000000
5,67663169;3,82781744;0,00000000
5,67673569;3,82781744;0,00000000
5,67683969;3,82781744;0,00000000
5,67694369;3,82781744;0,00000000
5,67704769;3,82781744;0,00000000
5,67715169;3,78429508;0,00000000
5,67725569;3,82781744;0,00000000
5,67735969;3,82781744;0,00000000
5,67746369;3,82781744;0,00000000
5,67756769;3,82781744;0,00000000
5,67767169;3,82781744;0,00000000
5,67777569;3,82781744;0,00000000
5,67787969;3,78429508;0,00000000
5,67798369;3,82781744;0,00000000
5,67808769;3,78429508;0,00000000
5,67819169;3,82781744;0,00000000
5,67829569;3,82781744;0,00000000
5,67839969;3,82781744;0,00000000
5,67850369;3,82781744;0,00000000
5,67860769;3,82781744;0,00000000
5,67871169;3,78429508;0,00000000
5,67881569;3,78429508;0,00000000
5,67891969;3,82781744;0,00000000
5,67902369;3,82781744;0,00000000
5,67912769;3,82781744;0,00000000
5,67923169;3,78429508;0,00000000
5,67933569;3,82781744;0,00000000
5,67943969;3,82781744;0,00000000
5,67954369;3,82781744;0,00000000
5,67964769;3,82781744;0,00000000
5,67975169;3,78429508;0,00000000
5,67985569;3,78429508;0,00000000
5,67995969;3,82781744;0,00000000
5,68006369;3,82781744;0,00000000
5,68016769;3,82781744;0,00000000
5,68027169;3,78429508;0,00000000
5,68037569;3,82781744;0,00000000
5,68047969;3,82781744;0,00000000
5,68058369;3,82781744;0,00000000
5,68068769;3,82781744;0,00000000
5,68079169;3,78429508;0,00000000
5,68089569;3,78429508;0,00000000
5,68099969;3,82781744;0,00000000
5,68110369;3,78429508;0,00000000
5,68120769;3,82781744;0,00000000
5,68131169;3,78429508;0,00000000
5,68141569;3,82781744;0,00000000
5,68151969;3,82781744;0,00000000
5,68162369;3,82781744;0,00000000
5,68172769;3,82781744;0,00000000
5,68183169;3,78429508;0,00000000
5,68193569;3,78429508;0,00000000
5,68203969;3,82781744;0,00000000
5,68214369;3,82781744;0,00000000
5,68224769;3,78429508;0,00000000
5,68235169;3,82781744;0,00000000
5,68245569;3,82781744;0,00000000
5,68255969;3,82781744;0,00000000
5,68266369;3,78429508;0,00000000
5,68276769;3,82781744;0,00000000
5,68287169;3,82781744;0,00000000
5,68297569;3,78429508;0,00000000
5,68307969;3,82781744;0,00000000
5,68318369;3,78429508;0,00000000
5,68328769;3,82781744;0,00000000
5,68339169;3,82781744;0,00000000
5,68349569;3,78429508;0,00000000
5,68359969;3,78429508;0,00000000
5,68370369;3,82781744;0,00000000
5,68380769;3,78429508;0,00000000
5,68391169;3,82781744;0,00000000
5,68401569;3,82781744;0,00000000
5,68411969;3,82781744;0,00000000
5,68422369;3,82781744;0,00000000
5,68432769;3,78429508;0,00000000
5,68443169;3,78429508;0,00000000
5,68453569;3,82781744;0,00000000
5,68463969;3,82781744;0,00000000
5,68474369;3,82781744;0,00000000
5,68484769;3,82781744;0,00000000
5,68495169;3,82781744;0,00000000
5,68505569;3,78429508;0,00000000
5,68515969;3,82781744;0,00000000
5,68526369;3,82781744;0,00000000
5,68536769;3,82781744;0,00000000
5,68547169;3,82781744;0,00000000
5,68557569;3,82781744;0,00000000
5,68567969;3,78429508;0,00000000
5,68578369;3,82781744;0,00000000
5,68588769;3,82781744;0,00000000
5,68599169;3,82781744;0,00000000
5,68609569;3,82781744;0,00000000
5,68619969;3,78429508;0,00000000
5,68630369;3,82781744;0,00000000
5,68640769;3,78429508;0,00000000
5,68651169;3,82781744;0,00000000
5,68661569;3,82781744;0,00000000
5,68671969;3,78429508;0,00000000
5,68682369;3,82781744;0,00000000
5,68692769;3,78429508;0,00000000
5,68703169;3,82781744;0,00000000
5,68713569;3,78429508;0,00000000
5,68723969;3,82781744;0,00000000
5,68734369;3,82781744;0,00000000
5,68744769;3,82781744;0,00000000
5,68755169;3,82781744;0,00000000
5,68765569;3,82781744;0,00000000
5,68775969;3,82781744;0,00000000
5,68786369;3,82781744;0,00000000
5,68796769;3,82781744;0,00000000
5,68807169;3,82781744;0,00000000
5,68817569;3,78429508;0,00000000
5,68827969;3,78429508;0,00000000
5,68838369;3,82781744;0,00000000
5,68848769;3,82781744;0,00000000
5,68859169;3,78429508;0,00000000
5,68869569;3,78429508;0,00000000
5,68879969;3,82781744;0,00000000
5,68890369;3,82781744;0,00000000
5,68900769;3,78429508;0,00000000
5,68911169;3,82781744;0,00000000
5,68921569;3,82781744;0,00000000
5,68931969;3,82781744;0,00000000
5,68942369;3,82781744;0,00000000
5,68952769;3,82781744;0,00000000
5,68963169;3,82781744;0,00000000
5,68973569;3,82781744;0,00000000
5,68983969;3,82781744;0,00000000
5,68994369;3,82781744;0,00000000
5,69004769;3,78429508;0,00000000
5,69015169;3,82781744;0,00000000
5,69025569;3,82781744;0,00000000
5,69035969;3,78429508;0,00000000
5,69046369;3,82781744;0,00000000
5,69056769;3,82781744;0,00000000
5,69067169;3,82781744;0,00000000
5,69077569;3,82781744;0,00000000
5,69087969;3,82781744;0,00000000
5,69098369;3,78429508;0,00000000
5,69108769;3,82781744;0,00000000
5,69119169;3,82781744;0,00000000
5,69129569;3,82781744;0,00000000
5,69139969;3,82781744;0,00000000
5,69150369;3,78429508;0,00000000
5,69160769;3,82781744;0,00000000
5,69171169;3,82781744;0,00000000
5,69181569;3,78429508;0,00000000
5,69191969;3,78429508;0,00000000
5,69202369;3,82781744;0,00000000
5,69212769;3,82781744;0,00000000
5,69223169;3,82781744;0,00000000
5,69233569;3,82781744;0,00000000
5,69243969;3,82781744;0,00000000
5,69254369;3,82781744;0,00000000
5,69264769;3,82781744;0,00000000
5,69275169;3,78429508;0,00000000
5,69285569;3,82781744;0,00000000
5,69295969;3,82781744;0,00000000
5,69306369;3,82781744;0,00000000
5,69316769;3,82781744;0,00000000
5,69327169;3,82781744;0,00000000
5,69337569;3,82781744;0,00000000
5,69347969;3,82781744;0,00000000
5,69358369;3,82781744;0,00000000
5,69368769;3,78429508;0,00000000
5,69379169;3,82781744;0,00000000
5,69389569;3,82781744;0,00000000
5,69399969;3,82781744;0,00000000
5,69410369;3,82781744;0,00000000
5,69420769;3,78429508;0,00000000
5,69431169;3,78429508;0,00000000
5,69441569;3,82781744;0,00000000
5,69451969;3,82781744;0,00000000
5,69462369;3,82781744;0,00000000
5,69472769;3,82781744;0,00000000
5,69483169;3,78429508;0,00000000
5,69493569;3,82781744;0,00000000
5,69503969;3,82781744;0,00000000
5,69514369;3,82781744;0,00000000
5,69524769;3,82781744;0,00000000
5,69535169;3,82781744;0,00000000
5,69545569;3,82781744;0,00000000
5,69555969;3,82781744;0,00000000
5,69566369;3,82781744;0,00000000
5,69576769;3,82781744;0,00000000
5,69587169;3,82781744;0,00000000
5,69597569;3,82781744;0,00000000
5,69607969;3,82781744;0,00000000
5,69618369;3,82781744;0,00000000
5,69628769;3,82781744;0,00000000
5,69639169;3,82781744;0,00000000
5,69649569;3,82781744;0,00000000
5,69659969;3,82781744;0,00000000
5,69670369;3,78429508;0,00000000
5,69680769;3,78429508;0,00000000
5,69691169;3,82781744;0,00000000
5,69701569;3,82781744;0,00000000
5,69711969;3,78429508;0,00000000
5,69722369;3,78429508;0,00000000
5,69732769;3,82781744;0,00000000
5,69743169;3,82781744;0,00000000
5,69753569;3,82781744;0,00000000
5,69763969;3,82781744;0,00000000
5,69774369;3,82781744;0,00000000
5,69784769;3,82781744;0,00000000
5,69795169;3,82781744;0,00000000
5,69805569;3,82781744;0,00000000
5,69815969;3,78429508;0,00000000
5,69826369;3,82781744;0,00000000
5,69836769;3,82781744;0,00000000
5,69847169;3,78429508;0,00000000
5,69857569;3,82781744;0,00000000
5,69867969;3,78429508;0,00000000
5,69878369;3,82781744;0,00000000
5,69888769;3,78429508;0,00000000
5,69899169;3,82781744;0,00000000
5,69909569;3,82781744;0,00000000
5,69919969;3,82781744;0,00000000
5,69930369;3,82781744;0,00000000
5,69940769;3,78429508;0,00000000
5,69951169;3,78429508;0,00000000
5,69961569;3,82781744;0,00000000
5,69971969;3,78429508;0,00000000
5,69982369;3,78429508;0,00000000
5,69992769;3,82781744;0,00000000
5,70003169;3,82781744;0,00000000
5,70013569;3,82781744;0,00000000
5,70023969;3,82781744;0,00000000
5,70034369;3,82781744;0,00000000
5,70044769;3,82781744;0,00000000
5,70055169;3,82781744;0,00000000
5,70065569;3,82781744;0,00000000
5,70075969;3,82781744;0,00000000
5,70086369;3,82781744;0,00000000
5,70096769;3,82781744;0,00000000
5,70107169;3,82781744;0,00000000
5,70117569;3,78429508;0,00000000
5,70127969;3,82781744;0,00000000
5,70138369;3,82781744;0,00000000
5,70148769;3,82781744;0,00000000
5,70159169;3,82781744;0,00000000
5,70169569;3,82781744;0,00000000
5,70179969;3,82781744;0,00000000
5,70190369;3,82781744;0,00000000
5,70200769;3,78429508;0,00000000
5,70211169;3,82781744;0,00000000
5,70221569;3,78429508;0,00000000
5,70231969;3,78429508;0,00000000
5,70242369;3,78429508;0,00000000
5,70252769;3,78429508;0,00000000
5,70263169;3,82781744;0,00000000
5,70273569;3,82781744;0,00000000
5,70283969;3,78429508;0,00000000
5,70294369;3,82781744;0,00000000
5,70304769;3,82781744;0,00000000
5,70315169;3,82781744;0,00000000
5,70325569;3,82781744;0,00000000
5,70335969;3,82781744;0,00000000
5,70346369;3,82781744;0,00000000
5,70356769;3,78429508;0,00000000
5,70367169;3,82781744;0,00000000
5,70377569;3,82781744;0,00000000
5,70387969;3,82781744;0,00000000
5,70398369;3,82781744;0,00000000
5,70408769;3,82781744;0,00000000
5,70419169;3,82781744;0,00000000
5,70429569;3,82781744;0,00000000
5,70439969;3,78429508;0,00000000
5,70450369;3,78429508;0,00000000
5,70460769;3,78429508;0,00000000
5,70471169;3,82781744;0,00000000
5,70481569;3,82781744;0,00000000
5,70491969;3,82781744;0,00000000
5,70502369;3,82781744;0,00000000
5,70512769;3,78429508;0,00000000
5,70523169;3,82781744;0,00000000
5,70533569;3,82781744;0,00000000
5,70543969;3,82781744;0,00000000
5,70554369;3,82781744;0,00000000
5,70564769;3,82781744;0,00000000
5,70575169;3,78429508;0,00000000
5,70585569;3,82781744;0,00000000
5,70595969;3,78429508;0,00000000
5,70606369;3,78429508;0,00000000
5,70616769;3,82781744;0,00000000
5,70627169;3,78429508;0,00000000
5,70637569;3,78429508;0,00000000
5,70647969;3,78429508;0,00000000
5,70658369;3,82781744;0,00000000
5,70668769;3,82781744;0,00000000
5,70679169;3,82781744;0,00000000
5,70689569;3,82781744;0,00000000
5,70699969;3,78429508;0,00000000
5,70710369;3,82781744;0,00000000
5,70720769;3,78429508;0,00000000
5,70731169;3,82781744;0,00000000
5,70741569;3,82781744;0,00000000
5,70751969;3,82781744;0,00000000
5,70762369;3,82781744;0,00000000
5,70772769;3,82781744;0,00000000
5,70783169;3,78429508;0,00000000
5,70793569;3,82781744;0,00000000
5,70803969;3,78429508;0,00000000
5,70814369;3,82781744;0,00000000
5,70824769;3,78429508;0,00000000
5,70835169;3,82781744;0,00000000
5,70845569;3,82781744;0,00000000
5,70855969;3,78429508;0,00000000
5,70866369;3,82781744;0,00000000
5,70876769;3,82781744;0,00000000
5,70887169;3,82781744;0,00000000
5,70897569;3,82781744;0,00000000
5,70907969;3,82781744;0,00000000
5,70918369;3,82781744;0,00000000
5,70928769;3,82781744;0,00000000
5,70939169;3,82781744;0,00000000
5,70949569;3,82781744;0,00000000
5,70959969;3,78429508;0,00000000
5,70970369;3,82781744;0,00000000
5,70980769;3,78429508;0,00000000
5,70991169;3,82781744;0,00000000
5,71001569;3,82781744;0,00000000
5,71011969;3,82781744;0,00000000
5,71022369;3,78429508;0,00000000
5,71032769;3,82781744;0,00000000
5,71043169;3,82781744;0,00000000
5,71053569;3,82781744;0,00000000
5,71063969;3,82781744;0,00000000
5,71074369;3,82781744;0,00000000
5,71084769;3,78429508;0,00000000
5,71095169;3,82781744;0,00000000
5,71105569;3,78429508;0,00000000
5,71115969;3,78429508;0,00000000
5,71126369;3,82781744;0,00000000
5,71136769;3,82781744;0,00000000
5,71147169;3,78429508;0,00000000
5,71157569;3,82781744;0,00000000
5,71167969;3,82781744;0,00000000
5,71178369;3,82781744;0,00000000
5,71188769;3,78429508;0,00000000
5,71199169;3,82781744;0,00000000
5,71209569;3,82781744;0,00000000
5,71219969;3,78429508;0,00000000
5,71230369;3,82781744;0,00000000
5,71240769;3,78429508;0,00000000
5,71251169;3,82781744;0,00000000
5,71261569;3,82781744;0,00000000
5,71271969;3,82781744;0,00000000
5,71282369;3,82781744;0,00000000
5,71292769;3,82781744;0,00000000
5,71303169;3,82781744;0,00000000
5,71313569;3,82781744;0,00000000
5,71323969;3,78429508;0,00000000
5,71334369;3,82781744;0,00000000
5,71344769;3,78429508;0,00000000
5,71355169;3,82781744;0,00000000
5,71365569;3,82781744;0,00000000
5,71375969;3,82781744;0,00000000
5,71386369;3,82781744;0,00000000
5,71396769;3,82781744;0,00000000
5,71407169;3,82781744;0,00000000
5,71417569;3,82781744;0,00000000
5,71427969;3,82781744;0,00000000
5,71438369;3,82781744;0,00000000
5,71448769;3,82781744;0,00000000
5,71459169;3,82781744;0,00000000
5,71469569;3,78429508;0,00000000
5,71479969;3,82781744;0,00000000
5,71490369;3,78429508;0,00000000
5,71500769;3,78429508;0,00000000
5,71511169;3,82781744;0,00000000
5,71521569;3,82781744;0,00000000
5,71531969;3,82781744;0,00000000
5,71542369;3,82781744;0,00000000
5,71552769;3,82781744;0,00000000
5,71563169;3,82781744;0,00000000
5,71573569;3,82781744;0,00000000
5,71583969;3,82781744;0,00000000
5,71594369;3,82781744;0,00000000
5,71604769;3,78429508;0,00000000
5,71615169;3,82781744;0,00000000
5,71625569;3,78429508;0,00000000
5,71635969;3,82781744;0,00000000
5,71646369;3,82781744;0,00000000
5,71656769;3,82781744;0,00000000
5,71667169;3,82781744;0,00000000
5,71677569;3,82781744;0,00000000
5,71687969;3,82781744;0,00000000
5,71698369;3,82781744;0,00000000
5,71708769;3,78429508;0,00000000
5,71719169;3,82781744;0,00000000
5,71729569;3,82781744;0,00000000
5,71739969;3,78429508;0,00000000
5,71750369;3,82781744;0,00000000
5,71760769;3,82781744;0,00000000
5,71771169;3,82781744;0,00000000
5,71781569;3,82781744;0,00000000
5,71791969;3,82781744;0,00000000
5,71802369;3,82781744;0,00000000
5,71812769;3,82781744;0,00000000
5,71823169;3,82781744;0,00000000
5,71833569;3,82781744;0,00000000
5,71843969;3,78429508;0,00000000
5,71854369;3,82781744;0,00000000
5,71864769;3,82781744;0,00000000
5,71875169;3,78429508;0,00000000
5,71885569;3,82781744;0,00000000
5,71895969;3,78429508;0,00000000
5,71906369;3,78429508;0,00000000
5,71916769;3,82781744;0,00000000
5,71927169;3,82781744;0,00000000
5,71937569;3,82781744;0,00000000
5,71947969;3,78429508;0,00000000
5,71958369;3,82781744;0,00000000
5,71968769;3,82781744;0,00000000
5,71979169;3,82781744;0,00000000
5,71989569;3,82781744;0,00000000
5,71999969;3,78429508;0,00000000
5,72010369;3,82781744;0,00000000
5,72020769;3,82781744;0,00000000
5,72031169;3,78429508;0,00000000
5,72041569;3,82781744;0,00000000
5,72051969;3,82781744;0,00000000
5,72062369;3,82781744;0,00000000
5,72072769;3,82781744;0,00000000
5,72083169;3,82781744;0,00000000
5,72093569;3,78429508;0,00000000
5,72103969;3,82781744;0,00000000
5,72114369;3,78429508;0,00000000
5,72124769;3,82781744;0,00000000
5,72135169;3,82781744;0,00000000
5,72145569;3,78429508;0,00000000
5,72155969;3,82781744;0,00000000
5,72166369;3,82781744;0,00000000
5,72176769;3,78429508;0,00000000
5,72187169;3,78429508;0,00000000
5,72197569;3,82781744;0,00000000
5,72207969;3,78429508;0,00000000
5,72218369;3,78429508;0,00000000
5,72228769;3,82781744;0,00000000
5,72239169;3,82781744;0,00000000
5,72249569;3,82781744;0,00000000
5,72259969;3,82781744;0,00000000
5,72270369;3,82781744;0,00000000
5,72280769;3,82781744;0,00000000
5,72291169;3,82781744;0,00000000
5,72301569;3,82781744;0,00000000
5,72311969;3,82781744;0,00000000
5,72322369;3,82781744;0,00000000
5,72332769;3,82781744;0,00000000
5,72343169;3,82781744;0,00000000
5,72353569;3,82781744;0,00000000
5,72363969;3,82781744;0,00000000
5,72374369;3,78429508;0,00000000
5,72384769;3,82781744;0,00000000
5,72395169;3,82781744;0,00000000
5,72405569;3,82781744;0,00000000
5,72415969;3,82781744;0,00000000
5,72426369;3,82781744;0,00000000
5,72436769;3,82781744;0,00000000
5,72447169;3,82781744;0,00000000
5,72457569;3,82781744;0,00000000
5,72467969;3,82781744;0,00000000
5,72478369;3,82781744;0,00000000
5,72488769;3,82781744;0,00000000
5,72499169;3,82781744;0,00000000
5,72509569;3,78429508;0,00000000
5,72519969;3,82781744;0,00000000
5,72530369;3,82781744;0,00000000
5,72540769;3,82781744;0,00000000
5,72551169;3,78429508;0,00000000
5,72561569;3,82781744;0,00000000
5,72571969;3,82781744;0,00000000
5,72582369;3,82781744;0,00000000
5,72592769;3,78429508;0,00000000
5,72603169;3,82781744;0,00000000
5,72613569;3,78429508;0,00000000
5,72623969;3,82781744;0,00000000
5,72634369;3,82781744;0,00000000
5,72644769;3,82781744;0,00000000
5,72655169;3,82781744;0,00000000
5,72665569;3,82781744;0,00000000
5,72675969;3,78429508;0,00000000
5,72686369;3,82781744;0,00000000
5,72696769;3,82781744;0,00000000
5,72707169;3,78429508;0,00000000
5,72717569;3,82781744;0,00000000
5,72727969;3,82781744;0,00000000
5,72738369;3,82781744;0,00000000
5,72748769;3,82781744;0,00000000
5,72759169;3,82781744;0,00000000
5,72769569;3,82781744;0,00000000
5,72779969;3,82781744;0,00000000
5,72790369;3,82781744;0,00000000
5,72800769;3,82781744;0,00000000
5,72811169;3,82781744;0,00000000
5,72821569;3,82781744;0,00000000
5,72831969;3,82781744;0,00000000
5,72842369;3,78429508;0,00000000
5,72852769;3,82781744;0,00000000
5,72863169;3,82781744;0,00000000
5,72873569;3,82781744;0,00000000
5,72883969;3,82781744;0,00000000
5,72894369;3,78429508;0,00000000
5,72904769;3,82781744;0,00000000
5,72915169;3,82781744;0,00000000
5,72925569;3,82781744;0,00000000
5,72935969;3,82781744;0,00000000
5,72946369;3,82781744;0,00000000
5,72956769;3,82781744;0,00000000
5,72967169;3,82781744;0,00000000
5,72977569;3,82781744;0,00000000
5,72987969;3,78429508;0,00000000
5,72998369;3,78429508;0,00000000
5,73008769;3,78429508;0,00000000
5,73019169;3,82781744;0,00000000
5,73029569;3,82781744;0,00000000
5,73039969;3,78429508;0,00000000
5,73050369;3,78429508;0,00000000
5,73060769;3,78429508;0,00000000
5,73071169;3,82781744;0,00000000
5,73081569;3,82781744;0,00000000
5,73091969;3,82781744;0,00000000
5,73102369;3,82781744;0,00000000
5,73112769;3,82781744;0,00000000
5,73123169;3,82781744;0,00000000
5,73133569;3,82781744;0,00000000
5,73143969;3,82781744;0,00000000
5,73154369;3,82781744;0,00000000
5,73164769;3,82781744;0,00000000
5,73175169;3,82781744;0,00000000
5,73185569;3,78429508;0,00000000
5,73195969;3,82781744;0,00000000
5,73206369;3,82781744;0,00000000
5,73216769;3,78429508;0,00000000
5,73227169;3,82781744;0,00000000
5,73237569;3,82781744;0,00000000
5,73247969;3,78429508;0,00000000
5,73258369;3,82781744;0,00000000
5,73268769;3,78429508;0,00000000
5,73279169;3,82781744;0,00000000
5,73289569;3,82781744;0,00000000
5,73299969;3,82781744;0,00000000
5,73310369;3,78429508;0,00000000
5,73320769;3,82781744;0,00000000
5,73331169;3,78429508;0,00000000
5,73341569;3,78429508;0,00000000
5,73351969;3,82781744;0,00000000
5,73362369;3,82781744;0,00000000
5,73372769;3,78429508;0,00000000
5,73383169;3,82781744;0,00000000
5,73393569;3,78429508;0,00000000
5,73403969;3,82781744;0,00000000
5,73414369;3,78429508;0,00000000
5,73424769;3,78429508;0,00000000
5,73435169;3,82781744;0,00000000
5,73445569;3,82781744;0,00000000
5,73455969;3,82781744;0,00000000
5,73466369;3,82781744;0,00000000
5,73476769;3,82781744;0,00000000
5,73487169;3,78429508;0,00000000
5,73497569;3,82781744;0,00000000
5,73507969;3,78429508;0,00000000
5,73518369;3,82781744;0,00000000
5,73528769;3,82781744;0,00000000
5,73539169;3,82781744;0,00000000
5,73549569;3,82781744;0,00000000
5,73559969;3,82781744;0,00000000
5,73570369;3,78429508;0,00000000
5,73580769;3,82781744;0,00000000
5,73591169;3,82781744;0,00000000
5,73601569;3,82781744;0,00000000
5,73611969;3,78429508;0,00000000
5,73622369;3,78429508;0,00000000
5,73632769;3,82781744;0,00000000
5,73643169;3,78429508;0,00000000
5,73653569;3,82781744;0,00000000
5,73663969;3,78429508;0,00000000
5,73674369;3,78429508;0,00000000
5,73684769;3,82781744;0,00000000
5,73695169;3,82781744;0,00000000
5,73705569;3,82781744;0,00000000
5,73715969;3,82781744;0,00000000
5,73726369;3,82781744;0,00000000
5,73736769;3,82781744;0,00000000
5,73747169;3,82781744;0,00000000
5,73757569;3,82781744;0,00000000
5,73767969;3,78429508;0,00000000
5,73778369;3,82781744;0,00000000
5,73788769;3,82781744;0,00000000
5,73799169;3,82781744;0,00000000
5,73809569;3,78429508;0,00000000
5,73819969;3,82781744;0,00000000
5,73830369;3,82781744;0,00000000
5,73840769;3,78429508;0,00000000
5,73851169;3,82781744;0,00000000
5,73861569;3,82781744;0,00000000
5,73871969;3,82781744;0,00000000
5,73882369;3,78429508;0,00000000
5,73892769;3,82781744;0,00000000
5,73903169;3,82781744;0,00000000
5,73913569;3,82781744;0,00000000
5,73923969;3,82781744;0,00000000
5,73934369;3,82781744;0,00000000
5,73944769;3,78429508;0,00000000
5,73955169;3,82781744;0,00000000
5,73965569;3,78429508;0,00000000
5,73975969;3,82781744;0,00000000
5,73986369;3,78429508;0,00000000
5,73996769;3,78429508;0,00000000
5,74007169;3,82781744;0,00000000
5,74017569;3,82781744;0,00000000
5,74027969;3,82781744;0,00000000
5,74038369;3,82781744;0,00000000
5,74048769;3,78429508;0,00000000
5,74059169;3,82781744;0,00000000
5,74069569;3,82781744;0,00000000
5,74079969;3,82781744;0,00000000
5,74090369;3,82781744;0,00000000
5,74100769;3,82781744;0,00000000
5,74111169;3,82781744;0,00000000
5,74121569;3,78429508;0,00000000
5,74131969;3,78429508;0,00000000
5,74142369;3,82781744;0,00000000
5,74152769;3,78429508;0,00000000
5,74163169;3,78429508;0,00000000
5,74173569;3,82781744;0,00000000
5,74183969;3,82781744;0,00000000
5,74194369;3,82781744;0,00000000
5,74204769;3,87133980;0,00000000
5,74215169;3,82781744;0,00000000
5,74225569;3,82781744;0,00000000
5,74235969;3,82781744;0,00000000
5,74246369;3,78429508;0,00000000
5,74256769;3,82781744;0,00000000
5,74267169;3,82781744;0,00000000
5,74277569;3,82781744;0,00000000
5,74287969;3,78429508;0,00000000
5,74298369;3,82781744;0,00000000
5,74308769;3,78429508;0,00000000
5,74319169;3,82781744;0,00000000
5,74329569;3,82781744;0,00000000
5,74339969;3,78429508;0,00000000
5,74350369;3,82781744;0,00000000
5,74360769;3,82781744;0,00000000
5,74371169;3,82781744;0,00000000
5,74381569;3,78429508;0,00000000
5,74391969;3,82781744;0,00000000
5,74402369;3,82781744;0,00000000
5,74412769;3,78429508;0,00000000
5,74423169;3,82781744;0,00000000
5,74433569;3,82781744;0,00000000
5,74443969;3,82781744;0,00000000
5,74454369;3,82781744;0,00000000
5,74464769;3,82781744;0,00000000
5,74475169;3,82781744;0,00000000
5,74485569;3,78429508;0,00000000
5,74495969;3,82781744;0,00000000
5,74506369;3,82781744;0,00000000
5,74516769;3,82781744;0,00000000
5,74527169;3,82781744;0,00000000
5,74537569;3,78429508;0,00000000
5,74547969;3,82781744;0,00000000
5,74558369;3,82781744;0,00000000
5,74568769;3,78429508;0,00000000
5,74579169;3,82781744;0,00000000
5,74589569;3,82781744;0,00000000
5,74599969;3,82781744;0,00000000
5,74610369;3,78429508;0,00000000
5,74620769;3,82781744;0,00000000
5,74631169;3,82781744;0,00000000
5,74641569;3,78429508;0,00000000
5,74651969;3,82781744;0,00000000
5,74662369;3,82781744;0,00000000
5,74672769;3,82781744;0,00000000
5,74683169;3,82781744;0,00000000
5,74693569;3,82781744;0,00000000
5,74703969;3,82781744;0,00000000
5,74714369;3,78429508;0,00000000
5,74724769;3,78429508;0,00000000
5,74735169;3,82781744;0,00000000
5,74745569;3,82781744;0,00000000
5,74755969;3,78429508;0,00000000
5,74766369;3,82781744;0,00000000
5,74776769;3,82781744;0,00000000
5,74787169;3,82781744;0,00000000
5,74797569;3,82781744;0,00000000
5,74807969;3,82781744;0,00000000
5,74818369;3,82781744;0,00000000
5,74828769;3,82781744;0,00000000
5,74839169;3,82781744;0,00000000
5,74849569;3,82781744;0,01734744
5,74859969;3,82781744;0,00000000
5,74870369;3,82781744;0,00000000
5,74880769;3,82781744;0,00000000
5,74891169;3,78429508;0,00000000
5,74901569;3,82781744;0,00000000
5,74911969;3,82781744;0,00000000
5,74922369;3,82781744;0,00000000
5,74932769;3,82781744;0,00000000
5,74943169;3,82781744;0,00000000
5,74953569;3,82781744;0,00000000
5,74963969;3,82781744;0,00000000
5,74974369;3,82781744;0,00000000
5,74984769;3,78429508;0,00000000
5,74995169;3,82781744;0,00000000
5,75005569;3,82781744;0,00000000
5,75015969;3,82781744;0,00000000
5,75026369;3,82781744;0,00000000
5,75036769;3,82781744;0,00000000
5,75047169;3,78429508;0,00000000
5,75057569;3,82781744;0,00000000
5,75067969;3,78429508;0,00000000
5,75078369;3,82781744;0,00000000
5,75088769;3,82781744;0,00000000
5,75099169;3,82781744;0,00000000
5,75109569;3,82781744;0,00000000
5,75119969;3,82781744;0,00000000
5,75130369;3,78429508;0,00000000
5,75140769;3,82781744;0,00000000
5,75151169;3,82781744;0,00000000
5,75161569;3,82781744;0,00000000
5,75171969;3,82781744;0,00000000
5,75182369;3,78429508;0,00000000
5,75192769;3,82781744;0,00000000
5,75203169;3,78429508;0,00000000
5,75213569;3,82781744;0,00000000
5,75223969;3,82781744;0,00000000
5,75234369;3,82781744;0,00000000
5,75244769;3,82781744;0,00000000
5,75255169;3,82781744;0,00000000
5,75265569;3,78429508;0,00000000
5,75275969;3,78429508;0,00000000
5,75286369;3,78429508;0,00000000
5,75296769;3,82781744;0,00000000
5,75307169;3,82781744;0,00000000
5,75317569;3,82781744;0,00000000
5,75327969;3,82781744;0,00000000
5,75338369;3,78429508;0,00000000
5,75348769;3,82781744;0,00000000
5,75359169;3,78429508;0,00000000
5,75369569;3,82781744;0,00000000
5,75379969;3,82781744;0,00000000
5,75390369;3,82781744;0,00000000
5,75400769;3,82781744;0,00000000
5,75411169;3,82781744;0,00000000
5,75421569;3,78429508;0,00000000
5,75431969;3,78429508;0,00000000
5,75442369;3,82781744;0,00000000
5,75452769;3,82781744;0,00000000
5,75463169;3,82781744;0,00000000
5,75473569;3,82781744;0,00000000
5,75483969;3,82781744;0,00000000
5,75494369;3,82781744;0,00000000
5,75504769;3,82781744;0,00000000
5,75515169;3,78429508;0,00000000
5,75525569;3,78429508;0,00000000
5,75535969;3,82781744;0,00000000
5,75546369;3,82781744;0,00000000
5,75556769;3,78429508;0,00000000
5,75567169;3,82781744;0,00000000
5,75577569;3,82781744;0,00000000
5,75587969;3,78429508;0,00000000
5,75598369;3,82781744;0,00000000
5,75608769;3,82781744;0,00000000
5,75619169;3,82781744;0,00000000
5,75629569;3,82781744;0,00000000
5,75639969;3,82781744;0,00000000
5,75650369;3,82781744;0,00000000
5,75660769;3,82781744;0,00000000
5,75671169;3,78429508;0,00000000
5,75681569;3,82781744;0,00000000
5,75691969;3,78429508;0,00000000
5,75702369;3,82781744;0,00000000
5,75712769;3,82781744;0,00000000
5,75723169;3,82781744;0,00000000
5,75733569;3,82781744;0,00000000
5,75743969;3,78429508;0,00000000
5,75754369;3,82781744;0,00000000
5,75764769;3,82781744;0,01734744
5,75775169;3,82781744;0,00000000
5,75785569;3,87133980;0,00000000
5,75795969;3,82781744;0,00000000
5,75806369;3,78429508;0,00000000
5,75816769;3,78429508;0,00000000
5,75827169;3,82781744;0,00000000
5,75837569;3,87133980;0,00000000
5,75847969;3,82781744;0,00000000
5,75858369;3,82781744;0,00000000
5,75868769;3,82781744;0,00000000
5,75879169;3,82781744;0,00000000
5,75889569;3,82781744;0,00000000
5,75899969;3,82781744;0,00000000
5,75910369;3,82781744;0,00000000
5,75920769;3,82781744;0,00000000
5,75931169;3,82781744;0,00000000
5,75941569;3,82781744;0,00000000
5,75951969;3,82781744;0,00000000
5,75962369;3,82781744;0,00000000
5,75972769;3,82781744;0,00000000
5,75983169;3,82781744;0,00000000
5,75993569;3,78429508;0,00000000
5,76003969;3,78429508;0,00000000
5,76014369;3,82781744;0,00000000
5,76024769;3,82781744;0,00000000
5,76035169;3,78429508;0,00000000
5,76045569;3,82781744;0,00000000
5,76055969;3,82781744;0,00000000
5,76066369;3,82781744;0,00000000
5,76076769;3,82781744;0,00000000
5,76087169;3,82781744;0,00000000
5,76097569;3,78429508;0,00000000
5,76107969;3,78429508;0,00000000
5,76118369;3,78429508;0,00000000
5,76128769;3,82781744;0,00000000
5,76139169;3,82781744;0,00000000
5,76149569;3,78429508;0,00000000
5,76159969;3,82781744;0,00000000
5,76170369;3,78429508;0,00000000
5,76180769;3,78429508;0,01734744
5,76191169;3,82781744;0,00000000
5,76201569;3,78429508;0,00000000
5,76211969;3,82781744;0,00000000
5,76222369;3,82781744;0,00000000
5,76232769;3,82781744;0,00000000
5,76243169;3,82781744;0,01734744
5,76253569;3,82781744;0,00000000
5,76263969;3,78429508;0,00000000
5,76274369;3,82781744;0,00000000
5,76284769;3,82781744;0,00000000
5,76295169;3,82781744;0,00000000
5,76305569;3,82781744;0,00000000
5,76315969;3,78429508;0,00000000
5,76326369;3,82781744;0,00000000
5,76336769;3,82781744;0,00000000
5,76347169;3,82781744;0,00000000
5,76357569;3,78429508;0,00000000
5,76367969;3,82781744;0,00000000
5,76378369;3,82781744;0,00000000
5,76388769;3,82781744;0,00000000
5,76399169;3,82781744;0,00000000
5,76409569;3,82781744;0,00000000
5,76419969;3,82781744;0,00000000
5,76430369;3,82781744;0,00000000
5,76440769;3,82781744;0,00000000
5,76451169;3,82781744;0,00000000
5,76461569;3,78429508;0,00000000
5,76471969;3,82781744;0,00000000
5,76482369;3,82781744;0,00000000
5,76492769;3,82781744;0,00000000
5,76503169;3,82781744;0,00000000
5,76513569;3,78429508;0,00000000
5,76523969;3,82781744;0,00000000
5,76534369;3,78429508;0,00000000
5,76544769;3,82781744;0,00000000
5,76555169;3,82781744;0,00000000
5,76565569;3,82781744;0,00000000
5,76575969;3,82781744;0,00000000
5,76586369;3,82781744;0,00000000
5,76596769;3,82781744;0,00000000
5,76607169;3,78429508;0,00000000
5,76617569;3,82781744;0,00000000
5,76627969;3,78429508;0,00000000
5,76638369;3,82781744;0,00000000
5,76648769;3,82781744;0,00000000
5,76659169;3,82781744;0,00000000
5,76669569;3,82781744;0,00000000
5,76679969;3,82781744;0,00000000
5,76690369;3,82781744;0,00000000
5,76700769;3,78429508;0,00000000
5,76711169;3,78429508;0,00000000
5,76721569;3,82781744;0,00000000
5,76731969;3,82781744;0,00000000
5,76742369;3,78429508;0,00000000
5,76752769;3,82781744;0,00000000
5,76763169;3,82781744;0,00000000
5,76773569;3,82781744;0,00000000
5,76783969;3,82781744;0,00000000
5,76794369;3,82781744;0,00000000
5,76804769;3,82781744;0,00000000
5,76815169;3,82781744;0,00000000
5,76825569;3,78429508;0,00000000
5,76835969;3,78429508;0,00000000
5,76846369;3,82781744;0,00000000
5,76856769;3,82781744;0,00000000
5,76867169;3,82781744;0,00000000
5,76877569;3,82781744;0,00000000
5,76887969;3,78429508;0,00000000
5,76898369;3,78429508;0,00000000
5,76908769;3,82781744;0,00000000
5,76919169;3,82781744;0,00000000
5,76929569;3,82781744;0,00000000
5,76939969;3,78429508;0,00000000
5,76950369;3,82781744;0,00000000
5,76960769;3,78429508;0,00000000
5,76971169;3,82781744;0,00000000
5,76981569;3,82781744;0,00000000
5,76991969;3,78429508;0,00000000
5,77002369;3,82781744;0,00000000
5,77012769;3,82781744;0,00000000
5,77023169;3,82781744;0,00000000
5,77033569;3,78429508;0,00000000
5,77043969;3,78429508;0,00000000
5,77054369;3,82781744;0,00000000
5,77064769;3,82781744;0,00000000
5,77075169;3,82781744;0,00000000
5,77085569;3,78429508;0,00000000
5,77095969;3,82781744;0,00000000
5,77106369;3,82781744;0,00000000
5,77116769;3,82781744;0,00000000
5,77127169;3,78429508;0,00000000
5,77137569;3,82781744;0,00000000
5,77147969;3,78429508;0,00000000
5,77158369;3,78429508;0,00000000
5,77168769;3,82781744;0,00000000
5,77179169;3,82781744;0,00000000
5,77189569;3,82781744;0,00000000
5,77199969;3,82781744;0,00000000
5,77210369;3,78429508;0,00000000
5,77220769;3,82781744;0,00000000
5,77231169;3,82781744;0,00000000
5,77241569;3,78429508;0,00000000
5,77251969;3,82781744;0,00000000
5,77262369;3,82781744;0,00000000
5,77272769;3,78429508;0,00000000
5,77283169;3,82781744;0,00000000
5,77293569;3,82781744;0,00000000
5,77303969;3,82781744;0,00000000
5,77314369;3,82781744;0,00000000
5,77324769;3,82781744;0,00000000
5,77335169;3,82781744;0,00000000
5,77345569;3,87133980;0,00000000
5,77355969;3,78429508;0,00000000
5,77366369;3,82781744;0,00000000
5,77376769;3,82781744;0,00000000
5,77387169;3,78429508;0,00000000
5,77397569;3,82781744;0,00000000
5,77407969;3,82781744;0,00000000
5,77418369;3,78429508;0,00000000
5,77428769;3,82781744;0,00000000
5,77439169;3,82781744;0,00000000
5,77449569;3,78429508;0,00000000
5,77459969;3,82781744;0,00000000
5,77470369;3,82781744;0,00000000
5,77480769;3,82781744;0,00000000
5,77491169;3,82781744;0,00000000
5,77501569;3,82781744;0,00000000
5,77511969;3,82781744;0,00000000
5,77522369;3,82781744;0,00000000
5,77532769;3,82781744;0,00000000
5,77543169;3,82781744;0,00000000
5,77553569;3,78429508;0,00000000
5,77563969;3,82781744;0,00000000
5,77574369;3,78429508;0,00000000
5,77584769;3,82781744;0,00000000
5,77595169;3,82781744;0,00000000
5,77605569;3,82781744;0,00000000
5,77615969;3,82781744;0,00000000
5,77626369;3,82781744;0,00000000
5,77636769;3,82781744;0,00000000
5,77647169;3,78429508;0,00000000
5,77657569;3,78429508;0,00000000
5,77667969;3,78429508;0,00000000
5,77678369;3,82781744;0,00000000
5,77688769;3,78429508;0,00000000
5,77699169;3,78429508;0,00000000
5,77709569;3,82781744;0,00000000
5,77719969;3,82781744;0,00000000
5,77730369;3,78429508;0,00000000
5,77740769;3,82781744;0,00000000
5,77751169;3,82781744;0,00000000
5,77761569;3,78429508;0,00000000
5,77771969;3,82781744;0,00000000
5,77782369;3,78429508;0,00000000
5,77792769;3,82781744;0,00000000
5,77803169;3,78429508;0,00000000
5,77813569;3,78429508;0,00000000
5,77823969;3,78429508;0,00000000
5,77834369;3,82781744;0,00000000
5,77844769;3,78429508;0,00000000
5,77855169;3,78429508;0,00000000
5,77865569;3,78429508;0,00000000
5,77875969;3,78429508;0,00000000
5,77886369;3,82781744;0,00000000
5,77896769;3,78429508;0,00000000
5,77907169;3,82781744;0,00000000
5,77917569;3,82781744;0,00000000
5,77927969;3,82781744;0,00000000
5,77938369;3,78429508;0,00000000
5,77948769;3,78429508;0,00000000
5,77959169;3,82781744;0,00000000
5,77969569;3,82781744;0,00000000
5,77979969;3,82781744;0,00000000
5,77990369;3,82781744;0,00000000
5,78000769;3,82781744;0,00000000
5,78011169;3,82781744;0,00000000
5,78021569;3,82781744;0,00000000
5,78031969;3,82781744;0,00000000
5,78042369;3,78429508;0,00000000
5,78052769;3,82781744;0,00000000
5,78063169;3,78429508;0,00000000
5,78073569;3,82781744;0,00000000
5,78083969;3,82781744;0,00000000
5,78094369;3,82781744;0,00000000
5,78104769;3,82781744;0,00000000
5,78115169;3,78429508;0,00000000
5,78125569;3,82781744;0,00000000
5,78135969;3,78429508;0,00000000
5,78146369;3,78429508;0,00000000
5,78156769;3,82781744;0,00000000
5,78167169;3,82781744;0,00000000
5,78177569;3,78429508;0,00000000
5,78187969;3,82781744;0,00000000
5,78198369;3,82781744;0,00000000
5,78208769;3,78429508;0,00000000
5,78219169;3,78429508;0,00000000
5,78229569;3,78429508;0,00000000
5,78239969;3,82781744;0,00000000
5,78250369;3,82781744;0,00000000
5,78260769;3,82781744;0,00000000
5,78271169;3,82781744;0,00000000
5,78281569;3,82781744;0,00000000
5,78291969;3,78429508;0,00000000
5,78302369;3,82781744;0,00000000
5,78312769;3,82781744;0,00000000
5,78323169;3,82781744;0,00000000
5,78333569;3,78429508;0,00000000
5,78343969;3,82781744;0,00000000
5,78354369;3,82781744;0,00000000
5,78364769;3,78429508;0,00000000
5,78375169;3,82781744;0,00000000
5,78385569;3,82781744;0,00000000
5,78395969;3,82781744;0,00000000
5,78406369;3,78429508;0,00000000
5,78416769;3,82781744;0,00000000
5,78427169;3,78429508;0,00000000
5,78437569;3,82781744;0,00000000
5,78447969;3,82781744;0,00000000
5,78458369;3,82781744;0,00000000
5,78468769;3,82781744;0,00000000
5,78479169;3,82781744;0,00000000
5,78489569;3,78429508;0,00000000
5,78499969;3,82781744;0,00000000
5,78510369;3,82781744;0,00000000
5,78520769;3,82781744;0,00000000
5,78531169;3,82781744;0,00000000
5,78541569;3,78429508;0,00000000
5,78551969;3,82781744;0,00000000
5,78562369;3,82781744;0,00000000
5,78572769;3,82781744;0,00000000
5,78583169;3,82781744;0,00000000
5,78593569;3,82781744;0,00000000
5,78603969;3,82781744;0,00000000
5,78614369;3,82781744;0,00000000
5,78624769;3,78429508;0,00000000
5,78635169;3,82781744;0,00000000
5,78645569;3,78429508;0,00000000
5,78655969;3,82781744;0,00000000
5,78666369;3,82781744;0,00000000
5,78676769;3,82781744;0,00000000
5,78687169;3,82781744;0,00000000
5,78697569;3,82781744;0,00000000
5,78707969;3,82781744;0,00000000
5,78718369;3,78429508;0,00000000
5,78728769;3,78429508;0,00000000
5,78739169;3,82781744;0,00000000
5,78749569;3,82781744;0,00000000
5,78759969;3,82781744;0,00000000
5,78770369;3,82781744;0,00000000
5,78780769;3,82781744;0,00000000
5,78791169;3,78429508;0,00000000
5,78801569;3,82781744;0,00000000
5,78811969;3,82781744;0,00000000
5,78822369;3,82781744;0,00000000
5,78832769;3,78429508;0,00000000
5,78843169;3,87133980;0,00000000
5,78853569;3,82781744;0,00000000
5,78863969;3,82781744;0,00000000
5,78874369;3,82781744;0,00000000
5,78884769;3,82781744;0,00000000
5,78895169;3,82781744;0,00000000
5,78905569;3,82781744;0,00000000
5,78915969;3,78429508;0,01734744
5,78926369;3,82781744;0,00000000
5,78936769;3,82781744;0,00000000
5,78947169;3,82781744;0,00000000
5,78957569;3,82781744;0,00000000
5,78967969;3,82781744;0,00000000
5,78978369;3,82781744;0,00000000
5,78988769;3,78429508;0,00000000
5,78999169;3,78429508;0,00000000
5,79009569;3,78429508;0,00000000
5,79019969;3,82781744;0,00000000
5,79030369;3,82781744;0,00000000
5,79040769;3,78429508;0,00000000
5,79051169;3,82781744;0,00000000
5,79061569;3,87133980;0,00000000
5,79071969;3,82781744;0,00000000
5,79082369;3,82781744;0,00000000
5,79092769;3,82781744;0,00000000
5,79103169;3,82781744;0,00000000
5,79113569;3,82781744;0,00000000
5,79123969;3,78429508;0,00000000
5,79134369;3,82781744;0,00000000
5,79144769;3,78429508;0,00000000
5,79155169;3,82781744;0,00000000
5,79165569;3,78429508;0,00000000
5,79175969;3,82781744;0,00000000
5,79186369;3,82781744;0,00000000
5,79196769;3,82781744;0,00000000
5,79207169;3,78429508;0,00000000
5,79217569;3,82781744;0,00000000
5,79227969;3,82781744;0,00000000
5,79238369;3,82781744;0,00000000
5,79248769;3,82781744;0,00000000
5,79259169;3,78429508;0,00000000
5,79269569;3,78429508;0,00000000
5,79279969;3,78429508;0,00000000
5,79290369;3,82781744;0,00000000
5,79300769;3,82781744;0,00000000
5,79311169;3,82781744;0,00000000
5,79321569;3,78429508;0,00000000
5,79331969;3,82781744;0,00000000
5,79342369;3,78429508;0,00000000
5,79352769;3,82781744;0,00000000
5,79363169;3,82781744;0,00000000
5,79373569;3,82781744;0,00000000
5,79383969;3,82781744;0,00000000
5,79394369;3,78429508;0,00000000
5,79404769;3,82781744;0,00000000
5,79415169;3,78429508;0,00000000
5,79425569;3,78429508;0,00000000
5,79435969;3,82781744;0,00000000
5,79446369;3,82781744;0,00000000
5,79456769;3,82781744;0,00000000
5,79467169;3,82781744;0,00000000
5,79477569;3,78429508;0,00000000
5,79487969;3,82781744;0,00000000
5,79498369;3,82781744;0,00000000
5,79508769;3,82781744;0,00000000
5,79519169;3,82781744;0,00000000
5,79529569;3,82781744;0,00000000
5,79539969;3,82781744;0,00000000
5,79550369;3,78429508;0,00000000
5,79560769;3,82781744;0,00000000
5,79571169;3,78429508;0,00000000
5,79581569;3,82781744;0,00000000
5,79591969;3,78429508;0,00000000
5,79602369;3,82781744;0,00000000
5,79612769;3,82781744;0,00000000
5,79623169;3,82781744;0,00000000
5,79633569;3,82781744;0,00000000
5,79643969;3,82781744;0,00000000
5,79654369;3,82781744;0,00000000
5,79664769;3,82781744;0,00000000
5,79675169;3,82781744;0,00000000
5,79685569;3,82781744;0,00000000
5,79695969;3,82781744;0,00000000
5,79706369;3,82781744;0,00000000
5,79716769;3,78429508;0,00000000
5,79727169;3,82781744;0,00000000
5,79737569;3,82781744;0,00000000
5,79747969;3,82781744;0,00000000
5,79758369;3,78429508;0,00000000
5,79768769;3,82781744;0,00000000
5,79779169;3,78429508;0,00000000
5,79789569;3,78429508;0,00000000
5,79799969;3,82781744;0,00000000
5,79810369;3,78429508;0,00000000
5,79820769;3,78429508;0,00000000
5,79831169;3,82781744;0,00000000
5,79841569;3,78429508;0,00000000
5,79851969;3,82781744;0,00000000
5,79862369;3,82781744;0,00000000
5,79872769;3,82781744;0,00000000
5,79883169;3,82781744;0,00000000
5,79893569;3,82781744;0,00000000
5,79903969;3,82781744;0,00000000
5,79914369;3,82781744;0,00000000
5,79924769;3,82781744;0,00000000
5,79935169;3,78429508;0,00000000
5,79945569;3,82781744;0,00000000
5,79955969;3,82781744;0,00000000
5,79966369;3,82781744;0,00000000
5,79976769;3,78429508;0,00000000
5,79987169;3,82781744;0,00000000
5,79997569;3,78429508;0,00000000
5,80007969;3,82781744;0,00000000
5,80018369;3,82781744;0,00000000
5,80028769;3,82781744;0,00000000
5,80039169;3,82781744;0,00000000
5,80049569;3,82781744;0,00000000
5,80059969;3,78429508;0,00000000
5,80070369;3,82781744;0,00000000
5,80080769;3,82781744;0,00000000
5,80091169;3,82781744;0,00000000
5,80101569;3,82781744;0,00000000
5,80111969;3,82781744;0,00000000
5,80122369;3,82781744;0,00000000
5,80132769;3,82781744;0,00000000
5,80143169;3,78429508;0,00000000
5,80153569;3,78429508;0,00000000
5,80163969;3,78429508;0,00000000
5,80174369;3,82781744;0,00000000
5,80184769;3,82781744;0,00000000
5,80195169;3,82781744;0,00000000
5,80205569;3,82781744;0,00000000
5,80215969;3,82781744;0,00000000
5,80226369;3,82781744;0,00000000
5,80236769;3,78429508;0,00000000
5,80247169;3,82781744;0,00000000
5,80257569;3,82781744;0,00000000
5,80267969;3,82781744;0,00000000
5,80278369;3,82781744;0,00000000
5,80288769;3,82781744;0,00000000
5,80299169;3,78429508;0,00000000
5,80309569;3,82781744;0,00000000
5,80319969;3,82781744;0,00000000
5,80330369;3,78429508;0,00000000
5,80340769;3,82781744;0,00000000
5,80351169;3,82781744;0,00000000
5,80361569;3,82781744;0,00000000
5,80371969;3,82781744;0,00000000
5,80382369;3,78429508;0,00000000
5,80392769;3,82781744;0,00000000
5,80403169;3,82781744;0,00000000
5,80413569;3,82781744;0,00000000
5,80423969;3,78429508;0,00000000
5,80434369;3,82781744;0,00000000
5,80444769;3,82781744;0,00000000
5,80455169;3,82781744;0,00000000
5,80465569;3,82781744;0,00000000
5,80475969;3,82781744;0,00000000
5,80486369;3,82781744;0,00000000
5,80496769;3,82781744;0,00000000
5,80507169;3,78429508;0,00000000
5,80517569;3,82781744;0,00000000
5,80527969;3,82781744;0,00000000
5,80538369;3,82781744;0,00000000
5,80548769;3,82781744;0,00000000
5,80559169;3,82781744;0,00000000
5,80569569;3,82781744;0,00000000
5,80579969;3,78429508;0,00000000
5,80590369;3,82781744;0,00000000
5,80600769;3,82781744;0,00000000
5,80611169;3,82781744;0,00000000
5,80621569;3,82781744;0,00000000
5,80631969;3,78429508;0,00000000
5,80642369;3,82781744;0,00000000
5,80652769;3,78429508;0,00000000
5,80663169;3,82781744;0,00000000
5,80673569;3,78429508;0,00000000
5,80683969;3,78429508;0,00000000
5,80694369;3,82781744;0,00000000
5,80704769;3,82781744;0,00000000
5,80715169;3,82781744;0,00000000
5,80725569;3,82781744;0,00000000
5,80735969;3,82781744;0,00000000
5,80746369;3,78429508;0,00000000
5,80756769;3,78429508;0,00000000
5,80767169;3,78429508;0,00000000
5,80777569;3,82781744;0,00000000
5,80787969;3,78429508;0,00000000
5,80798369;3,82781744;0,00000000
5,80808769;3,82781744;0,00000000
5,80819169;3,82781744;0,00000000
5,80829569;3,82781744;0,00000000
5,80839969;3,82781744;0,00000000
5,80850369;3,82781744;0,00000000
5,80860769;3,82781744;0,00000000
5,80871169;3,82781744;0,00000000
5,80881569;3,82781744;0,00000000
5,80891969;3,82781744;0,00000000
5,80902369;3,78429508;0,00000000
5,80912769;3,78429508;0,00000000
5,80923169;3,82781744;0,00000000
5,80933569;3,82781744;0,00000000
5,80943969;3,78429508;0,00000000
5,80954369;3,78429508;0,00000000
5,80964769;3,78429508;0,00000000
5,80975169;3,82781744;0,00000000
5,80985569;3,82781744;0,00000000
5,80995969;3,78429508;0,00000000
5,81006369;3,82781744;0,00000000
5,81016769;3,82781744;0,00000000
5,81027169;3,82781744;0,00000000
5,81037569;3,82781744;0,00000000
5,81047969;3,82781744;0,00000000
5,81058369;3,78429508;0,00000000
5,81068769;3,82781744;0,00000000
5,81079169;3,82781744;0,00000000
5,81089569;3,82781744;0,00000000
5,81099969;3,82781744;0,00000000
5,81110369;3,82781744;0,00000000
5,81120769;3,82781744;0,00000000
5,81131169;3,82781744;0,00000000
5,81141569;3,82781744;0,00000000
5,81151969;3,82781744;0,00000000
5,81162369;3,82781744;0,00000000
5,81172769;3,82781744;0,00000000
5,81183169;3,82781744;0,00000000
5,81193569;3,82781744;0,00000000
5,81203969;3,82781744;0,00000000
5,81214369;3,82781744;0,00000000
5,81224769;3,82781744;0,00000000
5,81235169;3,82781744;0,00000000
5,81245569;3,82781744;0,00000000
5,81255969;3,82781744;0,00000000
5,81266369;3,82781744;0,00000000
5,81276769;3,82781744;0,00000000
5,81287169;3,82781744;0,00000000
5,81297569;3,78429508;0,00000000
5,81307969;3,82781744;0,00000000
5,81318369;3,78429508;0,00000000
5,81328769;3,78429508;0,00000000
5,81339169;3,78429508;0,00000000
5,81349569;3,82781744;0,00000000
5,81359969;3,82781744;0,00000000
5,81370369;3,82781744;0,00000000
5,81380769;3,82781744;0,00000000
5,81391169;3,78429508;0,00000000
5,81401569;3,82781744;0,00000000
5,81411969;3,82781744;0,00000000
5,81422369;3,82781744;0,00000000
5,81432769;3,82781744;0,00000000
5,81443169;3,78429508;0,00000000
5,81453569;3,82781744;0,00000000
5,81463969;3,82781744;0,00000000
5,81474369;3,82781744;0,00000000
5,81484769;3,82781744;0,00000000
5,81495169;3,82781744;0,00000000
5,81505569;3,82781744;0,00000000
5,81515969;3,82781744;0,00000000
5,81526369;3,82781744;0,00000000
5,81536769;3,82781744;0,00000000
5,81547169;3,78429508;0,00000000
5,81557569;3,82781744;0,00000000
5,81567969;3,82781744;0,00000000
5,81578369;3,82781744;0,00000000
5,81588769;3,78429508;0,00000000
5,81599169;3,82781744;0,01734744
5,81609569;3,82781744;0,00000000
5,81619969;3,82781744;0,00000000
5,81630369;3,82781744;0,00000000
5,81640769;3,78429508;0,00000000
5,81651169;3,82781744;0,00000000
5,81661569;3,78429508;0,00000000
5,81671969;3,78429508;0,00000000
5,81682369;3,82781744;0,00000000
5,81692769;3,78429508;0,00000000
5,81703169;3,82781744;0,00000000
5,81713569;3,82781744;0,00000000
5,81723969;3,78429508;0,00000000
5,81734369;3,82781744;0,00000000
5,81744769;3,78429508;0,00000000
5,81755169;3,82781744;0,00000000
5,81765569;3,82781744;0,00000000
5,81775969;3,82781744;0,00000000
5,81786369;3,82781744;0,00000000
5,81796769;3,82781744;0,00000000
5,81807169;3,82781744;0,00000000
5,81817569;3,82781744;0,00000000
5,81827969;3,82781744;0,00000000
5,81838369;3,82781744;0,00000000
5,81848769;3,82781744;0,00000000
5,81859169;3,82781744;0,00000000
5,81869569;3,82781744;0,00000000
5,81879969;3,82781744;0,00000000
5,81890369;3,82781744;0,00000000
5,81900769;3,82781744;0,00000000
5,81911169;3,82781744;0,00000000
5,81921569;3,82781744;0,00000000
5,81931969;3,78429508;0,00000000
5,81942369;3,82781744;0,00000000
5,81952769;3,78429508;0,00000000
5,81963169;3,82781744;0,00000000
5,81973569;3,78429508;0,00000000
5,81983969;3,78429508;0,00000000
5,81994369;3,82781744;0,00000000
5,82004769;3,82781744;0,00000000
5,82015169;3,82781744;0,00000000
5,82025569;3,78429508;0,00000000
5,82035969;3,82781744;0,00000000
5,82046369;3,82781744;0,00000000
5,82056769;3,78429508;0,00000000
5,82067169;3,82781744;0,00000000
5,82077569;3,78429508;0,00000000
5,82087969;3,78429508;0,00000000
5,82098369;3,82781744;0,00000000
5,82108769;3,82781744;0,00000000
5,82119169;3,78429508;0,00000000
5,82129569;3,82781744;0,00000000
5,82139969;3,82781744;0,00000000
5,82150369;3,82781744;0,00000000
5,82160769;3,82781744;0,00000000
5,82171169;3,82781744;0,00000000
5,82181569;3,82781744;0,00000000
5,82191969;3,82781744;0,00000000
5,82202369;3,82781744;0,00000000
5,82212769;3,82781744;0,00000000
5,82223169;3,82781744;0,00000000
5,82233569;3,82781744;0,00000000
5,82243969;3,82781744;0,00000000
5,82254369;3,82781744;0,00000000
5,82264769;3,78429508;0,00000000
5,82275169;3,82781744;0,00000000
5,82285569;3,82781744;0,00000000
5,82295969;3,82781744;0,00000000
5,82306369;3,82781744;0,00000000
5,82316769;3,82781744;0,00000000
5,82327169;3,78429508;0,00000000
5,82337569;3,78429508;0,00000000
5,82347969;3,82781744;0,00000000
5,82358369;3,82781744;0,00000000
5,82368769;3,78429508;0,00000000
5,82379169;3,82781744;0,00000000
5,82389569;3,82781744;0,00000000
5,82399969;3,82781744;0,00000000
5,82410369;3,82781744;0,00000000
5,82420769;3,82781744;0,00000000
5,82431169;3,82781744;0,00000000
5,82441569;3,82781744;0,00000000
5,82451969;3,82781744;0,00000000
5,82462369;3,82781744;0,00000000
5,82472769;3,82781744;0,00000000
5,82483169;3,82781744;0,00000000
5,82493569;3,82781744;0,00000000
5,82503969;3,82781744;0,00000000
5,82514369;3,82781744;0,00000000
5,82524769;3,82781744;0,00000000
5,82535169;3,82781744;0,00000000
5,82545569;3,82781744;0,00000000
5,82555969;3,82781744;0,00000000
5,82566369;3,82781744;0,00000000
5,82576769;3,82781744;0,00000000
5,82587169;3,82781744;0,00000000
5,82597569;3,82781744;0,00000000
5,82607969;3,82781744;0,00000000
5,82618369;3,82781744;0,00000000
5,82628769;3,82781744;0,00000000
5,82639169;3,82781744;0,00000000
5,82649569;3,82781744;0,00000000
5,82659969;3,82781744;0,00000000
5,82670369;3,82781744;0,00000000
5,82680769;3,82781744;0,00000000
5,82691169;3,82781744;0,00000000
5,82701569;3,82781744;0,00000000
5,82711969;3,82781744;0,00000000
5,82722369;3,78429508;0,00000000
5,82732769;3,78429508;0,00000000
5,82743169;3,82781744;0,00000000
5,82753569;3,82781744;0,00000000
5,82763969;3,82781744;0,00000000
5,82774369;3,78429508;0,00000000
5,82784769;3,82781744;0,00000000
5,82795169;3,82781744;0,00000000
5,82805569;3,82781744;0,00000000
5,82815969;3,82781744;0,00000000
5,82826369;3,78429508;0,00000000
5,82836769;3,82781744;0,00000000
5,82847169;3,82781744;0,00000000
5,82857569;3,82781744;0,00000000
5,82867969;3,78429508;0,00000000
5,82878369;3,82781744;0,00000000
5,82888769;3,82781744;0,00000000
5,82899169;3,78429508;0,00000000
5,82909569;3,82781744;0,00000000
5,82919969;3,82781744;0,00000000
5,82930369;3,78429508;0,00000000
5,82940769;3,82781744;0,00000000
5,82951169;3,82781744;0,00000000
5,82961569;3,82781744;0,00000000
5,82971969;3,78429508;0,00000000
5,82982369;3,82781744;0,00000000
5,82992769;3,82781744;0,00000000
5,83003169;3,78429508;0,00000000
5,83013569;3,78429508;0,00000000
5,83023969;3,78429508;0,00000000
5,83034369;3,78429508;0,00000000
5,83044769;3,78429508;0,00000000
5,83055169;3,82781744;0,00000000
5,83065569;3,78429508;0,00000000
5,83075969;3,82781744;0,00000000
5,83086369;3,82781744;0,00000000
5,83096769;3,82781744;0,00000000
5,83107169;3,82781744;0,00000000
5,83117569;3,78429508;0,00000000
5,83127969;3,82781744;0,00000000
5,83138369;3,78429508;0,00000000
5,83148769;3,82781744;0,00000000
5,83159169;3,82781744;0,00000000
5,83169569;3,82781744;0,00000000
5,83179969;3,82781744;0,00000000
5,83190369;3,78429508;0,00000000
5,83200769;3,82781744;0,00000000
5,83211169;3,82781744;0,00000000
5,83221569;3,82781744;0,00000000
5,83231969;3,82781744;0,00000000
5,83242369;3,82781744;0,00000000
5,83252769;3,82781744;0,00000000
5,83263169;3,82781744;0,00000000
5,83273569;3,78429508;0,00000000
5,83283969;3,82781744;0,00000000
5,83294369;3,82781744;0,00000000
5,83304769;3,78429508;0,00000000
5,83315169;3,82781744;0,00000000
5,83325569;3,82781744;0,00000000
5,83335969;3,87133980;0,00000000
5,83346369;3,82781744;0,00000000
5,83356769;3,82781744;0,00000000
5,83367169;3,82781744;0,00000000
5,83377569;3,82781744;0,00000000
5,83387969;3,82781744;0,00000000
5,83398369;3,78429508;0,00000000
5,83408769;3,78429508;0,00000000
5,83419169;3,82781744;0,00000000
5,83429569;3,82781744;0,00000000
5,83439969;3,82781744;0,00000000
5,83450369;3,82781744;0,00000000
5,83460769;3,82781744;0,00000000
5,83471169;3,78429508;0,00000000
5,83481569;3,78429508;0,00000000
5,83491969;3,82781744;0,00000000
5,83502369;3,82781744;0,00000000
5,83512769;3,78429508;0,00000000
5,83523169;3,82781744;0,00000000
5,83533569;3,82781744;0,00000000
5,83543969;3,82781744;0,00000000
5,83554369;3,82781744;0,00000000
5,83564769;3,82781744;0,00000000
5,83575169;3,78429508;0,00000000
5,83585569;3,82781744;0,00000000
5,83595969;3,82781744;0,00000000
5,83606369;3,82781744;0,00000000
5,83616769;3,82781744;0,00000000
5,83627169;3,82781744;0,00000000
5,83637569;3,82781744;0,00000000
5,83647969;3,82781744;0,00000000
5,83658369;3,78429508;0,00000000
5,83668769;3,82781744;0,00000000
5,83679169;3,82781744;0,00000000
5,83689569;3,78429508;0,00000000
5,83699969;3,82781744;0,00000000
5,83710369;3,82781744;0,00000000
5,83720769;3,82781744;0,00000000
5,83731169;3,82781744;0,00000000
5,83741569;3,82781744;0,00000000
5,83751969;3,78429508;0,00000000
5,83762369;3,78429508;0,00000000
5,83772769;3,82781744;0,00000000
5,83783169;3,78429508;0,00000000
5,83793569;3,78429508;0,00000000
5,83803969;3,82781744;0,00000000
5,83814369;3,78429508;0,00000000
5,83824769;3,82781744;0,00000000
5,83835169;3,82781744;0,00000000
5,83845569;3,82781744;0,00000000
5,83855969;3,82781744;0,00000000
5,83866369;3,82781744;0,00000000
5,83876769;3,78429508;0,00000000
5,83887169;3,82781744;0,00000000
5,83897569;3,82781744;0,00000000
5,83907969;3,82781744;0,00000000
5,83918369;3,82781744;0,00000000
5,83928769;3,82781744;0,00000000
5,83939169;3,82781744;0,00000000
5,83949569;3,82781744;0,00000000
5,83959969;3,78429508;0,00000000
5,83970369;3,82781744;0,00000000
5,83980769;3,82781744;0,00000000
5,83991169;3,82781744;0,00000000
5,84001569;3,82781744;0,01734744
5,84011969;3,82781744;0,00000000
5,84022369;3,78429508;0,00000000
5,84032769;3,78429508;0,00000000
5,84043169;3,82781744;0,00000000
5,84053569;3,78429508;0,00000000
5,84063969;3,82781744;0,00000000
5,84074369;3,82781744;0,00000000
5,84084769;3,82781744;0,00000000
5,84095169;3,78429508;0,00000000
5,84105569;3,78429508;0,00000000
5,84115969;3,82781744;0,00000000
5,84126369;3,82781744;0,00000000
5,84136769;3,82781744;0,00000000
5,84147169;3,78429508;0,00000000
5,84157569;3,78429508;0,00000000
5,84167969;3,78429508;0,00000000
5,84178369;3,82781744;0,00000000
5,84188769;3,78429508;0,00000000
5,84199169;3,78429508;0,00000000
5,84209569;3,78429508;0,00000000
5,84219969;3,78429508;0,00000000
5,84230369;3,82781744;0,00000000
5,84240769;3,82781744;0,00000000
5,84251169;3,78429508;0,00000000
5,84261569;3,78429508;0,00000000
5,84271969;3,82781744;0,00000000
5,84282369;3,82781744;0,00000000
5,84292769;3,82781744;0,00000000
5,84303169;3,82781744;0,00000000
5,84313569;3,82781744;0,00000000
5,84323969;3,82781744;0,00000000
5,84334369;3,82781744;0,00000000
5,84344769;3,78429508;0,00000000
5,84355169;3,82781744;0,00000000
5,84365569;3,82781744;0,00000000
5,84375969;3,78429508;0,00000000
5,84386369;3,78429508;0,00000000
5,84396768;3,78429508;0,00000000
5,84407168;3,78429508;0,00000000
5,84417568;3,82781744;0,00000000
5,84427968;3,82781744;0,00000000
5,84438368;3,82781744;0,00000000
5,84448768;3,82781744;0,00000000
5,84459168;3,82781744;0,00000000
5,84469568;3,82781744;0,00000000
5,84479968;3,82781744;0,00000000
5,84490368;3,82781744;0,00000000
5,84500768;3,82781744;0,00000000
5,84511168;3,82781744;0,00000000
5,84521568;3,78429508;0,00000000
5,84531968;3,82781744;0,00000000
5,84542368;3,82781744;0,00000000
5,84552768;3,82781744;0,00000000
5,84563168;3,82781744;0,00000000
5,84573568;3,78429508;0,00000000
5,84583968;3,82781744;0,00000000
5,84594368;3,82781744;0,00000000
5,84604768;3,82781744;0,00000000
5,84615168;3,82781744;0,00000000
5,84625568;3,82781744;0,00000000
5,84635968;3,78429508;0,00000000
5,84646368;3,78429508;0,00000000
5,84656768;3,82781744;0,00000000
5,84667168;3,82781744;0,00000000
5,84677568;3,82781744;0,00000000
5,84687968;3,82781744;0,00000000
5,84698368;3,78429508;0,00000000
5,84708768;3,82781744;0,00000000
5,84719168;3,78429508;0,00000000
5,84729568;3,82781744;0,00000000
5,84739968;3,78429508;0,00000000
5,84750368;3,82781744;0,00000000
5,84760768;3,82781744;0,00000000
5,84771168;3,78429508;0,00000000
5,84781568;3,82781744;0,00000000
5,84791968;3,82781744;0,00000000
5,84802368;3,82781744;0,00000000
5,84812768;3,82781744;0,00000000
5,84823168;3,82781744;0,00000000
5,84833568;3,82781744;0,00000000
5,84843968;3,82781744;0,00000000
5,84854368;3,78429508;0,00000000
5,84864768;3,78429508;0,00000000
5,84875168;3,82781744;0,00000000
5,84885568;3,82781744;0,00000000
5,84895968;3,82781744;0,00000000
5,84906368;3,82781744;0,00000000
5,84916768;3,82781744;0,00000000
5,84927168;3,78429508;0,00000000
5,84937568;3,82781744;0,00000000
5,84947968;3,82781744;0,00000000
5,84958368;3,82781744;0,00000000
5,84968768;3,82781744;0,00000000
5,84979168;3,82781744;0,00000000
5,84989568;3,82781744;0,00000000
5,84999968;3,82781744;0,00000000
5,85010368;3,82781744;0,00000000
5,85020768;3,82781744;0,00000000
5,85031168;3,78429508;0,00000000
5,85041568;3,82781744;0,00000000
5,85051968;3,82781744;0,00000000
5,85062368;3,78429508;0,00000000
5,85072768;3,82781744;0,00000000
5,85083168;3,82781744;0,00000000
5,85093568;3,82781744;0,00000000
5,85103968;3,82781744;0,00000000
5,85114368;3,82781744;0,00000000
5,85124768;3,82781744;0,00000000
5,85135168;3,82781744;0,00000000
5,85145568;3,82781744;0,00000000
5,85155968;3,82781744;0,00000000
5,85166368;3,82781744;0,00000000
5,85176768;3,78429508;0,00000000
5,85187168;3,82781744;0,00000000
5,85197568;3,78429508;0,00000000
5,85207968;3,82781744;0,00000000
5,85218368;3,82781744;0,00000000
5,85228768;3,82781744;0,00000000
5,85239168;3,82781744;0,00000000
5,85249568;3,82781744;0,00000000
5,85259968;3,78429508;0,00000000
5,85270368;3,82781744;0,00000000
5,85280768;3,78429508;0,00000000
5,85291168;3,82781744;0,00000000
5,85301568;3,82781744;0,00000000
5,85311968;3,82781744;0,00000000
5,85322368;3,82781744;0,00000000
5,85332768;3,82781744;0,00000000
5,85343168;3,82781744;0,00000000
5,85353568;3,82781744;0,00000000
5,85363968;3,82781744;0,00000000
5,85374368;3,78429508;0,00000000
5,85384768;3,82781744;0,00000000
5,85395168;3,82781744;0,00000000
5,85405568;3,82781744;0,00000000
5,85415968;3,82781744;0,00000000
5,85426368;3,82781744;0,00000000
5,85436768;3,78429508;0,00000000
5,85447168;3,82781744;0,00000000
5,85457568;3,82781744;0,00000000
5,85467968;3,82781744;0,00000000
5,85478368;3,82781744;0,00000000
5,85488768;3,82781744;0,00000000
5,85499168;3,82781744;0,00000000
5,85509568;3,78429508;0,00000000
5,85519968;3,82781744;0,00000000
5,85530368;3,78429508;0,00000000
5,85540768;3,82781744;0,00000000
5,85551168;3,82781744;0,00000000
5,85561568;3,82781744;0,00000000
5,85571968;3,82781744;0,00000000
5,85582368;3,78429508;0,00000000
5,85592768;3,78429508;0,00000000
5,85603168;3,82781744;0,00000000
5,85613568;3,78429508;0,00000000
5,85623968;3,82781744;0,00000000
5,85634368;3,82781744;0,00000000
5,85644768;3,82781744;0,00000000
5,85655168;3,82781744;0,00000000
5,85665568;3,82781744;0,00000000
5,85675968;3,82781744;0,00000000
5,85686368;3,78429508;0,00000000
5,85696768;3,82781744;0,00000000
5,85707168;3,82781744;0,00000000
5,85717568;3,82781744;0,00000000
5,85727968;3,82781744;0,00000000
5,85738368;3,78429508;0,00000000
5,85748768;3,82781744;0,00000000
5,85759168;3,78429508;0,00000000
5,85769568;3,82781744;0,00000000
5,85779968;3,78429508;0,00000000
5,85790368;3,82781744;0,00000000
5,85800768;3,78429508;0,00000000
5,85811168;3,82781744;0,00000000
5,85821568;3,78429508;0,00000000
5,85831968;3,87133980;0,00000000
5,85842368;3,82781744;0,00000000
5,85852768;3,82781744;0,00000000
5,85863168;3,82781744;0,00000000
5,85873568;3,78429508;0,00000000
5,85883968;3,82781744;0,00000000
5,85894368;3,82781744;0,00000000
5,85904768;3,82781744;0,00000000
5,85915168;3,78429508;0,00000000
5,85925568;3,82781744;0,00000000
5,85935968;3,82781744;0,00000000
5,85946368;3,82781744;0,00000000
5,85956768;3,78429508;0,00000000
5,85967168;3,82781744;0,00000000
5,85977568;3,78429508;0,00000000
5,85987968;3,82781744;0,00000000
5,85998368;3,82781744;0,00000000
5,86008768;3,78429508;0,00000000
5,86019168;3,82781744;0,00000000
5,86029568;3,82781744;0,00000000
5,86039968;3,82781744;0,00000000
5,86050368;3,82781744;0,00000000
5,86060768;3,82781744;0,00000000
5,86071168;3,82781744;0,00000000
5,86081568;3,82781744;0,00000000
5,86091968;3,82781744;0,00000000
5,86102368;3,78429508;0,00000000
5,86112768;3,82781744;0,00000000
5,86123168;3,78429508;0,00000000
5,86133568;3,82781744;0,00000000
5,86143968;3,78429508;0,00000000
5,86154368;3,82781744;0,00000000
5,86164768;3,82781744;0,00000000
5,86175168;3,78429508;0,00000000
5,86185568;3,82781744;0,00000000
5,86195968;3,78429508;0,00000000
5,86206368;3,78429508;0,00000000
5,86216768;3,82781744;0,00000000
5,86227168;3,82781744;0,00000000
5,86237568;3,78429508;0,00000000
5,86247968;3,78429508;0,00000000
5,86258368;3,82781744;0,00000000
5,86268768;3,82781744;0,00000000
5,86279168;3,78429508;0,00000000
5,86289568;3,82781744;0,00000000
5,86299968;3,82781744;0,00000000
5,86310368;3,82781744;0,00000000
5,86320768;3,82781744;0,00000000
5,86331168;3,82781744;0,00000000
5,86341568;3,78429508;0,00000000
5,86351968;3,82781744;0,00000000
5,86362368;3,82781744;0,00000000
5,86372768;3,82781744;0,00000000
5,86383168;3,82781744;0,00000000
5,86393568;3,82781744;0,00000000
5,86403968;3,82781744;0,00000000
5,86414368;3,82781744;0,00000000
5,86424768;3,78429508;0,00000000
5,86435168;3,82781744;0,00000000
5,86445568;3,82781744;0,00000000
5,86455968;3,82781744;0,00000000
5,86466368;3,78429508;0,00000000
5,86476768;3,82781744;0,00000000
5,86487168;3,78429508;0,00000000
5,86497568;3,78429508;0,00000000
5,86507968;3,82781744;0,00000000
5,86518368;3,82781744;0,00000000
5,86528768;3,82781744;0,00000000
5,86539168;3,82781744;0,00000000
5,86549568;3,82781744;0,00000000
5,86559968;3,82781744;0,00000000
5,86570368;3,82781744;0,00000000
5,86580768;3,78429508;0,00000000
5,86591168;3,82781744;0,00000000
5,86601568;3,78429508;0,00000000
5,86611968;3,82781744;0,00000000
5,86622368;3,82781744;0,00000000
5,86632768;3,82781744;0,00000000
5,86643168;3,82781744;0,00000000
5,86653568;3,82781744;0,00000000
5,86663968;3,78429508;0,00000000
5,86674368;3,82781744;0,00000000
5,86684768;3,82781744;0,00000000
5,86695168;3,82781744;0,00000000
5,86705568;3,78429508;0,00000000
5,86715968;3,78429508;0,00000000
5,86726368;3,82781744;0,01734744
5,86736768;3,78429508;0,00000000
5,86747168;3,82781744;0,00000000
5,86757568;3,82781744;0,00000000
5,86767968;3,78429508;0,00000000
5,86778368;3,78429508;0,00000000
5,86788768;3,78429508;0,00000000
5,86799168;3,78429508;0,00000000
5,86809568;3,82781744;0,00000000
5,86819968;3,78429508;0,00000000
5,86830368;3,82781744;0,00000000
5,86840768;3,82781744;0,00000000
5,86851168;3,82781744;0,00000000
5,86861568;3,78429508;0,00000000
5,86871968;3,82781744;0,00000000
5,86882368;3,78429508;0,00000000
5,86892768;3,82781744;0,00000000
5,86903168;3,82781744;0,00000000
5,86913568;3,82781744;0,00000000
5,86923968;3,82781744;0,00000000
5,86934368;3,82781744;0,00000000
5,86944768;3,82781744;0,00000000
5,86955168;3,82781744;0,00000000
5,86965568;3,78429508;0,00000000
5,86975968;3,82781744;0,00000000
5,86986368;3,82781744;0,00000000
5,86996768;3,78429508;0,00000000
5,87007168;3,82781744;0,00000000
5,87017568;3,82781744;0,00000000
5,87027968;3,78429508;0,00000000
5,87038368;3,82781744;0,00000000
5,87048768;3,82781744;0,00000000
5,87059168;3,82781744;0,00000000
5,87069568;3,82781744;0,00000000
5,87079968;3,82781744;0,00000000
5,87090368;3,82781744;0,00000000
5,87100768;3,82781744;0,00000000
5,87111168;3,82781744;0,00000000
5,87121568;3,78429508;0,00000000
5,87131968;3,78429508;0,00000000
5,87142368;3,82781744;0,00000000
5,87152768;3,78429508;0,00000000
5,87163168;3,82781744;0,00000000
5,87173568;3,82781744;0,00000000
5,87183968;3,82781744;0,00000000
5,87194368;3,82781744;0,00000000
5,87204768;3,78429508;0,00000000
5,87215168;3,82781744;0,00000000
5,87225568;3,78429508;0,00000000
5,87235968;3,82781744;0,00000000
5,87246368;3,82781744;0,00000000
5,87256768;3,78429508;0,00000000
5,87267168;3,78429508;0,00000000
5,87277568;3,82781744;0,00000000
5,87287968;3,82781744;0,00000000
5,87298368;3,82781744;0,00000000
5,87308768;3,82781744;0,00000000
5,87319168;3,82781744;0,00000000
5,87329568;3,82781744;0,00000000
5,87339968;3,82781744;0,00000000
5,87350368;3,82781744;0,00000000
5,87360768;3,82781744;0,00000000
5,87371168;3,78429508;0,00000000
5,87381568;3,82781744;0,00000000
5,87391968;3,82781744;0,00000000
5,87402368;3,82781744;0,00000000
5,87412768;3,82781744;0,00000000
5,87423168;3,78429508;0,00000000
5,87433568;3,82781744;0,00000000
5,87443968;3,82781744;0,00000000
5,87454368;3,78429508;0,00000000
5,87464768;3,82781744;0,00000000
5,87475168;3,82781744;0,00000000
5,87485568;3,82781744;0,00000000
5,87495968;3,82781744;0,00000000
5,87506368;3,82781744;0,00000000
5,87516768;3,82781744;0,00000000
5,87527168;3,82781744;0,00000000
5,87537568;3,78429508;0,00000000
5,87547968;3,82781744;0,00000000
5,87558368;3,82781744;0,00000000
5,87568768;3,78429508;0,00000000
5,87579168;3,78429508;0,00000000
5,87589568;3,82781744;0,00000000
5,87599968;3,82781744;0,00000000
5,87610368;3,82781744;0,00000000
5,87620768;3,78429508;0,00000000
5,87631168;3,78429508;0,00000000
5,87641568;3,82781744;0,00000000
5,87651968;3,82781744;0,00000000
5,87662368;3,82781744;0,00000000
5,87672768;3,78429508;0,00000000
5,87683168;3,82781744;0,00000000
5,87693568;3,82781744;0,00000000
5,87703968;3,82781744;0,00000000
5,87714368;3,82781744;0,00000000
5,87724768;3,82781744;0,00000000
5,87735168;3,82781744;0,00000000
5,87745568;3,82781744;0,00000000
5,87755968;3,82781744;0,00000000
5,87766368;3,82781744;0,00000000
5,87776768;3,82781744;0,00000000
5,87787168;3,82781744;0,00000000
5,87797568;3,82781744;0,00000000
5,87807968;3,82781744;0,00000000
5,87818368;3,82781744;0,00000000
5,87828768;3,82781744;0,00000000
5,87839168;3,82781744;0,00000000
5,87849568;3,82781744;0,00000000
5,87859968;3,82781744;0,00000000
5,87870368;3,82781744;0,00000000
5,87880768;3,78429508;0,00000000
5,87891168;3,82781744;0,00000000
5,87901568;3,78429508;0,00000000
5,87911968;3,82781744;0,00000000
5,87922368;3,78429508;0,00000000
5,87932768;3,82781744;0,00000000
5,87943168;3,82781744;0,00000000
5,87953568;3,82781744;0,00000000
5,87963968;3,82781744;0,00000000
5,87974368;3,82781744;0,00000000
5,87984768;3,82781744;0,00000000
5,87995168;3,82781744;0,00000000
5,88005568;3,82781744;0,00000000
5,88015968;3,82781744;0,00000000
5,88026368;3,82781744;0,00000000
5,88036768;3,82781744;0,00000000
5,88047168;3,82781744;0,00000000
5,88057568;3,82781744;0,00000000
5,88067968;3,82781744;0,00000000
5,88078368;3,82781744;0,00000000
5,88088768;3,82781744;0,00000000
5,88099168;3,78429508;0,00000000
5,88109568;3,78429508;0,00000000
5,88119968;3,82781744;0,00000000
5,88130368;3,82781744;0,00000000
5,88140768;3,82781744;0,00000000
5,88151168;3,82781744;0,00000000
5,88161568;3,82781744;0,00000000
5,88171968;3,78429508;0,00000000
5,88182368;3,82781744;0,00000000
5,88192768;3,78429508;0,00000000
5,88203168;3,78429508;0,00000000
5,88213568;3,82781744;0,00000000
5,88223968;3,78429508;0,00000000
5,88234368;3,82781744;0,00000000
5,88244768;3,82781744;0,00000000
5,88255168;3,82781744;0,00000000
5,88265568;3,82781744;0,00000000
5,88275968;3,78429508;0,00000000
5,88286368;3,82781744;0,00000000
5,88296768;3,82781744;0,00000000
5,88307168;3,82781744;0,00000000
5,88317568;3,82781744;0,00000000
5,88327968;3,82781744;0,00000000
5,88338368;3,82781744;0,00000000
5,88348768;3,82781744;0,00000000
5,88359168;3,78429508;0,00000000
5,88369568;3,82781744;0,00000000
5,88379968;3,82781744;0,00000000
5,88390368;3,82781744;0,00000000
5,88400768;3,82781744;0,00000000
5,88411168;3,78429508;0,00000000
5,88421568;3,82781744;0,00000000
5,88431968;3,82781744;0,00000000
5,88442368;3,82781744;0,00000000
5,88452768;3,82781744;0,00000000
5,88463168;3,82781744;0,00000000
5,88473568;3,82781744;0,00000000
5,88483968;3,82781744;0,00000000
5,88494368;3,78429508;0,00000000
5,88504768;3,82781744;0,00000000
5,88515168;3,82781744;0,00000000
5,88525568;3,78429508;0,00000000
5,88535968;3,82781744;0,00000000
5,88546368;3,82781744;0,00000000
5,88556768;3,82781744;0,00000000
5,88567168;3,78429508;0,00000000
5,88577568;3,82781744;0,00000000
5,88587968;3,82781744;0,00000000
5,88598368;3,82781744;0,00000000
5,88608768;3,82781744;0,00000000
5,88619168;3,78429508;0,00000000
5,88629568;3,82781744;0,00000000
5,88639968;3,82781744;0,00000000
5,88650368;3,78429508;0,00000000
5,88660768;3,82781744;0,00000000
5,88671168;3,82781744;0,00000000
5,88681568;3,82781744;0,00000000
5,88691968;3,82781744;0,00000000
5,88702368;3,82781744;0,00000000
5,88712768;3,78429508;0,00000000
5,88723168;3,82781744;0,00000000
5,88733568;3,82781744;0,00000000
5,88743968;3,82781744;0,00000000
5,88754368;3,78429508;0,00000000
5,88764768;3,78429508;0,00000000
5,88775168;3,82781744;0,00000000
5,88785568;3,82781744;0,00000000
5,88795968;3,78429508;0,00000000
5,88806368;3,82781744;0,00000000
5,88816768;3,82781744;0,00000000
5,88827168;3,82781744;0,00000000
5,88837568;3,82781744;0,00000000
5,88847968;3,82781744;0,00000000
5,88858368;3,82781744;0,00000000
5,88868768;3,82781744;0,00000000
5,88879168;3,82781744;0,00000000
5,88889568;3,82781744;0,00000000
5,88899968;3,78429508;0,00000000
5,88910368;3,78429508;0,00000000
5,88920768;3,82781744;0,00000000
5,88931168;3,82781744;0,00000000
5,88941568;3,82781744;0,00000000
5,88951968;3,78429508;0,00000000
5,88962368;3,82781744;0,00000000
5,88972768;3,82781744;0,00000000
5,88983168;3,78429508;0,00000000
5,88993568;3,78429508;0,00000000
5,89003968;3,82781744;0,00000000
5,89014368;3,78429508;0,00000000
5,89024768;3,82781744;0,00000000
5,89035168;3,82781744;0,00000000
5,89045568;3,82781744;0,00000000
5,89055968;3,82781744;0,00000000
5,89066368;3,82781744;0,00000000
5,89076768;3,82781744;0,00000000
5,89087168;3,82781744;0,00000000
5,89097568;3,82781744;0,00000000
5,89107968;3,82781744;0,00000000
5,89118368;3,82781744;0,00000000
5,89128768;3,82781744;0,00000000
5,89139168;3,82781744;0,00000000
5,89149568;3,82781744;0,00000000
5,89159968;3,82781744;0,00000000
5,89170368;3,82781744;0,00000000
5,89180768;3,78429508;0,00000000
5,89191168;3,82781744;0,00000000
5,89201568;3,78429508;0,00000000
5,89211968;3,82781744;0,00000000
5,89222368;3,78429508;0,00000000
5,89232768;3,82781744;0,00000000
5,89243168;3,82781744;0,00000000
5,89253568;3,82781744;0,00000000
5,89263968;3,78429508;0,00000000
5,89274368;3,82781744;0,00000000
5,89284768;3,82781744;0,00000000
5,89295168;3,82781744;0,00000000
5,89305568;3,82781744;0,00000000
5,89315968;3,82781744;0,00000000
5,89326368;3,82781744;0,00000000
5,89336768;3,82781744;0,00000000
5,89347168;3,78429508;0,00000000
5,89357568;3,78429508;0,00000000
5,89367968;3,78429508;0,00000000
5,89378368;3,82781744;0,00000000
5,89388768;3,78429508;0,00000000
5,89399168;3,82781744;0,00000000
5,89409568;3,82781744;0,00000000
5,89419968;3,82781744;0,00000000
5,89430368;3,82781744;0,00000000
5,89440768;3,82781744;0,00000000
5,89451168;3,82781744;0,00000000
5,89461568;3,82781744;0,00000000
5,89471968;3,82781744;0,00000000
5,89482368;3,82781744;0,00000000
5,89492768;3,82781744;0,00000000
5,89503168;3,82781744;0,00000000
5,89513568;3,82781744;0,00000000
5,89523968;3,82781744;0,00000000
5,89534368;3,82781744;0,00000000
5,89544768;3,82781744;0,00000000
5,89555168;3,78429508;0,00000000
5,89565568;3,82781744;0,00000000
5,89575968;3,82781744;0,00000000
5,89586368;3,82781744;0,00000000
5,89596768;3,82781744;0,00000000
5,89607168;3,82781744;0,00000000
5,89617568;3,82781744;0,00000000
5,89627968;3,82781744;0,00000000
5,89638368;3,82781744;0,00000000
5,89648768;3,82781744;0,00000000
5,89659168;3,78429508;0,00000000
5,89669568;3,82781744;0,00000000
5,89679968;3,78429508;0,00000000
5,89690368;3,82781744;0,00000000
5,89700768;3,82781744;0,00000000
5,89711168;3,82781744;0,00000000
5,89721568;3,78429508;0,00000000
5,89731968;3,82781744;0,00000000
5,89742368;3,82781744;0,00000000
5,89752768;3,82781744;0,00000000
5,89763168;3,78429508;0,00000000
5,89773568;3,82781744;0,00000000
5,89783968;3,82781744;0,00000000
5,89794368;3,82781744;0,00000000
5,89804768;3,78429508;0,00000000
5,89815168;3,78429508;0,00000000
5,89825568;3,82781744;0,00000000
5,89835968;3,82781744;0,00000000
5,89846368;3,82781744;0,00000000
5,89856768;3,82781744;0,00000000
5,89867168;3,82781744;0,00000000
5,89877568;3,82781744;0,00000000
5,89887968;3,82781744;0,00000000
5,89898368;3,82781744;0,00000000
5,89908768;3,82781744;0,00000000
5,89919168;3,78429508;0,00000000
5,89929568;3,82781744;0,00000000
5,89939968;3,82781744;0,00000000
5,89950368;3,82781744;0,00000000
5,89960768;3,82781744;0,00000000
5,89971168;3,82781744;0,00000000
5,89981568;3,82781744;0,00000000
5,89991968;3,82781744;0,00000000
5,90002368;3,82781744;0,00000000
5,90012768;3,82781744;0,00000000
5,90023168;3,82781744;0,00000000
5,90033568;3,82781744;0,00000000
5,90043968;3,82781744;0,00000000
5,90054368;3,78429508;0,00000000
5,90064768;3,78429508;0,00000000
5,90075168;3,82781744;0,00000000
5,90085568;3,82781744;0,00000000
5,90095968;3,82781744;0,00000000
5,90106368;3,82781744;0,00000000
5,90116768;3,82781744;0,00000000
5,90127168;3,82781744;0,00000000
5,90137568;3,82781744;0,00000000
5,90147968;3,82781744;0,00000000
5,90158368;3,82781744;0,00000000
5,90168768;3,82781744;0,00000000
5,90179168;3,82781744;0,00000000
5,90189568;3,82781744;0,00000000
5,90199968;3,78429508;0,00000000
5,90210368;3,82781744;0,00000000
5,90220768;3,82781744;0,00000000
5,90231168;3,82781744;0,00000000
5,90241568;3,78429508;0,00000000
5,90251968;3,78429508;0,00000000
5,90262368;3,82781744;0,00000000
5,90272768;3,82781744;0,00000000
5,90283168;3,78429508;0,00000000
5,90293568;3,82781744;0,00000000
5,90303968;3,82781744;0,00000000
5,90314368;3,78429508;0,00000000
5,90324768;3,82781744;0,00000000
5,90335168;3,82781744;0,00000000
5,90345568;3,82781744;0,00000000
5,90355968;3,82781744;0,00000000
5,90366368;3,82781744;0,00000000
5,90376768;3,82781744;0,00000000
5,90387168;3,82781744;0,00000000
5,90397568;3,82781744;0,00000000
5,90407968;3,82781744;0,00000000
5,90418368;3,78429508;0,00000000
5,90428768;3,82781744;0,00000000
5,90439168;3,82781744;0,00000000
5,90449568;3,82781744;0,00000000
5,90459968;3,78429508;0,00000000
5,90470368;3,82781744;0,00000000
5,90480768;3,78429508;0,00000000
5,90491168;3,78429508;0,00000000
5,90501568;3,82781744;0,00000000
5,90511968;3,82781744;0,00000000
5,90522368;3,82781744;0,00000000
5,90532768;3,82781744;0,00000000
5,90543168;3,82781744;0,00000000
5,90553568;3,82781744;0,00000000
5,90563968;3,82781744;0,00000000
5,90574368;3,82781744;0,00000000
5,90584768;3,78429508;0,00000000
5,90595168;3,82781744;0,00000000
5,90605568;3,82781744;0,00000000
5,90615968;3,78429508;0,00000000
5,90626368;3,82781744;0,00000000
5,90636768;3,78429508;0,00000000
5,90647168;3,82781744;0,00000000
5,90657568;3,78429508;0,00000000
5,90667968;3,78429508;0,00000000
5,90678368;3,82781744;0,00000000
5,90688768;3,82781744;0,00000000
5,90699168;3,82781744;0,00000000
5,90709568;3,82781744;0,00000000
5,90719968;3,82781744;0,00000000
5,90730368;3,82781744;0,00000000
5,90740768;3,82781744;0,00000000
5,90751168;3,82781744;0,00000000
5,90761568;3,82781744;0,00000000
5,90771968;3,78429508;0,00000000
5,90782368;3,82781744;0,00000000
5,90792768;3,82781744;0,00000000
5,90803168;3,82781744;0,00000000
5,90813568;3,78429508;0,00000000
5,90823968;3,78429508;0,00000000
5,90834368;3,82781744;0,00000000
5,90844768;3,78429508;0,00000000
5,90855168;3,82781744;0,00000000
5,90865568;3,82781744;0,00000000
5,90875968;3,82781744;0,00000000
5,90886368;3,82781744;0,00000000
5,90896768;3,82781744;0,00000000
5,90907168;3,82781744;0,00000000
5,90917568;3,82781744;0,00000000
5,90927968;3,82781744;0,00000000
5,90938368;3,82781744;0,00000000
5,90948768;3,82781744;0,00000000
5,90959168;3,78429508;0,00000000
5,90969568;3,78429508;0,00000000
5,90979968;3,78429508;0,00000000
5,90990368;3,82781744;0,00000000
5,91000768;3,78429508;0,00000000
5,91011168;3,82781744;0,00000000
5,91021568;3,78429508;0,00000000
5,91031968;3,78429508;0,00000000
5,91042368;3,78429508;0,00000000
5,91052768;3,78429508;0,00000000
5,91063168;3,78429508;0,00000000
5,91073568;3,82781744;0,00000000
5,91083968;3,82781744;0,00000000
5,91094368;3,78429508;0,00000000
5,91104768;3,82781744;0,00000000
5,91115168;3,82781744;0,00000000
5,91125568;3,82781744;0,00000000
5,91135968;3,78429508;0,00000000
5,91146368;3,82781744;0,00000000
5,91156768;3,82781744;0,00000000
5,91167168;3,82781744;0,00000000
5,91177568;3,82781744;0,00000000
5,91187968;3,78429508;0,00000000
5,91198368;3,78429508;0,00000000
5,91208768;3,78429508;0,00000000
5,91219168;3,82781744;0,00000000
5,91229568;3,82781744;0,00000000
5,91239968;3,82781744;0,01734744
5,91250368;3,82781744;0,00000000
5,91260768;3,82781744;0,00000000
5,91271168;3,82781744;0,00000000
5,91281568;3,82781744;0,00000000
5,91291968;3,82781744;0,00000000
5,91302368;3,82781744;0,00000000
5,91312768;3,82781744;0,00000000
5,91323168;3,82781744;0,00000000
5,91333568;3,78429508;0,00000000
5,91343968;3,82781744;0,00000000
5,91354368;3,78429508;0,00000000
5,91364768;3,82781744;0,00000000
5,91375168;3,78429508;0,00000000
5,91385568;3,82781744;0,00000000
5,91395968;3,78429508;0,00000000
5,91406368;3,78429508;0,00000000
5,91416768;3,82781744;0,00000000
5,91427168;3,82781744;0,00000000
5,91437568;3,78429508;0,00000000
5,91447968;3,82781744;0,00000000
5,91458368;3,82781744;0,00000000
5,91468768;3,82781744;0,00000000
5,91479168;3,82781744;0,00000000
5,91489568;3,82781744;0,00000000
5,91499968;3,78429508;0,00000000
5,91510368;3,78429508;0,00000000
5,91520768;3,82781744;0,00000000
5,91531168;3,82781744;0,00000000
5,91541568;3,78429508;0,00000000
5,91551968;3,78429508;0,00000000
5,91562368;3,82781744;0,00000000
5,91572768;3,82781744;0,00000000
5,91583168;3,82781744;0,00000000
5,91593568;3,82781744;0,00000000
5,91603968;3,78429508;0,00000000
5,91614368;3,82781744;0,00000000
5,91624768;3,78429508;0,00000000
5,91635168;3,82781744;0,00000000
5,91645568;3,82781744;0,00000000
5,91655968;3,82781744;0,00000000
5,91666368;3,78429508;0,00000000
5,91676768;3,82781744;0,00000000
5,91687168;3,82781744;0,00000000
5,91697568;3,82781744;0,00000000
5,91707968;3,82781744;0,00000000
5,91718368;3,82781744;0,00000000
5,91728768;3,78429508;0,00000000
5,91739168;3,82781744;0,00000000
5,91749568;3,78429508;0,00000000
5,91759968;3,82781744;0,00000000
5,91770368;3,82781744;0,00000000
5,91780768;3,82781744;0,00000000
5,91791168;3,82781744;0,00000000
5,91801568;3,82781744;0,00000000
5,91811968;3,82781744;0,00000000
5,91822368;3,82781744;0,00000000
5,91832768;3,82781744;0,00000000
5,91843168;3,82781744;0,00000000
5,91853568;3,82781744;0,00000000
5,91863968;3,82781744;0,00000000
5,91874368;3,82781744;0,00000000
5,91884768;3,78429508;0,00000000
5,91895168;3,82781744;0,00000000
5,91905568;3,82781744;0,00000000
5,91915968;3,78429508;0,00000000
5,91926368;3,82781744;0,00000000
5,91936768;3,82781744;0,00000000
5,91947168;3,78429508;0,00000000
5,91957568;3,82781744;0,00000000
5,91967968;3,82781744;0,00000000
5,91978368;3,82781744;0,00000000
5,91988768;3,82781744;0,00000000
5,91999168;3,82781744;0,00000000
5,92009568;3,78429508;0,00000000
5,92019968;3,78429508;0,00000000
5,92030368;3,78429508;0,00000000
5,92040768;3,82781744;0,00000000
5,92051168;3,82781744;0,00000000
5,92061568;3,82781744;0,00000000
5,92071968;3,82781744;0,00000000
5,92082368;3,82781744;0,00000000
5,92092768;3,82781744;0,00000000
5,92103168;3,78429508;0,00000000
5,92113568;3,78429508;0,00000000
5,92123968;3,78429508;0,00000000
5,92134368;3,78429508;0,00000000
5,92144768;3,82781744;0,00000000
5,92155168;3,82781744;0,00000000
5,92165568;3,78429508;0,00000000
5,92175968;3,82781744;0,00000000
5,92186368;3,82781744;0,00000000
5,92196768;3,82781744;0,00000000
5,92207168;3,82781744;0,00000000
5,92217568;3,82781744;0,00000000
5,92227968;3,82781744;0,00000000
5,92238368;3,82781744;0,00000000
5,92248768;3,82781744;0,00000000
5,92259168;3,82781744;0,00000000
5,92269568;3,78429508;0,00000000
5,92279968;3,78429508;0,00000000
5,92290368;3,82781744;0,00000000
5,92300768;3,82781744;0,00000000
5,92311168;3,82781744;0,00000000
5,92321568;3,78429508;0,00000000
5,92331968;3,82781744;0,00000000
5,92342368;3,82781744;0,00000000
5,92352768;3,82781744;0,00000000
5,92363168;3,82781744;0,00000000
5,92373568;3,82781744;0,00000000
5,92383968;3,82781744;0,00000000
5,92394368;3,78429508;0,00000000
5,92404768;3,82781744;0,00000000
5,92415168;3,82781744;0,00000000
5,92425568;3,82781744;0,00000000
5,92435968;3,82781744;0,00000000
5,92446368;3,82781744;0,00000000
5,92456768;3,78429508;0,00000000
5,92467168;3,82781744;0,00000000
5,92477568;3,78429508;0,00000000
5,92487968;3,82781744;0,00000000
5,92498368;3,78429508;0,00000000
5,92508768;3,78429508;0,00000000
5,92519168;3,82781744;0,00000000
5,92529568;3,78429508;0,00000000
5,92539968;3,82781744;0,00000000
5,92550368;3,82781744;0,00000000
5,92560768;3,82781744;0,00000000
5,92571168;3,82781744;0,00000000
5,92581568;3,78429508;0,00000000
5,92591968;3,82781744;0,00000000
5,92602368;3,82781744;0,00000000
5,92612768;3,82781744;0,00000000
5,92623168;3,82781744;0,00000000
5,92633568;3,82781744;0,00000000
5,92643968;3,82781744;0,00000000
5,92654368;3,78429508;0,00000000
5,92664768;3,82781744;0,00000000
5,92675168;3,82781744;0,00000000
5,92685568;3,82781744;0,00000000
5,92695968;3,82781744;0,00000000
5,92706368;3,78429508;0,00000000
5,92716768;3,82781744;0,00000000
5,92727168;3,78429508;0,00000000
5,92737568;3,82781744;0,00000000
5,92747968;3,82781744;0,00000000
5,92758368;3,78429508;0,00000000
5,92768768;3,78429508;0,00000000
5,92779168;3,78429508;0,00000000
5,92789568;3,78429508;0,00000000
5,92799968;3,78429508;0,00000000
5,92810368;3,82781744;0,00000000
5,92820768;3,78429508;0,00000000
5,92831168;3,82781744;0,00000000
5,92841568;3,82781744;0,00000000
5,92851968;3,82781744;0,00000000
5,92862368;3,82781744;0,00000000
5,92872768;3,82781744;0,00000000
5,92883168;3,78429508;0,00000000
5,92893568;3,82781744;0,00000000
5,92903968;3,82781744;0,00000000
5,92914368;3,82781744;0,00000000
5,92924768;3,78429508;0,00000000
5,92935168;3,78429508;0,00000000
5,92945568;3,82781744;0,00000000
5,92955968;3,78429508;0,00000000
5,92966368;3,82781744;0,00000000
5,92976768;3,82781744;0,00000000
5,92987168;3,82781744;0,00000000
5,92997568;3,78429508;0,00000000
5,93007968;3,82781744;0,00000000
5,93018368;3,78429508;0,00000000
5,93028768;3,78429508;0,00000000
5,93039168;3,78429508;0,00000000
5,93049568;3,82781744;0,00000000
5,93059968;3,82781744;0,00000000
5,93070368;3,78429508;0,00000000
5,93080768;3,82781744;0,00000000
5,93091168;3,82781744;0,00000000
5,93101568;3,78429508;0,00000000
5,93111968;3,82781744;0,00000000
5,93122368;3,78429508;0,00000000
5,93132768;3,82781744;0,00000000
5,93143168;3,82781744;0,00000000
5,93153568;3,82781744;0,00000000
5,93163968;3,78429508;0,00000000
5,93174368;3,82781744;0,00000000
5,93184768;3,82781744;0,00000000
5,93195168;3,82781744;0,00000000
5,93205568;3,78429508;0,00000000
5,93215968;3,82781744;0,00000000
5,93226368;3,82781744;0,00000000
5,93236768;3,82781744;0,00000000
5,93247168;3,82781744;0,00000000
5,93257568;3,82781744;0,00000000
5,93267968;3,82781744;0,00000000
5,93278368;3,82781744;0,00000000
5,93288768;3,82781744;0,00000000
5,93299168;3,82781744;0,00000000
5,93309568;3,78429508;0,00000000
5,93319968;3,82781744;0,00000000
5,93330368;3,82781744;0,00000000
5,93340768;3,82781744;0,00000000
5,93351168;3,78429508;0,00000000
5,93361568;3,82781744;0,00000000
5,93371968;3,78429508;0,00000000
5,93382368;3,82781744;0,00000000
5,93392768;3,78429508;0,00000000
5,93403168;3,82781744;0,00000000
5,93413568;3,78429508;0,00000000
5,93423968;3,82781744;0,00000000
5,93434368;3,78429508;0,00000000
5,93444768;3,82781744;0,00000000
5,93455168;3,78429508;0,00000000
5,93465568;3,82781744;0,00000000
5,93475968;3,82781744;0,00000000
5,93486368;3,78429508;0,00000000
5,93496768;3,82781744;0,00000000
5,93507168;3,82781744;0,00000000
5,93517568;3,82781744;0,00000000
5,93527968;3,82781744;0,00000000
5,93538368;3,82781744;0,00000000
5,93548768;3,82781744;0,00000000
5,93559168;3,78429508;0,00000000
5,93569568;3,82781744;0,00000000
5,93579968;3,82781744;0,00000000
5,93590368;3,82781744;0,00000000
5,93600768;3,82781744;0,00000000
5,93611168;3,82781744;0,00000000
5,93621568;3,78429508;0,00000000
5,93631968;3,82781744;0,00000000
5,93642368;3,78429508;0,00000000
5,93652768;3,82781744;0,00000000
5,93663168;3,82781744;0,00000000
5,93673568;3,82781744;0,00000000
5,93683968;3,82781744;0,00000000
5,93694368;3,82781744;0,00000000
5,93704768;3,78429508;0,00000000
5,93715168;3,82781744;0,00000000
5,93725568;3,82781744;0,00000000
5,93735968;3,82781744;0,00000000
5,93746368;3,78429508;0,00000000
5,93756768;3,82781744;0,00000000
5,93767168;3,82781744;0,00000000
5,93777568;3,82781744;0,00000000
5,93787968;3,82781744;0,00000000
5,93798368;3,82781744;0,00000000
5,93808768;3,82781744;0,00000000
5,93819168;3,82781744;0,00000000
5,93829568;3,82781744;0,00000000
5,93839968;3,82781744;0,00000000
5,93850368;3,82781744;0,00000000
5,93860768;3,82781744;0,00000000
5,93871168;3,78429508;0,00000000
5,93881568;3,82781744;0,00000000
5,93891968;3,82781744;0,00000000
5,93902368;3,82781744;0,00000000
5,93912768;3,82781744;0,00000000
5,93923168;3,82781744;0,00000000
5,93933568;3,82781744;0,00000000
5,93943968;3,82781744;0,00000000
5,93954368;3,82781744;0,00000000
5,93964768;3,82781744;0,00000000
5,93975168;3,82781744;0,00000000
5,93985568;3,82781744;0,00000000
5,93995968;3,78429508;0,00000000
5,94006368;3,82781744;0,00000000
5,94016768;3,78429508;0,00000000
5,94027168;3,78429508;0,00000000
5,94037568;3,82781744;0,00000000
5,94047968;3,82781744;0,00000000
5,94058368;3,82781744;0,00000000
5,94068768;3,82781744;0,00000000
5,94079168;3,82781744;0,00000000
5,94089568;3,82781744;0,00000000
5,94099968;3,82781744;0,00000000
5,94110368;3,82781744;0,00000000
5,94120768;3,82781744;0,00000000
5,94131168;3,82781744;0,00000000
5,94141568;3,82781744;0,00000000
5,94151968;3,82781744;0,00000000
5,94162368;3,82781744;0,00000000
5,94172768;3,82781744;0,00000000
5,94183168;3,82781744;0,00000000
5,94193568;3,82781744;0,00000000
5,94203968;3,82781744;0,00000000
5,94214368;3,82781744;0,00000000
5,94224768;3,78429508;0,00000000
5,94235168;3,82781744;0,00000000
5,94245568;3,78429508;0,00000000
5,94255968;3,82781744;0,00000000
5,94266368;3,78429508;0,00000000
5,94276768;3,82781744;0,00000000
5,94287168;3,82781744;0,00000000
5,94297568;3,82781744;0,00000000
5,94307968;3,82781744;0,00000000
5,94318368;3,82781744;0,00000000
5,94328768;3,82781744;0,00000000
5,94339168;3,82781744;0,00000000
5,94349568;3,82781744;0,00000000
5,94359968;3,78429508;0,00000000
5,94370368;3,82781744;0,00000000
5,94380768;3,82781744;0,00000000
5,94391168;3,82781744;0,00000000
5,94401568;3,82781744;0,00000000
5,94411968;3,82781744;0,00000000
5,94422368;3,82781744;0,00000000
5,94432768;3,82781744;0,00000000
5,94443168;3,82781744;0,00000000
5,94453568;3,82781744;0,00000000
5,94463968;3,82781744;0,00000000
5,94474368;3,78429508;0,00000000
5,94484768;3,82781744;0,00000000
5,94495168;3,82781744;0,00000000
5,94505568;3,82781744;0,00000000
5,94515968;3,82781744;0,00000000
5,94526368;3,78429508;0,00000000
5,94536768;3,78429508;0,00000000
5,94547168;3,82781744;0,00000000
5,94557568;3,78429508;0,00000000
5,94567968;3,82781744;0,00000000
5,94578368;3,82781744;0,00000000
5,94588768;3,82781744;0,00000000
5,94599168;3,82781744;0,00000000
5,94609568;3,82781744;0,00000000
5,94619968;3,82781744;0,00000000
5,94630368;3,82781744;0,00000000
5,94640768;3,78429508;0,00000000
5,94651168;3,82781744;0,00000000
5,94661568;3,78429508;0,00000000
5,94671968;3,78429508;0,00000000
5,94682368;3,82781744;0,00000000
5,94692768;3,82781744;0,00000000
5,94703168;3,78429508;0,00000000
5,94713568;3,82781744;0,00000000
5,94723968;3,78429508;0,00000000
5,94734368;3,82781744;0,00000000
5,94744768;3,82781744;0,00000000
5,94755168;3,82781744;0,00000000
5,94765568;3,82781744;0,00000000
5,94775968;3,82781744;0,00000000
5,94786368;3,78429508;0,00000000
5,94796768;3,82781744;0,00000000
5,94807168;3,78429508;0,00000000
5,94817568;3,82781744;0,00000000
5,94827968;3,78429508;0,00000000
5,94838368;3,82781744;0,00000000
5,94848768;3,82781744;0,00000000
5,94859168;3,82781744;0,00000000
5,94869568;3,82781744;0,00000000
5,94879968;3,82781744;0,00000000
5,94890368;3,82781744;0,00000000
5,94900768;3,82781744;0,00000000
5,94911168;3,82781744;0,00000000
5,94921568;3,82781744;0,00000000
5,94931968;3,82781744;0,00000000
5,94942368;3,78429508;0,00000000
5,94952768;3,82781744;0,00000000
5,94963168;3,82781744;0,00000000
5,94973568;3,82781744;0,00000000
5,94983968;3,82781744;0,01734744
5,94994368;3,78429508;0,00000000
5,95004768;3,82781744;0,00000000
5,95015168;3,82781744;0,00000000
5,95025568;3,82781744;0,00000000
5,95035968;3,82781744;0,00000000
5,95046368;3,82781744;0,00000000
5,95056768;3,82781744;0,00000000
5,95067168;3,82781744;0,00000000
5,95077568;3,82781744;0,00000000
5,95087968;3,78429508;0,00000000
5,95098368;3,78429508;0,00000000
5,95108768;3,78429508;0,00000000
5,95119168;3,82781744;0,00000000
5,95129568;3,82781744;0,00000000
5,95139968;3,82781744;0,00000000
5,95150368;3,82781744;0,00000000
5,95160768;3,82781744;0,00000000
5,95171168;3,82781744;0,00000000
5,95181568;3,82781744;0,00000000
5,95191968;3,78429508;0,00000000
5,95202368;3,82781744;0,00000000
5,95212768;3,78429508;0,00000000
5,95223168;3,78429508;0,00000000
5,95233568;3,78429508;0,00000000
5,95243968;3,82781744;0,00000000
5,95254368;3,82781744;0,00000000
5,95264768;3,82781744;0,00000000
5,95275168;3,82781744;0,00000000
5,95285568;3,82781744;0,00000000
5,95295968;3,78429508;0,00000000
5,95306368;3,82781744;0,00000000
5,95316768;3,82781744;0,00000000
5,95327168;3,78429508;0,00000000
5,95337568;3,82781744;0,00000000
5,95347968;3,78429508;0,00000000
5,95358368;3,78429508;0,00000000
5,95368768;3,82781744;0,00000000
5,95379168;3,82781744;0,00000000
5,95389568;3,82781744;0,00000000
5,95399968;3,78429508;0,00000000
5,95410368;3,82781744;0,00000000
5,95420768;3,78429508;0,00000000
5,95431168;3,82781744;0,00000000
5,95441568;3,82781744;0,00000000
5,95451968;3,82781744;0,00000000
5,95462368;3,78429508;0,00000000
5,95472768;3,82781744;0,00000000
5,95483168;3,78429508;0,00000000
5,95493568;3,82781744;0,00000000
5,95503968;3,82781744;0,00000000
5,95514368;3,82781744;0,00000000
5,95524768;3,82781744;0,00000000
5,95535168;3,82781744;0,00000000
5,95545568;3,78429508;0,00000000
5,95555968;3,82781744;0,00000000
5,95566368;3,78429508;0,00000000
5,95576768;3,82781744;0,00000000
5,95587168;3,82781744;0,00000000
5,95597568;3,82781744;0,00000000
5,95607968;3,78429508;0,00000000
5,95618368;3,82781744;0,00000000
5,95628768;3,82781744;0,00000000
5,95639168;3,78429508;0,00000000
5,95649568;3,82781744;0,00000000
5,95659968;3,82781744;0,00000000
5,95670368;3,78429508;0,00000000
5,95680768;3,82781744;0,00000000
5,95691168;3,78429508;0,00000000
5,95701568;3,78429508;0,00000000
5,95711968;3,82781744;0,00000000
5,95722368;3,82781744;0,00000000
5,95732768;3,82781744;0,00000000
5,95743168;3,78429508;0,00000000
5,95753568;3,78429508;0,00000000
5,95763968;3,82781744;0,00000000
5,95774368;3,82781744;0,00000000
5,95784768;3,82781744;0,00000000
5,95795168;3,82781744;0,00000000
5,95805568;3,82781744;0,00000000
5,95815968;3,82781744;0,00000000
5,95826368;3,82781744;0,00000000
5,95836768;3,82781744;0,00000000
5,95847168;3,82781744;0,00000000
5,95857568;3,82781744;0,00000000
5,95867968;3,82781744;0,00000000
5,95878368;3,78429508;0,00000000
5,95888768;3,82781744;0,00000000
5,95899168;3,82781744;0,00000000
5,95909568;3,78429508;0,00000000
5,95919968;3,82781744;0,00000000
5,95930368;3,78429508;0,00000000
5,95940768;3,82781744;0,00000000
5,95951168;3,78429508;0,00000000
5,95961568;3,78429508;0,00000000
5,95971968;3,78429508;0,00000000
5,95982368;3,82781744;0,00000000
5,95992768;3,82781744;0,00000000
5,96003168;3,78429508;0,00000000
5,96013568;3,82781744;0,00000000
5,96023968;3,82781744;0,00000000
5,96034368;3,82781744;0,00000000
5,96044768;3,78429508;0,00000000
5,96055168;3,82781744;0,00000000
5,96065568;3,78429508;0,00000000
5,96075968;3,78429508;0,00000000
5,96086368;3,82781744;0,00000000
5,96096768;3,82781744;0,00000000
5,96107168;3,78429508;0,00000000
5,96117568;3,78429508;0,00000000
5,96127968;3,82781744;0,00000000
5,96138368;3,78429508;0,00000000
5,96148768;3,78429508;0,00000000
5,96159168;3,82781744;0,00000000
5,96169568;3,82781744;0,00000000
5,96179968;3,82781744;0,00000000
5,96190368;3,78429508;0,00000000
5,96200768;3,82781744;0,00000000
5,96211168;3,82781744;0,00000000
5,96221568;3,82781744;0,00000000
5,96231968;3,82781744;0,01734744
5,96242368;3,78429508;0,00000000
5,96252768;3,82781744;0,00000000
5,96263168;3,82781744;0,00000000
5,96273568;3,82781744;0,00000000
5,96283968;3,82781744;0,00000000
5,96294368;3,78429508;0,00000000
5,96304768;3,82781744;0,00000000
5,96315168;3,78429508;0,00000000
5,96325568;3,82781744;0,00000000
5,96335968;3,82781744;0,00000000
5,96346368;3,82781744;0,00000000
5,96356768;3,82781744;0,00000000
5,96367168;3,82781744;0,00000000
5,96377568;3,82781744;0,00000000
5,96387968;3,82781744;0,00000000
5,96398368;3,82781744;0,00000000
5,96408768;3,82781744;0,00000000
5,96419168;3,82781744;0,00000000
5,96429568;3,78429508;0,00000000
5,96439968;3,78429508;0,00000000
5,96450368;3,78429508;0,00000000
5,96460768;3,82781744;0,00000000
5,96471168;3,82781744;0,00000000
5,96481568;3,82781744;0,00000000
5,96491968;3,82781744;0,00000000
5,96502368;3,82781744;0,00000000
5,96512768;3,82781744;0,00000000
5,96523168;3,78429508;0,00000000
5,96533568;3,78429508;0,00000000
5,96543968;3,82781744;0,00000000
5,96554368;3,78429508;0,00000000
5,96564768;3,82781744;0,00000000
5,96575168;3,82781744;0,00000000
5,96585568;3,78429508;0,00000000
5,96595968;3,78429508;0,00000000
5,96606368;3,78429508;0,00000000
5,96616768;3,78429508;0,00000000
5,96627168;3,82781744;0,00000000
5,96637568;3,82781744;0,00000000
5,96647968;3,82781744;0,00000000
5,96658368;3,82781744;0,00000000
5,96668768;3,82781744;0,00000000
5,96679168;3,82781744;0,00000000
5,96689568;3,78429508;0,00000000
5,96699968;3,82781744;0,00000000
5,96710368;3,82781744;0,00000000
5,96720768;3,78429508;0,00000000
5,96731168;3,78429508;0,00000000
5,96741568;3,82781744;0,00000000
5,96751968;3,78429508;0,00000000
5,96762368;3,82781744;0,00000000
5,96772768;3,82781744;0,00000000
5,96783168;3,78429508;0,00000000
5,96793568;3,82781744;0,00000000
5,96803968;3,82781744;0,00000000
5,96814368;3,82781744;0,00000000
5,96824768;3,82781744;0,00000000
5,96835168;3,82781744;0,00000000
5,96845568;3,82781744;0,00000000
5,96855968;3,78429508;0,00000000
5,96866368;3,82781744;0,00000000
5,96876768;3,78429508;0,00000000
5,96887168;3,78429508;0,00000000
5,96897568;3,82781744;0,00000000
5,96907968;3,82781744;0,00000000
5,96918368;3,82781744;0,00000000
5,96928768;3,82781744;0,00000000
5,96939168;3,82781744;0,00000000
5,96949568;3,78429508;0,00000000
5,96959968;3,82781744;0,00000000
5,96970368;3,78429508;0,00000000
5,96980768;3,78429508;0,00000000
5,96991168;3,82781744;0,00000000
5,97001568;3,82781744;0,00000000
5,97011968;3,82781744;0,00000000
5,97022368;3,82781744;0,00000000
5,97032768;3,87133980;0,00000000
5,97043168;3,82781744;0,00000000
5,97053568;3,78429508;0,00000000
5,97063968;3,82781744;0,00000000
5,97074368;3,82781744;0,00000000
5,97084768;3,78429508;0,00000000
5,97095168;3,82781744;0,00000000
5,97105568;3,78429508;0,00000000
5,97115968;3,82781744;0,00000000
5,97126368;3,82781744;0,00000000
5,97136768;3,78429508;0,00000000
5,97147168;3,78429508;0,00000000
5,97157568;3,78429508;0,00000000
5,97167968;3,78429508;0,00000000
5,97178368;3,82781744;0,00000000
5,97188768;3,82781744;0,00000000
5,97199168;3,82781744;0,00000000
5,97209568;3,82781744;0,00000000
5,97219968;3,82781744;0,00000000
5,97230368;3,82781744;0,00000000
5,97240768;3,78429508;0,00000000
5,97251168;3,82781744;0,00000000
5,97261568;3,78429508;0,00000000
5,97271968;3,78429508;0,00000000
5,97282368;3,82781744;0,00000000
5,97292768;3,82781744;0,00000000
5,97303168;3,82781744;0,00000000
5,97313568;3,82781744;0,00000000
5,97323968;3,78429508;0,00000000
5,97334368;3,82781744;0,00000000
5,97344768;3,82781744;0,00000000
5,97355168;3,82781744;0,00000000
5,97365568;3,82781744;0,00000000
5,97375968;3,82781744;0,00000000
5,97386368;3,82781744;0,00000000
5,97396768;3,82781744;0,00000000
5,97407168;3,78429508;0,00000000
5,97417568;3,78429508;0,00000000
5,97427968;3,82781744;0,00000000
5,97438368;3,82781744;0,00000000
5,97448768;3,82781744;0,00000000
5,97459168;3,78429508;0,00000000
5,97469568;3,82781744;0,00000000
5,97479968;3,78429508;0,00000000
5,97490368;3,82781744;0,00000000
5,97500768;3,78429508;0,00000000
5,97511168;3,82781744;0,00000000
5,97521568;3,82781744;0,00000000
5,97531968;3,82781744;0,00000000
5,97542368;3,82781744;0,00000000
5,97552768;3,82781744;0,00000000
5,97563168;3,82781744;0,00000000
5,97573568;3,82781744;0,00000000
5,97583968;3,78429508;0,00000000
5,97594368;3,82781744;0,00000000
5,97604768;3,82781744;0,00000000
5,97615168;3,78429508;0,00000000
5,97625568;3,82781744;0,00000000
5,97635968;3,82781744;0,00000000
5,97646368;3,78429508;0,00000000
5,97656768;3,82781744;0,00000000
5,97667168;3,82781744;0,00000000
5,97677568;3,78429508;0,00000000
5,97687968;3,82781744;0,00000000
5,97698368;3,82781744;0,00000000
5,97708768;3,82781744;0,00000000
5,97719168;3,82781744;0,00000000
5,97729568;3,82781744;0,00000000
5,97739968;3,82781744;0,00000000
5,97750368;3,78429508;0,00000000
5,97760768;3,78429508;0,00000000
5,97771168;3,82781744;0,00000000
5,97781568;3,78429508;0,00000000
5,97791968;3,82781744;0,00000000
5,97802368;3,78429508;0,00000000
5,97812768;3,82781744;0,00000000
5,97823168;3,82781744;0,00000000
5,97833568;3,82781744;0,00000000
5,97843968;3,78429508;0,00000000
5,97854368;3,82781744;0,00000000
5,97864768;3,82781744;0,00000000
5,97875168;3,78429508;0,00000000
5,97885568;3,82781744;0,00000000
5,97895968;3,82781744;0,00000000
5,97906368;3,78429508;0,00000000
5,97916768;3,78429508;0,00000000
5,97927168;3,82781744;0,00000000
5,97937568;3,78429508;0,00000000
5,97947968;3,82781744;0,00000000
5,97958368;3,82781744;0,00000000
5,97968768;3,82781744;0,00000000
5,97979168;3,82781744;0,00000000
5,97989568;3,82781744;0,00000000
5,97999968;3,78429508;0,00000000
5,98010368;3,82781744;0,00000000
5,98020768;3,82781744;0,00000000
5,98031168;3,82781744;0,00000000
5,98041568;3,82781744;0,00000000
5,98051968;3,82781744;0,00000000
5,98062368;3,78429508;0,00000000
5,98072768;3,78429508;0,00000000
5,98083168;3,78429508;0,00000000
5,98093568;3,82781744;0,00000000
5,98103968;3,82781744;0,00000000
5,98114368;3,78429508;0,00000000
5,98124768;3,82781744;0,00000000
5,98135168;3,78429508;0,00000000
5,98145568;3,82781744;0,00000000
5,98155968;3,78429508;0,00000000
5,98166368;3,82781744;0,00000000
5,98176768;3,82781744;0,00000000
5,98187168;3,82781744;0,00000000
5,98197568;3,82781744;0,00000000
5,98207968;3,82781744;0,00000000
5,98218368;3,82781744;0,00000000
5,98228768;3,78429508;0,00000000
5,98239168;3,82781744;0,00000000
5,98249568;3,82781744;0,00000000
5,98259968;3,82781744;0,00000000
5,98270368;3,78429508;0,00000000
5,98280768;3,82781744;0,00000000
5,98291168;3,82781744;0,00000000
5,98301568;3,78429508;0,00000000
5,98311968;3,82781744;0,00000000
5,98322368;3,78429508;0,00000000
5,98332768;3,82781744;0,00000000
5,98343168;3,78429508;0,00000000
5,98353568;3,78429508;0,00000000
5,98363968;3,82781744;0,00000000
5,98374368;3,82781744;0,00000000
5,98384768;3,78429508;0,00000000
5,98395168;3,82781744;0,00000000
5,98405568;3,82781744;0,00000000
5,98415968;3,82781744;0,00000000
5,98426368;3,82781744;0,00000000
5,98436768;3,82781744;0,00000000
5,98447168;3,78429508;0,00000000
5,98457568;3,82781744;0,00000000
5,98467968;3,82781744;0,00000000
5,98478368;3,78429508;0,00000000
5,98488768;3,78429508;0,00000000
5,98499168;3,82781744;0,00000000
5,98509568;3,82781744;0,00000000
5,98519968;3,78429508;0,00000000
5,98530368;3,82781744;0,00000000
5,98540768;3,78429508;0,00000000
5,98551168;3,82781744;0,00000000
5,98561568;3,82781744;0,00000000
5,98571968;3,82781744;0,00000000
5,98582368;3,78429508;0,00000000
5,98592768;3,82781744;0,00000000
5,98603168;3,82781744;0,00000000
5,98613568;3,78429508;0,00000000
5,98623968;3,78429508;0,00000000
5,98634368;3,82781744;0,00000000
5,98644768;3,82781744;0,00000000
5,98655168;3,82781744;0,00000000
5,98665568;3,82781744;0,00000000
5,98675968;3,78429508;0,00000000
5,98686368;3,78429508;0,00000000
5,98696768;3,82781744;0,00000000
5,98707168;3,82781744;0,00000000
5,98717568;3,82781744;0,00000000
5,98727968;3,82781744;0,00000000
5,98738368;3,82781744;0,00000000
5,98748768;3,78429508;0,00000000
5,98759168;3,82781744;0,00000000
5,98769568;3,78429508;0,00000000
5,98779968;3,78429508;0,00000000
5,98790368;3,82781744;0,00000000
5,98800768;3,78429508;0,00000000
5,98811168;3,82781744;0,00000000
5,98821568;3,82781744;0,00000000
5,98831968;3,82781744;0,00000000
5,98842368;3,78429508;0,00000000
5,98852768;3,78429508;0,00000000
5,98863168;3,82781744;0,00000000
5,98873568;3,78429508;0,00000000
5,98883968;3,82781744;0,00000000
5,98894368;3,78429508;0,00000000
5,98904768;3,82781744;0,00000000
5,98915168;3,78429508;0,00000000
5,98925568;3,82781744;0,00000000
5,98935968;3,82781744;0,00000000
5,98946368;3,82781744;0,00000000
5,98956768;3,82781744;0,00000000
5,98967168;3,82781744;0,00000000
5,98977568;3,78429508;0,00000000
5,98987968;3,82781744;0,00000000
5,98998368;3,78429508;0,00000000
5,99008768;3,82781744;0,00000000
5,99019168;3,82781744;0,00000000
5,99029568;3,82781744;0,00000000
5,99039968;3,82781744;0,00000000
5,99050368;3,82781744;0,00000000
5,99060768;3,78429508;0,00000000
5,99071168;3,82781744;0,00000000
5,99081568;3,82781744;0,00000000
5,99091968;3,82781744;0,00000000
5,99102368;3,82781744;0,00000000
5,99112768;3,82781744;0,00000000
5,99123168;3,82781744;0,00000000
5,99133568;3,82781744;0,00000000
5,99143968;3,78429508;0,00000000
5,99154368;3,78429508;0,00000000
5,99164768;3,78429508;0,00000000
5,99175168;3,78429508;0,00000000
5,99185568;3,78429508;0,00000000
5,99195968;3,78429508;0,00000000
5,99206368;3,82781744;0,00000000
5,99216768;3,78429508;0,00000000
5,99227168;3,82781744;0,00000000
5,99237568;3,82781744;0,00000000
5,99247968;3,78429508;0,00000000
5,99258368;3,78429508;0,00000000
5,99268768;3,78429508;0,00000000
5,99279168;3,78429508;0,00000000
5,99289568;3,82781744;0,00000000
5,99299968;3,82781744;0,00000000
5,99310368;3,82781744;0,00000000
5,99320768;3,82781744;0,00000000
5,99331168;3,82781744;0,00000000
5,99341568;3,78429508;0,00000000
5,99351968;3,78429508;0,00000000
5,99362368;3,78429508;0,00000000
5,99372768;3,82781744;0,00000000
5,99383168;3,82781744;0,00000000
5,99393568;3,82781744;0,00000000
5,99403968;3,82781744;0,00000000
5,99414368;3,82781744;0,00000000
5,99424768;3,78429508;0,00000000
5,99435168;3,78429508;0,00000000
5,99445568;3,82781744;0,00000000
5,99455968;3,82781744;0,00000000
5,99466368;3,78429508;0,00000000
5,99476768;3,78429508;0,00000000
5,99487168;3,78429508;0,00000000
5,99497568;3,82781744;0,00000000
5,99507968;3,82781744;0,00000000
5,99518368;3,78429508;0,00000000
5,99528768;3,82781744;0,00000000
5,99539168;3,82781744;0,00000000
5,99549568;3,82781744;0,00000000
5,99559968;3,78429508;0,00000000
5,99570368;3,78429508;0,00000000
5,99580768;3,82781744;0,00000000
5,99591168;3,82781744;0,00000000
5,99601568;3,78429508;0,00000000
5,99611968;3,78429508;0,00000000
5,99622368;3,78429508;0,00000000
5,99632768;3,82781744;0,00000000
5,99643168;3,82781744;0,00000000
5,99653568;3,82781744;0,00000000
5,99663968;3,78429508;0,00000000
5,99674368;3,82781744;0,00000000
5,99684768;3,78429508;0,00000000
5,99695168;3,82781744;0,00000000
5,99705568;3,78429508;0,00000000
5,99715968;3,78429508;0,00000000
5,99726368;3,82781744;0,00000000
5,99736768;3,82781744;0,00000000
5,99747168;3,78429508;0,00000000
5,99757568;3,82781744;0,00000000
5,99767968;3,82781744;0,00000000
5,99778368;3,82781744;0,00000000
5,99788768;3,82781744;0,00000000
5,99799168;3,82781744;0,00000000
5,99809568;3,78429508;0,00000000
5,99819968;3,78429508;0,00000000
5,99830368;3,82781744;0,00000000
5,99840768;3,78429508;0,00000000
5,99851168;3,82781744;0,00000000
5,99861568;3,78429508;0,00000000
5,99871968;3,82781744;0,00000000
5,99882368;3,78429508;0,00000000
5,99892768;3,82781744;0,00000000
5,99903168;3,78429508;0,00000000
5,99913568;3,82781744;0,00000000
5,99923968;3,82781744;0,00000000
5,99934368;3,78429508;0,00000000
5,99944768;3,82781744;0,00000000
5,99955168;3,78429508;0,00000000
5,99965568;3,82781744;0,00000000
5,99975968;3,82781744;0,00000000
5,99986368;3,82781744;0,00000000
5,99996768;3,82781744;0,00000000
6,00007168;3,82781744;0,00000000
6,00017568;3,82781744;0,00000000
6,00027968;3,82781744;0,00000000
6,00038368;3,78429508;0,00000000
6,00048768;3,82781744;0,00000000
6,00059168;3,78429508;0,00000000
6,00069568;3,78429508;0,00000000
6,00079968;3,82781744;0,00000000
6,00090368;3,82781744;0,00000000
6,00100768;3,82781744;0,00000000
6,00111168;3,82781744;0,00000000
6,00121568;3,82781744;0,00000000
6,00131968;3,82781744;0,00000000
6,00142368;3,78429508;0,00000000
6,00152768;3,82781744;0,00000000
6,00163168;3,82781744;0,00000000
6,00173568;3,82781744;0,00000000
6,00183968;3,82781744;0,00000000
6,00194368;3,78429508;0,00000000
6,00204768;3,78429508;0,00000000
6,00215168;3,82781744;0,00000000
6,00225568;3,82781744;0,00000000
6,00235968;3,78429508;0,00000000
6,00246368;3,82781744;0,00000000
6,00256768;3,82781744;0,00000000
6,00267168;3,82781744;0,00000000
6,00277568;3,82781744;0,00000000
6,00287968;3,78429508;0,00000000
6,00298368;3,78429508;0,00000000
6,00308768;3,82781744;0,00000000
6,00319168;3,82781744;0,00000000
6,00329568;3,78429508;0,00000000
6,00339968;3,78429508;0,00000000
6,00350368;3,82781744;0,00000000
6,00360768;3,82781744;0,00000000
6,00371168;3,82781744;0,00000000
6,00381568;3,78429508;0,00000000
6,00391968;3,82781744;0,00000000
6,00402368;3,78429508;0,00000000
6,00412768;3,78429508;0,00000000
6,00423168;3,82781744;0,00000000
6,00433568;3,82781744;0,00000000
6,00443968;3,78429508;0,00000000
6,00454368;3,78429508;0,00000000
6,00464768;3,78429508;0,00000000
6,00475168;3,82781744;0,00000000
6,00485568;3,82781744;0,00000000
6,00495968;3,82781744;0,00000000
6,00506368;3,78429508;0,00000000
6,00516768;3,82781744;0,00000000
6,00527168;3,82781744;0,00000000
6,00537568;3,78429508;0,00000000
6,00547968;3,78429508;0,00000000
6,00558368;3,82781744;0,00000000
6,00568768;3,82781744;0,00000000
6,00579168;3,82781744;0,00000000
6,00589568;3,82781744;0,00000000
6,00599968;3,82781744;0,00000000
6,00610368;3,82781744;0,00000000
6,00620768;3,82781744;0,00000000
6,00631168;3,82781744;0,00000000
6,00641568;3,82781744;0,00000000
6,00651968;3,82781744;0,00000000
6,00662368;3,82781744;0,00000000
6,00672768;3,78429508;0,00000000
6,00683168;3,82781744;0,00000000
6,00693568;3,78429508;0,00000000
6,00703968;3,82781744;0,00000000
6,00714368;3,82781744;0,00000000
6,00724768;3,82781744;0,00000000
6,00735168;3,82781744;0,00000000
6,00745568;3,78429508;0,00000000
6,00755968;3,78429508;0,00000000
6,00766368;3,82781744;0,00000000
6,00776768;3,82781744;0,00000000
6,00787168;3,82781744;0,00000000
6,00797568;3,82781744;0,00000000
6,00807968;3,78429508;0,00000000
6,00818368;3,82781744;0,00000000
6,00828768;3,82781744;0,00000000
6,00839168;3,82781744;0,00000000
6,00849568;3,82781744;0,00000000
6,00859968;3,78429508;0,00000000
6,00870368;3,78429508;0,00000000
6,00880768;3,78429508;0,00000000
6,00891168;3,82781744;0,00000000
6,00901568;3,82781744;0,00000000
6,00911968;3,82781744;0,00000000
6,00922368;3,82781744;0,00000000
6,00932768;3,82781744;0,00000000
6,00943168;3,82781744;0,00000000
6,00953568;3,82781744;0,00000000
6,00963968;3,82781744;0,00000000
6,00974368;3,78429508;0,00000000
6,00984768;3,78429508;0,00000000
6,00995168;3,82781744;0,00000000
6,01005568;3,78429508;0,00000000
6,01015968;3,82781744;0,00000000
6,01026368;3,82781744;0,00000000
6,01036768;3,82781744;0,00000000
6,01047168;3,78429508;0,00000000
6,01057568;3,82781744;0,00000000
6,01067968;3,82781744;0,00000000
6,01078368;3,78429508;0,00000000
6,01088768;3,78429508;0,00000000
6,01099168;3,78429508;0,00000000
6,01109568;3,82781744;0,00000000
6,01119968;3,82781744;0,00000000
6,01130368;3,82781744;0,00000000
6,01140768;3,82781744;0,00000000
6,01151168;3,82781744;0,00000000
6,01161568;3,82781744;0,00000000
6,01171968;3,82781744;0,00000000
6,01182368;3,82781744;0,00000000
6,01192768;3,82781744;0,00000000
6,01203168;3,82781744;0,00000000
6,01213568;3,78429508;0,00000000
6,01223968;3,82781744;0,00000000
6,01234368;3,78429508;0,00000000
6,01244768;3,78429508;0,00000000
6,01255168;3,82781744;0,00000000
6,01265568;3,87133980;0,00000000
6,01275968;3,82781744;0,00000000
6,01286368;3,78429508;0,00000000
6,01296768;3,82781744;0,00000000
6,01307168;3,82781744;0,00000000
6,01317568;3,78429508;0,00000000
6,01327968;3,82781744;0,00000000
6,01338368;3,82781744;0,00000000
6,01348768;3,82781744;0,00000000
6,01359168;3,82781744;0,00000000
6,01369568;3,82781744;0,00000000
6,01379968;3,82781744;0,00000000
6,01390368;3,82781744;0,00000000
6,01400768;3,82781744;0,00000000
6,01411168;3,82781744;0,00000000
6,01421568;3,78429508;0,00000000
6,01431968;3,78429508;0,00000000
6,01442368;3,82781744;0,00000000
6,01452768;3,82781744;0,00000000
6,01463168;3,82781744;0,00000000
6,01473568;3,82781744;0,00000000
6,01483968;3,82781744;0,00000000
6,01494368;3,82781744;0,00000000
6,01504768;3,82781744;0,00000000
6,01515168;3,82781744;0,00000000
6,01525568;3,82781744;0,00000000
6,01535968;3,82781744;0,00000000
6,01546368;3,78429508;0,00000000
6,01556768;3,82781744;0,00000000
6,01567168;3,82781744;0,00000000
6,01577568;3,82781744;0,00000000
6,01587968;3,82781744;0,00000000
6,01598368;3,82781744;0,00000000
6,01608768;3,82781744;0,00000000
6,01619168;3,78429508;0,00000000
6,01629568;3,82781744;0,00000000
6,01639968;3,82781744;0,00000000
6,01650368;3,82781744;0,00000000
6,01660768;3,82781744;0,00000000
6,01671168;3,82781744;0,00000000
6,01681568;3,82781744;0,00000000
6,01691968;3,82781744;0,00000000
6,01702368;3,82781744;0,00000000
6,01712768;3,78429508;0,00000000
6,01723168;3,82781744;0,00000000
6,01733568;3,82781744;0,00000000
6,01743968;3,82781744;0,00000000
6,01754368;3,78429508;0,00000000
6,01764768;3,82781744;0,00000000
6,01775168;3,82781744;0,00000000
6,01785568;3,78429508;0,00000000
6,01795968;3,78429508;0,00000000
6,01806368;3,82781744;0,00000000
6,01816768;3,82781744;0,00000000
6,01827168;3,82781744;0,00000000
6,01837568;3,82781744;0,00000000
6,01847968;3,82781744;0,00000000
6,01858368;3,82781744;0,00000000
6,01868768;3,82781744;0,00000000
6,01879168;3,82781744;0,00000000
6,01889568;3,82781744;0,00000000
6,01899968;3,78429508;0,00000000
6,01910368;3,82781744;0,00000000
6,01920768;3,78429508;0,00000000
6,01931168;3,82781744;0,00000000
6,01941568;3,78429508;0,00000000
6,01951968;3,82781744;0,00000000
6,01962368;3,78429508;0,00000000
6,01972768;3,78429508;0,00000000
6,01983168;3,78429508;0,00000000
6,01993568;3,82781744;0,00000000
6,02003968;3,82781744;0,00000000
6,02014368;3,82781744;0,00000000
6,02024768;3,82781744;0,00000000
6,02035168;3,82781744;0,00000000
6,02045568;3,82781744;0,00000000
6,02055968;3,78429508;0,00000000
6,02066368;3,82781744;0,00000000
6,02076768;3,82781744;0,00000000
6,02087168;3,78429508;0,00000000
6,02097568;3,82781744;0,00000000
6,02107968;3,82781744;0,00000000
6,02118368;3,82781744;0,00000000
6,02128768;3,82781744;0,00000000
6,02139168;3,82781744;0,00000000
6,02149568;3,78429508;0,00000000
6,02159968;3,82781744;0,00000000
6,02170368;3,82781744;0,00000000
6,02180768;3,82781744;0,00000000
6,02191168;3,82781744;0,00000000
6,02201568;3,82781744;0,00000000
6,02211968;3,78429508;0,00000000
6,02222368;3,78429508;0,00000000
6,02232768;3,78429508;0,00000000
6,02243168;3,78429508;0,00000000
6,02253568;3,82781744;0,00000000
6,02263968;3,78429508;0,00000000
6,02274368;3,78429508;0,00000000
6,02284768;3,78429508;0,00000000
6,02295168;3,82781744;0,00000000
6,02305568;3,78429508;0,00000000
6,02315968;3,78429508;0,00000000
6,02326368;3,82781744;0,00000000
6,02336768;3,78429508;0,00000000
6,02347168;3,82781744;0,00000000
6,02357568;3,82781744;0,00000000
6,02367968;3,82781744;0,00000000
6,02378368;3,82781744;0,00000000
6,02388768;3,82781744;0,00000000
6,02399168;3,82781744;0,00000000
6,02409568;3,82781744;0,00000000
6,02419968;3,78429508;0,00000000
6,02430368;3,78429508;0,00000000
6,02440768;3,82781744;0,00000000
6,02451168;3,82781744;0,00000000
6,02461568;3,78429508;0,00000000
6,02471968;3,78429508;0,00000000
6,02482368;3,82781744;0,00000000
6,02492768;3,78429508;0,00000000
6,02503168;3,82781744;0,00000000
6,02513568;3,78429508;0,00000000
6,02523968;3,82781744;0,00000000
6,02534368;3,78429508;0,00000000
6,02544768;3,82781744;0,00000000
6,02555168;3,78429508;0,00000000
6,02565568;3,82781744;0,00000000
6,02575968;3,82781744;0,00000000
6,02586368;3,82781744;0,00000000
6,02596768;3,82781744;0,00000000
6,02607168;3,82781744;0,00000000
6,02617568;3,78429508;0,00000000
6,02627968;3,82781744;0,00000000
6,02638368;3,78429508;0,00000000
6,02648768;3,82781744;0,00000000
6,02659168;3,78429508;0,00000000
6,02669568;3,78429508;0,00000000
6,02679968;3,78429508;0,00000000
6,02690368;3,78429508;0,00000000
6,02700768;3,82781744;0,00000000
6,02711168;3,78429508;0,00000000
6,02721568;3,82781744;0,00000000
6,02731968;3,82781744;0,00000000
6,02742368;3,82781744;0,00000000
6,02752768;3,82781744;0,00000000
6,02763168;3,82781744;0,00000000
6,02773568;3,82781744;0,00000000
6,02783968;3,82781744;0,00000000
6,02794368;3,82781744;0,00000000
6,02804768;3,82781744;0,00000000
6,02815168;3,78429508;0,00000000
6,02825568;3,82781744;0,00000000
6,02835968;3,82781744;0,00000000
6,02846368;3,82781744;0,00000000
6,02856768;3,82781744;0,00000000
6,02867168;3,78429508;0,00000000
6,02877568;3,82781744;0,00000000
6,02887968;3,82781744;0,00000000
6,02898368;3,82781744;0,00000000
6,02908768;3,82781744;0,00000000
6,02919168;3,82781744;0,00000000
6,02929568;3,78429508;0,00000000
6,02939968;3,82781744;0,00000000
6,02950367;3,82781744;0,00000000
6,02960767;3,82781744;0,00000000
6,02971167;3,82781744;0,00000000
6,02981567;3,82781744;0,00000000
6,02991967;3,78429508;0,00000000
6,03002367;3,82781744;0,00000000
6,03012767;3,78429508;0,00000000
6,03023167;3,82781744;0,00000000
6,03033567;3,82781744;0,00000000
6,03043967;3,82781744;0,00000000
6,03054367;3,82781744;0,00000000
6,03064767;3,78429508;0,00000000
6,03075167;3,82781744;0,00000000
6,03085567;3,82781744;0,00000000
6,03095967;3,82781744;0,00000000
6,03106367;3,78429508;0,00000000
6,03116767;3,82781744;0,00000000
6,03127167;3,82781744;0,00000000
6,03137567;3,78429508;0,00000000
6,03147967;3,78429508;0,00000000
6,03158367;3,82781744;0,00000000
6,03168767;3,78429508;0,00000000
6,03179167;3,82781744;0,00000000
6,03189567;3,78429508;0,00000000
6,03199967;3,78429508;0,00000000
6,03210367;3,78429508;0,00000000
6,03220767;3,82781744;0,00000000
6,03231167;3,82781744;0,00000000
6,03241567;3,78429508;0,00000000
6,03251967;3,82781744;0,00000000
6,03262367;3,82781744;0,00000000
6,03272767;3,82781744;0,00000000
6,03283167;3,82781744;0,00000000
6,03293567;3,78429508;0,00000000
6,03303967;3,82781744;0,00000000
6,03314367;3,78429508;0,00000000
6,03324767;3,78429508;0,00000000
6,03335167;3,82781744;0,00000000
6,03345567;3,82781744;0,00000000
6,03355967;3,82781744;0,00000000
6,03366367;3,82781744;0,00000000
6,03376767;3,78429508;0,00000000
6,03387167;3,82781744;0,00000000
6,03397567;3,82781744;0,00000000
6,03407967;3,82781744;0,00000000
6,03418367;3,78429508;0,00000000
6,03428767;3,78429508;0,00000000
6,03439167;3,78429508;0,00000000
6,03449567;3,78429508;0,00000000
6,03459967;3,78429508;0,00000000
6,03470367;3,82781744;0,00000000
6,03480767;3,78429508;0,00000000
6,03491167;3,78429508;0,00000000
6,03501567;3,82781744;0,00000000
6,03511967;3,78429508;0,00000000
6,03522367;3,82781744;0,00000000
6,03532767;3,82781744;0,00000000
6,03543167;3,78429508;0,00000000
6,03553567;3,82781744;0,00000000
6,03563967;3,82781744;0,00000000
6,03574367;3,82781744;0,00000000
6,03584767;3,78429508;0,00000000
6,03595167;3,78429508;0,00000000
6,03605567;3,78429508;0,00000000
6,03615967;3,78429508;0,00000000
6,03626367;3,82781744;0,00000000
6,03636767;3,78429508;0,00000000
6,03647167;3,82781744;0,00000000
6,03657567;3,82781744;0,00000000
6,03667967;3,82781744;0,00000000
6,03678367;3,78429508;0,00000000
6,03688767;3,82781744;0,00000000
6,03699167;3,82781744;0,00000000
6,03709567;3,78429508;0,00000000
6,03719967;3,78429508;0,00000000
6,03730367;3,82781744;0,00000000
6,03740767;3,82781744;0,00000000
6,03751167;3,82781744;0,00000000
6,03761567;3,82781744;0,00000000
6,03771967;3,82781744;0,00000000
6,03782367;3,78429508;0,00000000
6,03792767;3,82781744;0,00000000
6,03803167;3,82781744;0,00000000
6,03813567;3,82781744;0,00000000
6,03823967;3,82781744;0,00000000
6,03834367;3,78429508;0,00000000
6,03844767;3,82781744;0,00000000
6,03855167;3,78429508;0,00000000
6,03865567;3,82781744;0,00000000
6,03875967;3,82781744;0,00000000
6,03886367;3,78429508;0,00000000
6,03896767;3,78429508;0,00000000
6,03907167;3,82781744;0,00000000
6,03917567;3,82781744;0,00000000
6,03927967;3,82781744;0,00000000
6,03938367;3,82781744;0,00000000
6,03948767;3,78429508;0,00000000
6,03959167;3,82781744;0,00000000
6,03969567;3,78429508;0,00000000
6,03979967;3,82781744;0,00000000
6,03990367;3,82781744;0,00000000
6,04000767;3,82781744;0,00000000
6,04011167;3,78429508;0,00000000
6,04021567;3,78429508;0,00000000
6,04031967;3,82781744;0,00000000
6,04042367;3,82781744;0,00000000
6,04052767;3,78429508;0,00000000
6,04063167;3,82781744;0,00000000
6,04073567;3,82781744;0,00000000
6,04083967;3,78429508;0,00000000
6,04094367;3,82781744;0,00000000
6,04104767;3,78429508;0,00000000
6,04115167;3,82781744;0,00000000
6,04125567;3,82781744;0,00000000
6,04135967;3,78429508;0,00000000
6,04146367;3,78429508;0,00000000
6,04156767;3,78429508;0,00000000
6,04167167;3,82781744;0,00000000
6,04177567;3,82781744;0,00000000
6,04187967;3,78429508;0,00000000
6,04198367;3,82781744;0,00000000
6,04208767;3,82781744;0,00000000
6,04219167;3,82781744;0,00000000
6,04229567;3,78429508;0,00000000
6,04239967;3,78429508;0,00000000
6,04250367;3,82781744;0,00000000
6,04260767;3,82781744;0,00000000
6,04271167;3,82781744;0,00000000
6,04281567;3,82781744;0,00000000
6,04291967;3,82781744;0,00000000
6,04302367;3,82781744;0,00000000
6,04312767;3,78429508;0,00000000
6,04323167;3,82781744;0,00000000
6,04333567;3,82781744;0,00000000
6,04343967;3,78429508;0,00000000
6,04354367;3,82781744;0,00000000
6,04364767;3,82781744;0,00000000
6,04375167;3,82781744;0,00000000
6,04385567;3,82781744;0,00000000
6,04395967;3,78429508;0,00000000
6,04406367;3,82781744;0,00000000
6,04416767;3,82781744;0,00000000
6,04427167;3,82781744;0,00000000
6,04437567;3,78429508;0,00000000
6,04447967;3,78429508;0,00000000
6,04458367;3,78429508;0,00000000
6,04468767;3,78429508;0,00000000
6,04479167;3,78429508;0,00000000
6,04489567;3,78429508;0,00000000
6,04499967;3,82781744;0,00000000
6,04510367;3,82781744;0,00000000
6,04520767;3,78429508;0,00000000
6,04531167;3,78429508;0,00000000
6,04541567;3,82781744;0,00000000
6,04551967;3,82781744;0,00000000
6,04562367;3,82781744;0,00000000
6,04572767;3,82781744;0,00000000
6,04583167;3,82781744;0,00000000
6,04593567;3,82781744;0,00000000
6,04603967;3,78429508;0,00000000
6,04614367;0,69589692;0,00000000
6,04624767;0,17393577;0,00000000
6,04635167;-0,08689100;0,00000000
6,04645567;0,00000000;0,00000000
6,04655967;0,00000000;0,00000000
6,04666367;0,00000000;0,00000000
6,04676767;0,00000000;0,00000000
6,04687167;0,00000000;0,00000000
6,04697567;0,00000000;0,00000000
6,04707967;0,04336860;0,00000000
6,04718367;0,00000000;0,00000000
6,04728767;0,00000000;0,00000000
6,04739167;0,04336860;0,00000000
6,04749567;0,00000000;0,00000000
6,04759967;0,00000000;0,00000000
6,04770367;0,00000000;0,00000000
6,04780767;0,00000000;0,00000000
6,04791167;0,00000000;0,00000000
6,04801567;0,00000000;0,00000000
6,04811967;0,00000000;0,00000000
6,04822367;0,00000000;0,00000000
6,04832767;0,04336860;0,00000000
6,04843167;0,00000000;0,00000000
6,04853567;0,00000000;0,00000000
6,04863967;0,04336860;0,00000000
6,04874367;0,04336860;0,00000000
6,04884767;0,00000000;0,00000000
6,04895167;0,00000000;0,00000000
6,04905567;0,00000000;0,00000000
6,04915967;0,00000000;0,00000000
6,04926367;0,00000000;0,00000000
6,04936767;0,00000000;0,00000000
6,04947167;0,04336860;0,00000000
6,04957567;0,00000000;0,00000000
6,04967967;0,00000000;0,00000000
6,04978367;0,00000000;-0,01734744
6,04988767;0,00000000;0,00000000
6,04999167;0,04336860;0,00000000
6,05009567;0,04336860;0,00000000
6,05019967;0,04336860;0,00000000
6,05030367;0,04336860;0,00000000
6,05040767;0,04336860;0,00000000
6,05051167;0,00000000;0,00000000
6,05061567;0,04336860;0,00000000
6,05071967;0,00000000;0,00000000
6,05082367;0,00000000;0,00000000
6,05092767;0,00000000;0,00000000
6,05103167;0,00000000;0,00000000
6,05113567;0,00000000;0,00000000
6,05123967;0,04336860;-0,01734744
6,05134367;0,00000000;0,00000000
6,05144767;0,04336860;0,00000000
6,05155167;0,04336860;0,00000000
6,05165567;0,00000000;0,00000000
6,05175967;0,04336860;0,00000000
6,05186367;0,04336860;0,00000000
6,05196767;0,00000000;0,00000000
6,05207167;0,04336860;0,00000000
6,05217567;0,04336860;0,00000000
6,05227967;0,04336860;0,00000000
6,05238367;0,00000000;0,00000000
6,05248767;0,00000000;0,00000000
6,05259167;0,04336860;0,00000000
6,05269567;0,04336860;0,00000000
6,05279967;0,04336860;0,00000000
6,05290367;0,00000000;0,00000000
6,05300767;0,04336860;0,00000000
6,05311167;0,04336860;0,00000000
6,05321567;0,04336860;0,00000000
6,05331967;0,04336860;0,00000000
6,05342367;0,00000000;0,00000000
6,05352767;0,00000000;0,00000000
6,05363167;0,00000000;0,00000000
6,05373567;0,04336860;0,00000000
6,05383967;0,04336860;0,00000000
6,05394367;0,04336860;0,00000000
6,05404767;0,00000000;0,00000000
6,05415167;0,04336860;0,00000000
6,05425567;0,00000000;0,00000000
6,05435967;0,00000000;0,00000000
6,05446367;0,04336860;0,00000000
6,05456767;0,04336860;0,00000000
6,05467167;0,04336860;0,00000000
6,05477567;0,00000000;0,00000000
6,05487967;0,04336860;0,00000000
6,05498367;0,00000000;0,00000000
6,05508767;0,04336860;0,00000000
6,05519167;0,00000000;0,00000000
6,05529567;0,04336860;0,00000000
6,05539967;0,00000000;0,00000000
6,05550367;0,00000000;0,00000000
6,05560767;0,04336860;0,00000000
6,05571167;0,04336860;0,00000000
6,05581567;0,04336860;0,00000000
6,05591967;0,04336860;0,00000000
6,05602367;0,04336860;0,00000000
6,05612767;0,00000000;0,00000000
6,05623167;0,00000000;0,00000000
6,05633567;0,04336860;0,00000000
6,05643967;0,00000000;0,00000000
6,05654367;0,04336860;0,00000000
6,05664767;0,04336860;0,00000000
6,05675167;0,04336860;0,00000000
6,05685567;0,00000000;0,00000000
6,05695967;0,00000000;0,00000000
6,05706367;0,00000000;0,00000000
6,05716767;0,04336860;0,00000000
6,05727167;0,04336860;0,00000000
6,05737567;0,00000000;0,00000000
6,05747967;0,00000000;0,00000000
6,05758367;0,04336860;0,00000000
6,05768767;0,00000000;0,00000000
6,05779167;0,00000000;0,00000000
6,05789567;0,00000000;0,00000000
6,05799967;0,00000000;0,00000000
6,05810367;0,00000000;0,00000000
6,05820767;0,04336860;0,00000000
6,05831167;0,00000000;0,00000000
6,05841567;0,04336860;0,00000000
6,05851967;0,04336860;0,00000000
6,05862367;0,00000000;0,00000000
6,05872767;0,04336860;0,00000000
6,05883167;0,04336860;0,00000000
6,05893567;0,00000000;0,00000000
6,05903967;0,04336860;0,00000000
6,05914367;0,04336860;0,00000000
6,05924767;0,00000000;0,00000000
6,05935167;0,04336860;0,00000000
6,05945567;0,00000000;0,00000000
6,05955967;0,00000000;0,00000000
6,05966367;0,04336860;0,00000000
6,05976767;0,00000000;0,00000000
6,05987167;0,00000000;0,00000000
6,05997567;0,00000000;0,00000000
6,06007967;0,00000000;0,00000000
6,06018367;0,04336860;0,00000000
6,06028767;0,00000000;0,00000000
6,06039167;0,04336860;0,00000000
6,06049567;0,04336860;0,00000000
6,06059967;0,04336860;0,00000000
6,06070367;0,00000000;0,00000000
6,06080767;0,04336860;0,00000000
6,06091167;0,00000000;0,00000000
6,06101567;0,04336860;0,00000000
6,06111967;0,00000000;0,00000000
6,06122367;0,00000000;0,00000000
6,06132767;0,00000000;0,00000000
6,06143167;0,00000000;0,00000000
6,06153567;0,00000000;0,00000000
6,06163967;0,00000000;0,00000000
6,06174367;0,00000000;0,00000000
6,06184767;0,00000000;0,00000000
6,06195167;0,00000000;0,00000000
6,06205567;0,04336860;0,00000000
6,06215967;0,00000000;0,00000000
6,06226367;0,00000000;0,00000000
6,06236767;0,00000000;0,00000000
6,06247167;0,00000000;0,00000000
6,06257567;0,00000000;0,00000000
6,06267967;0,00000000;0,00000000
6,06278367;0,00000000;0,00000000
6,06288767;0,00000000;0,00000000
6,06299167;0,04336860;0,00000000
6,06309567;0,00000000;0,00000000
6,06319967;0,00000000;0,00000000
6,06330367;0,04336860;0,00000000
6,06340767;0,00000000;0,00000000
6,06351167;0,00000000;0,00000000
6,06361567;0,00000000;0,00000000
6,06371967;0,04336860;0,00000000
6,06382367;0,04336860;0,00000000
6,06392767;0,04336860;0,00000000
6,06403167;0,00000000;0,00000000
6,06413567;0,00000000;0,00000000
6,06423967;0,04336860;0,00000000
6,06434367;0,00000000;0,00000000
6,06444767;0,00000000;0,00000000
6,06455167;0,00000000;0,00000000
6,06465567;0,00000000;0,00000000
6,06475967;0,00000000;0,00000000
6,06486367;0,00000000;0,00000000
6,06496767;0,00000000;0,00000000
6,06507167;0,00000000;0,00000000
6,06517567;0,00000000;0,00000000
6,06527967;0,00000000;0,00000000
6,06538367;0,00000000;-0,01734744
6,06548767;0,00000000;0,00000000
6,06559167;0,04336860;0,00000000
6,06569567;0,04336860;0,00000000
6,06579967;0,00000000;-0,01734744
6,06590367;0,00000000;0,00000000
6,06600767;0,00000000;0,00000000
6,06611167;0,00000000;0,00000000
6,06621567;0,00000000;0,00000000
6,06631967;0,00000000;0,00000000
6,06642367;0,00000000;0,00000000
6,06652767;0,04336860;0,00000000
6,06663167;0,04336860;0,00000000
6,06673567;0,00000000;0,00000000
6,06683967;0,04336860;0,00000000
6,06694367;0,00000000;0,00000000
6,06704767;0,04336860;0,00000000
6,06715167;0,00000000;0,00000000
6,06725567;0,00000000;0,00000000
6,06735967;0,00000000;0,00000000
6,06746367;0,00000000;-0,01734744
6,06756767;0,00000000;0,00000000
6,06767167;0,04336860;0,00000000
6,06777567;0,00000000;0,00000000
6,06787967;0,04336860;-0,01734744
6,06798367;0,00000000;0,00000000
6,06808767;0,00000000;0,00000000
6,06819167;0,00000000;0,00000000
6,06829567;0,00000000;0,00000000
6,06839967;0,00000000;0,00000000
6,06850367;0,00000000;0,00000000
6,06860767;0,00000000;0,00000000
6,06871167;0,00000000;0,00000000
6,06881567;0,00000000;0,00000000
6,06891967;0,00000000;0,00000000
6,06902367;0,00000000;0,00000000
6,06912767;0,00000000;-0,01734744
6,06923167;0,00000000;0,00000000
6,06933567;0,00000000;0,00000000
6,06943967;0,04336860;0,00000000
6,06954367;0,00000000;0,00000000
6,06964767;0,00000000;0,00000000
6,06975167;0,00000000;0,00000000
6,06985567;0,00000000;0,00000000
6,06995967;0,04336860;0,00000000
6,07006367;0,00000000;0,00000000
6,07016767;0,00000000;0,00000000
6,07027167;0,04336860;0,00000000
6,07037567;0,00000000;0,00000000
6,07047967;0,00000000;0,00000000
6,07058367;0,00000000;0,00000000
6,07068767;0,00000000;0,00000000
6,07079167;0,00000000;0,00000000
6,07089567;0,04336860;0,00000000
6,07099967;0,00000000;0,00000000
6,07110367;0,00000000;0,00000000
6,07120767;0,00000000;0,00000000
6,07131167;0,00000000;0,00000000
6,07141567;0,04336860;0,00000000
6,07151967;0,00000000;0,00000000
6,07162367;0,00000000;0,00000000
6,07172767;0,04336860;0,00000000
6,07183167;0,00000000;0,00000000
6,07193567;0,00000000;0,00000000
6,07203967;0,00000000;0,00000000
6,07214367;0,00000000;0,00000000
6,07224767;0,00000000;0,00000000
6,07235167;0,00000000;0,00000000
6,07245567;0,00000000;0,00000000
6,07255967;0,00000000;0,00000000
6,07266367;0,00000000;0,00000000
6,07276767;0,00000000;0,00000000
6,07287167;0,00000000;0,00000000
6,07297567;0,04336860;0,00000000
6,07307967;0,04336860;0,00000000
6,07318367;0,04336860;0,00000000
6,07328767;0,00000000;0,00000000
6,07339167;0,00000000;0,00000000
6,07349567;0,04336860;0,00000000
6,07359967;0,04336860;0,00000000
6,07370367;0,00000000;0,00000000
6,07380767;0,04336860;0,00000000
6,07391167;0,00000000;0,00000000
6,07401567;0,00000000;-0,01734744
6,07411967;0,04336860;0,00000000
6,07422367;0,00000000;0,00000000
6,07432767;0,04336860;0,00000000
6,07443167;0,04336860;0,00000000
6,07453567;0,04336860;0,00000000
6,07463967;0,04336860;0,00000000
6,07474367;0,04336860;0,00000000
6,07484767;0,00000000;-0,01734744
6,07495167;0,00000000;0,00000000
6,07505567;0,00000000;0,00000000
6,07515967;0,00000000;0,00000000
6,07526367;0,00000000;0,00000000
6,07536767;0,04336860;0,00000000
6,07547167;0,00000000;0,00000000
6,07557567;0,04336860;0,00000000
6,07567967;0,00000000;0,00000000
6,07578367;0,00000000;0,00000000
6,07588767;0,04336860;0,00000000
6,07599167;0,00000000;0,00000000
6,07609567;0,04336860;0,00000000
6,07619967;0,04336860;0,00000000
6,07630367;0,04336860;0,00000000
6,07640767;0,00000000;0,00000000
6,07651167;0,04336860;0,00000000
6,07661567;0,00000000;0,00000000
6,07671967;0,00000000;0,00000000
6,07682367;0,00000000;0,00000000
6,07692767;0,00000000;0,00000000
6,07703167;0,04336860;0,00000000
6,07713567;0,00000000;0,00000000
6,07723967;0,04336860;0,00000000
6,07734367;0,00000000;0,00000000
6,07744767;0,00000000;0,00000000
6,07755167;0,00000000;0,00000000
6,07765567;0,00000000;0,00000000
6,07775967;0,00000000;0,00000000
6,07786367;0,00000000;0,00000000
6,07796767;0,00000000;0,00000000
6,07807167;0,04336860;0,00000000
6,07817567;0,00000000;0,00000000
6,07827967;0,00000000;0,00000000
6,07838367;0,00000000;0,00000000
6,07848767;0,04336860;0,00000000
6,07859167;0,00000000;-0,01734744
6,07869567;0,00000000;0,00000000
6,07879967;0,00000000;0,00000000
6,07890367;0,00000000;0,00000000
6,07900767;0,00000000;0,00000000
6,07911167;0,00000000;0,00000000
6,07921567;0,04336860;0,00000000
6,07931967;0,04336860;0,00000000
6,07942367;0,00000000;0,00000000
6,07952767;0,00000000;0,00000000
6,07963167;0,00000000;0,00000000
6,07973567;0,00000000;0,00000000
6,07983967;0,04336860;0,00000000
6,07994367;0,00000000;0,00000000
6,08004767;0,00000000;0,00000000
6,08015167;0,04336860;0,00000000
6,08025567;0,00000000;0,00000000
6,08035967;0,00000000;0,00000000
6,08046367;0,00000000;0,00000000
6,08056767;0,04336860;0,00000000
6,08067167;0,00000000;0,00000000
6,08077567;0,00000000;0,00000000
6,08087967;0,04336860;0,00000000
6,08098367;0,04336860;0,00000000
6,08108767;0,00000000;0,00000000
6,08119167;0,00000000;0,00000000
6,08129567;0,04336860;0,00000000
6,08139967;0,00000000;0,00000000
6,08150367;0,00000000;0,00000000
6,08160767;0,00000000;0,00000000
6,08171167;0,00000000;-0,01734744
6,08181567;0,04336860;0,00000000
6,08191967;0,04336860;0,00000000
6,08202367;0,04336860;0,00000000
6,08212767;0,00000000;0,00000000
6,08223167;0,00000000;0,00000000
6,08233567;0,00000000;0,00000000
6,08243967;0,00000000;0,00000000
6,08254367;0,00000000;0,00000000
6,08264767;0,04336860;0,00000000
6,08275167;0,00000000;0,00000000
6,08285567;0,00000000;0,00000000
6,08295967;0,00000000;0,00000000
6,08306367;0,00000000;0,00000000
6,08316767;0,00000000;0,00000000
6,08327167;0,00000000;0,00000000
6,08337567;0,00000000;0,00000000
6,08347967;0,00000000;0,00000000
6,08358367;0,00000000;0,00000000
6,08368767;0,00000000;0,00000000
6,08379167;0,00000000;0,00000000
6,08389567;0,00000000;0,00000000
6,08399967;0,00000000;0,00000000
6,08410367;0,00000000;0,00000000
6,08420767;0,00000000;0,00000000
6,08431167;0,04336860;0,00000000
6,08441567;0,04336860;0,00000000
6,08451967;0,00000000;0,00000000
6,08462367;0,00000000;0,00000000
6,08472767;0,00000000;0,00000000
6,08483167;0,00000000;0,00000000
6,08493567;0,00000000;0,00000000
6,08503967;0,00000000;0,00000000
6,08514367;0,04336860;0,00000000
6,08524767;0,04336860;0,00000000
6,08535167;0,00000000;0,00000000
6,08545567;0,04336860;0,00000000
6,08555967;0,04336860;0,00000000
6,08566367;0,04336860;0,00000000
6,08576767;0,00000000;0,00000000
6,08587167;0,04336860;0,00000000
6,08597567;0,04336860;0,00000000
6,08607967;0,00000000;0,00000000
6,08618367;0,00000000;0,00000000
6,08628767;0,00000000;0,00000000
6,08639167;0,00000000;0,00000000
6,08649567;0,00000000;0,00000000
6,08659967;0,00000000;0,00000000
6,08670367;0,04336860;0,00000000
6,08680767;0,00000000;0,00000000
6,08691167;0,04336860;0,00000000
6,08701567;0,00000000;0,00000000
6,08711967;0,04336860;0,00000000
6,08722367;0,00000000;0,00000000
6,08732767;0,00000000;0,00000000
6,08743167;0,00000000;0,00000000
6,08753567;0,00000000;0,00000000
6,08763967;0,00000000;0,00000000
6,08774367;0,04336860;0,00000000
6,08784767;0,00000000;0,00000000
6,08795167;0,04336860;0,00000000
6,08805567;0,00000000;0,00000000
6,08815967;0,00000000;0,00000000
6,08826367;0,04336860;0,00000000
6,08836767;0,04336860;0,00000000
6,08847167;0,00000000;0,00000000
6,08857567;0,00000000;0,00000000
6,08867967;0,00000000;0,00000000
6,08878367;0,00000000;0,00000000
6,08888767;0,00000000;0,00000000
6,08899167;0,00000000;0,00000000
6,08909567;0,04336860;0,00000000
6,08919967;0,04336860;0,00000000
6,08930367;0,00000000;0,00000000
6,08940767;0,00000000;0,00000000
6,08951167;0,04336860;0,00000000
6,08961567;0,00000000;0,00000000
6,08971967;0,00000000;0,00000000
6,08982367;0,04336860;0,00000000
6,08992767;0,00000000;0,00000000
6,09003167;0,00000000;0,00000000
6,09013567;0,00000000;0,00000000
6,09023967;0,00000000;0,00000000
6,09034367;0,00000000;0,00000000
6,09044767;0,00000000;0,00000000
6,09055167;0,00000000;0,00000000
6,09065567;0,00000000;0,00000000
6,09075967;0,00000000;0,00000000
6,09086367;0,00000000;0,00000000
6,09096767;0,00000000;0,00000000
6,09107167;0,00000000;0,00000000
6,09117567;0,00000000;0,00000000
6,09127967;0,00000000;0,00000000
6,09138367;0,00000000;0,00000000
6,09148767;0,04336860;0,00000000
6,09159167;0,00000000;0,00000000
6,09169567;0,00000000;0,00000000
6,09179967;0,00000000;0,00000000
6,09190367;0,00000000;0,00000000
6,09200767;0,00000000;0,00000000
6,09211167;0,00000000;0,00000000
6,09221567;0,04336860;0,00000000
6,09231967;0,00000000;0,00000000
6,09242367;0,00000000;0,00000000
6,09252767;0,04336860;0,00000000
6,09263167;0,00000000;0,00000000
6,09273567;0,00000000;0,00000000
6,09283967;0,00000000;0,00000000
6,09294367;0,04336860;0,00000000
6,09304767;0,00000000;0,00000000
6,09315167;0,00000000;0,00000000
6,09325567;0,00000000;0,00000000
6,09335967;0,00000000;0,00000000
6,09346367;0,00000000;0,00000000
6,09356767;0,00000000;0,00000000
6,09367167;0,00000000;0,00000000
6,09377567;0,00000000;0,00000000
6,09387967;0,00000000;0,00000000
6,09398367;0,00000000;0,00000000
6,09408767;0,04336860;0,00000000
6,09419167;0,00000000;0,00000000
6,09429567;0,00000000;0,00000000
6,09439967;0,04336860;0,00000000
6,09450367;0,00000000;0,00000000
6,09460767;0,00000000;0,00000000
6,09471167;0,00000000;0,00000000
6,09481567;0,00000000;0,00000000
6,09491967;0,04336860;0,00000000
6,09502367;0,04336860;0,00000000
6,09512767;0,04336860;0,00000000
6,09523167;0,00000000;0,00000000
6,09533567;0,00000000;0,00000000
6,09543967;0,00000000;0,00000000
6,09554367;0,00000000;0,00000000
6,09564767;0,00000000;0,00000000
6,09575167;0,00000000;0,00000000
6,09585567;0,04336860;0,00000000
6,09595967;0,00000000;0,00000000
6,09606367;0,00000000;0,00000000
6,09616767;0,00000000;0,00000000
6,09627167;0,04336860;0,00000000
6,09637567;0,04336860;-0,01734744
6,09647967;0,04336860;0,00000000
6,09658367;0,00000000;0,00000000
6,09668767;0,00000000;0,00000000
6,09679167;0,00000000;-0,01734744
6,09689567;0,00000000;0,00000000
6,09699967;0,00000000;0,00000000
6,09710367;0,00000000;0,00000000
6,09720767;0,00000000;0,00000000
6,09731167;0,00000000;0,00000000
6,09741567;0,00000000;0,00000000
6,09751967;0,00000000;0,00000000
6,09762367;0,00000000;0,00000000
6,09772767;0,00000000;0,00000000
6,09783167;0,00000000;0,00000000
6,09793567;0,00000000;0,00000000
6,09803967;0,00000000;0,00000000
6,09814367;0,04336860;0,00000000
6,09824767;0,00000000;0,00000000
6,09835167;0,00000000;0,00000000
6,09845567;0,00000000;0,00000000
6,09855967;0,04336860;0,00000000
6,09866367;0,04336860;0,00000000
6,09876767;0,00000000;0,00000000
6,09887167;0,00000000;0,00000000
6,09897567;0,04336860;0,00000000
6,09907967;0,04336860;0,00000000
6,09918367;0,00000000;0,00000000
6,09928767;0,00000000;0,00000000
6,09939167;0,00000000;0,00000000
6,09949567;0,00000000;0,00000000
6,09959967;0,00000000;0,00000000
6,09970367;0,00000000;0,00000000
6,09980767;0,00000000;0,00000000
6,09991167;0,00000000;0,00000000
6,10001567;0,00000000;0,00000000
6,10011967;0,00000000;0,00000000
6,10022367;0,04336860;0,00000000
6,10032767;0,04336860;0,00000000
6,10043167;0,00000000;0,00000000
6,10053567;0,00000000;0,00000000
6,10063967;0,00000000;0,00000000
6,10074367;0,00000000;0,00000000
6,10084767;0,04336860;0,00000000
6,10095167;0,04336860;0,00000000
6,10105567;0,00000000;0,00000000
6,10115967;0,00000000;0,00000000
6,10126367;0,00000000;0,00000000
6,10136767;0,04336860;0,00000000
6,10147167;0,00000000;0,00000000
6,10157567;0,00000000;0,00000000
6,10167967;0,04336860;0,00000000
6,10178367;0,04336860;0,00000000
6,10188767;0,00000000;0,00000000
6,10199167;0,04336860;0,00000000
6,10209567;0,00000000;0,00000000
6,10219967;0,00000000;0,00000000
6,10230367;0,00000000;0,00000000
6,10240767;0,04336860;0,00000000
6,10251167;0,00000000;0,00000000
6,10261567;0,00000000;0,00000000
6,10271967;0,04336860;0,00000000
6,10282367;0,00000000;0,00000000
6,10292767;0,00000000;0,00000000
6,10303167;0,04336860;0,00000000
6,10313567;0,00000000;0,00000000
6,10323967;0,04336860;-0,01734744
6,10334367;0,04336860;0,00000000
6,10344767;0,00000000;0,00000000
6,10355167;0,00000000;0,00000000
6,10365567;0,00000000;0,00000000
6,10375967;0,04336860;0,00000000
6,10386367;0,00000000;0,00000000
6,10396767;0,00000000;0,00000000
6,10407167;0,00000000;0,00000000
6,10417567;0,00000000;0,00000000
6,10427967;0,00000000;0,00000000
6,10438367;0,00000000;0,00000000
6,10448767;0,00000000;0,00000000
6,10459167;0,00000000;0,00000000
6,10469567;0,04336860;0,00000000
6,10479967;0,00000000;0,00000000
6,10490367;0,00000000;0,00000000
6,10500767;0,04336860;0,00000000
6,10511167;0,00000000;0,00000000
6,10521567;0,04336860;0,00000000
6,10531967;0,00000000;0,00000000
6,10542367;0,00000000;0,00000000
6,10552767;0,00000000;0,00000000
6,10563167;0,04336860;0,00000000
6,10573567;0,04336860;-0,01734744
6,10583967;0,00000000;0,00000000
6,10594367;0,00000000;0,00000000
6,10604767;0,04336860;0,00000000
6,10615167;0,00000000;-0,01734744
6,10625567;0,04336860;0,00000000
6,10635967;0,04336860;0,00000000
6,10646367;0,00000000;0,00000000
6,10656767;0,04336860;0,00000000
6,10667167;0,00000000;0,00000000
6,10677567;0,00000000;0,00000000
6,10687967;0,00000000;0,00000000
6,10698367;0,00000000;0,00000000
6,10708767;0,00000000;0,00000000
6,10719167;0,00000000;0,00000000
6,10729567;0,00000000;0,00000000
6,10739967;0,00000000;0,00000000
6,10750367;0,04336860;0,00000000
6,10760767;0,00000000;0,00000000
6,10771167;0,00000000;0,00000000
6,10781567;0,04336860;0,00000000
6,10791967;0,04336860;0,00000000
6,10802367;0,00000000;0,00000000
6,10812767;0,00000000;0,00000000
6,10823167;0,04336860;0,00000000
6,10833567;0,00000000;0,00000000
6,10843967;0,00000000;0,00000000
6,10854367;0,04336860;0,00000000
6,10864767;0,00000000;0,00000000
6,10875167;0,00000000;0,00000000
6,10885567;0,00000000;0,00000000
6,10895967;0,00000000;0,00000000
6,10906367;0,04336860;0,00000000
6,10916767;0,00000000;0,00000000
6,10927167;0,00000000;0,00000000
6,10937567;0,04336860;0,00000000
6,10947967;0,00000000;0,00000000
6,10958367;0,00000000;0,00000000
6,10968767;0,00000000;0,00000000
6,10979167;0,04336860;0,00000000
6,10989567;0,00000000;0,00000000
6,10999967;0,00000000;0,00000000
6,11010367;0,04336860;0,00000000
6,11020767;0,04336860;0,00000000
6,11031167;0,00000000;0,00000000
6,11041567;0,00000000;0,00000000
6,11051967;0,00000000;0,00000000
6,11062367;0,00000000;0,00000000
6,11072767;0,04336860;0,00000000
6,11083167;0,00000000;0,00000000
6,11093567;0,00000000;0,00000000
6,11103967;0,00000000;0,00000000
6,11114367;0,04336860;0,00000000
6,11124767;0,00000000;0,00000000
6,11135167;0,00000000;0,00000000
6,11145567;0,00000000;0,00000000
6,11155967;0,00000000;0,00000000
6,11166367;0,00000000;0,00000000
6,11176767;0,04336860;0,00000000
6,11187167;0,04336860;0,00000000
6,11197567;0,00000000;0,00000000
6,11207967;0,00000000;0,00000000
6,11218367;0,00000000;0,00000000
6,11228767;0,00000000;0,00000000
6,11239167;0,00000000;0,00000000
6,11249567;0,00000000;0,00000000
6,11259967;0,04336860;0,00000000
6,11270367;0,04336860;0,00000000
6,11280767;0,00000000;0,00000000
6,11291167;0,00000000;0,00000000
6,11301567;0,00000000;0,00000000
6,11311967;0,00000000;0,00000000
6,11322367;0,00000000;0,00000000
6,11332767;0,00000000;-0,01734744
6,11343167;0,04336860;0,00000000
6,11353567;0,00000000;0,00000000
6,11363967;0,00000000;0,00000000
6,11374367;0,00000000;0,00000000
6,11384767;0,00000000;0,00000000
6,11395167;0,00000000;0,00000000
6,11405567;0,00000000;0,00000000
6,11415967;0,04336860;0,00000000
6,11426367;0,00000000;0,00000000
6,11436767;0,04336860;0,00000000
6,11447167;0,00000000;0,00000000
6,11457567;0,04336860;0,00000000
6,11467967;0,04336860;0,00000000
6,11478367;0,00000000;0,00000000
6,11488767;0,00000000;0,00000000
6,11499167;0,04336860;0,00000000
6,11509567;0,00000000;0,00000000
6,11519967;0,00000000;0,00000000
6,11530367;0,00000000;0,00000000
6,11540767;0,00000000;0,00000000
6,11551167;0,00000000;0,00000000
6,11561567;0,00000000;0,00000000
6,11571967;0,00000000;0,00000000
6,11582367;0,00000000;0,00000000
6,11592767;0,00000000;0,00000000
6,11603167;0,04336860;0,00000000
6,11613567;0,00000000;0,00000000
6,11623967;0,00000000;0,00000000
6,11634367;0,04336860;0,00000000
6,11644767;0,00000000;0,00000000
6,11655167;0,04336860;0,00000000
6,11665567;0,04336860;0,00000000
6,11675967;0,00000000;0,00000000
6,11686367;0,00000000;0,00000000
6,11696767;0,04336860;0,00000000
6,11707167;0,00000000;0,00000000
6,11717567;0,00000000;0,00000000
6,11727967;0,00000000;0,00000000
6,11738367;0,00000000;0,00000000
6,11748767;0,00000000;0,00000000
6,11759167;0,04336860;0,00000000
6,11769567;0,00000000;0,00000000
6,11779967;0,00000000;0,00000000
6,11790367;0,04336860;0,00000000
6,11800767;0,00000000;0,00000000
6,11811167;0,00000000;0,00000000
6,11821567;0,04336860;0,00000000
6,11831967;0,04336860;0,00000000
6,11842367;0,00000000;0,00000000
6,11852767;0,00000000;0,00000000
6,11863167;0,00000000;0,00000000
6,11873567;0,00000000;0,00000000
6,11883967;0,00000000;0,00000000
6,11894367;0,00000000;0,00000000
6,11904767;0,04336860;0,00000000
6,11915167;0,00000000;0,00000000
6,11925567;0,00000000;0,00000000
6,11935967;0,00000000;0,00000000
6,11946367;0,00000000;0,00000000
6,11956767;0,04336860;0,00000000
6,11967167;0,00000000;0,00000000
6,11977567;0,00000000;0,00000000
6,11987967;0,00000000;0,00000000
6,11998367;0,04336860;0,00000000
6,12008767;0,04336860;0,00000000
6,12019167;0,00000000;0,00000000
6,12029567;0,04336860;0,00000000
6,12039967;0,00000000;0,00000000
6,12050367;0,00000000;-0,01734744
6,12060767;0,00000000;0,00000000
6,12071167;0,00000000;0,00000000
6,12081567;0,00000000;0,00000000
6,12091967;0,04336860;0,00000000
6,12102367;0,00000000;0,00000000
6,12112767;0,00000000;0,00000000
6,12123167;0,00000000;0,00000000
6,12133567;0,00000000;0,00000000
6,12143967;0,00000000;0,00000000
6,12154367;0,04336860;0,00000000
6,12164767;0,00000000;0,00000000
6,12175167;0,00000000;0,00000000
6,12185567;0,00000000;0,00000000
6,12195967;0,04336860;0,00000000
6,12206367;0,00000000;0,00000000
6,12216767;0,00000000;0,00000000
6,12227167;0,00000000;0,00000000
6,12237567;0,00000000;0,00000000
6,12247967;0,04336860;0,00000000
6,12258367;0,04336860;0,00000000
6,12268767;0,04336860;0,00000000
6,12279167;0,00000000;0,00000000
6,12289567;0,00000000;0,00000000
6,12299967;0,00000000;0,00000000
6,12310367;0,00000000;0,00000000
6,12320767;0,00000000;0,00000000
6,12331167;0,00000000;0,00000000
6,12341567;0,00000000;0,00000000
6,12351967;0,04336860;0,00000000
6,12362367;0,00000000;0,00000000
6,12372767;0,00000000;0,00000000
6,12383167;0,04336860;0,00000000
6,12393567;0,00000000;0,00000000
6,12403967;0,00000000;0,00000000
6,12414367;0,00000000;0,00000000
6,12424767;0,00000000;0,00000000
6,12435167;0,04336860;0,00000000
6,12445567;0,00000000;0,00000000
6,12455967;0,00000000;0,00000000
6,12466367;0,00000000;0,00000000
6,12476767;0,04336860;0,00000000
6,12487167;0,00000000;0,00000000
6,12497567;0,04336860;0,00000000
6,12507967;0,04336860;0,00000000
6,12518367;0,00000000;0,00000000
6,12528767;0,04336860;0,00000000
6,12539167;0,04336860;0,00000000
6,12549567;0,00000000;0,00000000
6,12559967;0,04336860;0,00000000
6,12570367;0,00000000;0,00000000
6,12580767;0,00000000;0,00000000
6,12591167;0,00000000;0,00000000
6,12601567;0,00000000;0,00000000
6,12611967;0,00000000;0,00000000
6,12622367;0,04336860;0,00000000
6,12632767;0,04336860;0,00000000
6,12643167;0,00000000;0,00000000
6,12653567;0,00000000;0,00000000
6,12663967;0,00000000;0,00000000
6,12674367;0,04336860;0,00000000
6,12684767;0,00000000;0,00000000
6,12695167;0,04336860;0,00000000
6,12705567;0,00000000;0,00000000
6,12715967;0,00000000;0,00000000
6,12726367;0,00000000;0,00000000
6,12736767;0,00000000;0,00000000
6,12747167;0,00000000;0,00000000
6,12757567;0,04336860;0,00000000
6,12767967;0,00000000;0,00000000
6,12778367;0,04336860;0,00000000
6,12788767;0,00000000;0,00000000
6,12799167;0,04336860;0,00000000
6,12809567;0,00000000;0,00000000
6,12819967;0,00000000;0,00000000
6,12830367;0,00000000;0,00000000
6,12840767;0,04336860;-0,01734744
6,12851167;0,04336860;0,00000000
6,12861567;0,00000000;0,00000000
6,12871967;0,00000000;0,00000000
6,12882367;0,00000000;0,00000000
6,12892767;0,00000000;0,00000000
6,12903167;0,00000000;0,00000000
6,12913567;0,04336860;0,00000000
6,12923967;0,04336860;0,00000000
6,12934367;0,00000000;0,00000000
6,12944767;0,04336860;0,00000000
6,12955167;0,00000000;0,00000000
6,12965567;0,04336860;0,00000000
6,12975967;0,04336860;0,00000000
6,12986367;0,00000000;0,00000000
6,12996767;0,00000000;0,00000000
6,13007167;0,00000000;0,00000000
6,13017567;0,00000000;0,00000000
6,13027967;0,00000000;0,00000000
6,13038367;0,00000000;0,00000000
6,13048767;0,00000000;0,00000000
6,13059167;0,00000000;0,00000000
6,13069567;0,04336860;0,00000000
6,13079967;0,00000000;0,00000000
6,13090367;0,00000000;0,00000000
6,13100767;0,00000000;0,00000000
6,13111167;0,00000000;0,00000000
6,13121567;0,00000000;0,00000000
6,13131967;0,00000000;0,00000000
6,13142367;0,04336860;0,00000000
6,13152767;0,00000000;0,00000000
6,13163167;0,00000000;0,00000000
6,13173567;0,00000000;0,00000000
6,13183967;0,00000000;0,00000000
6,13194367;0,00000000;0,00000000
6,13204767;0,00000000;0,00000000
6,13215167;0,00000000;-0,01734744
6,13225567;0,00000000;0,00000000
6,13235967;0,00000000;0,00000000
6,13246367;0,00000000;0,00000000
6,13256767;0,00000000;0,00000000
6,13267167;0,00000000;-0,01734744
6,13277567;0,00000000;0,00000000
6,13287967;0,04336860;0,00000000
6,13298367;0,04336860;-0,01734744
6,13308767;0,04336860;0,00000000
6,13319167;0,00000000;-0,01734744
6,13329567;0,04336860;0,00000000
6,13339967;0,00000000;0,00000000
6,13350367;0,00000000;0,00000000
6,13360767;0,00000000;0,00000000
6,13371167;0,04336860;0,00000000
6,13381567;0,00000000;0,00000000
6,13391967;0,00000000;0,00000000
6,13402367;0,00000000;0,00000000
6,13412767;0,00000000;0,00000000
6,13423167;0,00000000;0,00000000
6,13433567;0,04336860;0,00000000
6,13443967;0,00000000;0,00000000
6,13454367;0,04336860;0,00000000
6,13464767;0,00000000;0,00000000
6,13475167;0,04336860;0,00000000
6,13485567;0,00000000;0,00000000
6,13495967;0,00000000;0,00000000
6,13506367;0,00000000;0,00000000
6,13516767;0,00000000;0,00000000
6,13527167;0,04336860;0,00000000
6,13537567;0,04336860;0,00000000
6,13547967;0,00000000;0,00000000
6,13558367;0,00000000;0,00000000
6,13568767;0,00000000;0,00000000
6,13579167;0,04336860;0,00000000
6,13589567;0,00000000;0,00000000
6,13599967;0,00000000;0,00000000
6,13610367;0,00000000;0,00000000
6,13620767;0,00000000;0,00000000
6,13631167;0,00000000;0,00000000
6,13641567;0,00000000;0,00000000
6,13651967;0,00000000;0,00000000
6,13662367;0,00000000;0,00000000
6,13672767;0,00000000;0,00000000
6,13683167;0,04336860;0,00000000
6,13693567;0,00000000;0,00000000
6,13703967;0,00000000;0,00000000
6,13714367;0,00000000;0,00000000
6,13724767;0,00000000;0,00000000
6,13735167;0,04336860;0,00000000
6,13745567;0,00000000;0,00000000
6,13755967;0,00000000;0,00000000
6,13766367;0,00000000;0,00000000
6,13776767;0,00000000;0,00000000
6,13787167;0,04336860;0,00000000
6,13797567;0,00000000;0,00000000
6,13807967;0,00000000;0,00000000
6,13818367;0,04336860;0,00000000
6,13828767;0,00000000;0,00000000
6,13839167;0,00000000;0,00000000
6,13849567;0,00000000;0,00000000
6,13859967;0,04336860;-0,01734744
6,13870367;0,00000000;0,00000000
6,13880767;0,00000000;0,00000000
6,13891167;0,00000000;0,00000000
6,13901567;0,00000000;0,00000000
6,13911967;0,00000000;0,00000000
6,13922367;0,00000000;0,00000000
6,13932767;0,00000000;0,00000000
6,13943167;0,00000000;0,00000000
6,13953567;0,00000000;0,00000000
6,13963967;0,00000000;0,00000000
6,13974367;0,00000000;0,00000000
6,13984767;0,00000000;-0,01734744
6,13995167;0,00000000;0,00000000
6,14005567;0,04336860;0,00000000
6,14015967;0,00000000;0,00000000
6,14026367;0,00000000;0,00000000
6,14036767;0,00000000;0,00000000
6,14047167;0,00000000;0,00000000
6,14057567;0,04336860;0,00000000
6,14067967;0,00000000;0,00000000
6,14078367;0,00000000;0,00000000
6,14088767;0,00000000;0,00000000
6,14099167;0,00000000;0,00000000
6,14109567;0,00000000;0,00000000
6,14119967;0,00000000;0,00000000
6,14130367;0,00000000;0,00000000
6,14140767;0,00000000;0,00000000
6,14151167;0,00000000;0,00000000
6,14161567;0,00000000;0,00000000
6,14171967;0,00000000;0,00000000
6,14182367;0,00000000;0,00000000
6,14192767;0,00000000;0,00000000
6,14203167;0,00000000;0,00000000
6,14213567;0,00000000;0,00000000
6,14223967;0,00000000;0,00000000
6,14234367;0,00000000;0,00000000
6,14244767;0,00000000;0,00000000
6,14255167;0,00000000;0,00000000
6,14265567;0,04336860;0,00000000
6,14275967;0,04336860;0,00000000
6,14286367;0,04336860;0,00000000
6,14296767;0,04336860;0,00000000
6,14307167;0,00000000;0,00000000
6,14317567;0,00000000;0,00000000
6,14327967;0,04336860;0,00000000
6,14338367;0,00000000;0,00000000
6,14348767;0,00000000;0,00000000
6,14359167;0,00000000;0,00000000
6,14369567;0,00000000;0,00000000
6,14379967;0,00000000;0,00000000
6,14390367;0,00000000;0,00000000
6,14400767;0,00000000;0,00000000
6,14411167;0,04336860;0,00000000
6,14421567;0,00000000;0,00000000
6,14431967;0,00000000;0,00000000
6,14442367;0,00000000;0,00000000
6,14452767;0,04336860;0,00000000
6,14463167;0,00000000;0,00000000
6,14473567;0,00000000;0,00000000
6,14483967;0,00000000;0,00000000
6,14494367;0,04336860;0,00000000
6,14504767;0,00000000;0,00000000
6,14515167;0,00000000;0,00000000
6,14525567;0,00000000;0,00000000
6,14535967;0,00000000;0,00000000
6,14546367;0,00000000;0,00000000
6,14556767;0,04336860;0,00000000
6,14567167;0,00000000;0,00000000
6,14577567;0,00000000;0,00000000
6,14587967;0,04336860;0,00000000
6,14598367;0,04336860;0,00000000
6,14608767;0,00000000;0,00000000
6,14619167;0,04336860;0,00000000
6,14629567;0,00000000;0,00000000
6,14639967;0,04336860;-0,01734744
6,14650367;0,00000000;0,00000000
6,14660767;0,04336860;0,00000000
6,14671167;0,00000000;0,00000000
6,14681567;0,04336860;0,00000000
6,14691967;0,04336860;0,00000000
6,14702367;0,04336860;0,00000000
6,14712767;0,00000000;0,00000000
6,14723167;0,00000000;0,00000000
6,14733567;0,04336860;0,00000000
6,14743967;0,00000000;0,00000000
6,14754367;0,00000000;0,00000000
6,14764767;0,00000000;0,00000000
6,14775167;0,00000000;0,00000000
6,14785567;0,00000000;0,00000000
6,14795967;0,04336860;0,00000000
6,14806367;0,04336860;0,00000000
6,14816767;0,04336860;-0,01734744
6,14827167;0,04336860;0,00000000
6,14837567;0,04336860;0,00000000
6,14847967;0,00000000;0,00000000
6,14858367;0,04336860;0,00000000
6,14868767;0,00000000;0,00000000
6,14879167;0,00000000;0,00000000
6,14889567;0,04336860;0,00000000
6,14899967;0,00000000;0,00000000
6,14910367;0,00000000;0,00000000
6,14920767;0,00000000;0,00000000
6,14931167;0,00000000;0,00000000
6,14941567;0,00000000;0,00000000
6,14951967;0,00000000;0,00000000
6,14962367;0,04336860;0,00000000
6,14972767;0,00000000;0,00000000
6,14983167;0,00000000;0,00000000
6,14993567;0,00000000;0,00000000
6,15003967;0,00000000;0,00000000
6,15014367;0,00000000;0,00000000
6,15024767;0,00000000;0,00000000
6,15035167;0,00000000;0,00000000
6,15045567;0,04336860;0,00000000
6,15055967;0,04336860;0,00000000
6,15066367;0,00000000;0,00000000
6,15076767;0,00000000;0,00000000
6,15087167;0,00000000;0,00000000
6,15097567;0,00000000;0,00000000
6,15107967;0,00000000;0,00000000
6,15118367;0,04336860;0,00000000
6,15128767;0,00000000;0,00000000
6,15139167;0,00000000;0,00000000
6,15149567;0,00000000;0,00000000
6,15159967;0,00000000;0,00000000
6,15170367;0,04336860;0,00000000
6,15180767;0,00000000;0,00000000
6,15191167;0,00000000;0,00000000
6,15201567;0,00000000;0,00000000
6,15211967;0,04336860;0,00000000
6,15222367;0,00000000;0,00000000
6,15232767;0,00000000;-0,01734744
6,15243167;0,00000000;0,00000000
6,15253567;0,04336860;0,00000000
6,15263967;0,00000000;0,00000000
6,15274367;0,00000000;0,00000000
6,15284767;0,00000000;0,00000000
6,15295167;0,00000000;0,00000000
6,15305567;0,04336860;0,00000000
6,15315967;0,04336860;0,00000000
6,15326367;0,04336860;0,00000000
6,15336767;0,00000000;0,00000000
6,15347167;0,00000000;0,00000000
6,15357567;0,00000000;0,00000000
6,15367967;0,04336860;0,00000000
6,15378367;0,00000000;0,00000000
6,15388767;0,00000000;0,00000000
6,15399167;0,00000000;0,00000000
6,15409567;0,00000000;0,00000000
6,15419967;0,00000000;0,00000000
6,15430367;0,04336860;0,00000000
6,15440767;0,00000000;0,00000000
6,15451167;0,00000000;0,00000000
6,15461567;0,00000000;0,00000000
6,15471967;0,00000000;0,00000000
6,15482367;0,00000000;0,00000000
6,15492767;0,00000000;0,00000000
6,15503167;0,00000000;0,00000000
6,15513567;0,04336860;0,00000000
6,15523967;0,00000000;0,00000000
6,15534367;0,04336860;0,00000000
6,15544767;0,00000000;0,00000000
6,15555167;0,04336860;0,00000000
6,15565567;0,00000000;0,00000000
6,15575967;0,00000000;0,00000000
6,15586367;0,04336860;0,00000000
6,15596767;0,00000000;0,00000000
6,15607167;0,04336860;0,00000000
6,15617567;0,00000000;0,00000000
6,15627967;0,00000000;0,00000000
6,15638367;0,00000000;0,00000000
6,15648767;0,00000000;0,00000000
6,15659167;0,04336860;0,00000000
6,15669567;0,00000000;0,00000000
6,15679967;0,00000000;0,00000000
6,15690367;0,00000000;0,00000000
6,15700767;0,00000000;0,00000000
6,15711167;0,00000000;0,00000000
6,15721567;0,04336860;0,00000000
6,15731967;0,00000000;0,00000000
6,15742367;0,04336860;0,00000000
6,15752767;0,00000000;0,00000000
6,15763167;0,00000000;0,00000000
6,15773567;0,00000000;-0,01734744
6,15783967;0,04336860;0,00000000
6,15794367;0,00000000;0,00000000
6,15804767;0,00000000;0,00000000
6,15815167;0,04336860;-0,01734744
6,15825567;0,00000000;0,00000000
6,15835967;0,00000000;0,00000000
6,15846367;0,00000000;0,00000000
6,15856767;0,04336860;0,00000000
6,15867167;0,00000000;0,00000000
6,15877567;0,00000000;0,00000000
6,15887967;0,00000000;0,00000000
6,15898367;0,00000000;0,00000000
6,15908767;0,04336860;0,00000000
6,15919167;0,00000000;0,00000000
6,15929567;0,00000000;0,00000000
6,15939967;0,00000000;0,00000000
6,15950367;0,00000000;0,00000000
6,15960767;0,04336860;-0,01734744
6,15971167;0,04336860;0,00000000
6,15981567;0,00000000;0,00000000
6,15991967;0,04336860;0,00000000
6,16002367;0,00000000;0,00000000
6,16012767;0,00000000;0,00000000
6,16023167;0,00000000;0,00000000
6,16033567;0,00000000;0,00000000
6,16043967;0,00000000;0,00000000
6,16054367;0,00000000;0,00000000
6,16064767;0,00000000;0,00000000
6,16075167;0,00000000;0,00000000
6,16085567;0,00000000;0,00000000
6,16095967;0,00000000;0,00000000
6,16106367;0,00000000;0,00000000
6,16116767;0,04336860;0,00000000
6,16127167;0,00000000;0,00000000
6,16137567;0,00000000;0,00000000
6,16147967;0,00000000;0,00000000
6,16158367;0,00000000;0,00000000
6,16168767;0,04336860;0,00000000
6,16179167;0,00000000;0,00000000
6,16189567;0,00000000;0,00000000
6,16199967;0,00000000;0,00000000
6,16210367;0,00000000;0,00000000
6,16220767;0,00000000;0,00000000
6,16231167;0,00000000;0,00000000
6,16241567;0,00000000;0,00000000
6,16251967;0,04336860;0,00000000
6,16262367;0,00000000;0,00000000
6,16272767;0,00000000;0,00000000
6,16283167;0,00000000;0,00000000
6,16293567;0,00000000;0,00000000
6,16303967;0,04336860;0,00000000
6,16314367;0,00000000;0,00000000
6,16324767;0,00000000;0,00000000
6,16335167;0,04336860;0,00000000
6,16345567;0,04336860;0,00000000
6,16355967;0,00000000;0,00000000
6,16366367;0,04336860;0,00000000
6,16376767;0,00000000;0,00000000
6,16387167;0,00000000;0,00000000
6,16397567;0,00000000;-0,01734744
6,16407967;0,00000000;0,00000000
6,16418367;0,00000000;0,00000000
6,16428767;0,04336860;0,00000000
6,16439167;0,04336860;0,00000000
6,16449567;0,00000000;0,00000000
6,16459967;0,04336860;0,00000000
6,16470367;0,04336860;0,00000000
6,16480767;0,04336860;0,00000000
6,16491167;0,00000000;0,00000000
6,16501567;0,00000000;0,00000000
6,16511967;0,00000000;0,00000000
6,16522367;0,00000000;0,00000000
6,16532767;0,00000000;0,00000000
6,16543167;0,00000000;0,00000000
6,16553567;0,00000000;0,00000000
6,16563967;0,00000000;0,00000000
6,16574367;0,00000000;0,00000000
6,16584767;0,04336860;0,00000000
6,16595167;0,00000000;0,00000000
6,16605567;0,00000000;0,00000000
6,16615967;0,00000000;0,00000000
6,16626367;0,00000000;0,00000000
6,16636767;0,00000000;0,00000000
6,16647167;0,00000000;0,00000000
6,16657567;0,04336860;0,00000000
6,16667967;0,00000000;0,00000000
6,16678367;0,04336860;0,00000000
6,16688767;0,04336860;0,00000000
6,16699167;0,00000000;0,00000000
6,16709567;0,04336860;0,00000000
6,16719967;0,00000000;0,00000000
6,16730367;0,00000000;0,00000000
6,16740767;0,00000000;0,00000000
6,16751167;0,00000000;0,00000000
6,16761567;0,00000000;0,00000000
6,16771967;0,00000000;0,00000000
6,16782367;0,04336860;0,00000000
6,16792767;0,04336860;0,00000000
6,16803167;0,00000000;0,00000000
6,16813567;0,00000000;0,00000000
6,16823967;0,00000000;0,00000000
6,16834367;0,00000000;0,00000000
6,16844767;0,00000000;0,00000000
6,16855167;0,00000000;0,00000000
6,16865567;0,00000000;0,00000000
6,16875967;0,00000000;0,00000000
6,16886367;0,04336860;0,00000000
6,16896767;0,00000000;0,00000000
6,16907167;0,00000000;0,00000000
6,16917567;0,00000000;0,00000000
6,16927967;0,00000000;0,00000000
6,16938367;0,04336860;0,00000000
6,16948767;0,00000000;0,00000000
6,16959167;0,00000000;0,00000000
6,16969567;0,00000000;0,00000000
6,16979967;0,00000000;0,00000000
6,16990367;0,00000000;0,00000000
6,17000767;0,00000000;0,00000000
6,17011167;0,00000000;0,00000000
6,17021567;0,00000000;0,00000000
6,17031967;0,04336860;0,00000000
6,17042367;0,00000000;0,00000000
6,17052767;0,04336860;0,00000000
6,17063167;0,00000000;0,00000000
6,17073567;0,00000000;0,00000000
6,17083967;0,00000000;0,00000000
6,17094367;0,04336860;0,00000000
6,17104767;0,00000000;0,00000000
6,17115167;0,00000000;0,00000000
6,17125567;0,00000000;0,00000000
6,17135967;0,04336860;0,00000000
6,17146367;0,00000000;0,00000000
6,17156767;0,00000000;0,00000000
6,17167167;0,00000000;0,00000000
6,17177567;0,00000000;0,00000000
6,17187967;0,00000000;0,00000000
6,17198367;0,00000000;0,00000000
6,17208767;0,00000000;0,00000000
6,17219167;0,00000000;0,00000000
6,17229567;0,00000000;0,00000000
6,17239967;0,04336860;0,00000000
6,17250367;0,00000000;0,00000000
6,17260767;0,00000000;0,00000000
6,17271167;0,00000000;-0,01734744
6,17281567;0,00000000;0,00000000
6,17291967;0,00000000;0,00000000
6,17302367;0,04336860;0,00000000
6,17312767;0,00000000;0,00000000
6,17323167;0,00000000;0,00000000
6,17333567;0,04336860;0,00000000
6,17343967;0,00000000;0,00000000
6,17354367;0,00000000;0,00000000
6,17364767;0,00000000;0,00000000
6,17375167;0,00000000;0,00000000
6,17385567;0,00000000;0,00000000
6,17395967;0,04336860;0,00000000
6,17406367;0,00000000;0,00000000
6,17416767;0,00000000;0,00000000
6,17427167;0,00000000;0,00000000
6,17437567;0,00000000;0,00000000
6,17447967;0,00000000;0,00000000
6,17458367;0,00000000;0,00000000
6,17468767;0,00000000;0,00000000
6,17479167;0,00000000;0,00000000
6,17489567;0,04336860;0,00000000
6,17499967;0,04336860;0,00000000
6,17510367;0,04336860;0,00000000
6,17520767;0,00000000;0,00000000
6,17531167;0,00000000;0,00000000
6,17541567;0,04336860;0,00000000
6,17551967;0,00000000;0,00000000
6,17562367;0,00000000;0,00000000
6,17572767;0,00000000;0,00000000
6,17583167;0,00000000;0,00000000
6,17593567;0,00000000;0,00000000
6,17603967;0,00000000;0,00000000
6,17614367;0,00000000;0,00000000
6,17624767;0,04336860;0,00000000
6,17635167;0,00000000;0,00000000
6,17645567;0,04336860;0,00000000
6,17655967;0,04336860;0,00000000
6,17666367;0,04336860;0,00000000
6,17676767;0,00000000;0,00000000
6,17687167;0,00000000;0,00000000
6,17697567;0,00000000;0,00000000
6,17707967;0,04336860;0,00000000
6,17718367;0,00000000;0,00000000
6,17728767;0,00000000;0,00000000
6,17739167;0,00000000;0,00000000
6,17749567;0,00000000;0,00000000
6,17759967;0,00000000;0,00000000
6,17770367;0,00000000;0,00000000
6,17780767;0,00000000;0,00000000
6,17791167;0,00000000;0,00000000
6,17801567;0,00000000;0,00000000
6,17811967;0,04336860;0,00000000
6,17822367;0,04336860;0,00000000
6,17832767;0,00000000;0,00000000
6,17843167;0,04336860;0,00000000
6,17853567;0,00000000;0,00000000
6,17863967;0,00000000;0,00000000
6,17874367;0,00000000;0,00000000
6,17884767;0,00000000;0,00000000
6,17895167;0,00000000;0,00000000
6,17905567;0,00000000;0,00000000
6,17915967;0,00000000;0,00000000
6,17926367;0,00000000;0,00000000
6,17936767;0,04336860;0,00000000
6,17947167;0,00000000;0,00000000
6,17957567;0,00000000;0,00000000
6,17967967;0,00000000;0,00000000
6,17978367;0,00000000;0,00000000
6,17988767;0,00000000;0,00000000
6,17999167;0,00000000;0,00000000
6,18009567;0,00000000;0,00000000
6,18019967;0,04336860;0,00000000
6,18030367;0,04336860;0,00000000
6,18040767;0,00000000;0,00000000
6,18051167;0,00000000;0,00000000
6,18061567;0,00000000;0,00000000
6,18071967;0,00000000;0,00000000
6,18082367;0,00000000;0,00000000
6,18092767;0,04336860;0,00000000
6,18103167;0,00000000;0,00000000
6,18113567;0,00000000;0,00000000
6,18123967;0,00000000;0,00000000
6,18134367;0,00000000;0,00000000
6,18144767;0,00000000;0,00000000
6,18155167;0,00000000;0,00000000
6,18165567;0,00000000;-0,01734744
6,18175967;0,00000000;0,00000000
6,18186367;0,00000000;0,00000000
6,18196767;0,04336860;0,00000000
6,18207167;0,00000000;0,00000000
6,18217567;0,00000000;0,00000000
6,18227967;0,00000000;0,00000000
6,18238367;0,00000000;0,00000000
6,18248767;0,00000000;0,00000000
6,18259167;0,04336860;0,00000000
6,18269567;0,00000000;0,00000000
6,18279967;0,00000000;0,00000000
6,18290367;0,00000000;0,00000000
6,18300767;0,00000000;0,00000000
6,18311167;0,00000000;0,00000000
6,18321567;0,00000000;0,00000000
6,18331967;0,00000000;0,00000000
6,18342367;0,00000000;0,00000000
6,18352767;0,00000000;0,00000000
6,18363167;0,00000000;0,00000000
6,18373567;0,00000000;0,00000000
6,18383967;0,00000000;0,00000000
6,18394367;0,04336860;0,00000000
6,18404767;0,04336860;-0,01734744
6,18415167;0,00000000;0,00000000
6,18425567;0,00000000;0,00000000
6,18435967;0,00000000;0,00000000
6,18446367;0,00000000;0,00000000
6,18456767;0,04336860;0,00000000
6,18467167;0,00000000;0,00000000
6,18477567;0,04336860;0,00000000
6,18487967;0,00000000;0,00000000
6,18498367;0,00000000;0,00000000
6,18508767;0,04336860;0,00000000
6,18519167;0,00000000;0,00000000
6,18529567;0,00000000;0,00000000
6,18539967;0,00000000;0,00000000
6,18550367;0,04336860;0,00000000
6,18560767;0,04336860;-0,01734744
6,18571167;0,00000000;0,00000000
6,18581567;0,00000000;0,00000000
6,18591967;0,00000000;0,00000000
6,18602367;0,00000000;0,00000000
6,18612767;0,00000000;0,00000000
6,18623167;0,00000000;0,00000000
6,18633567;0,00000000;0,00000000
6,18643967;0,00000000;0,00000000
6,18654367;0,04336860;0,00000000
6,18664767;0,00000000;0,00000000
6,18675167;0,00000000;0,00000000
6,18685567;0,00000000;0,00000000
6,18695967;0,00000000;0,00000000
6,18706367;0,00000000;0,00000000
6,18716767;0,00000000;0,00000000
6,18727167;0,00000000;0,00000000
6,18737567;0,00000000;0,00000000
6,18747967;0,00000000;0,00000000
6,18758367;0,00000000;0,00000000
6,18768767;0,00000000;0,00000000
6,18779167;0,00000000;0,00000000
6,18789567;0,00000000;0,00000000
6,18799967;0,00000000;0,00000000
6,18810367;0,00000000;0,00000000
6,18820767;0,04336860;0,00000000
6,18831167;0,00000000;0,00000000
6,18841567;0,04336860;0,00000000
6,18851967;0,04336860;0,00000000
6,18862367;0,00000000;0,00000000
6,18872767;0,00000000;0,00000000
6,18883167;0,00000000;0,00000000
6,18893567;0,04336860;0,00000000
6,18903967;0,04336860;0,00000000
6,18914367;0,04336860;0,00000000
6,18924767;0,00000000;0,00000000
6,18935167;0,04336860;0,00000000
6,18945567;0,04336860;0,00000000
6,18955967;0,04336860;0,00000000
6,18966367;0,00000000;0,00000000
6,18976767;0,04336860;0,00000000
6,18987167;0,00000000;0,00000000
6,18997567;0,00000000;0,00000000
6,19007967;0,00000000;0,00000000
6,19018367;0,04336860;0,00000000
6,19028767;0,00000000;0,00000000
6,19039167;0,04336860;0,00000000
6,19049567;0,00000000;0,00000000
6,19059967;0,00000000;0,00000000
6,19070367;0,04336860;0,00000000
6,19080767;0,00000000;0,00000000
6,19091167;0,00000000;0,00000000
6,19101567;0,00000000;0,00000000
6,19111967;0,00000000;-0,01734744
6,19122367;0,04336860;0,00000000
6,19132767;0,00000000;0,00000000
6,19143167;0,00000000;0,00000000
6,19153567;0,00000000;0,00000000
6,19163967;0,04336860;0,00000000
6,19174367;0,04336860;0,00000000
6,19184767;0,00000000;0,00000000
6,19195167;0,04336860;0,00000000
6,19205567;0,00000000;0,00000000
6,19215967;0,00000000;0,00000000
6,19226367;0,00000000;0,00000000
6,19236767;0,04336860;0,00000000
6,19247167;0,00000000;0,00000000
6,19257567;0,04336860;0,00000000
6,19267967;0,04336860;0,00000000
6,19278367;0,00000000;0,00000000
6,19288767;0,00000000;0,00000000
6,19299167;0,00000000;0,00000000
6,19309567;0,04336860;0,00000000
6,19319967;0,04336860;0,00000000
6,19330367;0,00000000;0,00000000
6,19340767;0,00000000;0,00000000
6,19351167;0,00000000;0,00000000
6,19361567;0,04336860;0,00000000
6,19371967;0,04336860;0,00000000
6,19382367;0,00000000;0,00000000
6,19392767;0,04336860;0,00000000
6,19403167;0,04336860;0,00000000
6,19413567;0,04336860;-0,01734744
6,19423967;0,00000000;0,00000000
6,19434367;0,00000000;0,00000000
6,19444767;0,00000000;0,00000000
6,19455167;0,00000000;0,00000000
6,19465567;0,00000000;0,00000000
6,19475967;0,00000000;0,00000000
6,19486367;0,00000000;0,00000000
6,19496767;0,00000000;0,00000000
6,19507167;0,04336860;0,00000000
6,19517567;0,00000000;0,00000000
6,19527967;0,00000000;0,00000000
6,19538367;0,00000000;0,00000000
6,19548767;0,00000000;0,00000000
6,19559167;0,04336860;0,00000000
6,19569567;0,04336860;0,00000000
6,19579967;0,00000000;0,00000000
6,19590367;0,00000000;0,00000000
6,19600767;0,00000000;0,00000000
6,19611167;0,00000000;0,00000000
6,19621567;0,00000000;0,00000000
6,19631967;0,00000000;0,00000000
6,19642367;0,00000000;-0,01734744
6,19652767;0,04336860;0,00000000
6,19663167;0,00000000;0,00000000
6,19673567;0,00000000;0,00000000
6,19683967;0,00000000;0,00000000
6,19694367;0,00000000;0,00000000
6,19704767;0,00000000;0,00000000
6,19715167;0,00000000;0,00000000
6,19725567;0,00000000;0,00000000
6,19735967;0,04336860;0,00000000
6,19746367;0,00000000;0,00000000
6,19756767;0,00000000;0,00000000
6,19767167;0,00000000;0,00000000
6,19777567;0,00000000;0,00000000
6,19787967;0,00000000;-0,01734744
6,19798367;0,00000000;0,00000000
6,19808767;0,00000000;0,00000000
6,19819167;0,00000000;0,00000000
6,19829567;0,04336860;0,00000000
6,19839967;0,04336860;0,00000000
6,19850367;0,00000000;0,00000000
6,19860767;0,00000000;0,00000000
6,19871167;0,00000000;0,00000000
6,19881567;0,00000000;0,00000000
6,19891967;0,00000000;0,00000000
6,19902367;0,00000000;0,00000000
6,19912767;0,00000000;0,00000000
6,19923167;0,00000000;0,00000000
6,19933567;0,04336860;0,00000000
6,19943967;0,00000000;0,00000000
6,19954367;0,04336860;0,00000000
6,19964767;0,00000000;0,00000000
6,19975167;0,04336860;0,00000000
6,19985567;0,00000000;0,00000000
6,19995967;0,00000000;0,00000000
6,20006367;0,04336860;0,00000000
6,20016767;0,04336860;0,00000000
6,20027167;0,00000000;0,00000000
6,20037567;0,00000000;0,00000000
6,20047967;0,00000000;0,00000000
6,20058367;0,00000000;0,00000000
6,20068767;0,04336860;0,00000000
6,20079167;0,00000000;0,00000000
6,20089567;0,00000000;0,00000000
6,20099967;0,00000000;0,00000000
6,20110367;0,00000000;0,00000000
6,20120767;0,04336860;-0,01734744
6,20131167;0,00000000;0,00000000
6,20141567;0,04336860;0,00000000
6,20151967;0,00000000;0,00000000
6,20162367;0,04336860;0,00000000
6,20172767;0,04336860;0,00000000
6,20183167;0,00000000;0,00000000
6,20193567;0,00000000;0,00000000
6,20203967;0,00000000;0,00000000
6,20214367;0,00000000;0,00000000
6,20224767;0,00000000;0,00000000
6,20235167;0,00000000;0,00000000
6,20245567;0,00000000;0,00000000
6,20255967;0,00000000;0,00000000
6,20266367;0,04336860;0,00000000
6,20276767;0,04336860;0,00000000
6,20287167;0,00000000;0,00000000
6,20297567;0,00000000;0,00000000
6,20307967;0,00000000;0,00000000
6,20318367;0,00000000;0,00000000
6,20328767;0,00000000;0,00000000
6,20339167;0,04336860;0,00000000
6,20349567;0,00000000;0,00000000
6,20359967;0,00000000;0,00000000
6,20370367;0,00000000;0,00000000
6,20380767;0,00000000;0,00000000
6,20391167;0,00000000;0,00000000
6,20401567;0,00000000;0,00000000
6,20411967;0,00000000;0,00000000
6,20422367;0,00000000;0,00000000
6,20432767;0,00000000;0,00000000
6,20443167;0,04336860;0,00000000
6,20453567;0,00000000;0,00000000
6,20463967;0,00000000;0,00000000
6,20474367;0,00000000;0,00000000
6,20484767;0,00000000;0,00000000
6,20495167;0,00000000;0,00000000
6,20505567;0,00000000;0,00000000
6,20515967;0,04336860;0,00000000
6,20526367;0,00000000;-0,01734744
6,20536767;0,00000000;0,00000000
6,20547167;0,00000000;0,00000000
6,20557567;0,04336860;0,00000000
6,20567967;0,00000000;0,00000000
6,20578367;0,00000000;0,00000000
6,20588767;0,00000000;0,00000000
6,20599167;0,00000000;0,00000000
6,20609567;0,00000000;0,00000000
6,20619967;0,04336860;0,00000000
6,20630367;0,00000000;0,00000000
6,20640767;0,04336860;0,00000000
6,20651167;0,00000000;0,00000000
6,20661567;0,04336860;0,00000000
6,20671967;0,00000000;0,00000000
6,20682367;0,00000000;0,00000000
6,20692767;0,00000000;0,00000000
6,20703167;0,04336860;0,00000000
6,20713567;0,00000000;0,00000000
6,20723967;0,00000000;0,00000000
6,20734367;0,00000000;0,00000000
6,20744767;0,00000000;0,00000000
6,20755167;0,00000000;0,00000000
6,20765567;0,04336860;0,00000000
6,20775967;0,04336860;0,00000000
6,20786367;0,04336860;0,00000000
6,20796767;0,04336860;0,00000000
6,20807167;0,00000000;0,00000000
6,20817567;0,00000000;0,00000000
6,20827967;0,00000000;0,00000000
6,20838367;0,00000000;0,00000000
6,20848767;0,00000000;0,00000000
6,20859167;0,00000000;0,00000000
6,20869567;0,00000000;0,00000000
6,20879967;0,00000000;0,00000000
6,20890367;0,00000000;0,00000000
6,20900767;0,00000000;0,00000000
6,20911167;0,00000000;0,00000000
6,20921567;0,00000000;0,00000000
6,20931967;0,00000000;0,00000000
6,20942367;0,00000000;0,00000000
6,20952767;0,00000000;0,00000000
6,20963167;0,04336860;0,00000000
6,20973567;0,00000000;0,00000000
6,20983967;0,00000000;0,00000000
6,20994367;0,00000000;0,00000000
6,21004767;0,00000000;0,00000000
6,21015167;0,00000000;0,00000000
6,21025567;0,00000000;0,00000000
6,21035967;0,00000000;0,00000000
6,21046367;0,00000000;0,00000000
6,21056767;0,00000000;0,00000000
6,21067167;0,04336860;0,00000000
6,21077567;0,00000000;0,00000000
6,21087967;0,04336860;0,00000000
6,21098367;0,04336860;0,00000000
6,21108767;0,00000000;0,00000000
6,21119167;0,04336860;0,00000000
6,21129567;0,00000000;0,00000000
6,21139967;0,00000000;0,00000000
6,21150367;0,00000000;0,00000000
6,21160767;0,00000000;0,00000000
6,21171167;0,00000000;0,00000000
6,21181567;0,00000000;0,00000000
6,21191967;0,00000000;0,00000000
6,21202367;0,00000000;0,00000000
6,21212767;0,04336860;0,00000000
6,21223167;0,00000000;0,00000000
6,21233567;0,04336860;0,00000000
6,21243967;0,00000000;0,00000000
6,21254367;0,04336860;0,00000000
6,21264767;0,00000000;0,00000000
6,21275167;0,00000000;0,00000000
6,21285567;0,00000000;0,00000000
6,21295967;0,04336860;0,00000000
6,21306367;0,00000000;0,00000000
6,21316767;0,00000000;0,00000000
6,21327167;0,04336860;-0,01734744
6,21337567;0,00000000;0,00000000
6,21347967;0,00000000;0,00000000
6,21358367;0,00000000;0,00000000
6,21368767;0,00000000;0,00000000
6,21379167;0,00000000;0,00000000
6,21389567;0,00000000;0,00000000
6,21399967;0,00000000;0,00000000
6,21410367;0,04336860;0,00000000
6,21420767;0,00000000;0,00000000
6,21431167;0,00000000;0,00000000
6,21441567;0,00000000;0,00000000
6,21451967;0,00000000;0,00000000
6,21462367;0,00000000;0,00000000
6,21472767;0,00000000;0,00000000
6,21483167;0,04336860;0,00000000
6,21493566;0,04336860;-0,01734744
6,21503966;0,04336860;0,00000000
6,21514366;0,00000000;0,00000000
6,21524766;0,00000000;0,00000000
6,21535166;0,00000000;0,00000000
6,21545566;0,00000000;0,00000000
6,21555966;0,00000000;0,00000000
6,21566366;0,00000000;0,00000000
6,21576766;0,04336860;0,00000000
6,21587166;0,04336860;0,00000000
6,21597566;0,00000000;0,00000000
6,21607966;0,00000000;0,00000000
6,21618366;0,00000000;0,00000000
6,21628766;0,00000000;0,00000000
6,21639166;0,00000000;0,00000000
6,21649566;0,00000000;0,00000000
6,21659966;0,00000000;0,00000000
6,21670366;0,00000000;0,00000000
6,21680766;0,04336860;0,00000000
6,21691166;0,00000000;0,00000000
6,21701566;0,00000000;0,00000000
6,21711966;0,00000000;0,00000000
6,21722366;0,00000000;-0,01734744
6,21732766;0,04336860;0,00000000
6,21743166;0,00000000;0,00000000
6,21753566;0,00000000;0,00000000
6,21763966;0,00000000;0,00000000
6,21774366;0,00000000;0,00000000
6,21784766;0,00000000;0,00000000
6,21795166;0,00000000;0,00000000
6,21805566;0,00000000;0,00000000
6,21815966;0,00000000;0,00000000
6,21826366;0,00000000;0,00000000
6,21836766;0,00000000;0,00000000
6,21847166;0,00000000;0,00000000
6,21857566;0,04336860;0,00000000
6,21867966;0,00000000;-0,01734744
6,21878366;0,04336860;0,00000000
6,21888766;0,04336860;0,00000000
6,21899166;0,04336860;0,00000000
6,21909566;0,04336860;0,00000000
6,21919966;0,00000000;0,00000000
6,21930366;0,00000000;0,00000000
6,21940766;0,04336860;0,00000000
6,21951166;0,00000000;0,00000000
6,21961566;0,00000000;0,00000000
6,21971966;0,00000000;0,00000000
6,21982366;0,00000000;0,00000000
6,21992766;0,00000000;0,00000000
6,22003166;0,00000000;0,00000000
6,22013566;0,04336860;0,00000000
6,22023966;0,04336860;0,00000000
6,22034366;0,00000000;0,00000000
6,22044766;0,00000000;0,00000000
6,22055166;0,04336860;0,00000000
6,22065566;0,00000000;0,00000000
6,22075966;0,00000000;0,00000000
6,22086366;0,00000000;0,00000000
6,22096766;0,04336860;0,00000000
6,22107166;0,04336860;0,00000000
6,22117566;0,04336860;0,00000000
6,22127966;0,00000000;-0,01734744
6,22138366;0,00000000;0,00000000
6,22148766;0,00000000;0,00000000
6,22159166;0,04336860;0,00000000
6,22169566;0,04336860;0,00000000
6,22179966;0,00000000;0,00000000
6,22190366;0,00000000;0,00000000
6,22200766;0,00000000;0,00000000
6,22211166;0,00000000;0,00000000
6,22221566;0,00000000;0,00000000
6,22231966;0,00000000;0,00000000
6,22242366;0,00000000;-0,01734744
6,22252766;0,00000000;0,00000000
6,22263166;0,00000000;0,00000000
6,22273566;0,00000000;0,00000000
6,22283966;0,04336860;0,00000000
6,22294366;0,00000000;0,00000000
6,22304766;0,00000000;0,00000000
6,22315166;0,04336860;0,00000000
6,22325566;0,00000000;0,00000000
6,22335966;0,00000000;0,00000000
6,22346366;0,00000000;0,00000000
6,22356766;0,00000000;0,00000000
6,22367166;0,00000000;0,00000000
6,22377566;0,00000000;0,00000000
6,22387966;0,00000000;0,00000000
6,22398366;0,00000000;0,00000000
6,22408766;0,00000000;0,00000000
6,22419166;0,00000000;0,00000000
6,22429566;0,00000000;0,00000000
6,22439966;0,04336860;0,00000000
6,22450366;0,00000000;0,00000000
6,22460766;0,00000000;0,00000000
6,22471166;0,04336860;0,00000000
6,22481566;0,04336860;0,00000000
6,22491966;0,00000000;0,00000000
6,22502366;0,00000000;0,00000000
6,22512766;0,00000000;0,00000000
6,22523166;0,00000000;0,00000000
6,22533566;0,00000000;0,00000000
6,22543966;0,04336860;0,00000000
6,22554366;0,00000000;0,00000000
6,22564766;0,00000000;0,00000000
6,22575166;0,00000000;0,00000000
6,22585566;0,04336860;0,00000000
6,22595966;0,00000000;0,00000000
6,22606366;0,00000000;0,00000000
6,22616766;0,00000000;0,00000000
6,22627166;0,04336860;0,00000000
6,22637566;0,00000000;0,00000000
6,22647966;0,00000000;0,00000000
6,22658366;0,00000000;0,00000000
6,22668766;0,00000000;0,00000000
6,22679166;0,00000000;0,00000000
6,22689566;0,04336860;0,00000000
6,22699966;0,00000000;0,00000000
6,22710366;0,00000000;0,00000000
6,22720766;0,00000000;0,00000000
6,22731166;0,00000000;0,00000000
6,22741566;0,00000000;0,00000000
6,22751966;0,00000000;0,00000000
6,22762366;0,00000000;0,00000000
6,22772766;0,00000000;0,00000000
6,22783166;0,00000000;0,00000000
6,22793566;0,00000000;0,00000000
6,22803966;0,00000000;0,00000000
6,22814366;0,00000000;0,00000000
6,22824766;0,00000000;0,00000000
6,22835166;0,04336860;0,00000000
6,22845566;0,00000000;0,00000000
6,22855966;0,00000000;0,00000000
6,22866366;0,00000000;0,00000000
6,22876766;0,00000000;0,00000000
6,22887166;0,00000000;0,00000000
6,22897566;0,00000000;0,00000000
6,22907966;0,00000000;0,00000000
6,22918366;0,00000000;0,00000000
6,22928766;0,04336860;0,00000000
6,22939166;0,04336860;0,00000000
6,22949566;0,04336860;0,00000000
6,22959966;0,00000000;0,00000000
6,22970366;0,00000000;0,00000000
6,22980766;0,00000000;0,00000000
6,22991166;0,00000000;-0,01734744
6,23001566;0,00000000;0,00000000
6,23011966;0,00000000;0,00000000
6,23022366;0,04336860;0,00000000
6,23032766;0,00000000;0,00000000
6,23043166;0,00000000;0,00000000
6,23053566;0,00000000;0,00000000
6,23063966;0,04336860;0,00000000
6,23074366;0,00000000;0,00000000
6,23084766;0,00000000;0,00000000
6,23095166;0,00000000;0,00000000
6,23105566;0,00000000;0,00000000
6,23115966;0,00000000;0,00000000
6,23126366;0,04336860;0,00000000
6,23136766;0,00000000;0,00000000
6,23147166;0,00000000;0,00000000
6,23157566;0,00000000;0,00000000
6,23167966;0,04336860;0,00000000
6,23178366;0,00000000;0,00000000
6,23188766;0,04336860;0,00000000
6,23199166;0,00000000;0,00000000
6,23209566;0,04336860;0,00000000
6,23219966;0,00000000;0,00000000
6,23230366;0,00000000;0,00000000
6,23240766;0,00000000;0,00000000
6,23251166;0,00000000;0,00000000
6,23261566;0,00000000;0,00000000
6,23271966;0,00000000;0,00000000
6,23282366;0,00000000;0,00000000
6,23292766;0,00000000;0,00000000
6,23303166;0,00000000;0,00000000
6,23313566;0,00000000;0,00000000
6,23323966;0,04336860;0,00000000
6,23334366;0,00000000;0,00000000
6,23344766;0,00000000;0,00000000
6,23355166;0,04336860;0,00000000
6,23365566;0,00000000;0,00000000
6,23375966;0,00000000;0,00000000
6,23386366;0,04336860;0,00000000
6,23396766;0,00000000;0,00000000
6,23407166;0,00000000;0,00000000
6,23417566;0,04336860;0,00000000
6,23427966;0,04336860;0,00000000
6,23438366;0,00000000;0,00000000
6,23448766;0,04336860;0,00000000
6,23459166;0,00000000;0,00000000
6,23469566;0,04336860;0,00000000
6,23479966;0,00000000;0,00000000
6,23490366;0,00000000;0,00000000
6,23500766;0,00000000;0,00000000
6,23511166;0,00000000;0,00000000
6,23521566;0,04336860;0,00000000
6,23531966;0,00000000;0,00000000
6,23542366;0,00000000;0,00000000
6,23552766;0,00000000;0,00000000
6,23563166;0,00000000;0,00000000
6,23573566;0,00000000;-0,01734744
6,23583966;0,00000000;0,00000000
6,23594366;0,04336860;0,00000000
6,23604766;0,04336860;0,00000000
6,23615166;0,00000000;0,00000000
6,23625566;0,00000000;0,00000000
6,23635966;0,00000000;0,00000000
6,23646366;0,00000000;0,00000000
6,23656766;0,00000000;0,00000000
6,23667166;0,00000000;-0,01734744
6,23677566;0,00000000;-0,01734744
6,23687966;0,00000000;0,00000000
6,23698366;0,04336860;0,00000000
6,23708766;0,00000000;0,00000000
6,23719166;0,00000000;0,00000000
6,23729566;0,00000000;0,00000000
6,23739966;0,00000000;0,00000000
6,23750366;0,00000000;0,00000000
6,23760766;0,00000000;0,00000000
6,23771166;0,04336860;0,00000000
6,23781566;0,00000000;0,00000000
6,23791966;0,00000000;0,00000000
6,23802366;0,00000000;0,00000000
6,23812766;0,00000000;0,00000000
6,23823166;0,04336860;0,00000000
6,23833566;0,00000000;0,00000000
6,23843966;0,00000000;0,00000000
6,23854366;0,00000000;0,00000000
6,23864766;0,00000000;0,00000000
6,23875166;0,00000000;0,00000000
6,23885566;0,00000000;0,00000000
6,23895966;0,00000000;0,00000000
6,23906366;0,00000000;0,00000000
6,23916766;0,04336860;0,00000000
6,23927166;0,00000000;-0,01734744
6,23937566;0,00000000;0,00000000
6,23947966;0,00000000;0,00000000
6,23958366;0,00000000;0,00000000
6,23968766;0,00000000;0,00000000
6,23979166;0,00000000;0,00000000
6,23989566;0,04336860;0,00000000
6,23999966;0,00000000;0,00000000
6,24010366;0,00000000;0,00000000
6,24020766;0,00000000;0,00000000
6,24031166;0,00000000;0,00000000
6,24041566;0,00000000;0,00000000
6,24051966;0,00000000;0,00000000
6,24062366;0,04336860;0,00000000
6,24072766;0,04336860;0,00000000
6,24083166;0,00000000;0,00000000
6,24093566;0,00000000;-0,01734744
6,24103966;0,00000000;0,00000000
6,24114366;0,04336860;0,00000000
6,24124766;0,00000000;0,00000000
6,24135166;0,00000000;0,00000000
6,24145566;0,04336860;0,00000000
6,24155966;0,00000000;-0,01734744
6,24166366;0,00000000;0,00000000
6,24176766;0,00000000;0,00000000
6,24187166;0,00000000;0,00000000
6,24197566;0,00000000;0,00000000
6,24207966;0,00000000;0,00000000
6,24218366;0,04336860;0,00000000
6,24228766;0,04336860;0,00000000
6,24239166;0,04336860;0,00000000
6,24249566;0,00000000;0,00000000
6,24259966;0,04336860;0,00000000
6,24270366;0,00000000;0,00000000
6,24280766;0,00000000;0,00000000
6,24291166;0,00000000;0,00000000
6,24301566;0,00000000;0,00000000
6,24311966;0,04336860;0,00000000
6,24322366;0,00000000;0,00000000
6,24332766;0,00000000;0,00000000
6,24343166;0,00000000;0,00000000
6,24353566;0,00000000;0,00000000
6,24363966;0,00000000;0,00000000
6,24374366;0,00000000;0,00000000
6,24384766;0,00000000;0,00000000
6,24395166;0,00000000;0,00000000
6,24405566;0,00000000;0,00000000
6,24415966;0,00000000;0,00000000
6,24426366;0,00000000;0,00000000
6,24436766;0,00000000;0,00000000
6,24447166;0,00000000;0,00000000
6,24457566;0,00000000;0,00000000
6,24467966;0,00000000;0,00000000
6,24478366;0,00000000;0,00000000
6,24488766;0,00000000;0,00000000
6,24499166;0,00000000;0,00000000
6,24509566;0,00000000;-0,01734744
6,24519966;0,04336860;0,00000000
6,24530366;0,04336860;0,00000000
6,24540766;0,00000000;0,00000000
6,24551166;0,00000000;0,00000000
6,24561566;0,00000000;0,00000000
6,24571966;0,00000000;0,00000000
6,24582366;0,00000000;0,00000000
6,24592766;0,00000000;0,00000000
6,24603166;0,00000000;0,00000000
6,24613566;0,00000000;0,00000000
6,24623966;0,04336860;0,00000000
6,24634366;0,00000000;0,00000000
6,24644766;0,04336860;0,00000000
6,24655166;0,00000000;0,00000000
6,24665566;0,00000000;0,00000000
6,24675966;0,00000000;0,00000000
6,24686366;0,04336860;0,00000000
6,24696766;0,00000000;0,00000000
6,24707166;0,00000000;0,00000000
6,24717566;0,00000000;0,00000000
6,24727966;0,00000000;0,00000000
6,24738366;0,04336860;0,00000000
6,24748766;0,04336860;0,00000000
6,24759166;0,00000000;0,00000000
6,24769566;0,00000000;0,00000000
6,24779966;0,04336860;0,00000000
6,24790366;0,00000000;0,00000000
6,24800766;0,00000000;0,00000000
6,24811166;0,00000000;0,00000000
6,24821566;0,00000000;0,00000000
6,24831966;0,00000000;0,00000000
6,24842366;0,00000000;0,00000000
6,24852766;0,00000000;0,00000000
6,24863166;0,00000000;0,00000000
6,24873566;0,04336860;0,00000000
6,24883966;0,00000000;0,00000000
6,24894366;0,00000000;0,00000000
6,24904766;0,00000000;0,00000000
6,24915166;0,00000000;0,00000000
6,24925566;0,00000000;0,00000000
6,24935966;0,00000000;0,00000000
6,24946366;0,00000000;0,00000000
6,24956766;0,00000000;0,00000000
6,24967166;0,00000000;0,00000000
6,24977566;0,00000000;0,00000000
6,24987966;0,00000000;0,00000000
6,24998366;0,04336860;0,00000000
6,25008766;0,00000000;0,00000000
6,25019166;0,04336860;0,00000000
6,25029566;0,00000000;0,00000000
6,25039966;0,00000000;0,00000000
6,25050366;0,00000000;0,00000000
6,25060766;0,00000000;0,00000000
6,25071166;0,00000000;0,00000000
6,25081566;0,00000000;0,00000000
6,25091966;0,04336860;0,00000000
6,25102366;0,00000000;0,00000000
6,25112766;0,00000000;0,00000000
6,25123166;0,04336860;0,00000000
6,25133566;0,00000000;0,00000000
6,25143966;0,08689100;0,00000000
6,25154366;0,00000000;0,00000000
6,25164766;0,04336860;0,00000000
6,25175166;0,00000000;0,00000000
6,25185566;0,00000000;0,00000000
6,25195966;0,00000000;0,00000000
6,25206366;0,04336860;0,00000000
6,25216766;0,00000000;0,00000000
6,25227166;0,00000000;0,00000000
6,25237566;0,00000000;0,00000000
6,25247966;0,00000000;-0,01734744
6,25258366;0,00000000;0,00000000
6,25268766;0,04336860;0,00000000
6,25279166;0,00000000;0,00000000
6,25289566;0,00000000;0,00000000
6,25299966;0,00000000;0,00000000
6,25310366;0,04336860;0,00000000
6,25320766;0,04336860;0,00000000
6,25331166;0,00000000;0,00000000
6,25341566;0,00000000;0,00000000
6,25351966;0,00000000;0,00000000
6,25362366;0,00000000;0,00000000
6,25372766;0,04336860;0,00000000
6,25383166;0,00000000;0,00000000
6,25393566;0,00000000;0,00000000
6,25403966;0,00000000;0,00000000
6,25414366;0,04336860;0,00000000
6,25424766;0,04336860;0,00000000
6,25435166;0,00000000;0,00000000
6,25445566;0,00000000;0,00000000
6,25455966;0,04336860;0,00000000
6,25466366;0,00000000;0,00000000
6,25476766;0,04336860;0,00000000
6,25487166;0,00000000;0,00000000
6,25497566;0,00000000;0,00000000
6,25507966;0,00000000;0,00000000
6,25518366;0,00000000;0,00000000
6,25528766;0,00000000;0,00000000
6,25539166;0,00000000;0,00000000
6,25549566;0,00000000;0,00000000
6,25559966;0,00000000;0,00000000
6,25570366;0,00000000;0,00000000
6,25580766;0,00000000;0,00000000
6,25591166;0,00000000;0,00000000
6,25601566;0,00000000;0,00000000
6,25611966;0,04336860;0,00000000
6,25622366;0,04336860;0,00000000
6,25632766;0,00000000;0,00000000
6,25643166;0,00000000;0,00000000
6,25653566;0,00000000;-0,01734744
6,25663966;0,00000000;0,00000000
6,25674366;0,04336860;0,00000000
6,25684766;0,00000000;0,00000000
6,25695166;0,00000000;0,00000000
6,25705566;0,00000000;0,00000000
6,25715966;0,00000000;0,00000000
6,25726366;0,00000000;0,00000000
6,25736766;0,00000000;0,00000000
6,25747166;0,00000000;0,00000000
6,25757566;0,04336860;0,00000000
6,25767966;0,04336860;0,00000000
6,25778366;0,00000000;0,00000000
6,25788766;0,00000000;-0,01734744
6,25799166;0,00000000;0,00000000
6,25809566;0,00000000;0,00000000
6,25819966;0,00000000;0,00000000
6,25830366;0,00000000;0,00000000
6,25840766;0,00000000;0,00000000
6,25851166;0,00000000;0,00000000
6,25861566;0,04336860;0,00000000
6,25871966;0,00000000;0,00000000
6,25882366;0,00000000;0,00000000
6,25892766;0,00000000;0,00000000
6,25903166;0,00000000;0,00000000
6,25913566;0,00000000;0,00000000
6,25923966;0,00000000;0,00000000
6,25934366;0,00000000;0,00000000
6,25944766;0,00000000;0,00000000
6,25955166;0,00000000;0,00000000
6,25965566;0,00000000;0,00000000
6,25975966;0,04336860;0,00000000
6,25986366;0,00000000;0,00000000
6,25996766;0,00000000;0,00000000
6,26007166;0,00000000;0,00000000
6,26017566;0,00000000;0,00000000
6,26027966;0,00000000;0,00000000
6,26038366;0,00000000;0,00000000
6,26048766;0,00000000;0,00000000
6,26059166;0,04336860;0,00000000
6,26069566;0,00000000;0,00000000
6,26079966;0,00000000;0,00000000
6,26090366;0,00000000;0,00000000
6,26100766;0,00000000;0,00000000
6,26111166;0,00000000;0,00000000
6,26121566;0,00000000;0,00000000
6,26131966;0,00000000;0,00000000
6,26142366;0,00000000;0,00000000
6,26152766;0,00000000;0,00000000
6,26163166;0,00000000;0,00000000
6,26173566;0,00000000;0,00000000
6,26183966;0,04336860;0,00000000
6,26194366;0,04336860;0,00000000
6,26204766;0,00000000;0,00000000
6,26215166;0,00000000;0,00000000
6,26225566;0,04336860;0,00000000
6,26235966;0,00000000;0,00000000
6,26246366;0,00000000;0,00000000
6,26256766;0,00000000;0,00000000
6,26267166;0,04336860;0,00000000
6,26277566;0,04336860;0,00000000
6,26287966;0,00000000;0,00000000
6,26298366;0,00000000;0,00000000
6,26308766;0,00000000;0,00000000
6,26319166;0,04336860;0,00000000
6,26329566;0,04336860;0,00000000
6,26339966;0,00000000;-0,01734744
6,26350366;0,00000000;0,00000000
6,26360766;0,04336860;0,00000000
6,26371166;0,00000000;0,00000000
6,26381566;0,04336860;0,00000000
6,26391966;0,00000000;0,00000000
6,26402366;0,00000000;0,00000000
6,26412766;0,00000000;0,00000000
6,26423166;0,00000000;0,00000000
6,26433566;0,04336860;0,00000000
6,26443966;0,00000000;0,00000000
6,26454366;0,00000000;0,00000000
6,26464766;0,00000000;0,00000000
6,26475166;0,00000000;0,00000000
6,26485566;0,00000000;0,00000000
6,26495966;0,00000000;0,00000000
6,26506366;0,00000000;0,00000000
6,26516766;0,00000000;0,00000000
6,26527166;0,00000000;0,00000000
6,26537566;0,00000000;0,00000000
6,26547966;0,00000000;0,00000000
6,26558366;0,04336860;0,00000000
6,26568766;0,00000000;0,00000000
6,26579166;0,00000000;0,00000000
6,26589566;0,00000000;0,00000000
6,26599966;0,04336860;0,00000000
6,26610366;0,00000000;0,00000000
6,26620766;0,00000000;0,00000000
6,26631166;0,00000000;0,00000000
6,26641566;0,00000000;0,00000000
6,26651966;0,00000000;-0,01734744
6,26662366;0,00000000;0,00000000
6,26672766;0,00000000;0,00000000
6,26683166;0,04336860;0,00000000
6,26693566;0,04336860;0,00000000
6,26703966;0,00000000;0,00000000
6,26714366;0,00000000;0,00000000
6,26724766;0,00000000;0,00000000
6,26735166;0,00000000;0,00000000
6,26745566;0,00000000;0,00000000
6,26755966;0,00000000;0,00000000
6,26766366;0,00000000;0,00000000
6,26776766;0,00000000;0,00000000
6,26787166;0,00000000;0,00000000
6,26797566;0,00000000;0,00000000
6,26807966;0,04336860;0,00000000
6,26818366;0,00000000;0,00000000
6,26828766;0,00000000;0,00000000
6,26839166;0,00000000;0,00000000
6,26849566;0,00000000;0,00000000
6,26859966;0,00000000;0,00000000
6,26870366;0,00000000;0,00000000
6,26880766;0,00000000;0,00000000
6,26891166;0,04336860;0,00000000
6,26901566;0,00000000;0,00000000
6,26911966;0,00000000;0,00000000
6,26922366;0,00000000;-0,01734744
6,26932766;0,04336860;0,00000000
6,26943166;0,04336860;0,00000000
6,26953566;0,00000000;0,00000000
6,26963966;0,00000000;0,00000000
6,26974366;0,00000000;0,00000000
6,26984766;0,00000000;0,00000000
6,26995166;0,00000000;0,00000000
6,27005566;0,04336860;0,00000000
6,27015966;0,00000000;0,00000000
6,27026366;0,04336860;0,00000000
6,27036766;0,00000000;0,00000000
6,27047166;0,00000000;-0,01734744
6,27057566;0,04336860;0,00000000
6,27067966;0,00000000;0,00000000
6,27078366;0,00000000;0,00000000
6,27088766;0,00000000;-0,01734744
6,27099166;0,00000000;0,00000000
6,27109566;0,00000000;0,00000000
6,27119966;0,00000000;0,00000000
6,27130366;0,00000000;-0,01734744
6,27140766;0,00000000;0,00000000
6,27151166;0,00000000;-0,01734744
6,27161566;0,00000000;0,00000000
6,27171966;0,00000000;0,00000000
6,27182366;0,04336860;0,00000000
6,27192766;0,00000000;0,00000000
6,27203166;0,04336860;0,00000000
6,27213566;0,04336860;0,00000000
6,27223966;0,00000000;0,00000000
6,27234366;0,00000000;0,00000000
6,27244766;0,00000000;0,00000000
6,27255166;0,00000000;0,00000000
6,27265566;0,04336860;0,00000000
6,27275966;0,00000000;0,00000000
6,27286366;0,00000000;0,00000000
6,27296766;0,00000000;0,00000000
6,27307166;0,04336860;0,00000000
6,27317566;0,00000000;0,00000000
6,27327966;0,00000000;0,00000000
6,27338366;0,04336860;0,00000000
6,27348766;0,00000000;0,00000000
6,27359166;0,04336860;0,00000000
6,27369566;0,00000000;0,00000000
6,27379966;0,00000000;0,00000000
6,27390366;0,04336860;0,00000000
6,27400766;0,00000000;0,00000000
6,27411166;0,04336860;0,00000000
6,27421566;0,00000000;0,00000000
6,27431966;0,00000000;0,00000000
6,27442366;0,00000000;0,00000000
6,27452766;0,04336860;0,00000000
6,27463166;0,00000000;0,00000000
6,27473566;0,00000000;0,00000000
6,27483966;0,00000000;0,00000000
6,27494366;0,00000000;0,00000000
6,27504766;0,00000000;0,00000000
6,27515166;0,00000000;0,00000000
6,27525566;0,00000000;0,00000000
6,27535966;0,00000000;0,00000000
6,27546366;0,00000000;0,00000000
6,27556766;0,04336860;0,00000000
6,27567166;0,00000000;0,00000000
6,27577566;0,00000000;0,00000000
6,27587966;0,00000000;0,00000000
6,27598366;0,00000000;0,00000000
6,27608766;0,00000000;0,00000000
6,27619166;0,00000000;0,00000000
6,27629566;0,00000000;0,00000000
6,27639966;0,04336860;0,00000000
6,27650366;0,04336860;0,00000000
6,27660766;0,00000000;0,00000000
6,27671166;0,00000000;0,00000000
6,27681566;0,00000000;0,00000000
6,27691966;0,00000000;0,00000000
6,27702366;0,04336860;0,00000000
6,27712766;0,00000000;0,00000000
6,27723166;0,00000000;0,00000000
6,27733566;0,00000000;0,00000000
6,27743966;0,00000000;0,00000000
6,27754366;0,00000000;0,00000000
6,27764766;0,00000000;0,00000000
6,27775166;0,04336860;0,00000000
6,27785566;0,04336860;0,00000000
6,27795966;0,00000000;0,00000000
6,27806366;0,00000000;0,00000000
6,27816766;0,00000000;0,00000000
6,27827166;0,00000000;0,00000000
6,27837566;0,04336860;0,00000000
6,27847966;0,00000000;0,00000000
6,27858366;0,04336860;0,00000000
6,27868766;0,00000000;0,00000000
6,27879166;0,04336860;0,00000000
6,27889566;0,00000000;0,00000000
6,27899966;0,04336860;0,00000000
6,27910366;0,00000000;0,00000000
6,27920766;0,04336860;0,00000000
6,27931166;0,00000000;0,00000000
6,27941566;0,04336860;0,00000000
6,27951966;0,00000000;0,00000000
6,27962366;0,04336860;0,00000000
6,27972766;0,00000000;0,00000000
6,27983166;0,04336860;0,00000000
6,27993566;0,00000000;0,00000000
6,28003966;0,00000000;0,00000000
6,28014366;0,04336860;0,00000000
6,28024766;0,00000000;0,00000000
6,28035166;0,04336860;0,00000000
6,28045566;0,00000000;0,00000000
6,28055966;0,00000000;0,00000000
6,28066366;0,04336860;0,00000000
6,28076766;0,00000000;0,00000000
6,28087166;0,04336860;0,00000000
6,28097566;0,00000000;0,00000000
6,28107966;0,00000000;0,00000000
6,28118366;0,00000000;0,00000000
6,28128766;0,00000000;0,00000000
6,28139166;0,04336860;0,00000000
6,28149566;0,00000000;0,00000000
6,28159966;0,00000000;0,00000000
6,28170366;0,04336860;0,00000000
6,28180766;0,00000000;0,00000000
6,28191166;0,04336860;0,00000000
6,28201566;0,00000000;0,00000000
6,28211966;0,00000000;0,00000000
6,28222366;0,00000000;0,00000000
6,28232766;0,00000000;0,00000000
6,28243166;0,00000000;0,00000000
6,28253566;0,00000000;0,00000000
6,28263966;0,04336860;0,00000000
6,28274366;0,04336860;0,00000000
6,28284766;0,00000000;0,00000000
6,28295166;0,00000000;0,00000000
6,28305566;0,00000000;0,00000000
6,28315966;0,04336860;0,00000000
6,28326366;0,04336860;0,00000000
6,28336766;0,00000000;0,00000000
6,28347166;0,00000000;0,00000000
6,28357566;0,04336860;0,00000000
6,28367966;0,00000000;0,00000000
6,28378366;0,00000000;0,00000000
6,28388766;0,00000000;0,00000000
6,28399166;0,04336860;0,00000000
6,28409566;0,04336860;0,00000000
6,28419966;0,00000000;0,00000000
6,28430366;0,04336860;0,00000000
6,28440766;0,00000000;0,00000000
6,28451166;0,00000000;0,00000000
6,28461566;0,00000000;0,00000000
6,28471966;0,00000000;0,00000000
6,28482366;0,00000000;0,00000000
6,28492766;0,00000000;0,00000000
6,28503166;0,00000000;0,00000000
6,28513566;0,04336860;0,00000000
6,28523966;0,04336860;0,00000000
6,28534366;0,04336860;0,00000000
6,28544766;0,00000000;0,00000000
6,28555166;0,04336860;0,00000000
6,28565566;0,00000000;0,00000000
6,28575966;0,00000000;0,00000000
6,28586366;0,00000000;0,00000000
6,28596766;0,04336860;0,00000000
6,28607166;0,00000000;0,00000000
6,28617566;0,04336860;0,00000000
6,28627966;0,04336860;0,00000000
6,28638366;0,00000000;0,00000000
6,28648766;0,00000000;0,00000000
6,28659166;0,00000000;0,00000000
6,28669566;0,04336860;-0,01734744
6,28679966;0,00000000;-0,01734744
6,28690366;0,00000000;0,00000000
6,28700766;0,00000000;0,00000000
6,28711166;0,00000000;0,00000000
6,28721566;0,00000000;0,00000000
6,28731966;0,00000000;0,00000000
6,28742366;0,00000000;0,00000000
6,28752766;0,00000000;0,00000000
6,28763166;0,00000000;0,00000000
6,28773566;0,00000000;0,00000000
6,28783966;0,04336860;0,00000000
6,28794366;0,00000000;0,00000000
6,28804766;0,04336860;0,00000000
6,28815166;0,00000000;0,00000000
6,28825566;0,00000000;0,00000000
6,28835966;0,00000000;0,00000000
6,28846366;0,04336860;0,00000000
6,28856766;0,00000000;0,00000000
6,28867166;0,00000000;0,00000000
6,28877566;0,00000000;0,00000000
6,28887966;0,04336860;0,00000000
6,28898366;0,04336860;0,00000000
6,28908766;0,00000000;0,00000000
6,28919166;0,04336860;0,00000000
6,28929566;0,00000000;0,00000000
6,28939966;0,00000000;0,00000000
6,28950366;0,04336860;0,00000000
6,28960766;0,04336860;0,00000000
6,28971166;0,00000000;0,00000000
6,28981566;0,00000000;0,00000000
6,28991966;0,00000000;0,00000000
6,29002366;0,00000000;0,00000000
6,29012766;0,04336860;0,00000000
6,29023166;0,04336860;0,00000000
6,29033566;0,04336860;0,00000000
6,29043966;0,04336860;0,00000000
6,29054366;0,00000000;0,00000000
6,29064766;0,04336860;0,00000000
6,29075166;0,00000000;0,00000000
6,29085566;0,00000000;0,00000000
6,29095966;0,00000000;0,00000000
6,29106366;0,00000000;0,00000000
6,29116766;0,04336860;0,00000000
6,29127166;0,00000000;0,00000000
6,29137566;0,00000000;0,00000000
6,29147966;0,04336860;0,00000000
6,29158366;0,00000000;0,00000000
6,29168766;0,00000000;0,00000000
6,29179166;0,00000000;0,00000000
6,29189566;0,04336860;0,00000000
6,29199966;0,00000000;0,00000000
6,29210366;0,00000000;0,00000000
6,29220766;0,04336860;0,00000000
6,29231166;0,00000000;0,00000000
6,29241566;0,00000000;0,00000000
6,29251966;0,00000000;0,00000000
6,29262366;0,00000000;0,00000000
6,29272766;0,00000000;0,00000000
6,29283166;0,00000000;0,00000000
6,29293566;0,04336860;0,00000000
6,29303966;0,00000000;0,00000000
6,29314366;0,00000000;0,00000000
6,29324766;0,04336860;0,00000000
6,29335166;0,00000000;0,00000000
6,29345566;0,04336860;0,00000000
6,29355966;0,00000000;0,00000000
6,29366366;0,04336860;0,00000000
6,29376766;0,04336860;0,00000000
6,29387166;0,00000000;0,00000000
6,29397566;0,00000000;0,00000000
6,29407966;0,00000000;0,00000000
6,29418366;0,04336860;-0,01734744
6,29428766;0,00000000;0,00000000
6,29439166;0,04336860;0,00000000
6,29449566;0,04336860;0,00000000
6,29459966;0,00000000;0,00000000
6,29470366;0,00000000;0,00000000
6,29480766;0,04336860;0,00000000
6,29491166;0,00000000;0,00000000
6,29501566;0,00000000;0,00000000
6,29511966;0,00000000;0,00000000
6,29522366;0,00000000;0,00000000
6,29532766;0,00000000;0,00000000
6,29543166;0,04336860;0,00000000
6,29553566;0,04336860;0,00000000
6,29563966;0,00000000;0,00000000
6,29574366;0,00000000;0,00000000
6,29584766;0,04336860;0,00000000
6,29595166;0,04336860;0,00000000
6,29605566;0,00000000;0,00000000
6,29615966;0,04336860;0,00000000
6,29626366;0,00000000;0,00000000
6,29636766;0,04336860;0,00000000
6,29647166;0,00000000;0,00000000
6,29657566;0,00000000;0,00000000
6,29667966;0,00000000;0,00000000
6,29678366;0,00000000;0,00000000
6,29688766;0,00000000;0,00000000
6,29699166;0,00000000;0,00000000
6,29709566;0,00000000;0,00000000
6,29719966;0,00000000;0,00000000
6,29730366;0,04336860;0,00000000
6,29740766;0,04336860;0,00000000
6,29751166;0,00000000;0,00000000
6,29761566;0,00000000;0,00000000
6,29771966;0,00000000;0,00000000
6,29782366;0,00000000;-0,01734744
6,29792766;0,00000000;0,00000000
6,29803166;0,04336860;0,00000000
6,29813566;0,04336860;0,00000000
6,29823966;0,00000000;0,00000000
6,29834366;0,00000000;0,00000000
6,29844766;0,00000000;0,00000000
6,29855166;0,00000000;0,00000000
6,29865566;0,00000000;0,00000000
6,29875966;0,04336860;0,00000000
6,29886366;0,00000000;0,00000000
6,29896766;0,00000000;0,00000000
6,29907166;0,00000000;0,00000000
6,29917566;0,00000000;0,00000000
6,29927966;0,00000000;0,00000000
6,29938366;0,00000000;0,00000000
6,29948766;0,04336860;0,00000000
6,29959166;0,00000000;0,00000000
6,29969566;0,00000000;0,00000000
6,29979966;0,00000000;0,00000000
6,29990366;0,04336860;0,00000000
6,30000766;0,00000000;0,00000000
6,30011166;0,00000000;0,00000000
6,30021566;0,00000000;0,00000000
6,30031966;0,04336860;0,00000000
6,30042366;0,00000000;0,00000000
6,30052766;0,04336860;0,00000000
6,30063166;0,00000000;0,00000000
6,30073566;0,00000000;0,00000000
6,30083966;0,00000000;0,00000000
6,30094366;0,00000000;0,00000000
6,30104766;0,00000000;0,00000000
6,30115166;0,00000000;0,00000000
6,30125566;0,00000000;0,00000000
6,30135966;0,04336860;0,00000000
6,30146366;0,00000000;0,00000000
6,30156766;0,04336860;0,00000000
6,30167166;0,00000000;0,00000000
6,30177566;0,00000000;0,00000000
6,30187966;0,00000000;0,00000000
6,30198366;0,04336860;0,00000000
6,30208766;0,04336860;0,00000000
6,30219166;0,00000000;0,00000000
6,30229566;0,00000000;0,00000000
6,30239966;0,04336860;0,00000000
6,30250366;0,00000000;0,00000000
6,30260766;0,00000000;0,00000000
6,30271166;0,00000000;0,00000000
6,30281566;0,04336860;0,00000000
6,30291966;0,00000000;0,00000000
6,30302366;0,00000000;0,00000000
6,30312766;0,00000000;0,00000000
6,30323166;0,00000000;0,00000000
6,30333566;0,00000000;-0,01734744
6,30343966;0,04336860;-0,01734744
6,30354366;0,00000000;0,00000000
6,30364766;0,00000000;0,00000000
6,30375166;0,00000000;0,00000000
6,30385566;0,00000000;-0,01734744
6,30395966;0,04336860;0,00000000
6,30406366;0,04336860;0,00000000
6,30416766;0,00000000;-0,01734744
6,30427166;0,00000000;0,00000000
6,30437566;0,00000000;0,00000000
6,30447966;0,04336860;0,00000000
6,30458366;0,00000000;0,00000000
6,30468766;0,04336860;0,00000000
6,30479166;0,00000000;-0,01734744
6,30489566;0,00000000;0,00000000
6,30499966;0,00000000;0,00000000
6,30510366;0,04336860;0,00000000
6,30520766;0,00000000;0,00000000
6,30531166;0,04336860;0,00000000
6,30541566;0,00000000;0,00000000
6,30551966;0,04336860;0,00000000
6,30562366;0,00000000;0,00000000
6,30572766;0,00000000;0,00000000
6,30583166;0,00000000;0,00000000
6,30593566;0,00000000;0,00000000
6,30603966;0,00000000;0,00000000
6,30614366;0,00000000;0,00000000
6,30624766;0,00000000;-0,01734744
6,30635166;0,00000000;0,00000000
6,30645566;0,00000000;0,00000000
6,30655966;0,00000000;0,00000000
6,30666366;0,00000000;0,00000000
6,30676766;0,00000000;0,00000000
6,30687166;0,00000000;0,00000000
6,30697566;0,04336860;0,00000000
6,30707966;0,04336860;0,00000000
6,30718366;0,04336860;0,00000000
6,30728766;0,00000000;0,00000000
6,30739166;0,04336860;0,00000000
6,30749566;0,04336860;0,00000000
6,30759966;0,00000000;0,00000000
6,30770366;0,00000000;0,00000000
6,30780766;0,00000000;0,00000000
6,30791166;0,00000000;-0,01734744
6,30801566;0,00000000;0,00000000
6,30811966;0,00000000;0,00000000
6,30822366;0,00000000;0,00000000
6,30832766;0,00000000;0,00000000
6,30843166;0,04336860;0,00000000
6,30853566;0,00000000;0,00000000
6,30863966;0,04336860;0,00000000
6,30874366;0,00000000;0,00000000
6,30884766;0,00000000;0,00000000
6,30895166;0,00000000;0,00000000
6,30905566;0,04336860;0,00000000
6,30915966;0,00000000;0,00000000
6,30926366;0,00000000;0,00000000
6,30936766;0,00000000;0,00000000
6,30947166;0,00000000;0,00000000
6,30957566;0,00000000;0,00000000
6,30967966;0,04336860;0,00000000
6,30978366;0,00000000;0,00000000
6,30988766;0,00000000;0,00000000
6,30999166;0,00000000;0,00000000
6,31009566;0,00000000;0,00000000
6,31019966;0,00000000;0,00000000
6,31030366;0,04336860;0,00000000
6,31040766;0,00000000;0,00000000
6,31051166;0,04336860;0,00000000
6,31061566;0,04336860;0,00000000
6,31071966;0,00000000;0,00000000
6,31082366;0,00000000;0,00000000
6,31092766;0,00000000;0,00000000
6,31103166;0,04336860;0,00000000
6,31113566;0,00000000;0,00000000
6,31123966;0,00000000;0,00000000
6,31134366;0,00000000;0,00000000
6,31144766;0,00000000;0,00000000
6,31155166;0,00000000;0,00000000
6,31165566;0,00000000;0,00000000
6,31175966;0,00000000;0,00000000
6,31186366;0,00000000;-0,01734744
6,31196766;0,00000000;0,00000000
6,31207166;0,00000000;0,00000000
6,31217566;0,00000000;0,00000000
6,31227966;0,00000000;0,00000000
6,31238366;0,04336860;0,00000000
6,31248766;0,00000000;0,00000000
6,31259166;0,00000000;0,00000000
6,31269566;0,00000000;0,00000000
6,31279966;0,04336860;0,00000000
6,31290366;0,00000000;0,00000000
6,31300766;0,00000000;0,00000000
6,31311166;0,00000000;0,00000000
6,31321566;0,00000000;0,00000000
6,31331966;0,00000000;0,00000000
6,31342366;0,04336860;0,00000000
6,31352766;0,00000000;0,00000000
6,31363166;0,00000000;0,00000000
6,31373566;0,00000000;0,00000000
6,31383966;0,00000000;0,00000000
6,31394366;0,00000000;0,00000000
6,31404766;0,04336860;0,00000000
6,31415166;0,00000000;0,00000000
6,31425566;0,00000000;0,00000000
6,31435966;0,00000000;0,00000000
6,31446366;0,00000000;0,00000000
6,31456766;0,00000000;0,00000000
6,31467166;0,04336860;0,00000000
6,31477566;0,04336860;0,00000000
6,31487966;0,00000000;0,00000000
6,31498366;0,04336860;0,00000000
6,31508766;0,00000000;0,00000000
6,31519166;0,00000000;0,00000000
6,31529566;0,04336860;0,00000000
6,31539966;0,00000000;0,00000000
6,31550366;0,00000000;0,00000000
6,31560766;0,00000000;-0,01734744
6,31571166;0,00000000;0,00000000
6,31581566;0,00000000;0,00000000
6,31591966;0,00000000;0,00000000
6,31602366;0,00000000;-0,01734744
6,31612766;0,00000000;0,00000000
6,31623166;0,00000000;0,00000000
6,31633566;0,00000000;0,00000000
6,31643966;0,00000000;0,00000000
6,31654366;0,00000000;0,00000000
6,31664766;0,04336860;0,00000000
6,31675166;0,00000000;0,00000000
6,31685566;0,00000000;0,00000000
6,31695966;0,04336860;0,00000000
6,31706366;0,04336860;0,00000000
6,31716766;0,00000000;0,00000000
6,31727166;0,00000000;0,00000000
6,31737566;0,00000000;0,00000000
6,31747966;0,00000000;0,00000000
6,31758366;0,00000000;0,00000000
6,31768766;0,00000000;-0,01734744
6,31779166;0,00000000;0,00000000
6,31789566;0,04336860;0,00000000
6,31799966;0,00000000;0,00000000
6,31810366;0,00000000;0,00000000
6,31820766;0,00000000;0,00000000
6,31831166;0,00000000;0,00000000
6,31841566;0,00000000;0,00000000
6,31851966;0,00000000;0,00000000
6,31862366;0,04336860;0,00000000
6,31872766;0,00000000;0,00000000
6,31883166;0,00000000;0,00000000
6,31893566;0,00000000;0,00000000
6,31903966;0,00000000;0,00000000
6,31914366;0,00000000;0,00000000
6,31924766;0,00000000;0,00000000
6,31935166;0,00000000;0,00000000
6,31945566;0,00000000;0,00000000
6,31955966;0,00000000;0,00000000
6,31966366;0,00000000;0,00000000
6,31976766;0,00000000;0,00000000
6,31987166;0,00000000;0,00000000
6,31997566;0,00000000;0,00000000
6,32007966;0,00000000;0,00000000
6,32018366;0,04336860;0,00000000
6,32028766;0,00000000;0,00000000
6,32039166;0,00000000;0,00000000
6,32049566;0,00000000;0,00000000
6,32059966;0,04336860;0,00000000
6,32070366;0,00000000;0,00000000
6,32080766;0,00000000;0,00000000
6,32091166;0,04336860;0,00000000
6,32101566;0,00000000;-0,01734744
6,32111966;0,00000000;0,00000000
6,32122366;0,00000000;0,00000000
6,32132766;0,00000000;0,00000000
6,32143166;0,00000000;0,00000000
6,32153566;0,00000000;0,00000000
6,32163966;0,00000000;0,00000000
6,32174366;0,00000000;0,00000000
6,32184766;0,04336860;0,00000000
6,32195166;0,00000000;0,00000000
6,32205566;0,04336860;0,00000000
6,32215966;0,00000000;0,00000000
6,32226366;0,00000000;0,00000000
6,32236766;0,00000000;0,00000000
6,32247166;0,04336860;0,00000000
6,32257566;0,04336860;0,00000000
6,32267966;0,00000000;0,00000000
6,32278366;0,00000000;0,00000000
6,32288766;0,00000000;0,00000000
6,32299166;0,00000000;0,00000000
6,32309566;0,00000000;0,00000000
6,32319966;0,00000000;0,00000000
6,32330366;0,00000000;0,00000000
6,32340766;0,00000000;0,00000000
6,32351166;0,00000000;0,00000000
6,32361566;0,00000000;0,00000000
6,32371966;0,00000000;0,00000000
6,32382366;0,00000000;0,00000000
6,32392766;0,00000000;0,00000000
6,32403166;0,04336860;0,00000000
6,32413566;0,04336860;0,00000000
6,32423966;0,00000000;0,00000000
6,32434366;0,00000000;0,00000000
6,32444766;0,00000000;0,00000000
6,32455166;0,00000000;0,00000000
6,32465566;0,04336860;0,00000000
6,32475966;0,00000000;0,00000000
6,32486366;0,04336860;0,00000000
6,32496766;0,00000000;0,00000000
6,32507166;0,00000000;0,00000000
6,32517566;0,00000000;0,00000000
6,32527966;0,00000000;0,00000000
6,32538366;0,00000000;0,00000000
6,32548766;0,04336860;0,00000000
6,32559166;0,00000000;0,00000000
6,32569566;0,00000000;0,00000000
6,32579966;0,00000000;0,00000000
6,32590366;0,00000000;0,00000000
6,32600766;0,00000000;0,00000000
6,32611166;0,04336860;0,00000000
6,32621566;0,00000000;0,00000000
6,32631966;0,00000000;0,00000000
6,32642366;0,04336860;0,00000000
6,32652766;0,00000000;0,00000000
6,32663166;0,04336860;0,00000000
6,32673566;0,00000000;0,00000000
6,32683966;0,00000000;0,00000000
6,32694366;0,00000000;0,00000000
6,32704766;0,00000000;0,00000000
6,32715166;0,04336860;0,00000000
6,32725566;0,00000000;0,00000000
6,32735966;0,00000000;0,00000000
6,32746366;0,00000000;-0,01734744
6,32756766;0,04336860;0,00000000
6,32767166;0,00000000;0,00000000
6,32777566;0,00000000;0,00000000
6,32787966;0,00000000;0,00000000
6,32798366;0,04336860;0,00000000
6,32808766;0,00000000;0,00000000
6,32819166;0,00000000;0,00000000
6,32829566;0,00000000;0,00000000
6,32839966;0,00000000;0,00000000
6,32850366;0,00000000;0,00000000
6,32860766;0,04336860;0,00000000
6,32871166;0,04336860;0,00000000
6,32881566;0,04336860;0,00000000
6,32891966;0,00000000;0,00000000
6,32902366;0,04336860;0,00000000
6,32912766;0,00000000;0,00000000
6,32923166;0,00000000;0,00000000
6,32933566;0,04336860;0,00000000
6,32943966;0,00000000;0,00000000
6,32954366;0,04336860;0,00000000
6,32964766;0,04336860;0,00000000
6,32975166;0,00000000;0,00000000
6,32985566;0,00000000;0,00000000
6,32995966;0,00000000;0,00000000
6,33006366;0,00000000;0,00000000
6,33016766;0,04336860;0,00000000
6,33027166;0,00000000;0,00000000
6,33037566;0,04336860;0,00000000
6,33047966;0,00000000;0,00000000
6,33058366;0,04336860;0,00000000
6,33068766;0,00000000;0,00000000
6,33079166;0,00000000;0,00000000
6,33089566;0,04336860;0,00000000
6,33099966;0,00000000;0,00000000
6,33110366;0,00000000;0,00000000
6,33120766;0,00000000;0,00000000
6,33131166;0,04336860;0,00000000
6,33141566;0,04336860;-0,01734744
6,33151966;0,00000000;0,00000000
6,33162366;0,00000000;0,00000000
6,33172766;0,00000000;0,00000000
6,33183166;0,00000000;0,00000000
6,33193566;0,00000000;-0,01734744
6,33203966;0,00000000;0,00000000
6,33214366;0,00000000;0,00000000
6,33224766;0,00000000;0,00000000
6,33235166;0,00000000;0,00000000
6,33245566;0,04336860;0,00000000
6,33255966;0,00000000;0,00000000
6,33266366;0,04336860;0,00000000
6,33276766;0,00000000;0,00000000
6,33287166;0,00000000;0,00000000
6,33297566;0,04336860;0,00000000
6,33307966;0,00000000;0,00000000
6,33318366;0,00000000;0,00000000
6,33328766;0,00000000;0,00000000
6,33339166;0,00000000;0,00000000
6,33349566;0,00000000;0,00000000
6,33359966;0,00000000;0,00000000
6,33370366;0,00000000;0,00000000
6,33380766;0,00000000;0,00000000
6,33391166;0,04336860;0,00000000
6,33401566;0,04336860;0,00000000
6,33411966;0,00000000;0,00000000
6,33422366;0,04336860;0,00000000
6,33432766;0,04336860;0,00000000
6,33443166;0,04336860;0,00000000
6,33453566;0,00000000;0,00000000
6,33463966;0,04336860;0,00000000
6,33474366;0,04336860;0,00000000
6,33484766;0,00000000;0,00000000
6,33495166;0,00000000;0,00000000
6,33505566;0,00000000;0,00000000
6,33515966;0,00000000;0,00000000
6,33526366;0,00000000;0,00000000
6,33536766;0,00000000;0,00000000
6,33547166;0,00000000;0,00000000
6,33557566;0,04336860;0,00000000
6,33567966;0,04336860;0,00000000
6,33578366;0,00000000;0,00000000
6,33588766;0,00000000;0,00000000
6,33599166;0,00000000;0,00000000
6,33609566;0,00000000;0,00000000
6,33619966;0,00000000;0,00000000
6,33630366;0,00000000;0,00000000
6,33640766;0,00000000;0,00000000
6,33651166;0,00000000;0,00000000
6,33661566;0,00000000;0,00000000
6,33671966;0,00000000;0,00000000
6,33682366;0,00000000;0,00000000
6,33692766;0,04336860;0,00000000
6,33703166;0,00000000;0,00000000
6,33713566;0,00000000;0,00000000
6,33723966;0,00000000;0,00000000
6,33734366;0,04336860;0,00000000
6,33744766;0,00000000;0,00000000
6,33755166;0,00000000;0,00000000
6,33765566;0,00000000;0,00000000
6,33775966;0,00000000;0,00000000
6,33786366;0,04336860;0,00000000
6,33796766;0,00000000;0,00000000
6,33807166;0,00000000;0,00000000
6,33817566;0,00000000;0,00000000
6,33827966;0,00000000;0,00000000
6,33838366;0,00000000;0,00000000
6,33848766;0,00000000;-0,01734744
6,33859166;0,00000000;0,00000000
6,33869566;0,04336860;0,00000000
6,33879966;0,00000000;0,00000000
6,33890366;0,00000000;0,00000000
6,33900766;0,00000000;0,00000000
6,33911166;0,00000000;0,00000000
6,33921566;0,00000000;0,00000000
6,33931966;0,00000000;0,00000000
6,33942366;0,04336860;-0,01734744
6,33952766;0,04336860;0,00000000
6,33963166;0,00000000;0,00000000
6,33973566;0,00000000;0,00000000
6,33983966;0,00000000;0,00000000
6,33994366;0,00000000;0,00000000
6,34004766;0,04336860;0,00000000
6,34015166;0,00000000;0,00000000
6,34025566;0,04336860;0,00000000
6,34035966;0,00000000;0,00000000
6,34046366;0,00000000;0,00000000
6,34056766;0,00000000;0,00000000
6,34067166;0,00000000;0,00000000
6,34077566;0,00000000;0,00000000
6,34087966;0,00000000;0,00000000
6,34098366;0,00000000;-0,01734744
6,34108766;0,00000000;0,00000000
6,34119166;0,00000000;0,00000000
6,34129566;0,00000000;0,00000000
6,34139966;0,00000000;0,00000000
6,34150366;0,00000000;0,00000000
6,34160766;0,00000000;0,00000000
6,34171166;0,00000000;0,00000000
6,34181566;0,00000000;0,00000000
6,34191966;0,00000000;0,00000000
6,34202366;0,00000000;0,00000000
6,34212766;0,00000000;0,00000000
6,34223166;0,04336860;0,00000000
6,34233566;0,04336860;0,00000000
6,34243966;0,00000000;0,00000000
6,34254366;0,00000000;0,00000000
6,34264766;0,00000000;0,00000000
6,34275166;0,00000000;0,00000000
6,34285566;0,00000000;0,00000000
6,34295966;0,00000000;0,00000000
6,34306366;0,04336860;0,00000000
6,34316766;0,00000000;0,00000000
6,34327166;0,00000000;0,00000000
6,34337566;0,04336860;0,00000000
6,34347966;0,00000000;0,00000000
6,34358366;0,00000000;0,00000000
6,34368766;0,00000000;0,00000000
6,34379166;0,04336860;0,00000000
6,34389566;0,00000000;0,00000000
6,34399966;0,00000000;0,00000000
6,34410366;0,00000000;0,00000000
6,34420766;0,00000000;0,00000000
6,34431166;0,00000000;0,00000000
6,34441566;0,04336860;0,00000000
6,34451966;0,00000000;0,00000000
6,34462366;0,00000000;0,00000000
6,34472766;0,00000000;-0,01734744
6,34483166;0,00000000;0,00000000
6,34493566;0,00000000;0,00000000
6,34503966;0,00000000;0,00000000
6,34514366;0,00000000;0,00000000
6,34524766;0,04336860;0,00000000
6,34535166;0,00000000;0,00000000
6,34545566;0,00000000;0,00000000
6,34555966;0,00000000;0,00000000
6,34566366;0,00000000;0,00000000
6,34576766;0,04336860;0,00000000
6,34587166;0,00000000;0,00000000
6,34597566;0,04336860;0,00000000
6,34607966;0,00000000;0,00000000
6,34618366;0,00000000;0,00000000
6,34628766;0,00000000;0,00000000
6,34639166;0,00000000;0,00000000
6,34649566;0,00000000;-0,01734744
6,34659966;0,00000000;0,00000000
6,34670366;0,00000000;0,00000000
6,34680766;0,04336860;0,00000000
6,34691166;0,00000000;0,00000000
6,34701566;0,00000000;-0,01734744
6,34711966;0,04336860;0,00000000
6,34722366;0,00000000;0,00000000
6,34732766;0,00000000;0,00000000
6,34743166;0,00000000;0,00000000
6,34753566;0,04336860;0,00000000
6,34763966;0,00000000;0,00000000
6,34774366;0,04336860;0,00000000
6,34784766;0,04336860;0,00000000
6,34795166;0,04336860;0,00000000
6,34805566;0,00000000;0,00000000
6,34815966;0,04336860;0,00000000
6,34826366;0,04336860;0,00000000
6,34836766;0,00000000;0,00000000
6,34847166;0,04336860;0,00000000
6,34857566;0,00000000;0,00000000
6,34867966;0,00000000;0,00000000
6,34878366;0,04336860;0,00000000
6,34888766;0,00000000;0,00000000
6,34899166;0,00000000;0,00000000
6,34909566;0,00000000;0,00000000
6,34919966;0,04336860;0,00000000
6,34930366;0,00000000;0,00000000
6,34940766;0,04336860;0,00000000
6,34951166;0,00000000;0,00000000
6,34961566;0,00000000;0,00000000
6,34971966;0,04336860;0,00000000
6,34982366;0,00000000;0,00000000
6,34992766;0,00000000;0,00000000
6,35003166;0,00000000;0,00000000
6,35013566;0,04336860;0,00000000
6,35023966;0,04336860;0,00000000
6,35034366;0,00000000;0,00000000
6,35044766;0,00000000;0,00000000
6,35055166;0,04336860;0,00000000
6,35065566;0,00000000;0,00000000
6,35075966;0,00000000;0,00000000
6,35086366;0,00000000;0,00000000
6,35096766;0,00000000;0,00000000
6,35107166;0,00000000;0,00000000
6,35117566;0,00000000;-0,01734744
6,35127966;0,00000000;0,00000000
6,35138366;0,00000000;0,00000000
6,35148766;0,00000000;0,00000000
6,35159166;0,00000000;0,00000000
6,35169566;0,00000000;-0,01734744
6,35179966;0,00000000;0,00000000
6,35190366;0,00000000;0,00000000
6,35200766;0,00000000;0,00000000
6,35211166;0,00000000;0,00000000
6,35221566;0,00000000;0,00000000
6,35231966;0,00000000;0,00000000
6,35242366;0,00000000;0,00000000
6,35252766;0,00000000;0,00000000
6,35263166;0,00000000;0,00000000
6,35273566;0,00000000;0,00000000
6,35283966;0,00000000;0,00000000
6,35294366;0,04336860;0,00000000
6,35304766;0,00000000;0,00000000
6,35315166;0,00000000;0,00000000
6,35325566;0,00000000;0,00000000
6,35335966;0,00000000;0,00000000
6,35346366;0,00000000;0,00000000
6,35356766;0,00000000;0,00000000
6,35367166;0,00000000;0,00000000
6,35377566;0,00000000;0,00000000
6,35387966;0,00000000;0,00000000
6,35398366;0,00000000;0,00000000
6,35408766;0,00000000;0,00000000
6,35419166;0,00000000;0,00000000
6,35429566;0,00000000;0,00000000
6,35439966;0,00000000;0,00000000
6,35450366;0,00000000;0,00000000
6,35460766;0,00000000;0,00000000
6,35471166;0,04336860;0,00000000
6,35481566;0,00000000;0,00000000
6,35491966;0,00000000;0,00000000
6,35502366;0,00000000;0,00000000
6,35512766;0,00000000;0,00000000
6,35523166;0,00000000;0,00000000
6,35533566;0,00000000;0,00000000
6,35543966;0,04336860;0,00000000
6,35554366;0,00000000;0,00000000
6,35564766;0,04336860;0,00000000
6,35575166;0,00000000;0,00000000
6,35585566;0,00000000;0,00000000
6,35595966;0,00000000;0,00000000
6,35606366;0,00000000;0,00000000
6,35616766;0,00000000;0,00000000
6,35627166;0,00000000;0,00000000
6,35637566;0,04336860;0,00000000
6,35647966;0,00000000;0,00000000
6,35658366;0,00000000;0,00000000
6,35668766;0,04336860;0,00000000
6,35679166;0,04336860;0,00000000
6,35689566;0,04336860;0,00000000
6,35699966;0,00000000;0,00000000
6,35710366;0,00000000;0,00000000
6,35720766;0,00000000;0,00000000
6,35731166;0,00000000;0,00000000
6,35741566;0,00000000;0,00000000
6,35751966;0,00000000;0,00000000
6,35762366;0,00000000;0,00000000
6,35772766;0,00000000;0,00000000
6,35783166;0,00000000;0,00000000
6,35793566;0,00000000;0,00000000
6,35803966;0,00000000;-0,01734744
6,35814366;0,04336860;0,00000000
6,35824766;0,04336860;0,00000000
6,35835166;0,04336860;0,00000000
6,35845566;0,04336860;0,00000000
6,35855966;0,04336860;0,00000000
6,35866366;0,04336860;0,00000000
6,35876766;0,00000000;0,00000000
6,35887166;0,00000000;0,00000000
6,35897566;0,00000000;0,00000000
6,35907966;0,00000000;0,00000000
6,35918366;0,00000000;0,00000000
6,35928766;0,04336860;0,00000000
6,35939166;0,04336860;0,00000000
6,35949566;0,00000000;0,00000000
6,35959966;0,00000000;0,00000000
6,35970366;0,00000000;0,00000000
6,35980766;0,00000000;0,00000000
6,35991166;0,00000000;0,00000000
6,36001566;0,00000000;0,00000000
6,36011966;0,04336860;0,00000000
6,36022366;0,00000000;0,00000000
6,36032766;0,00000000;0,00000000
6,36043166;0,04336860;0,00000000
6,36053566;0,00000000;-0,01734744
6,36063966;0,00000000;0,00000000
6,36074366;0,04336860;0,00000000
6,36084766;0,04336860;0,00000000
6,36095166;0,00000000;0,00000000
6,36105566;0,00000000;0,00000000
6,36115966;0,04336860;0,00000000
6,36126366;0,00000000;0,00000000
6,36136766;0,00000000;0,00000000
6,36147166;0,00000000;0,00000000
6,36157566;0,00000000;0,00000000
6,36167966;0,04336860;0,00000000
6,36178366;0,00000000;0,00000000
6,36188766;0,00000000;0,00000000
6,36199166;0,00000000;0,00000000
6,36209566;0,00000000;0,00000000
6,36219966;0,00000000;0,00000000
6,36230366;0,04336860;0,00000000
6,36240766;0,04336860;0,00000000
6,36251166;0,00000000;0,00000000
6,36261566;0,00000000;0,00000000
6,36271966;0,04336860;0,00000000
6,36282366;0,00000000;0,00000000
6,36292766;0,00000000;0,00000000
6,36303166;0,04336860;0,00000000
6,36313566;0,04336860;0,00000000
6,36323966;0,04336860;0,00000000
6,36334366;0,00000000;0,00000000
6,36344766;0,00000000;0,00000000
6,36355166;0,00000000;0,00000000
6,36365566;0,00000000;0,00000000
6,36375966;0,00000000;0,00000000
6,36386366;0,00000000;0,00000000
6,36396766;0,00000000;0,00000000
6,36407166;0,04336860;0,00000000
6,36417566;0,00000000;0,00000000
6,36427966;0,04336860;0,00000000
6,36438366;0,00000000;0,00000000
6,36448766;0,00000000;0,00000000
6,36459166;0,04336860;0,00000000
6,36469566;0,00000000;0,00000000
6,36479966;0,00000000;0,00000000
6,36490366;0,00000000;0,00000000
6,36500766;0,00000000;0,00000000
6,36511166;0,00000000;0,00000000
6,36521566;0,00000000;0,00000000
6,36531966;0,00000000;0,00000000
6,36542366;0,00000000;0,00000000
6,36552766;0,00000000;0,00000000
6,36563166;0,00000000;0,00000000
6,36573566;0,04336860;0,00000000
6,36583966;0,00000000;0,00000000
6,36594366;0,04336860;0,00000000
6,36604766;0,00000000;0,00000000
6,36615166;0,00000000;0,00000000
6,36625566;0,04336860;0,00000000
6,36635966;0,00000000;0,00000000
6,36646366;0,00000000;0,00000000
6,36656766;0,00000000;0,00000000
6,36667166;0,00000000;0,00000000
6,36677566;0,00000000;0,00000000
6,36687966;0,04336860;0,00000000
6,36698366;0,00000000;0,00000000
6,36708766;0,00000000;0,00000000
6,36719166;0,00000000;0,00000000
6,36729566;0,04336860;0,00000000
6,36739966;0,04336860;0,00000000
6,36750366;0,04336860;0,00000000
6,36760766;0,00000000;0,00000000
6,36771166;0,00000000;0,00000000
6,36781566;0,00000000;0,00000000
6,36791966;0,00000000;0,00000000
6,36802366;0,04336860;0,00000000
6,36812766;0,00000000;0,00000000
6,36823166;0,00000000;-0,01734744
6,36833566;0,04336860;0,00000000
6,36843966;0,00000000;0,00000000
6,36854366;0,00000000;0,00000000
6,36864766;0,00000000;0,00000000
6,36875166;0,00000000;0,00000000
6,36885566;0,00000000;0,00000000
6,36895966;0,00000000;0,00000000
6,36906366;0,00000000;0,00000000
6,36916766;0,04336860;0,00000000
6,36927166;0,00000000;0,00000000
6,36937566;0,04336860;0,00000000
6,36947966;0,00000000;-0,01734744
6,36958366;0,04336860;0,00000000
6,36968766;0,00000000;0,00000000
6,36979166;0,04336860;0,00000000
6,36989566;0,04336860;0,00000000
6,36999966;0,00000000;0,00000000
6,37010366;0,00000000;0,00000000
6,37020766;0,00000000;0,00000000
6,37031166;0,00000000;0,00000000
6,37041566;0,00000000;0,00000000
6,37051966;0,00000000;0,00000000
6,37062366;0,04336860;0,00000000
6,37072766;0,04336860;0,00000000
6,37083166;0,04336860;0,00000000
6,37093566;0,00000000;0,00000000
6,37103966;0,04336860;0,00000000
6,37114366;0,00000000;0,00000000
6,37124766;0,04336860;0,00000000
6,37135166;0,00000000;0,00000000
6,37145566;0,04336860;0,00000000
6,37155966;0,00000000;0,00000000
6,37166366;0,00000000;0,00000000
6,37176766;0,04336860;0,00000000
6,37187166;0,00000000;0,00000000
6,37197566;0,00000000;0,00000000
6,37207966;0,00000000;0,00000000
6,37218366;0,00000000;0,00000000
6,37228766;0,00000000;0,00000000
6,37239166;0,04336860;0,00000000
6,37249566;0,04336860;0,00000000
6,37259966;0,00000000;0,00000000
6,37270366;0,00000000;-0,01734744
6,37280766;0,00000000;0,00000000
6,37291166;0,00000000;0,00000000
6,37301566;0,00000000;0,00000000
6,37311966;0,04336860;0,00000000
6,37322366;0,00000000;-0,01734744
6,37332766;0,00000000;0,00000000
6,37343166;0,04336860;0,00000000
6,37353566;0,00000000;0,00000000
6,37363966;0,00000000;0,00000000
6,37374366;0,00000000;0,00000000
6,37384766;0,00000000;0,00000000
6,37395166;0,04336860;0,00000000
6,37405566;0,04336860;0,00000000
6,37415966;0,00000000;0,00000000
6,37426366;0,00000000;0,00000000
6,37436766;0,00000000;0,00000000
6,37447166;0,00000000;0,00000000
6,37457566;0,00000000;0,00000000
6,37467966;0,00000000;0,00000000
6,37478366;0,00000000;0,00000000
6,37488766;0,04336860;0,00000000
6,37499166;0,00000000;0,00000000
6,37509566;0,04336860;0,00000000
6,37519966;0,04336860;0,00000000
6,37530366;0,00000000;0,00000000
6,37540766;0,00000000;0,00000000
6,37551166;0,00000000;0,00000000
6,37561566;0,00000000;0,00000000
6,37571966;0,04336860;0,00000000
6,37582366;0,00000000;0,00000000
6,37592766;0,00000000;0,00000000
6,37603166;0,00000000;0,00000000
6,37613566;0,04336860;0,00000000
6,37623966;0,04336860;0,00000000
6,37634366;0,00000000;0,00000000
6,37644766;0,00000000;0,00000000
6,37655166;0,04336860;0,00000000
6,37665566;0,00000000;0,00000000
6,37675966;0,00000000;0,00000000
6,37686366;0,00000000;0,00000000
6,37696766;0,00000000;-0,01734744
6,37707166;0,04336860;0,00000000
6,37717566;0,00000000;0,00000000
6,37727966;0,00000000;0,00000000
6,37738366;0,04336860;0,00000000
6,37748766;0,00000000;0,00000000
6,37759166;0,00000000;0,00000000
6,37769566;0,00000000;0,00000000
6,37779966;0,00000000;0,00000000
6,37790366;0,00000000;0,00000000
6,37800766;0,00000000;0,00000000
6,37811166;0,04336860;0,00000000
6,37821566;0,00000000;0,00000000
6,37831966;0,00000000;0,00000000
6,37842366;0,04336860;0,00000000
6,37852766;0,04336860;0,00000000
6,37863166;0,00000000;0,00000000
6,37873566;0,00000000;0,00000000
6,37883966;0,00000000;0,00000000
6,37894366;0,04336860;0,00000000
6,37904766;0,00000000;0,00000000
6,37915166;0,04336860;0,00000000
6,37925566;0,00000000;0,00000000
6,37935966;0,04336860;0,00000000
6,37946366;0,00000000;0,00000000
6,37956766;0,04336860;0,00000000
6,37967166;0,00000000;0,00000000
6,37977566;0,04336860;0,00000000
6,37987966;0,00000000;0,00000000
6,37998366;0,00000000;0,00000000
6,38008766;0,00000000;0,00000000
6,38019166;0,00000000;0,00000000
6,38029566;0,04336860;0,00000000
6,38039966;0,00000000;0,00000000
6,38050366;0,00000000;0,00000000
6,38060766;0,00000000;0,00000000
6,38071166;0,00000000;0,00000000
6,38081566;0,00000000;0,00000000
6,38091966;0,00000000;0,00000000
6,38102366;0,00000000;0,00000000
6,38112766;0,04336860;0,00000000
6,38123166;0,04336860;0,00000000
6,38133566;0,00000000;0,00000000
6,38143966;0,00000000;0,00000000
6,38154366;0,00000000;0,00000000
6,38164766;0,04336860;0,00000000
6,38175166;0,00000000;0,00000000
6,38185566;0,00000000;0,00000000
6,38195966;0,00000000;0,00000000
6,38206366;0,00000000;0,00000000
6,38216766;0,00000000;0,00000000
6,38227166;0,00000000;0,00000000
6,38237566;0,00000000;0,00000000
6,38247966;0,00000000;0,00000000
6,38258366;0,00000000;0,00000000
6,38268766;0,00000000;0,00000000
6,38279166;0,04336860;0,00000000
6,38289566;0,00000000;0,00000000
6,38299966;0,00000000;0,00000000
6,38310366;0,04336860;0,00000000
6,38320766;0,00000000;0,00000000
6,38331166;0,04336860;0,00000000
6,38341566;0,00000000;-0,01734744
6,38351966;0,04336860;0,00000000
6,38362366;0,00000000;0,00000000
6,38372766;0,00000000;0,00000000
6,38383166;0,00000000;0,00000000
6,38393566;0,04336860;0,00000000
6,38403966;0,00000000;0,00000000
6,38414366;0,00000000;0,00000000
6,38424766;0,00000000;0,00000000
6,38435166;0,04336860;0,00000000
6,38445566;0,00000000;0,00000000
6,38455966;0,00000000;0,00000000
6,38466366;0,00000000;0,00000000
6,38476766;0,00000000;0,00000000
6,38487166;0,00000000;0,00000000
6,38497566;0,00000000;0,00000000
6,38507966;0,00000000;0,00000000
6,38518366;0,00000000;0,00000000
6,38528766;0,00000000;0,00000000
6,38539166;0,00000000;0,00000000
6,38549566;0,00000000;0,00000000
6,38559966;0,00000000;0,00000000
6,38570366;0,00000000;0,00000000
6,38580766;0,04336860;0,00000000
6,38591166;0,04336860;-0,01734744
6,38601566;0,04336860;0,00000000
6,38611966;0,00000000;0,00000000
6,38622366;0,00000000;0,00000000
6,38632766;0,04336860;0,00000000
6,38643166;0,04336860;0,00000000
6,38653566;0,04336860;0,00000000
6,38663966;0,04336860;0,00000000
6,38674366;0,00000000;0,00000000
6,38684766;0,04336860;0,00000000
6,38695166;0,00000000;0,00000000
6,38705566;0,04336860;0,00000000
6,38715966;0,00000000;0,00000000
6,38726366;0,00000000;0,00000000
6,38736766;0,00000000;0,00000000
6,38747166;0,00000000;0,00000000
6,38757566;0,00000000;0,00000000
6,38767966;0,04336860;0,00000000
6,38778366;0,00000000;0,00000000
6,38788766;0,04336860;0,00000000
6,38799166;0,04336860;0,00000000
6,38809566;0,00000000;0,00000000
6,38819966;0,00000000;0,00000000
6,38830366;0,04336860;0,00000000
6,38840766;0,00000000;0,00000000
6,38851166;0,04336860;0,00000000
6,38861566;0,00000000;0,00000000
6,38871966;0,00000000;0,00000000
6,38882366;0,00000000;0,00000000
6,38892766;0,00000000;0,00000000
6,38903166;0,00000000;0,00000000
6,38913566;0,00000000;0,00000000
6,38923966;0,00000000;0,00000000
6,38934366;0,04336860;0,00000000
6,38944766;0,04336860;0,00000000
6,38955166;0,00000000;0,00000000
6,38965566;0,04336860;0,00000000
6,38975966;0,00000000;0,00000000
6,38986366;0,00000000;0,00000000
6,38996766;0,00000000;0,00000000
6,39007166;0,00000000;0,00000000
6,39017566;0,04336860;0,00000000
6,39027966;0,04336860;0,00000000
6,39038366;0,00000000;-0,01734744
6,39048766;0,00000000;0,00000000
6,39059166;0,00000000;0,00000000
6,39069566;0,04336860;0,00000000
6,39079966;0,00000000;0,00000000
6,39090366;0,00000000;0,00000000
6,39100766;0,00000000;0,00000000
6,39111166;0,00000000;0,00000000
6,39121566;0,00000000;0,00000000
6,39131966;0,00000000;0,00000000
6,39142366;0,00000000;0,00000000
6,39152766;0,04336860;0,00000000
6,39163166;0,00000000;0,00000000
6,39173566;0,00000000;0,00000000
6,39183966;0,04336860;0,00000000
6,39194366;0,00000000;-0,01734744
6,39204766;0,00000000;0,00000000
6,39215166;0,00000000;0,00000000
6,39225566;0,00000000;0,00000000
6,39235966;0,04336860;0,00000000
6,39246366;0,04336860;0,00000000
6,39256766;0,00000000;0,00000000
6,39267166;0,04336860;0,00000000
6,39277566;0,00000000;0,00000000
6,39287966;0,00000000;0,00000000
6,39298366;0,00000000;0,00000000
6,39308766;0,04336860;0,00000000
6,39319166;0,04336860;0,00000000
6,39329566;0,00000000;0,00000000
6,39339966;0,00000000;0,00000000
6,39350366;0,04336860;0,00000000
6,39360766;0,00000000;0,00000000
6,39371166;0,04336860;0,00000000
6,39381566;0,00000000;0,00000000
6,39391966;0,00000000;0,00000000
6,39402366;0,00000000;0,00000000
6,39412766;0,00000000;-0,01734744
6,39423166;0,00000000;0,00000000
6,39433566;0,00000000;0,00000000
6,39443966;0,00000000;-0,01734744
6,39454366;0,04336860;0,00000000
6,39464766;0,00000000;0,00000000
6,39475166;0,00000000;0,00000000
6,39485566;0,04336860;0,00000000
6,39495966;0,00000000;0,00000000
6,39506366;0,00000000;0,00000000
6,39516766;0,00000000;0,00000000
6,39527166;0,00000000;0,00000000
6,39537566;0,00000000;0,00000000
6,39547966;0,00000000;0,00000000
6,39558366;0,04336860;0,00000000
6,39568766;0,00000000;0,00000000
6,39579166;0,04336860;0,00000000
6,39589566;0,00000000;0,00000000
6,39599966;0,00000000;0,00000000
6,39610366;0,00000000;0,00000000
6,39620766;0,04336860;0,00000000
6,39631166;0,00000000;0,00000000
6,39641566;0,04336860;0,00000000
6,39651966;0,00000000;0,00000000
6,39662366;0,04336860;0,00000000
6,39672766;0,00000000;0,00000000
6,39683166;0,04336860;0,00000000
6,39693566;0,00000000;0,00000000
6,39703966;0,00000000;0,00000000
6,39714366;0,04336860;0,00000000
6,39724766;0,04336860;0,00000000
6,39735166;0,04336860;0,00000000
6,39745566;0,00000000;0,00000000
6,39755966;0,04336860;0,00000000
6,39766366;0,00000000;0,00000000
6,39776766;0,00000000;0,00000000
6,39787166;0,00000000;0,00000000
6,39797566;0,00000000;0,00000000
6,39807966;0,00000000;0,00000000
6,39818366;0,00000000;0,00000000
6,39828766;0,00000000;0,00000000
6,39839166;0,00000000;0,00000000
6,39849566;0,00000000;0,00000000
6,39859966;0,00000000;0,00000000
6,39870366;0,00000000;0,00000000
6,39880766;0,00000000;0,00000000
6,39891166;0,00000000;0,00000000
6,39901566;0,04336860;0,00000000
6,39911966;0,00000000;0,00000000
6,39922366;0,00000000;0,00000000
6,39932766;0,04336860;0,00000000
6,39943166;0,00000000;0,00000000
6,39953566;0,00000000;0,00000000
6,39963966;0,00000000;0,00000000
6,39974366;0,00000000;0,00000000
6,39984766;0,00000000;0,00000000
6,39995166;0,00000000;0,00000000
6,40005566;0,00000000;-0,01734744
6,40015966;0,04336860;0,00000000
6,40026366;0,00000000;0,00000000
6,40036766;0,04336860;0,00000000
6,40047165;0,00000000;0,00000000
6,40057565;0,00000000;0,00000000
6,40067965;0,04336860;0,00000000
6,40078365;0,00000000;0,00000000
6,40088765;0,00000000;0,00000000
6,40099165;0,04336860;0,00000000
6,40109565;0,00000000;0,00000000
6,40119965;0,04336860;0,00000000
6,40130365;0,00000000;0,00000000
6,40140765;0,04336860;0,00000000
6,40151165;0,00000000;0,00000000
6,40161565;0,00000000;0,00000000
6,40171965;0,00000000;0,00000000
6,40182365;0,00000000;0,00000000
6,40192765;0,00000000;0,00000000
6,40203165;0,00000000;0,00000000
6,40213565;0,04336860;0,00000000
6,40223965;0,04336860;0,00000000
6,40234365;0,00000000;0,00000000
6,40244765;0,00000000;0,00000000
6,40255165;0,04336860;0,00000000
6,40265565;0,04336860;0,00000000
6,40275965;0,00000000;0,00000000
6,40286365;0,00000000;0,00000000
6,40296765;0,04336860;0,00000000
6,40307165;0,00000000;0,00000000
6,40317565;0,00000000;0,00000000
6,40327965;0,00000000;0,00000000
6,40338365;0,00000000;0,00000000
6,40348765;0,00000000;0,00000000
6,40359165;0,00000000;0,00000000
6,40369565;0,04336860;0,00000000
6,40379965;0,00000000;0,00000000
6,40390365;0,00000000;0,00000000
6,40400765;0,00000000;0,00000000
6,40411165;0,00000000;0,00000000
6,40421565;0,00000000;0,00000000
6,40431965;0,00000000;0,00000000
6,40442365;0,00000000;0,00000000
6,40452765;0,00000000;0,00000000
6,40463165;0,00000000;0,00000000
6,40473565;0,00000000;0,00000000
6,40483965;0,04336860;0,00000000
6,40494365;0,04336860;0,00000000
6,40504765;0,00000000;0,00000000
6,40515165;0,04336860;0,00000000
6,40525565;0,04336860;0,00000000
6,40535965;0,00000000;0,00000000
6,40546365;0,00000000;0,00000000
6,40556765;0,00000000;0,00000000
6,40567165;0,04336860;0,00000000
6,40577565;0,04336860;0,00000000
6,40587965;0,04336860;0,00000000
6,40598365;0,00000000;0,00000000
6,40608765;0,00000000;0,00000000
6,40619165;0,00000000;0,00000000
6,40629565;0,00000000;0,00000000
6,40639965;0,04336860;0,00000000
6,40650365;0,00000000;0,00000000
6,40660765;0,00000000;0,00000000
6,40671165;0,00000000;0,00000000
6,40681565;0,00000000;0,00000000
6,40691965;0,00000000;0,00000000
6,40702365;0,00000000;0,00000000
6,40712765;0,00000000;0,00000000
6,40723165;0,00000000;-0,01734744
6,40733565;0,00000000;0,00000000
6,40743965;0,00000000;0,00000000
6,40754365;0,00000000;0,00000000
6,40764765;0,00000000;0,00000000
6,40775165;0,00000000;0,00000000
6,40785565;0,04336860;0,00000000
6,40795965;0,00000000;0,00000000
6,40806365;0,00000000;0,00000000
6,40816765;0,00000000;0,00000000
6,40827165;0,00000000;0,00000000
6,40837565;0,04336860;0,00000000
6,40847965;0,00000000;-0,01734744
6,40858365;0,00000000;0,00000000
6,40868765;0,00000000;0,00000000
6,40879165;0,00000000;0,00000000
6,40889565;0,00000000;0,00000000
6,40899965;0,00000000;0,00000000
6,40910365;0,04336860;0,00000000
6,40920765;0,00000000;0,00000000
6,40931165;0,00000000;0,00000000
6,40941565;0,00000000;-0,01734744
6,40951965;0,00000000;0,00000000
6,40962365;0,00000000;-0,01734744
6,40972765;0,00000000;0,00000000
6,40983165;0,00000000;0,00000000
6,40993565;0,00000000;0,00000000
6,41003965;0,00000000;0,00000000
6,41014365;0,04336860;0,00000000
6,41024765;0,04336860;0,00000000
6,41035165;0,00000000;0,00000000
6,41045565;0,04336860;0,00000000
6,41055965;0,00000000;0,00000000
6,41066365;0,00000000;0,00000000
6,41076765;0,00000000;0,00000000
6,41087165;0,00000000;0,00000000
6,41097565;0,00000000;0,00000000
6,41107965;0,00000000;0,00000000
6,41118365;0,04336860;0,00000000
6,41128765;0,04336860;0,00000000
6,41139165;0,00000000;0,00000000
6,41149565;0,00000000;0,00000000
6,41159965;0,00000000;0,00000000
6,41170365;0,00000000;0,00000000
6,41180765;0,04336860;0,00000000
6,41191165;0,00000000;0,00000000
6,41201565;0,00000000;0,00000000
6,41211965;0,00000000;0,00000000
6,41222365;0,00000000;0,00000000
6,41232765;0,00000000;0,00000000
6,41243165;0,00000000;0,00000000
6,41253565;0,00000000;0,00000000
6,41263965;0,04336860;0,00000000
6,41274365;0,00000000;0,00000000
6,41284765;0,00000000;0,00000000
6,41295165;0,00000000;0,00000000
6,41305565;0,00000000;0,00000000
6,41315965;0,00000000;-0,01734744
6,41326365;0,00000000;0,00000000
6,41336765;0,00000000;0,00000000
6,41347165;0,00000000;0,00000000
6,41357565;0,00000000;0,00000000
6,41367965;0,04336860;0,00000000
6,41378365;0,00000000;0,00000000
6,41388765;0,04336860;0,00000000
6,41399165;0,00000000;0,00000000
6,41409565;0,00000000;0,00000000
6,41419965;0,00000000;0,00000000
6,41430365;0,00000000;0,00000000
6,41440765;0,00000000;0,00000000
6,41451165;0,00000000;0,00000000
6,41461565;0,00000000;0,00000000
6,41471965;0,04336860;0,00000000
6,41482365;0,00000000;0,00000000
6,41492765;0,00000000;0,00000000
6,41503165;0,00000000;0,00000000
6,41513565;0,00000000;0,00000000
6,41523965;0,00000000;-0,01734744
6,41534365;0,00000000;0,00000000
6,41544765;0,04336860;0,00000000
6,41555165;0,00000000;0,00000000
6,41565565;0,00000000;0,00000000
6,41575965;0,00000000;0,00000000
6,41586365;0,00000000;0,00000000
6,41596765;0,04336860;0,00000000
6,41607165;0,00000000;0,00000000
6,41617565;0,00000000;0,00000000
6,41627965;0,00000000;0,00000000
6,41638365;0,00000000;0,00000000
6,41648765;0,00000000;0,00000000
6,41659165;0,00000000;0,00000000
6,41669565;0,00000000;0,00000000
6,41679965;0,00000000;0,00000000
6,41690365;0,00000000;0,00000000
6,41700765;0,00000000;0,00000000
6,41711165;0,04336860;0,00000000
6,41721565;0,00000000;0,00000000
6,41731965;0,00000000;0,00000000
6,41742365;0,00000000;0,00000000
6,41752765;0,00000000;0,00000000
6,41763165;0,04336860;0,00000000
6,41773565;0,00000000;0,00000000
6,41783965;0,00000000;0,00000000
6,41794365;0,00000000;0,00000000
6,41804765;0,00000000;0,00000000
6,41815165;0,00000000;0,00000000
6,41825565;0,00000000;0,00000000
6,41835965;0,00000000;0,00000000
6,41846365;0,04336860;0,00000000
6,41856765;0,04336860;0,00000000
6,41867165;0,00000000;0,00000000
6,41877565;0,00000000;0,00000000
6,41887965;0,00000000;0,00000000
6,41898365;0,00000000;0,00000000
6,41908765;0,00000000;0,00000000
6,41919165;0,00000000;0,00000000
6,41929565;0,04336860;0,00000000
6,41939965;0,00000000;0,00000000
6,41950365;0,00000000;0,00000000
6,41960765;0,00000000;0,00000000
6,41971165;0,00000000;0,00000000
6,41981565;0,00000000;0,00000000
6,41991965;0,04336860;-0,01734744
6,42002365;0,04336860;-0,01734744
6,42012765;0,00000000;0,00000000
6,42023165;0,04336860;0,00000000
6,42033565;0,00000000;0,00000000
6,42043965;0,00000000;0,00000000
6,42054365;0,00000000;0,00000000
6,42064765;0,04336860;0,00000000
6,42075165;0,04336860;0,00000000
6,42085565;0,00000000;0,00000000
6,42095965;0,00000000;0,00000000
6,42106365;0,00000000;0,00000000
6,42116765;0,00000000;0,00000000
6,42127165;0,00000000;0,00000000
6,42137565;0,00000000;0,00000000
6,42147965;0,04336860;0,00000000
6,42158365;0,04336860;0,00000000
6,42168765;0,00000000;0,00000000
6,42179165;0,04336860;0,00000000
6,42189565;0,00000000;0,00000000
6,42199965;0,00000000;0,00000000
6,42210365;0,04336860;0,00000000
6,42220765;0,00000000;0,00000000
6,42231165;0,04336860;0,00000000
6,42241565;0,00000000;0,00000000
6,42251965;0,00000000;0,00000000
6,42262365;0,00000000;0,00000000
6,42272765;0,00000000;0,00000000
6,42283165;0,04336860;0,00000000
6,42293565;0,00000000;0,00000000
6,42303965;0,04336860;0,00000000
6,42314365;0,00000000;0,00000000
6,42324765;0,00000000;0,00000000
6,42335165;0,00000000;0,00000000
6,42345565;0,00000000;0,00000000
6,42355965;0,00000000;0,00000000
6,42366365;0,00000000;0,00000000
6,42376765;0,00000000;0,00000000
6,42387165;0,00000000;0,00000000
6,42397565;0,00000000;0,00000000
6,42407965;0,04336860;0,00000000
6,42418365;0,04336860;0,00000000
6,42428765;0,00000000;0,00000000
6,42439165;0,00000000;0,00000000
6,42449565;0,04336860;0,00000000
6,42459965;0,04336860;0,00000000
6,42470365;0,00000000;0,00000000
6,42480765;0,04336860;0,00000000
6,42491165;0,04336860;0,00000000
6,42501565;0,04336860;0,00000000
6,42511965;0,00000000;0,00000000
6,42522365;0,04336860;0,00000000
6,42532765;0,04336860;0,00000000
6,42543165;0,00000000;0,00000000
6,42553565;0,04336860;0,00000000
6,42563965;0,00000000;0,00000000
6,42574365;0,00000000;0,00000000
6,42584765;0,04336860;0,00000000
6,42595165;0,00000000;0,00000000
6,42605565;0,00000000;0,00000000
6,42615965;0,00000000;0,00000000
6,42626365;0,00000000;0,00000000
6,42636765;0,00000000;0,00000000
6,42647165;0,00000000;0,00000000
6,42657565;0,00000000;0,00000000
6,42667965;0,00000000;0,00000000
6,42678365;0,00000000;0,00000000
6,42688765;0,00000000;0,00000000
6,42699165;0,04336860;0,00000000
6,42709565;0,00000000;0,00000000
6,42719965;0,00000000;0,00000000
6,42730365;0,00000000;0,00000000
6,42740765;0,00000000;0,00000000
6,42751165;0,00000000;0,00000000
6,42761565;0,00000000;-0,01734744
6,42771965;0,00000000;-0,01734744
6,42782365;0,00000000;0,00000000
6,42792765;0,00000000;0,00000000
6,42803165;0,04336860;0,00000000
6,42813565;0,00000000;0,00000000
6,42823965;0,00000000;0,00000000
6,42834365;0,00000000;0,00000000
6,42844765;0,00000000;0,00000000
6,42855165;0,00000000;0,00000000
6,42865565;0,00000000;0,00000000
6,42875965;0,00000000;0,00000000
6,42886365;0,04336860;0,00000000
6,42896765;0,00000000;0,00000000
6,42907165;0,00000000;0,00000000
6,42917565;0,00000000;0,00000000
6,42927965;0,00000000;0,00000000
6,42938365;0,00000000;0,00000000
6,42948765;0,00000000;0,00000000
6,42959165;0,00000000;0,00000000
6,42969565;0,00000000;0,00000000
6,42979965;0,00000000;0,00000000
6,42990365;0,00000000;0,00000000
6,43000765;0,04336860;0,00000000
6,43011165;0,04336860;0,00000000
6,43021565;0,00000000;0,00000000
6,43031965;0,00000000;0,00000000
6,43042365;0,04336860;0,00000000
6,43052765;0,00000000;0,00000000
6,43063165;0,00000000;0,00000000
6,43073565;0,04336860;0,00000000
6,43083965;0,04336860;0,00000000
6,43094365;0,00000000;0,00000000
6,43104765;0,00000000;0,00000000
6,43115165;0,00000000;0,00000000
6,43125565;0,00000000;-0,01734744
6,43135965;0,00000000;0,00000000
6,43146365;0,00000000;0,00000000
6,43156765;0,00000000;0,00000000
6,43167165;0,00000000;0,00000000
6,43177565;0,00000000;0,00000000
6,43187965;0,00000000;0,00000000
6,43198365;0,00000000;0,00000000
6,43208765;0,00000000;0,00000000
6,43219165;0,00000000;0,00000000
6,43229565;0,00000000;0,00000000
6,43239965;0,00000000;0,00000000
6,43250365;0,00000000;0,00000000
6,43260765;0,04336860;0,00000000
6,43271165;0,00000000;0,00000000
6,43281565;0,00000000;0,00000000
6,43291965;0,04336860;0,00000000
6,43302365;0,00000000;0,00000000
6,43312765;0,00000000;0,00000000
6,43323165;0,00000000;0,00000000
6,43333565;0,04336860;0,00000000
6,43343965;0,04336860;0,00000000
6,43354365;0,04336860;0,00000000
6,43364765;0,00000000;0,00000000
6,43375165;0,00000000;0,00000000
6,43385565;0,00000000;0,00000000
6,43395965;0,00000000;0,00000000
6,43406365;0,00000000;0,00000000
6,43416765;0,00000000;0,00000000
6,43427165;0,04336860;0,00000000
6,43437565;0,00000000;0,00000000
6,43447965;0,04336860;0,00000000
6,43458365;0,00000000;0,00000000
6,43468765;0,00000000;0,00000000
6,43479165;0,04336860;0,00000000
6,43489565;0,04336860;-0,01734744
6,43499965;0,00000000;0,00000000
6,43510365;0,00000000;0,00000000
6,43520765;0,00000000;0,00000000
6,43531165;0,00000000;0,00000000
6,43541565;0,00000000;0,00000000
6,43551965;0,00000000;0,00000000
6,43562365;0,00000000;0,00000000
6,43572765;0,00000000;0,00000000
6,43583165;0,00000000;0,00000000
6,43593565;0,00000000;0,00000000
6,43603965;0,00000000;0,00000000
6,43614365;0,00000000;0,00000000
6,43624765;0,00000000;0,00000000
6,43635165;0,00000000;0,00000000
6,43645565;0,00000000;0,00000000
6,43655965;0,00000000;0,00000000
6,43666365;0,00000000;0,00000000
6,43676765;0,00000000;0,00000000
6,43687165;0,00000000;0,00000000
6,43697565;0,00000000;0,00000000
6,43707965;0,00000000;0,00000000
6,43718365;0,04336860;0,00000000
6,43728765;0,04336860;0,00000000
6,43739165;0,00000000;0,00000000
6,43749565;0,04336860;0,00000000
6,43759965;0,00000000;0,00000000
6,43770365;0,00000000;0,00000000
6,43780765;0,00000000;0,00000000
6,43791165;0,04336860;0,00000000
6,43801565;0,00000000;0,00000000
6,43811965;0,00000000;0,00000000
6,43822365;0,00000000;0,00000000
6,43832765;0,04336860;0,00000000
6,43843165;0,00000000;0,00000000
6,43853565;0,00000000;0,00000000
6,43863965;0,00000000;0,00000000
6,43874365;0,04336860;0,00000000
6,43884765;0,00000000;0,00000000
6,43895165;0,00000000;0,00000000
6,43905565;0,00000000;0,00000000
6,43915965;0,00000000;0,00000000
6,43926365;0,00000000;0,00000000
6,43936765;0,00000000;0,00000000
6,43947165;0,00000000;0,00000000
6,43957565;0,04336860;0,00000000
6,43967965;0,00000000;0,00000000
6,43978365;0,00000000;0,00000000
6,43988765;0,00000000;0,00000000
6,43999165;0,00000000;0,00000000
6,44009565;0,04336860;0,00000000
6,44019965;0,00000000;0,00000000
6,44030365;0,00000000;0,00000000
6,44040765;0,00000000;0,00000000
6,44051165;0,04336860;0,00000000
6,44061565;0,00000000;0,00000000
6,44071965;0,00000000;0,00000000
6,44082365;0,00000000;0,00000000
6,44092765;0,00000000;0,00000000
6,44103165;0,00000000;0,00000000
6,44113565;0,04336860;0,00000000
6,44123965;0,00000000;0,00000000
6,44134365;0,04336860;-0,01734744
6,44144765;0,00000000;0,00000000
6,44155165;0,00000000;0,00000000
6,44165565;0,00000000;0,00000000
6,44175965;0,04336860;0,00000000
6,44186365;0,00000000;0,00000000
6,44196765;0,04336860;0,00000000
6,44207165;0,00000000;0,00000000
6,44217565;0,00000000;0,00000000
6,44227965;0,00000000;0,00000000
6,44238365;0,04336860;0,00000000
6,44248765;0,00000000;0,00000000
6,44259165;0,04336860;0,00000000
6,44269565;0,00000000;0,00000000
6,44279965;0,04336860;0,00000000
6,44290365;0,00000000;0,00000000
6,44300765;0,00000000;0,00000000
6,44311165;0,00000000;0,00000000
6,44321565;0,00000000;0,00000000
6,44331965;0,04336860;0,00000000
6,44342365;0,04336860;0,00000000
6,44352765;0,00000000;0,00000000
6,44363165;0,04336860;0,00000000
6,44373565;0,00000000;0,00000000
6,44383965;0,00000000;0,00000000
6,44394365;0,00000000;0,00000000
6,44404765;0,00000000;0,00000000
6,44415165;0,00000000;0,00000000
6,44425565;0,00000000;0,00000000
6,44435965;0,00000000;0,00000000
6,44446365;0,00000000;0,00000000
6,44456765;0,00000000;0,00000000
6,44467165;0,00000000;0,00000000
6,44477565;0,00000000;0,00000000
6,44487965;0,00000000;0,00000000
6,44498365;0,00000000;0,00000000
6,44508765;0,00000000;0,00000000
6,44519165;0,00000000;0,00000000
6,44529565;0,00000000;0,00000000
6,44539965;0,00000000;0,00000000
6,44550365;0,04336860;0,00000000
6,44560765;0,00000000;0,00000000
6,44571165;0,04336860;0,00000000
6,44581565;0,00000000;0,00000000
6,44591965;0,04336860;0,00000000
6,44602365;0,04336860;0,00000000
6,44612765;0,00000000;0,00000000
6,44623165;0,00000000;0,00000000
6,44633565;0,00000000;0,00000000
6,44643965;0,00000000;0,00000000
6,44654365;0,00000000;0,00000000
6,44664765;0,00000000;0,00000000
6,44675165;0,00000000;0,00000000
6,44685565;0,00000000;0,00000000
6,44695965;0,00000000;0,00000000
6,44706365;0,00000000;0,00000000
6,44716765;0,00000000;0,00000000
6,44727165;0,00000000;0,00000000
6,44737565;0,00000000;0,00000000
6,44747965;0,00000000;0,00000000
6,44758365;0,00000000;0,00000000
6,44768765;0,04336860;0,00000000
6,44779165;0,00000000;0,00000000
6,44789565;0,00000000;0,00000000
6,44799965;0,00000000;0,00000000
6,44810365;0,00000000;0,00000000
6,44820765;0,00000000;0,00000000
6,44831165;0,00000000;-0,01734744
6,44841565;0,00000000;0,00000000
6,44851965;0,00000000;0,00000000
6,44862365;0,04336860;0,00000000
6,44872765;0,00000000;0,00000000
6,44883165;0,00000000;0,00000000
6,44893565;0,00000000;0,00000000
6,44903965;0,00000000;0,00000000
6,44914365;0,04336860;0,00000000
6,44924765;0,00000000;0,00000000
6,44935165;0,04336860;0,00000000
6,44945565;0,00000000;0,00000000
6,44955965;0,00000000;0,00000000
6,44966365;0,00000000;0,00000000
6,44976765;0,00000000;0,00000000
6,44987165;0,00000000;0,00000000
6,44997565;0,00000000;0,00000000
6,45007965;0,00000000;0,00000000
6,45018365;0,00000000;0,00000000
6,45028765;0,04336860;0,00000000
6,45039165;0,00000000;0,00000000
6,45049565;0,00000000;0,00000000
6,45059965;0,00000000;0,00000000
6,45070365;0,00000000;0,00000000
6,45080765;0,04336860;0,00000000
6,45091165;0,04336860;0,00000000
6,45101565;0,00000000;0,00000000
6,45111965;0,00000000;0,00000000
6,45122365;0,00000000;0,00000000
6,45132765;0,04336860;0,00000000
6,45143165;0,04336860;0,00000000
6,45153565;0,04336860;0,00000000
6,45163965;0,00000000;0,00000000
6,45174365;0,04336860;0,00000000
6,45184765;0,04336860;0,00000000
6,45195165;0,00000000;0,00000000
6,45205565;0,00000000;0,00000000
6,45215965;0,00000000;0,00000000
6,45226365;0,00000000;0,00000000
6,45236765;0,00000000;0,00000000
6,45247165;0,00000000;0,00000000
6,45257565;0,00000000;0,00000000
6,45267965;0,00000000;0,00000000
6,45278365;0,00000000;0,00000000
6,45288765;0,00000000;0,00000000
6,45299165;0,00000000;0,00000000
6,45309565;0,00000000;0,00000000
6,45319965;0,00000000;0,00000000
6,45330365;0,04336860;0,00000000
6,45340765;0,04336860;0,00000000
6,45351165;0,00000000;0,00000000
6,45361565;0,00000000;0,00000000
6,45371965;0,00000000;0,00000000
6,45382365;0,00000000;0,00000000
6,45392765;0,04336860;0,00000000
6,45403165;0,00000000;0,00000000
6,45413565;0,00000000;0,00000000
6,45423965;0,00000000;0,00000000
6,45434365;0,04336860;0,00000000
6,45444765;0,00000000;0,00000000
6,45455165;0,00000000;0,00000000
6,45465565;0,00000000;0,00000000
6,45475965;0,04336860;0,00000000
6,45486365;0,00000000;0,00000000
6,45496765;0,04336860;0,00000000
6,45507165;0,00000000;0,00000000
6,45517565;0,00000000;-0,01734744
6,45527965;0,04336860;0,00000000
6,45538365;0,00000000;0,00000000
6,45548765;0,00000000;0,00000000
6,45559165;0,04336860;0,00000000
6,45569565;0,00000000;0,00000000
6,45579965;0,00000000;-0,01734744
6,45590365;0,00000000;0,00000000
6,45600765;0,00000000;0,00000000
6,45611165;0,00000000;0,00000000
6,45621565;0,00000000;0,00000000
6,45631965;0,00000000;0,00000000
6,45642365;0,00000000;0,00000000
6,45652765;0,00000000;0,00000000
6,45663165;0,00000000;0,00000000
6,45673565;0,04336860;0,00000000
6,45683965;0,00000000;0,00000000
6,45694365;0,00000000;0,00000000
6,45704765;0,00000000;0,00000000
6,45715165;0,00000000;0,00000000
6,45725565;0,00000000;0,00000000
6,45735965;0,00000000;0,00000000
6,45746365;0,00000000;0,00000000
6,45756765;0,00000000;0,00000000
6,45767165;0,00000000;0,00000000
6,45777565;0,00000000;0,00000000
6,45787965;0,00000000;0,00000000
6,45798365;0,00000000;0,00000000
6,45808765;0,00000000;0,00000000
6,45819165;0,00000000;0,00000000
6,45829565;0,00000000;0,00000000
6,45839965;0,00000000;0,00000000
6,45850365;0,04336860;0,00000000
6,45860765;0,00000000;0,00000000
6,45871165;0,00000000;0,00000000
6,45881565;0,04336860;-0,01734744
6,45891965;0,00000000;0,00000000
6,45902365;0,00000000;0,00000000
6,45912765;0,00000000;0,00000000
6,45923165;0,04336860;0,00000000
6,45933565;0,00000000;0,00000000
6,45943965;0,00000000;0,00000000
6,45954365;0,00000000;0,00000000
6,45964765;0,00000000;0,00000000
6,45975165;0,04336860;0,00000000
6,45985565;0,04336860;0,00000000
6,45995965;0,00000000;0,00000000
6,46006365;0,00000000;0,00000000
6,46016765;0,04336860;0,00000000
6,46027165;0,00000000;0,00000000
6,46037565;0,00000000;0,00000000
6,46047965;0,00000000;0,00000000
6,46058365;0,00000000;0,00000000
6,46068765;0,00000000;0,00000000
6,46079165;0,00000000;0,00000000
6,46089565;0,00000000;0,00000000
6,46099965;0,00000000;0,00000000
6,46110365;0,00000000;0,00000000
6,46120765;0,00000000;0,00000000
6,46131165;0,00000000;0,00000000
6,46141565;0,00000000;0,00000000
6,46151965;0,00000000;0,00000000
6,46162365;0,00000000;0,00000000
6,46172765;0,00000000;0,00000000
6,46183165;0,04336860;0,00000000
6,46193565;0,00000000;0,00000000
6,46203965;0,00000000;0,00000000
6,46214365;0,00000000;0,00000000
6,46224765;0,04336860;0,00000000
6,46235165;0,04336860;0,00000000
6,46245565;0,00000000;0,00000000
6,46255965;0,04336860;0,00000000
6,46266365;0,04336860;0,00000000
6,46276765;0,00000000;0,00000000
6,46287165;0,00000000;0,00000000
6,46297565;0,04336860;-0,01734744
6,46307965;0,00000000;0,00000000
6,46318365;0,04336860;0,00000000
6,46328765;0,04336860;0,00000000
6,46339165;0,00000000;0,00000000
6,46349565;0,00000000;0,00000000
6,46359965;0,00000000;0,00000000
6,46370365;0,00000000;0,00000000
6,46380765;0,00000000;0,00000000
6,46391165;0,04336860;0,00000000
6,46401565;0,00000000;0,00000000
6,46411965;0,00000000;0,00000000
6,46422365;0,04336860;0,00000000
6,46432765;0,00000000;0,00000000
6,46443165;0,00000000;0,00000000
6,46453565;0,00000000;0,00000000
6,46463965;0,00000000;0,00000000
6,46474365;0,00000000;0,00000000
6,46484765;0,00000000;0,00000000
6,46495165;0,00000000;0,00000000
6,46505565;0,04336860;0,00000000
6,46515965;0,00000000;0,00000000
6,46526365;0,00000000;0,00000000
6,46536765;0,00000000;0,00000000
6,46547165;0,00000000;0,00000000
6,46557565;0,00000000;0,00000000
6,46567965;0,00000000;0,00000000
6,46578365;0,00000000;0,00000000
6,46588765;0,00000000;0,00000000
6,46599165;0,00000000;-0,01734744
6,46609565;0,00000000;0,00000000
6,46619965;0,00000000;0,00000000
6,46630365;0,00000000;0,00000000
6,46640765;0,00000000;-0,01734744
6,46651165;0,00000000;0,00000000
6,46661565;0,04336860;0,00000000
6,46671965;0,00000000;0,00000000
6,46682365;0,00000000;0,00000000
6,46692765;0,00000000;0,00000000
6,46703165;0,04336860;0,00000000
6,46713565;0,04336860;0,00000000
6,46723965;0,00000000;0,00000000
6,46734365;0,00000000;0,00000000
6,46744765;0,00000000;-0,01734744
6,46755165;0,00000000;0,00000000
6,46765565;0,00000000;0,00000000
6,46775965;0,00000000;0,00000000
6,46786365;0,04336860;0,00000000
6,46796765;0,00000000;0,00000000
6,46807165;0,00000000;0,00000000
6,46817565;0,00000000;0,00000000
6,46827965;0,04336860;0,00000000
6,46838365;0,00000000;0,00000000
6,46848765;0,00000000;0,00000000
6,46859165;0,00000000;0,00000000
6,46869565;0,00000000;0,00000000
6,46879965;0,04336860;0,00000000
6,46890365;0,00000000;0,00000000
6,46900765;0,00000000;0,00000000
6,46911165;0,00000000;0,00000000
6,46921565;0,00000000;0,00000000
6,46931965;0,04336860;0,00000000
6,46942365;0,00000000;0,00000000
6,46952765;0,00000000;0,00000000
6,46963165;0,00000000;0,00000000
6,46973565;0,04336860;0,00000000
6,46983965;0,00000000;0,00000000
6,46994365;0,00000000;0,00000000
6,47004765;0,00000000;0,00000000
6,47015165;0,00000000;0,00000000
6,47025565;0,04336860;0,00000000
6,47035965;0,04336860;0,00000000
6,47046365;0,00000000;0,00000000
6,47056765;0,00000000;0,00000000
6,47067165;0,00000000;0,00000000
6,47077565;0,00000000;0,00000000
6,47087965;0,00000000;-0,01734744
6,47098365;0,04336860;-0,01734744
6,47108765;0,00000000;0,00000000
6,47119165;0,00000000;0,00000000
6,47129565;0,00000000;0,00000000
6,47139965;0,04336860;0,00000000
6,47150365;0,00000000;0,00000000
6,47160765;0,00000000;-0,01734744
6,47171165;0,00000000;0,00000000
6,47181565;0,00000000;0,00000000
6,47191965;0,00000000;0,00000000
6,47202365;0,04336860;0,00000000
6,47212765;0,00000000;0,00000000
6,47223165;0,04336860;0,00000000
6,47233565;0,04336860;0,00000000
6,47243965;0,04336860;0,00000000
6,47254365;0,00000000;0,00000000
6,47264765;0,00000000;0,00000000
6,47275165;0,00000000;0,00000000
6,47285565;0,00000000;0,00000000
6,47295965;0,04336860;0,00000000
6,47306365;0,00000000;0,00000000
6,47316765;0,00000000;0,00000000
6,47327165;0,00000000;0,00000000
6,47337565;0,00000000;0,00000000
6,47347965;0,00000000;0,00000000
6,47358365;0,00000000;0,00000000
6,47368765;0,00000000;0,00000000
6,47379165;0,04336860;0,00000000
6,47389565;0,00000000;0,00000000
6,47399965;0,00000000;0,00000000
6,47410365;0,00000000;0,00000000
6,47420765;0,04336860;0,00000000
6,47431165;0,00000000;0,00000000
6,47441565;0,00000000;0,00000000
6,47451965;0,00000000;0,00000000
6,47462365;0,00000000;0,00000000
6,47472765;0,00000000;0,00000000
6,47483165;0,00000000;0,00000000
6,47493565;0,00000000;0,00000000
6,47503965;0,00000000;0,00000000
6,47514365;0,00000000;0,00000000
6,47524765;0,00000000;0,00000000
6,47535165;0,00000000;0,00000000
6,47545565;0,00000000;0,00000000
6,47555965;0,00000000;0,00000000
6,47566365;0,00000000;0,00000000
6,47576765;0,00000000;0,00000000
6,47587165;0,00000000;0,00000000
6,47597565;0,00000000;0,00000000
6,47607965;0,04336860;0,00000000
6,47618365;0,00000000;0,00000000
6,47628765;0,00000000;0,00000000
6,47639165;0,00000000;0,00000000
6,47649565;0,00000000;0,00000000
6,47659965;0,00000000;0,00000000
6,47670365;0,04336860;0,00000000
6,47680765;0,00000000;0,00000000
6,47691165;0,00000000;0,00000000
6,47701565;0,04336860;0,00000000
6,47711965;0,04336860;0,00000000
6,47722365;0,04336860;0,00000000
6,47732765;0,00000000;-0,01734744
6,47743165;0,00000000;0,00000000
6,47753565;0,00000000;0,00000000
6,47763965;0,00000000;0,00000000
6,47774365;0,00000000;0,00000000
6,47784765;0,00000000;0,00000000
6,47795165;0,00000000;0,00000000
6,47805565;0,00000000;0,00000000
6,47815965;0,00000000;0,00000000
6,47826365;0,00000000;0,00000000
6,47836765;0,04336860;0,00000000
6,47847165;0,04336860;0,00000000
6,47857565;0,00000000;0,00000000
6,47867965;0,00000000;0,00000000
6,47878365;0,00000000;0,00000000
6,47888765;0,00000000;0,00000000
6,47899165;0,00000000;0,00000000
6,47909565;0,00000000;0,00000000
6,47919965;0,00000000;0,00000000
6,47930365;0,00000000;0,00000000
6,47940765;0,00000000;0,00000000
6,47951165;0,00000000;-0,01734744
6,47961565;0,00000000;0,00000000
6,47971965;0,00000000;0,00000000
6,47982365;0,00000000;0,00000000
6,47992765;0,00000000;0,00000000
6,48003165;0,00000000;0,00000000
6,48013565;0,00000000;0,00000000
6,48023965;0,04336860;0,00000000
6,48034365;0,00000000;0,00000000
6,48044765;0,00000000;0,00000000
6,48055165;0,00000000;0,00000000
6,48065565;0,00000000;0,00000000
6,48075965;0,04336860;0,00000000
6,48086365;0,00000000;0,00000000
6,48096765;0,00000000;0,00000000
6,48107165;0,00000000;0,00000000
6,48117565;0,00000000;0,00000000
6,48127965;0,00000000;0,00000000
6,48138365;0,00000000;0,00000000
6,48148765;0,04336860;0,00000000
6,48159165;0,00000000;0,00000000
6,48169565;0,00000000;0,00000000
6,48179965;0,00000000;0,00000000
6,48190365;0,00000000;0,00000000
6,48200765;0,00000000;0,00000000
6,48211165;0,00000000;0,00000000
6,48221565;0,00000000;0,00000000
6,48231965;0,00000000;0,00000000
6,48242365;0,00000000;-0,01734744
6,48252765;0,00000000;0,00000000
6,48263165;0,04336860;0,00000000
6,48273565;0,00000000;0,00000000
6,48283965;0,00000000;0,00000000
6,48294365;0,00000000;0,00000000
6,48304765;0,04336860;0,00000000
6,48315165;0,04336860;0,00000000
6,48325565;0,00000000;0,00000000
6,48335965;0,00000000;0,00000000
6,48346365;0,00000000;0,00000000
6,48356765;0,04336860;0,00000000
6,48367165;0,00000000;-0,01734744
6,48377565;0,00000000;0,00000000
6,48387965;0,00000000;0,00000000
6,48398365;0,00000000;0,00000000
6,48408765;0,00000000;0,00000000
6,48419165;0,00000000;0,00000000
6,48429565;0,04336860;0,00000000
6,48439965;0,00000000;0,00000000
6,48450365;0,00000000;0,00000000
6,48460765;0,04336860;0,00000000
6,48471165;0,00000000;0,00000000
6,48481565;0,00000000;0,00000000
6,48491965;0,00000000;0,00000000
6,48502365;0,00000000;0,00000000
6,48512765;0,04336860;0,00000000
6,48523165;0,04336860;0,00000000
6,48533565;0,00000000;0,00000000
6,48543965;0,00000000;0,00000000
6,48554365;0,04336860;0,00000000
6,48564765;0,00000000;0,00000000
6,48575165;0,00000000;0,00000000
6,48585565;0,00000000;0,00000000
6,48595965;0,00000000;0,00000000
6,48606365;0,00000000;0,00000000
6,48616765;0,00000000;0,00000000
6,48627165;0,00000000;0,00000000
6,48637565;0,04336860;0,00000000
6,48647965;0,00000000;0,00000000
6,48658365;0,00000000;0,00000000
6,48668765;0,00000000;0,00000000
6,48679165;0,04336860;0,00000000
6,48689565;0,00000000;0,00000000
6,48699965;0,00000000;0,00000000
6,48710365;0,00000000;0,00000000
6,48720765;0,04336860;0,00000000
6,48731165;0,04336860;0,00000000
6,48741565;0,00000000;0,00000000
6,48751965;0,00000000;0,00000000
6,48762365;0,00000000;0,00000000
6,48772765;0,00000000;0,00000000
6,48783165;0,00000000;0,00000000
6,48793565;0,00000000;0,00000000
6,48803965;0,00000000;0,00000000
6,48814365;0,00000000;0,00000000
6,48824765;0,00000000;0,00000000
6,48835165;0,00000000;0,00000000
6,48845565;0,00000000;0,00000000
6,48855965;0,00000000;0,00000000
6,48866365;0,00000000;0,00000000
6,48876765;0,04336860;0,00000000
6,48887165;0,00000000;0,00000000
6,48897565;0,00000000;0,00000000
6,48907965;0,00000000;0,00000000
6,48918365;0,00000000;0,00000000
6,48928765;0,04336860;0,00000000
6,48939165;0,04336860;0,00000000
6,48949565;0,00000000;0,00000000
6,48959965;0,04336860;0,00000000
6,48970365;0,00000000;0,00000000
6,48980765;0,00000000;0,00000000
6,48991165;0,00000000;0,00000000
6,49001565;0,04336860;0,00000000
6,49011965;0,00000000;0,00000000
6,49022365;0,00000000;0,00000000
6,49032765;0,00000000;0,00000000
6,49043165;0,00000000;0,00000000
6,49053565;0,00000000;0,00000000
6,49063965;0,00000000;0,00000000
6,49074365;0,04336860;0,00000000
6,49084765;0,00000000;0,00000000
6,49095165;0,00000000;0,00000000
6,49105565;0,04336860;0,00000000
6,49115965;0,04336860;0,00000000
6,49126365;0,00000000;0,00000000
6,49136765;0,04336860;0,00000000
6,49147165;0,00000000;0,00000000
6,49157565;0,00000000;0,00000000
6,49167965;0,04336860;0,00000000
6,49178365;0,04336860;0,00000000
6,49188765;0,04336860;0,00000000
6,49199165;0,04336860;0,00000000
6,49209565;0,00000000;0,00000000
6,49219965;0,00000000;-0,01734744
6,49230365;0,00000000;0,00000000
6,49240765;0,00000000;0,00000000
6,49251165;0,04336860;0,00000000
6,49261565;0,00000000;0,00000000
6,49271965;0,04336860;0,00000000
6,49282365;0,00000000;0,00000000
6,49292765;0,00000000;0,00000000
6,49303165;0,00000000;0,00000000
6,49313565;0,04336860;0,00000000
6,49323965;0,00000000;0,00000000
6,49334365;0,00000000;0,00000000
6,49344765;0,00000000;0,00000000
6,49355165;0,00000000;0,00000000
6,49365565;0,00000000;0,00000000
6,49375965;0,00000000;0,00000000
6,49386365;0,00000000;0,00000000
6,49396765;0,00000000;0,00000000
6,49407165;0,00000000;0,00000000
6,49417565;0,00000000;0,00000000
6,49427965;0,00000000;0,00000000
6,49438365;0,04336860;0,00000000
6,49448765;0,00000000;0,00000000
6,49459165;0,00000000;0,00000000
6,49469565;0,00000000;0,00000000
6,49479965;0,04336860;0,00000000
6,49490365;0,00000000;0,00000000
6,49500765;0,00000000;0,00000000
6,49511165;0,04336860;0,00000000
6,49521565;0,00000000;0,00000000
6,49531965;0,00000000;0,00000000
6,49542365;0,00000000;0,00000000
6,49552765;0,00000000;0,00000000
6,49563165;0,04336860;0,00000000
6,49573565;0,00000000;-0,01734744
6,49583965;0,04336860;0,00000000
6,49594365;0,00000000;0,00000000
6,49604765;0,00000000;0,00000000
6,49615165;0,04336860;0,00000000
6,49625565;0,00000000;0,00000000
6,49635965;0,00000000;0,00000000
6,49646365;0,00000000;0,00000000
6,49656765;0,00000000;0,00000000
6,49667165;0,00000000;0,00000000
6,49677565;0,00000000;0,00000000
6,49687965;0,04336860;0,00000000
6,49698365;0,00000000;0,00000000
6,49708765;0,04336860;0,00000000
6,49719165;0,00000000;0,00000000
6,49729565;0,00000000;0,00000000
6,49739965;0,04336860;0,00000000
6,49750365;0,00000000;0,00000000
6,49760765;0,04336860;0,00000000
6,49771165;0,00000000;0,00000000
6,49781565;0,00000000;0,00000000
6,49791965;0,00000000;0,00000000
6,49802365;0,00000000;0,00000000
6,49812765;0,04336860;0,00000000
6,49823165;0,04336860;0,00000000
6,49833565;0,00000000;0,00000000
6,49843965;0,00000000;0,00000000
6,49854365;0,00000000;0,00000000
6,49864765;0,00000000;0,00000000
6,49875165;0,04336860;0,00000000
6,49885565;0,04336860;0,00000000
6,49895965;0,00000000;0,00000000
6,49906365;0,00000000;0,00000000
6,49916765;0,00000000;0,00000000
6,49927165;0,00000000;0,00000000
6,49937565;0,00000000;0,00000000
6,49947965;0,00000000;0,00000000
6,49958365;0,00000000;0,00000000
6,49968765;0,00000000;0,00000000
6,49979165;0,00000000;0,00000000
6,49989565;0,00000000;0,00000000
6,49999965;0,00000000;0,00000000
6,50010365;0,00000000;0,00000000
6,50020765;0,00000000;0,00000000
6,50031165;0,00000000;0,00000000
6,50041565;0,04336860;0,00000000
6,50051965;0,00000000;0,00000000
6,50062365;0,00000000;0,00000000
6,50072765;0,00000000;0,00000000
6,50083165;0,00000000;0,00000000
6,50093565;0,00000000;0,00000000
6,50103965;0,04336860;0,00000000
6,50114365;0,00000000;0,00000000
6,50124765;0,00000000;0,00000000
6,50135165;0,00000000;0,00000000
6,50145565;0,00000000;0,00000000
6,50155965;0,04336860;0,00000000
6,50166365;0,04336860;0,00000000
6,50176765;0,00000000;-0,01734744
6,50187165;0,00000000;0,00000000
6,50197565;0,00000000;0,00000000
6,50207965;0,04336860;0,00000000
6,50218365;0,04336860;0,00000000
6,50228765;0,00000000;0,00000000
6,50239165;0,00000000;0,00000000
6,50249565;0,00000000;0,00000000
6,50259965;0,04336860;0,00000000
6,50270365;0,04336860;0,00000000
6,50280765;0,00000000;0,00000000
6,50291165;0,04336860;-0,01734744
6,50301565;0,04336860;0,00000000
6,50311965;0,00000000;0,00000000
6,50322365;0,00000000;0,00000000
6,50332765;0,00000000;0,00000000
6,50343165;0,00000000;0,00000000
6,50353565;0,00000000;0,00000000
6,50363965;0,00000000;0,00000000
6,50374365;0,04336860;0,00000000
6,50384765;0,04336860;0,00000000
6,50395165;0,04336860;0,00000000
6,50405565;0,00000000;0,00000000
6,50415965;0,04336860;0,00000000
6,50426365;0,04336860;0,00000000
6,50436765;0,00000000;0,00000000
6,50447165;0,00000000;0,00000000
6,50457565;0,00000000;0,00000000
6,50467965;0,00000000;0,00000000
6,50478365;0,00000000;0,00000000
6,50488765;0,00000000;0,00000000
6,50499165;0,00000000;0,00000000
6,50509565;0,00000000;0,00000000
6,50519965;0,00000000;0,00000000
6,50530365;0,00000000;0,00000000
6,50540765;0,00000000;0,00000000
6,50551165;0,00000000;0,00000000
6,50561565;0,00000000;0,00000000
6,50571965;0,04336860;0,00000000
6,50582365;0,00000000;0,00000000
6,50592765;0,00000000;0,00000000
6,50603165;0,00000000;0,00000000
6,50613565;0,00000000;0,00000000
6,50623965;0,00000000;0,00000000
6,50634365;0,00000000;0,00000000
6,50644765;0,00000000;0,00000000
6,50655165;0,00000000;0,00000000
6,50665565;0,00000000;0,00000000
6,50675965;0,00000000;-0,01734744
6,50686365;0,04336860;0,00000000
6,50696765;0,00000000;0,00000000
6,50707165;0,00000000;0,00000000
6,50717565;0,00000000;0,00000000
6,50727965;0,00000000;0,00000000
6,50738365;0,04336860;0,00000000
6,50748765;0,04336860;0,00000000
6,50759165;0,00000000;0,00000000
6,50769565;0,00000000;0,00000000
6,50779965;0,00000000;0,00000000
6,50790365;0,00000000;0,00000000
6,50800765;0,00000000;0,00000000
6,50811165;0,04336860;0,00000000
6,50821565;0,00000000;0,00000000
6,50831965;0,00000000;0,00000000
6,50842365;0,00000000;0,00000000
6,50852765;0,00000000;0,00000000
6,50863165;0,00000000;0,00000000
6,50873565;0,00000000;0,00000000
6,50883965;0,00000000;0,00000000
6,50894365;0,00000000;0,00000000
6,50904765;0,00000000;0,00000000
6,50915165;0,00000000;0,00000000
6,50925565;0,00000000;0,00000000
6,50935965;0,00000000;0,00000000
6,50946365;0,04336860;0,00000000
6,50956765;0,00000000;0,00000000
6,50967165;0,04336860;0,00000000
6,50977565;0,04336860;0,00000000
6,50987965;0,04336860;0,00000000
6,50998365;0,00000000;0,00000000
6,51008765;0,04336860;0,00000000
6,51019165;0,00000000;0,00000000
6,51029565;0,00000000;0,00000000
6,51039965;0,00000000;0,00000000
6,51050365;0,00000000;0,00000000
6,51060765;0,00000000;0,00000000
6,51071165;0,04336860;0,00000000
6,51081565;0,00000000;-0,01734744
6,51091965;0,00000000;0,00000000
6,51102365;0,00000000;0,00000000
6,51112765;0,00000000;0,00000000
6,51123165;0,00000000;0,00000000
6,51133565;0,00000000;0,00000000
6,51143965;0,04336860;0,00000000
6,51154365;0,00000000;0,00000000
6,51164765;0,00000000;0,00000000
6,51175165;0,00000000;0,00000000
6,51185565;0,00000000;0,00000000
6,51195965;0,00000000;0,00000000
6,51206365;0,00000000;0,00000000
6,51216765;0,04336860;0,00000000
6,51227165;0,00000000;0,00000000
6,51237565;0,00000000;0,00000000
6,51247965;0,00000000;0,00000000
6,51258365;0,00000000;0,00000000
6,51268765;0,00000000;0,00000000
6,51279165;0,00000000;0,00000000
6,51289565;0,00000000;0,00000000
6,51299965;0,00000000;0,00000000
6,51310365;0,00000000;0,00000000
6,51320765;0,00000000;0,00000000
6,51331165;0,00000000;0,00000000
6,51341565;0,00000000;0,00000000
6,51351965;0,00000000;0,00000000
6,51362365;0,00000000;0,00000000
6,51372765;0,00000000;0,00000000
6,51383165;0,00000000;0,00000000
6,51393565;0,00000000;0,00000000
6,51403965;0,00000000;0,00000000
6,51414365;0,00000000;0,00000000
6,51424765;0,00000000;0,00000000
6,51435165;0,04336860;0,00000000
6,51445565;0,00000000;0,00000000
6,51455965;0,00000000;0,00000000
6,51466365;0,00000000;0,00000000
6,51476765;0,00000000;0,00000000
6,51487165;0,00000000;0,00000000
6,51497565;0,00000000;0,00000000
6,51507965;0,04336860;0,00000000
6,51518365;0,04336860;0,00000000
6,51528765;0,00000000;0,00000000
6,51539165;0,04336860;0,00000000
6,51549565;0,00000000;0,00000000
6,51559965;0,00000000;0,00000000
6,51570365;0,00000000;-0,01734744
6,51580765;0,00000000;0,00000000
6,51591165;0,04336860;0,00000000
6,51601565;0,00000000;0,00000000
6,51611965;0,00000000;0,00000000
6,51622365;0,00000000;0,00000000
6,51632765;0,00000000;0,00000000
6,51643165;0,00000000;0,00000000
6,51653565;0,00000000;0,00000000
6,51663965;0,00000000;0,00000000
6,51674365;0,04336860;0,00000000
6,51684765;0,00000000;0,00000000
6,51695165;0,00000000;0,00000000
6,51705565;0,00000000;0,00000000
6,51715965;0,00000000;0,00000000
6,51726365;0,00000000;0,00000000
6,51736765;0,00000000;0,00000000
6,51747165;0,00000000;0,00000000
6,51757565;0,00000000;0,00000000
6,51767965;0,00000000;0,00000000
6,51778365;0,00000000;0,00000000
6,51788765;0,00000000;0,00000000
6,51799165;0,00000000;0,00000000
6,51809565;0,00000000;0,00000000
6,51819965;0,00000000;0,00000000
6,51830365;0,00000000;0,00000000
6,51840765;0,04336860;0,00000000
6,51851165;0,00000000;0,00000000
6,51861565;0,00000000;0,00000000
6,51871965;0,00000000;0,00000000
6,51882365;0,04336860;0,00000000
6,51892765;0,00000000;0,00000000
6,51903165;0,00000000;0,00000000
6,51913565;0,04336860;0,00000000
6,51923965;0,00000000;0,00000000
6,51934365;0,00000000;0,00000000
6,51944765;0,00000000;0,00000000
6,51955165;0,00000000;0,00000000
6,51965565;0,00000000;0,00000000
6,51975965;0,04336860;0,00000000
6,51986365;0,04336860;0,00000000
6,51996765;0,00000000;0,00000000
6,52007165;0,00000000;0,00000000
6,52017565;0,00000000;0,00000000
6,52027965;0,00000000;0,00000000
6,52038365;0,04336860;0,00000000
6,52048765;0,00000000;0,00000000
6,52059165;0,00000000;0,00000000
6,52069565;0,00000000;0,00000000
6,52079965;0,00000000;0,00000000
6,52090365;0,00000000;0,00000000
6,52100765;0,00000000;0,00000000
6,52111165;0,00000000;0,00000000
6,52121565;0,00000000;0,00000000
6,52131965;0,00000000;-0,01734744
6,52142365;0,00000000;0,00000000
6,52152765;0,00000000;0,00000000
6,52163165;0,00000000;0,00000000
6,52173565;0,00000000;0,00000000
6,52183965;0,00000000;0,00000000
6,52194365;0,00000000;0,00000000
6,52204765;0,00000000;0,00000000
6,52215165;0,00000000;0,00000000
6,52225565;0,00000000;0,00000000
6,52235965;0,04336860;0,00000000
6,52246365;0,00000000;0,00000000
6,52256765;0,00000000;0,00000000
6,52267165;0,00000000;0,00000000
6,52277565;0,00000000;0,00000000
6,52287965;0,00000000;0,00000000
6,52298365;0,00000000;0,00000000
6,52308765;0,00000000;0,00000000
6,52319165;0,00000000;0,00000000
6,52329565;0,00000000;0,00000000
6,52339965;0,00000000;0,00000000
6,52350365;0,04336860;0,00000000
6,52360765;0,00000000;0,00000000
6,52371165;0,00000000;0,00000000
6,52381565;0,00000000;0,00000000
6,52391965;0,00000000;0,00000000
6,52402365;0,00000000;0,00000000
6,52412765;0,00000000;0,00000000
6,52423165;0,00000000;0,00000000
6,52433565;0,00000000;0,00000000
6,52443965;0,00000000;0,00000000
6,52454365;0,00000000;0,00000000
6,52464765;0,00000000;0,00000000
6,52475165;0,00000000;0,00000000
6,52485565;0,00000000;0,00000000
6,52495965;0,04336860;0,00000000
6,52506365;0,00000000;0,00000000
6,52516765;0,04336860;0,00000000
6,52527165;0,00000000;0,00000000
6,52537565;0,00000000;0,00000000
6,52547965;0,04336860;0,00000000
6,52558365;0,04336860;0,00000000
6,52568765;0,00000000;0,00000000
6,52579165;0,00000000;0,00000000
6,52589565;0,04336860;0,00000000
6,52599965;0,00000000;0,00000000
6,52610365;0,00000000;0,00000000
6,52620765;0,04336860;0,00000000
6,52631165;0,00000000;0,00000000
6,52641565;0,00000000;0,00000000
6,52651965;0,00000000;0,00000000
6,52662365;0,00000000;0,00000000
6,52672765;0,00000000;0,00000000
6,52683165;0,00000000;0,00000000
6,52693565;0,00000000;0,00000000
6,52703965;0,00000000;0,00000000
6,52714365;0,00000000;0,00000000
6,52724765;0,00000000;0,00000000
6,52735165;0,00000000;0,00000000
6,52745565;0,00000000;0,00000000
6,52755965;0,00000000;0,00000000
6,52766365;0,00000000;0,00000000
6,52776765;0,00000000;0,00000000
6,52787165;0,00000000;0,00000000
6,52797565;0,00000000;0,00000000
6,52807965;0,00000000;0,00000000
6,52818365;0,00000000;0,00000000
6,52828765;0,04336860;0,00000000
6,52839165;0,00000000;0,00000000
6,52849565;0,04336860;0,00000000
6,52859965;0,00000000;0,00000000
6,52870365;0,00000000;0,00000000
6,52880765;0,00000000;0,00000000
6,52891165;0,00000000;0,00000000
6,52901565;0,04336860;0,00000000
6,52911965;0,00000000;0,00000000
6,52922365;0,00000000;0,00000000
6,52932765;0,00000000;0,00000000
6,52943165;0,00000000;0,00000000
6,52953565;0,00000000;0,00000000
6,52963965;0,00000000;0,00000000
6,52974365;0,04336860;0,00000000
6,52984765;0,00000000;0,00000000
6,52995165;0,00000000;0,00000000
6,53005565;0,00000000;0,00000000
6,53015965;0,00000000;0,00000000
6,53026365;0,00000000;0,00000000
6,53036765;0,00000000;0,00000000
6,53047165;0,00000000;0,00000000
6,53057565;0,00000000;0,00000000
6,53067965;0,00000000;0,00000000
6,53078365;0,00000000;0,00000000
6,53088765;0,00000000;0,00000000
6,53099165;0,04336860;0,00000000
6,53109565;0,00000000;0,00000000
6,53119965;0,00000000;0,00000000
6,53130365;0,00000000;-0,01734744
6,53140765;0,00000000;-0,01734744
6,53151165;0,00000000;0,00000000
6,53161565;0,04336860;0,00000000
6,53171965;0,00000000;0,00000000
6,53182365;0,00000000;0,00000000
6,53192765;0,00000000;0,00000000
6,53203165;0,00000000;0,00000000
6,53213565;0,00000000;0,00000000
6,53223965;0,04336860;0,00000000
6,53234365;0,04336860;0,00000000
6,53244765;0,00000000;0,00000000
6,53255165;0,00000000;0,00000000
6,53265565;0,04336860;0,00000000
6,53275965;0,00000000;-0,01734744
6,53286365;0,00000000;0,00000000
6,53296765;0,00000000;0,00000000
6,53307165;0,04336860;0,00000000
6,53317565;0,00000000;0,00000000
6,53327965;0,04336860;0,00000000
6,53338365;0,00000000;0,00000000
6,53348765;0,00000000;0,00000000
6,53359165;0,00000000;0,00000000
6,53369565;0,00000000;0,00000000
6,53379965;0,00000000;0,00000000
6,53390365;0,00000000;0,00000000
6,53400765;0,00000000;0,00000000
6,53411165;0,00000000;0,00000000
6,53421565;0,00000000;0,00000000
6,53431965;0,04336860;0,00000000
6,53442365;0,00000000;0,00000000
6,53452765;0,00000000;0,00000000
6,53463165;0,04336860;0,00000000
6,53473565;0,04336860;0,00000000
6,53483965;0,04336860;0,00000000
6,53494365;0,00000000;0,00000000
6,53504765;0,00000000;0,00000000
6,53515165;0,00000000;0,00000000
6,53525565;0,00000000;0,00000000
6,53535965;0,00000000;0,00000000
6,53546365;0,00000000;0,00000000
6,53556765;0,04336860;0,00000000
6,53567165;0,00000000;0,00000000
6,53577565;0,04336860;0,00000000
6,53587965;0,00000000;0,00000000
6,53598365;0,00000000;0,00000000
6,53608765;0,04336860;0,00000000
6,53619165;0,04336860;0,00000000
6,53629565;0,00000000;0,00000000
6,53639965;0,00000000;0,00000000
6,53650365;0,00000000;0,00000000
6,53660765;0,00000000;-0,01734744
6,53671165;0,00000000;0,00000000
6,53681565;0,04336860;0,00000000
6,53691965;0,00000000;0,00000000
6,53702365;0,00000000;0,00000000
6,53712765;0,00000000;0,00000000
6,53723165;0,00000000;0,00000000
6,53733565;0,00000000;0,00000000
6,53743965;0,00000000;0,00000000
6,53754365;0,04336860;0,00000000
6,53764765;0,00000000;0,00000000
6,53775165;0,00000000;0,00000000
6,53785565;0,00000000;0,00000000
6,53795965;0,00000000;0,00000000
6,53806365;0,00000000;0,00000000
6,53816765;0,00000000;0,00000000
6,53827165;0,00000000;0,00000000
6,53837565;0,00000000;0,00000000
6,53847965;0,00000000;0,00000000
6,53858365;0,00000000;0,00000000
6,53868765;0,04336860;0,00000000
6,53879165;0,00000000;0,00000000
6,53889565;0,00000000;0,00000000
6,53899965;0,00000000;0,00000000
6,53910365;0,00000000;0,00000000
6,53920765;0,00000000;0,00000000
6,53931165;0,00000000;0,00000000
6,53941565;0,04336860;0,00000000
6,53951965;0,00000000;0,00000000
6,53962365;0,00000000;0,00000000
6,53972765;0,00000000;0,00000000
6,53983165;0,00000000;0,00000000
6,53993565;0,00000000;0,00000000
6,54003965;0,00000000;0,00000000
6,54014365;0,00000000;0,00000000
6,54024765;0,00000000;0,00000000
6,54035165;0,00000000;-0,01734744
6,54045565;0,04336860;0,00000000
6,54055965;0,00000000;0,00000000
6,54066365;0,00000000;0,00000000
6,54076765;0,00000000;0,00000000
6,54087165;0,00000000;0,00000000
6,54097565;0,04336860;0,00000000
6,54107965;0,00000000;0,00000000
6,54118365;0,00000000;0,00000000
6,54128765;0,00000000;0,00000000
6,54139165;0,00000000;0,00000000
6,54149565;0,00000000;0,00000000
6,54159965;0,00000000;0,00000000
6,54170365;0,00000000;0,00000000
6,54180765;0,00000000;0,00000000
6,54191165;0,00000000;0,00000000
6,54201565;0,00000000;0,00000000
6,54211965;0,00000000;0,00000000
6,54222365;0,00000000;0,00000000
6,54232765;0,00000000;0,00000000
6,54243165;0,04336860;0,00000000
6,54253565;0,00000000;0,00000000
6,54263965;0,00000000;0,00000000
6,54274365;0,00000000;0,00000000
6,54284765;0,00000000;0,00000000
6,54295165;0,00000000;0,00000000
6,54305565;0,04336860;0,00000000
6,54315965;0,00000000;0,00000000
6,54326365;0,00000000;0,00000000
6,54336765;0,04336860;0,00000000
6,54347165;0,00000000;0,00000000
6,54357565;0,00000000;0,00000000
6,54367965;0,00000000;0,00000000
6,54378365;0,00000000;0,00000000
6,54388765;0,00000000;0,00000000
6,54399165;0,04336860;0,00000000
6,54409565;0,00000000;0,00000000
6,54419965;0,00000000;0,00000000
6,54430365;0,04336860;0,00000000
6,54440765;0,00000000;0,00000000
6,54451165;0,00000000;0,00000000
6,54461565;0,00000000;0,00000000
6,54471965;0,04336860;0,00000000
6,54482365;0,00000000;0,00000000
6,54492765;0,04336860;-0,01734744
6,54503165;0,00000000;0,00000000
6,54513565;0,00000000;0,00000000
6,54523965;0,00000000;0,00000000
6,54534365;0,00000000;0,00000000
6,54544765;0,00000000;0,00000000
6,54555165;0,00000000;0,00000000
6,54565565;0,00000000;0,00000000
6,54575965;0,00000000;-0,01734744
6,54586365;0,04336860;0,00000000
6,54596765;0,04336860;-0,01734744
6,54607165;0,00000000;-0,01734744
6,54617565;3,34922481;0,00000000
6,54627965;3,82781744;0,00000000
6,54638365;3,91470838;0,00000000
6,54648765;3,78429508;0,00000000
6,54659165;3,82781744;0,00000000
6,54669565;3,82781744;0,00000000
6,54679965;3,82781744;0,00000000
6,54690365;3,82781744;0,00000000
6,54700765;3,82781744;0,00000000
6,54711165;3,82781744;0,00000000
6,54721565;3,82781744;0,00000000
6,54731965;3,82781744;0,00000000
6,54742365;3,82781744;0,00000000
6,54752765;3,82781744;0,00000000
6,54763165;3,82781744;0,00000000
6,54773565;3,82781744;0,00000000
6,54783965;3,82781744;0,00000000
6,54794365;3,82781744;0,00000000
6,54804765;3,78429508;0,00000000
6,54815165;3,82781744;0,00000000
6,54825565;3,78429508;0,00000000
6,54835965;3,78429508;0,00000000
6,54846365;3,82781744;0,00000000
6,54856765;3,78429508;0,00000000
6,54867165;3,78429508;0,00000000
6,54877565;3,82781744;0,00000000
6,54887965;3,82781744;0,00000000
6,54898365;3,78429508;0,00000000
6,54908765;3,82781744;0,00000000
6,54919165;3,78429508;0,00000000
6,54929565;3,78429508;0,00000000
6,54939965;3,78429508;0,00000000
6,54950365;3,78429508;0,00000000
6,54960765;3,78429508;0,00000000
6,54971165;3,82781744;0,00000000
6,54981565;3,78429508;0,00000000
6,54991965;3,78429508;0,00000000
6,55002365;3,78429508;0,00000000
6,55012765;3,82781744;0,00000000
6,55023165;3,78429508;0,00000000
6,55033565;3,82781744;0,00000000
6,55043965;3,78429508;0,00000000
6,55054365;3,82781744;0,00000000
6,55064765;3,82781744;0,00000000
6,55075165;3,78429508;0,00000000
6,55085565;3,78429508;0,00000000
6,55095965;3,82781744;0,00000000
6,55106365;3,82781744;0,00000000
6,55116765;3,78429508;0,00000000
6,55127165;3,82781744;0,00000000
6,55137565;3,82781744;0,00000000
6,55147965;3,82781744;0,00000000
6,55158365;3,78429508;0,00000000
6,55168765;3,82781744;0,00000000
6,55179165;3,82781744;0,00000000
6,55189565;3,78429508;0,00000000
6,55199965;3,78429508;0,00000000
6,55210365;3,78429508;0,00000000
6,55220765;3,78429508;0,00000000
6,55231165;3,78429508;0,00000000
6,55241565;3,78429508;0,01734744
6,55251965;3,78429508;0,00000000
6,55262365;3,78429508;0,00000000
6,55272765;3,78429508;0,00000000
6,55283165;3,78429508;0,00000000
6,55293565;3,78429508;0,00000000
6,55303965;3,78429508;0,00000000
6,55314365;3,78429508;0,00000000
6,55324765;3,82781744;0,00000000
6,55335165;3,82781744;0,00000000
6,55345565;3,78429508;0,00000000
6,55355965;3,78429508;0,00000000
6,55366365;3,78429508;0,00000000
6,55376765;3,78429508;0,00000000
6,55387165;3,78429508;0,00000000
6,55397565;3,78429508;0,00000000
6,55407965;3,78429508;0,00000000
6,55418365;3,82781744;0,00000000
6,55428765;3,78429508;0,00000000
6,55439165;3,78429508;0,00000000
6,55449565;3,82781744;0,00000000
6,55459965;3,78429508;0,00000000
6,55470365;3,78429508;0,00000000
6,55480765;3,78429508;0,00000000
6,55491165;3,82781744;0,00000000
6,55501565;3,78429508;0,00000000
6,55511965;3,82781744;0,00000000
6,55522365;3,82781744;0,00000000
6,55532765;3,82781744;0,00000000
6,55543165;3,82781744;0,00000000
6,55553565;3,78429508;0,00000000
6,55563965;3,78429508;0,00000000
6,55574365;3,82781744;0,00000000
6,55584765;3,78429508;0,00000000
6,55595165;3,82781744;0,00000000
6,55605565;3,82781744;0,00000000
6,55615965;3,78429508;0,00000000
6,55626365;3,78429508;0,00000000
6,55636765;3,78429508;0,00000000
6,55647165;3,78429508;0,00000000
6,55657565;3,78429508;0,00000000
6,55667965;3,78429508;0,00000000
6,55678365;3,82781744;0,00000000
6,55688765;3,82781744;0,00000000
6,55699165;3,82781744;0,00000000
6,55709565;3,78429508;0,00000000
6,55719965;3,78429508;0,00000000
6,55730365;3,82781744;0,00000000
6,55740765;3,78429508;0,00000000
6,55751165;3,78429508;0,00000000
6,55761565;3,82781744;0,00000000
6,55771965;3,78429508;0,00000000
6,55782365;3,82781744;0,00000000
6,55792765;3,78429508;0,00000000
6,55803165;3,78429508;0,00000000
6,55813565;3,82781744;0,00000000
6,55823965;3,78429508;0,00000000
6,55834365;3,82781744;0,00000000
6,55844765;3,78429508;0,00000000
6,55855165;3,82781744;0,00000000
6,55865565;3,82781744;0,00000000
6,55875965;3,78429508;0,00000000
6,55886365;3,82781744;0,00000000
6,55896765;3,78429508;0,00000000
6,55907165;3,82781744;0,00000000
6,55917565;3,78429508;0,00000000
6,55927965;3,82781744;0,00000000
6,55938365;3,82781744;0,00000000
6,55948765;3,82781744;0,00000000
6,55959165;3,78429508;0,00000000
6,55969565;3,82781744;0,00000000
6,55979965;3,82781744;0,00000000
6,55990365;3,82781744;0,00000000
6,56000765;3,78429508;0,00000000
6,56011165;3,78429508;0,00000000
6,56021565;3,78429508;0,00000000
6,56031965;3,82781744;0,00000000
6,56042365;3,78429508;0,00000000
6,56052765;3,82781744;0,00000000
6,56063165;3,82781744;0,00000000
6,56073565;3,78429508;0,00000000
6,56083965;3,82781744;0,00000000
6,56094365;3,82781744;0,00000000
6,56104765;3,82781744;0,00000000
6,56115165;3,78429508;0,00000000
6,56125565;3,78429508;0,00000000
6,56135965;3,82781744;0,00000000
6,56146365;3,82781744;0,00000000
6,56156765;3,78429508;0,00000000
6,56167165;3,78429508;0,00000000
6,56177565;3,78429508;0,00000000
6,56187965;3,82781744;0,00000000
6,56198365;3,78429508;0,00000000
6,56208765;3,78429508;0,00000000
6,56219165;3,78429508;0,00000000
6,56229565;3,78429508;0,00000000
6,56239965;3,82781744;0,00000000
6,56250365;3,82781744;0,00000000
6,56260765;3,82781744;0,00000000
6,56271165;3,82781744;0,00000000
6,56281565;3,78429508;0,00000000
6,56291965;3,78429508;0,00000000
6,56302365;3,78429508;0,00000000
6,56312765;3,82781744;0,00000000
6,56323165;3,78429508;0,00000000
6,56333565;3,82781744;0,00000000
6,56343965;3,78429508;0,00000000
6,56354365;3,82781744;0,00000000
6,56364765;3,82781744;0,00000000
6,56375165;3,78429508;0,00000000
6,56385565;3,82781744;0,00000000
6,56395965;3,82781744;0,00000000
6,56406365;3,82781744;0,00000000
6,56416765;3,78429508;0,00000000
6,56427165;3,82781744;0,00000000
6,56437565;3,78429508;0,00000000
6,56447965;3,82781744;0,00000000
6,56458365;3,82781744;0,00000000
6,56468765;3,78429508;0,00000000
6,56479165;3,82781744;0,00000000
6,56489565;3,82781744;0,00000000
6,56499965;3,78429508;0,00000000
6,56510365;3,82781744;0,00000000
6,56520765;3,78429508;0,00000000
6,56531165;3,82781744;0,00000000
6,56541565;3,82781744;0,00000000
6,56551965;3,82781744;0,00000000
6,56562365;3,78429508;0,00000000
6,56572765;3,78429508;0,00000000
6,56583165;3,78429508;0,00000000
6,56593565;3,78429508;0,00000000
6,56603965;3,82781744;0,00000000
6,56614365;3,82781744;0,00000000
6,56624765;3,82781744;0,00000000
6,56635165;3,78429508;0,00000000
6,56645565;3,78429508;0,00000000
6,56655965;3,82781744;0,00000000
6,56666365;3,82781744;0,00000000
6,56676765;3,82781744;0,00000000
6,56687165;3,78429508;0,00000000
6,56697565;3,82781744;0,00000000
6,56707965;3,78429508;0,00000000
6,56718365;3,78429508;0,00000000
6,56728765;3,78429508;0,00000000
6,56739165;3,82781744;0,00000000
6,56749565;3,78429508;0,00000000
6,56759965;3,78429508;0,00000000
6,56770365;3,78429508;0,00000000
6,56780765;3,82781744;0,00000000
6,56791165;3,78429508;0,00000000
6,56801565;3,82781744;0,00000000
6,56811965;3,82781744;0,00000000
6,56822365;3,82781744;0,00000000
6,56832765;3,82781744;0,00000000
6,56843165;3,78429508;0,00000000
6,56853565;3,78429508;0,00000000
6,56863965;3,82781744;0,00000000
6,56874365;3,82781744;0,00000000
6,56884765;3,82781744;0,00000000
6,56895165;3,82781744;0,00000000
6,56905565;3,78429508;0,00000000
6,56915965;3,78429508;0,00000000
6,56926365;3,78429508;0,00000000
6,56936765;3,82781744;0,00000000
6,56947165;3,82781744;0,00000000
6,56957565;3,82781744;0,00000000
6,56967965;3,82781744;0,00000000
6,56978365;3,82781744;0,00000000
6,56988765;3,78429508;0,00000000
6,56999165;3,82781744;0,00000000
6,57009565;3,82781744;0,00000000
6,57019965;3,82781744;0,00000000
6,57030365;3,78429508;0,00000000
6,57040765;3,82781744;0,00000000
6,57051165;3,82781744;0,00000000
6,57061565;3,78429508;0,00000000
6,57071965;3,82781744;0,00000000
6,57082365;3,78429508;0,00000000
6,57092765;3,82781744;0,00000000
6,57103165;3,82781744;0,00000000
6,57113565;3,82781744;0,00000000
6,57123965;3,82781744;0,00000000
6,57134365;3,78429508;0,00000000
6,57144765;3,82781744;0,00000000
6,57155165;3,82781744;0,00000000
6,57165565;3,82781744;0,00000000
6,57175965;3,82781744;0,01734744
6,57186365;3,78429508;0,00000000
6,57196765;3,82781744;0,00000000
6,57207165;3,82781744;0,00000000
6,57217565;3,78429508;0,00000000
6,57227965;3,78429508;0,00000000
6,57238365;3,78429508;0,00000000
6,57248765;3,82781744;0,00000000
6,57259165;3,82781744;0,00000000
6,57269565;3,78429508;0,00000000
6,57279965;3,82781744;0,00000000
6,57290365;3,78429508;0,00000000
6,57300765;3,82781744;0,00000000
6,57311165;3,82781744;0,00000000
6,57321565;3,78429508;0,00000000
6,57331965;3,82781744;0,00000000
6,57342365;3,82781744;0,00000000
6,57352765;3,82781744;0,00000000
6,57363165;3,82781744;0,00000000
6,57373565;3,78429508;0,00000000
6,57383965;3,82781744;0,00000000
6,57394365;3,78429508;0,00000000
6,57404765;3,78429508;0,00000000
6,57415165;3,82781744;0,00000000
6,57425565;3,82781744;0,00000000
6,57435965;3,82781744;0,00000000
6,57446365;3,82781744;0,00000000
6,57456765;3,82781744;0,00000000
6,57467165;3,78429508;0,00000000
6,57477565;3,78429508;0,00000000
6,57487965;3,82781744;0,00000000
6,57498365;3,82781744;0,00000000
6,57508765;3,82781744;0,00000000
6,57519165;3,78429508;0,00000000
6,57529565;3,82781744;0,00000000
6,57539965;3,82781744;0,00000000
6,57550365;3,82781744;0,00000000
6,57560765;3,82781744;0,00000000
6,57571165;3,82781744;0,00000000
6,57581565;3,82781744;0,00000000
6,57591965;3,78429508;0,00000000
6,57602365;3,82781744;0,00000000
6,57612765;3,82781744;0,00000000
6,57623165;3,78429508;0,00000000
6,57633565;3,82781744;0,00000000
6,57643965;3,78429508;0,00000000
6,57654365;3,78429508;0,00000000
6,57664765;3,82781744;0,00000000
6,57675165;3,82781744;0,00000000
6,57685565;3,82781744;0,00000000
6,57695965;3,78429508;0,00000000
6,57706365;3,82781744;0,00000000
6,57716765;3,82781744;0,00000000
6,57727165;3,82781744;0,00000000
6,57737565;3,78429508;0,00000000
6,57747965;3,82781744;0,00000000
6,57758365;3,82781744;0,00000000
6,57768765;3,82781744;0,00000000
6,57779165;3,78429508;0,00000000
6,57789565;3,78429508;0,00000000
6,57799965;3,82781744;0,00000000
6,57810365;3,82781744;0,00000000
6,57820765;3,78429508;0,00000000
6,57831165;3,78429508;0,00000000
6,57841565;3,82781744;0,00000000
6,57851965;3,78429508;0,00000000
6,57862365;3,82781744;0,00000000
6,57872765;3,82781744;0,00000000
6,57883165;3,82781744;0,00000000
6,57893565;3,78429508;0,00000000
6,57903965;3,78429508;0,00000000
6,57914365;3,78429508;0,00000000
6,57924765;3,82781744;0,00000000
6,57935165;3,78429508;0,00000000
6,57945565;3,82781744;0,00000000
6,57955965;3,82781744;0,00000000
6,57966365;3,78429508;0,00000000
6,57976765;3,82781744;0,00000000
6,57987165;3,78429508;0,00000000
6,57997565;3,82781744;0,00000000
6,58007965;3,82781744;0,00000000
6,58018365;3,82781744;0,00000000
6,58028765;3,78429508;0,00000000
6,58039165;3,78429508;0,00000000
6,58049565;3,78429508;0,00000000
6,58059965;3,82781744;0,00000000
6,58070365;3,82781744;0,00000000
6,58080765;3,82781744;0,00000000
6,58091165;3,82781744;0,00000000
6,58101565;3,82781744;0,00000000
6,58111965;3,82781744;0,00000000
6,58122365;3,82781744;0,00000000
6,58132765;3,82781744;0,00000000
6,58143165;3,82781744;0,00000000
6,58153565;3,82781744;0,00000000
6,58163965;3,82781744;0,00000000
6,58174365;3,82781744;0,00000000
6,58184765;3,82781744;0,00000000
6,58195165;3,78429508;0,00000000
6,58205565;3,82781744;0,00000000
6,58215965;3,78429508;0,00000000
6,58226365;3,78429508;0,00000000
6,58236765;3,78429508;0,00000000
6,58247165;3,82781744;0,00000000
6,58257565;3,82781744;0,00000000
6,58267965;3,78429508;0,00000000
6,58278365;3,82781744;0,00000000
6,58288765;3,82781744;0,00000000
6,58299165;3,82781744;0,00000000
6,58309565;3,78429508;0,00000000
6,58319965;3,78429508;0,00000000
6,58330365;3,82781744;0,00000000
6,58340765;3,82781744;0,00000000
6,58351165;3,78429508;0,00000000
6,58361565;3,82781744;0,00000000
6,58371965;3,82781744;0,00000000
6,58382365;3,78429508;0,00000000
6,58392765;3,82781744;0,00000000
6,58403165;3,82781744;0,00000000
6,58413565;3,82781744;0,00000000
6,58423965;3,82781744;0,00000000
6,58434365;3,78429508;0,00000000
6,58444765;3,82781744;0,00000000
6,58455165;3,82781744;0,00000000
6,58465565;3,82781744;0,00000000
6,58475965;3,82781744;0,00000000
6,58486365;3,78429508;0,00000000
6,58496765;3,78429508;0,00000000
6,58507165;3,82781744;0,00000000
6,58517565;3,82781744;0,00000000
6,58527965;3,82781744;0,00000000
6,58538365;3,82781744;0,00000000
6,58548765;3,78429508;0,00000000
6,58559165;3,78429508;0,00000000
6,58569565;3,82781744;0,00000000
6,58579965;3,78429508;0,00000000
6,58590365;3,82781744;0,00000000
6,58600764;3,82781744;0,00000000
6,58611164;3,78429508;0,00000000
6,58621564;3,82781744;0,00000000
6,58631964;3,82781744;0,00000000
6,58642364;3,78429508;0,00000000
6,58652764;3,78429508;0,00000000
6,58663164;3,82781744;0,00000000
6,58673564;3,78429508;0,00000000
6,58683964;3,78429508;0,00000000
6,58694364;3,82781744;0,00000000
6,58704764;3,82781744;0,00000000
6,58715164;3,82781744;0,00000000
6,58725564;3,82781744;0,00000000
6,58735964;3,82781744;0,00000000
6,58746364;3,78429508;0,00000000
6,58756764;3,78429508;0,00000000
6,58767164;3,82781744;0,00000000
6,58777564;3,82781744;0,00000000
6,58787964;3,78429508;0,00000000
6,58798364;3,82781744;0,00000000
6,58808764;3,82781744;0,00000000
6,58819164;3,82781744;0,00000000
6,58829564;3,78429508;0,00000000
6,58839964;3,82781744;0,00000000
6,58850364;3,78429508;0,00000000
6,58860764;3,78429508;0,00000000
6,58871164;3,82781744;0,00000000
6,58881564;3,82781744;0,00000000
6,58891964;3,78429508;0,00000000
6,58902364;3,82781744;0,00000000
6,58912764;3,82781744;0,00000000
6,58923164;3,78429508;0,00000000
6,58933564;3,78429508;0,00000000
6,58943964;3,78429508;0,00000000
6,58954364;3,82781744;0,00000000
6,58964764;3,82781744;0,00000000
6,58975164;3,78429508;0,00000000
6,58985564;3,78429508;0,00000000
6,58995964;3,82781744;0,00000000
6,59006364;3,82781744;0,00000000
6,59016764;3,82781744;0,00000000
6,59027164;3,82781744;0,00000000
6,59037564;3,78429508;0,00000000
6,59047964;3,82781744;0,00000000
6,59058364;3,82781744;0,00000000
6,59068764;3,82781744;0,00000000
6,59079164;3,82781744;0,00000000
6,59089564;3,82781744;0,00000000
6,59099964;3,78429508;0,00000000
6,59110364;3,82781744;0,00000000
6,59120764;3,78429508;0,00000000
6,59131164;3,82781744;0,00000000
6,59141564;3,78429508;0,00000000
6,59151964;3,78429508;0,00000000
6,59162364;3,82781744;0,00000000
6,59172764;3,82781744;0,00000000
6,59183164;3,82781744;0,00000000
6,59193564;3,82781744;0,00000000
6,59203964;3,82781744;0,00000000
6,59214364;3,78429508;0,00000000
6,59224764;3,82781744;0,00000000
6,59235164;3,82781744;0,00000000
6,59245564;3,82781744;0,00000000
6,59255964;3,78429508;0,00000000
6,59266364;3,78429508;0,00000000
6,59276764;3,82781744;0,00000000
6,59287164;3,78429508;0,00000000
6,59297564;3,78429508;0,00000000
6,59307964;3,82781744;0,00000000
6,59318364;3,82781744;0,00000000
6,59328764;3,82781744;0,00000000
6,59339164;3,82781744;0,00000000
6,59349564;3,82781744;0,00000000
6,59359964;3,82781744;0,01734744
6,59370364;3,78429508;0,00000000
6,59380764;3,82781744;0,00000000
6,59391164;3,78429508;0,00000000
6,59401564;3,82781744;0,00000000
6,59411964;3,78429508;0,00000000
6,59422364;3,82781744;0,00000000
6,59432764;3,82781744;0,00000000
6,59443164;3,82781744;0,00000000
6,59453564;3,78429508;0,00000000
6,59463964;3,82781744;0,00000000
6,59474364;3,82781744;0,00000000
6,59484764;3,82781744;0,00000000
6,59495164;3,78429508;0,00000000
6,59505564;3,78429508;0,00000000
6,59515964;3,82781744;0,00000000
6,59526364;3,82781744;0,00000000
6,59536764;3,78429508;0,00000000
6,59547164;3,78429508;0,00000000
6,59557564;3,82781744;0,00000000
6,59567964;3,82781744;0,00000000
6,59578364;3,82781744;0,00000000
6,59588764;3,78429508;0,00000000
6,59599164;3,78429508;0,00000000
6,59609564;3,78429508;0,00000000
6,59619964;3,82781744;0,00000000
6,59630364;3,82781744;0,00000000
6,59640764;3,82781744;0,00000000
6,59651164;3,78429508;0,01734744
6,59661564;3,82781744;0,00000000
6,59671964;3,82781744;0,00000000
6,59682364;3,78429508;0,00000000
6,59692764;3,82781744;0,00000000
6,59703164;3,82781744;0,00000000
6,59713564;3,82781744;0,00000000
6,59723964;3,82781744;0,00000000
6,59734364;3,78429508;0,00000000
6,59744764;3,82781744;0,00000000
6,59755164;3,82781744;0,00000000
6,59765564;3,78429508;0,00000000
6,59775964;3,78429508;0,00000000
6,59786364;3,78429508;0,00000000
6,59796764;3,82781744;0,00000000
6,59807164;3,78429508;0,00000000
6,59817564;3,82781744;0,00000000
6,59827964;3,78429508;0,00000000
6,59838364;3,82781744;0,00000000
6,59848764;3,82781744;0,00000000
6,59859164;3,82781744;0,00000000
6,59869564;3,82781744;0,00000000
6,59879964;3,82781744;0,00000000
6,59890364;3,78429508;0,00000000
6,59900764;3,78429508;0,00000000
6,59911164;3,82781744;0,00000000
6,59921564;3,82781744;0,00000000
6,59931964;3,78429508;0,00000000
6,59942364;3,78429508;0,00000000
6,59952764;3,78429508;0,00000000
6,59963164;3,82781744;0,00000000
6,59973564;3,82781744;0,00000000
6,59983964;3,82781744;0,00000000
6,59994364;3,82781744;0,00000000
6,60004764;3,78429508;0,00000000
6,60015164;3,82781744;0,00000000
6,60025564;3,82781744;0,00000000
6,60035964;3,78429508;0,00000000
6,60046364;3,82781744;0,00000000
6,60056764;3,82781744;0,00000000
6,60067164;3,78429508;0,00000000
6,60077564;3,78429508;0,00000000
6,60087964;3,78429508;0,00000000
6,60098364;3,82781744;0,00000000
6,60108764;3,78429508;0,00000000
6,60119164;3,78429508;0,00000000
6,60129564;3,82781744;0,00000000
6,60139964;3,78429508;0,00000000
6,60150364;3,78429508;0,00000000
6,60160764;3,78429508;0,00000000
6,60171164;3,82781744;0,00000000
6,60181564;3,82781744;0,00000000
6,60191964;3,82781744;0,00000000
6,60202364;3,82781744;0,00000000
6,60212764;3,78429508;0,00000000
6,60223164;3,82781744;0,00000000
6,60233564;3,82781744;0,00000000
6,60243964;3,82781744;0,00000000
6,60254364;3,82781744;0,00000000
6,60264764;3,78429508;0,00000000
6,60275164;3,78429508;0,00000000
6,60285564;3,82781744;0,00000000
6,60295964;3,78429508;0,00000000
6,60306364;3,78429508;0,00000000
6,60316764;3,78429508;0,00000000
6,60327164;3,82781744;0,00000000
6,60337564;3,82781744;0,00000000
6,60347964;3,82781744;0,00000000
6,60358364;3,82781744;0,00000000
6,60368764;3,82781744;0,00000000
6,60379164;3,82781744;0,01734744
6,60389564;3,82781744;0,00000000
6,60399964;3,82781744;0,00000000
6,60410364;3,82781744;0,00000000
6,60420764;3,82781744;0,00000000
6,60431164;3,82781744;0,00000000
6,60441564;3,78429508;0,00000000
6,60451964;3,82781744;0,00000000
6,60462364;3,78429508;0,00000000
6,60472764;3,82781744;0,00000000
6,60483164;3,82781744;0,00000000
6,60493564;3,78429508;0,00000000
6,60503964;3,82781744;0,00000000
6,60514364;3,82781744;0,00000000
6,60524764;3,82781744;0,00000000
6,60535164;3,82781744;0,00000000
6,60545564;3,82781744;0,00000000
6,60555964;3,78429508;0,00000000
6,60566364;3,78429508;0,00000000
6,60576764;3,78429508;0,00000000
6,60587164;3,78429508;0,00000000
6,60597564;3,82781744;0,00000000
6,60607964;3,82781744;0,00000000
6,60618364;3,78429508;0,00000000
6,60628764;3,82781744;0,00000000
6,60639164;3,78429508;0,00000000
6,60649564;3,82781744;0,00000000
6,60659964;3,78429508;0,00000000
6,60670364;3,82781744;0,00000000
6,60680764;3,78429508;0,00000000
6,60691164;3,82781744;0,00000000
6,60701564;3,78429508;0,00000000
6,60711964;3,82781744;0,00000000
6,60722364;3,82781744;0,00000000
6,60732764;3,78429508;0,00000000
6,60743164;3,82781744;0,00000000
6,60753564;3,82781744;0,00000000
6,60763964;3,82781744;0,00000000
6,60774364;3,82781744;0,00000000
6,60784764;3,82781744;0,00000000
6,60795164;3,82781744;0,00000000
6,60805564;3,82781744;0,00000000
6,60815964;3,82781744;0,00000000
6,60826364;3,78429508;0,00000000
6,60836764;3,82781744;0,00000000
6,60847164;3,82781744;0,00000000
6,60857564;3,82781744;0,00000000
6,60867964;3,82781744;0,00000000
6,60878364;3,78429508;0,00000000
6,60888764;3,82781744;0,00000000
6,60899164;3,78429508;0,00000000
6,60909564;3,82781744;0,00000000
6,60919964;3,82781744;0,00000000
6,60930364;3,82781744;0,00000000
6,60940764;3,82781744;0,00000000
6,60951164;3,78429508;0,00000000
6,60961564;3,78429508;0,00000000
6,60971964;3,82781744;0,00000000
6,60982364;3,82781744;0,00000000
6,60992764;3,82781744;0,00000000
6,61003164;3,78429508;0,00000000
6,61013564;3,78429508;0,00000000
6,61023964;3,82781744;0,00000000
6,61034364;3,82781744;0,00000000
6,61044764;3,82781744;0,00000000
6,61055164;3,82781744;0,00000000
6,61065564;3,82781744;0,00000000
6,61075964;3,82781744;0,00000000
6,61086364;3,82781744;0,00000000
6,61096764;3,82781744;0,00000000
6,61107164;3,78429508;0,00000000
6,61117564;3,82781744;0,00000000
6,61127964;3,82781744;0,00000000
6,61138364;3,78429508;0,00000000
6,61148764;3,82781744;0,00000000
6,61159164;3,82781744;0,00000000
6,61169564;3,82781744;0,00000000
6,61179964;3,82781744;0,00000000
6,61190364;3,82781744;0,00000000
6,61200764;3,82781744;0,00000000
6,61211164;3,82781744;0,00000000
6,61221564;3,82781744;0,00000000
6,61231964;3,82781744;0,00000000
6,61242364;3,78429508;0,00000000
6,61252764;3,82781744;0,00000000
6,61263164;3,82781744;0,00000000
6,61273564;3,87133980;0,00000000
6,61283964;3,82781744;0,00000000
6,61294364;3,82781744;0,00000000
6,61304764;3,78429508;0,00000000
6,61315164;3,82781744;0,00000000
6,61325564;3,78429508;0,00000000
6,61335964;3,78429508;0,00000000
6,61346364;3,82781744;0,00000000
6,61356764;3,82781744;0,00000000
6,61367164;3,82781744;0,00000000
6,61377564;3,82781744;0,00000000
6,61387964;3,82781744;0,00000000
6,61398364;3,78429508;0,00000000
6,61408764;3,78429508;0,00000000
6,61419164;3,82781744;0,00000000
6,61429564;3,82781744;0,00000000
6,61439964;3,82781744;0,00000000
6,61450364;3,78429508;0,00000000
6,61460764;3,78429508;0,00000000
6,61471164;3,82781744;0,00000000
6,61481564;3,78429508;0,00000000
6,61491964;3,78429508;0,00000000
6,61502364;3,78429508;0,00000000
6,61512764;3,82781744;0,00000000
6,61523164;3,78429508;0,00000000
6,61533564;3,82781744;0,00000000
6,61543964;3,82781744;0,00000000
6,61554364;3,82781744;0,00000000
6,61564764;3,82781744;0,00000000
6,61575164;3,82781744;0,00000000
6,61585564;3,78429508;0,00000000
6,61595964;3,82781744;0,00000000
6,61606364;3,82781744;0,00000000
6,61616764;3,82781744;0,00000000
6,61627164;3,82781744;0,00000000
6,61637564;3,82781744;0,00000000
6,61647964;3,78429508;0,00000000
6,61658364;3,82781744;0,00000000
6,61668764;3,78429508;0,00000000
6,61679164;3,82781744;0,00000000
6,61689564;3,78429508;0,00000000
6,61699964;3,78429508;0,00000000
6,61710364;3,82781744;0,00000000
6,61720764;3,82781744;0,00000000
6,61731164;3,78429508;0,00000000
6,61741564;3,82781744;0,00000000
6,61751964;3,82781744;0,00000000
6,61762364;3,82781744;0,00000000
6,61772764;3,82781744;0,00000000
6,61783164;3,82781744;0,00000000
6,61793564;3,82781744;0,00000000
6,61803964;3,82781744;0,00000000
6,61814364;3,78429508;0,00000000
6,61824764;3,82781744;0,00000000
6,61835164;3,82781744;0,00000000
6,61845564;3,82781744;0,00000000
6,61855964;3,82781744;0,00000000
6,61866364;3,82781744;0,00000000
6,61876764;3,78429508;0,00000000
6,61887164;3,82781744;0,00000000
6,61897564;3,78429508;0,00000000
6,61907964;3,78429508;0,00000000
6,61918364;3,78429508;0,00000000
6,61928764;3,78429508;0,00000000
6,61939164;3,82781744;0,00000000
6,61949564;3,78429508;0,00000000
6,61959964;3,82781744;0,00000000
6,61970364;3,82781744;0,00000000
6,61980764;3,78429508;0,00000000
6,61991164;3,82781744;0,00000000
6,62001564;3,78429508;0,00000000
6,62011964;3,78429508;0,00000000
6,62022364;3,82781744;0,00000000
6,62032764;3,82781744;0,00000000
6,62043164;3,82781744;0,00000000
6,62053564;3,82781744;0,00000000
6,62063964;3,78429508;0,00000000
6,62074364;3,78429508;0,00000000
6,62084764;3,82781744;0,00000000
6,62095164;3,82781744;0,00000000
6,62105564;3,82781744;0,00000000
6,62115964;3,78429508;0,00000000
6,62126364;3,78429508;0,00000000
6,62136764;3,82781744;0,00000000
6,62147164;3,78429508;0,00000000
6,62157564;3,82781744;0,00000000
6,62167964;3,82781744;0,00000000
6,62178364;3,82781744;0,00000000
6,62188764;3,78429508;0,00000000
6,62199164;3,78429508;0,00000000
6,62209564;3,82781744;0,00000000
6,62219964;3,78429508;0,00000000
6,62230364;3,82781744;0,01734744
6,62240764;3,82781744;0,00000000
6,62251164;3,82781744;0,00000000
6,62261564;3,82781744;0,00000000
6,62271964;3,78429508;0,00000000
6,62282364;3,78429508;0,00000000
6,62292764;3,82781744;0,00000000
6,62303164;3,78429508;0,00000000
6,62313564;3,82781744;0,00000000
6,62323964;3,82781744;0,00000000
6,62334364;3,82781744;0,00000000
6,62344764;3,82781744;0,00000000
6,62355164;3,82781744;0,00000000
6,62365564;3,82781744;0,00000000
6,62375964;3,82781744;0,00000000
6,62386364;3,82781744;0,00000000
6,62396764;3,82781744;0,00000000
6,62407164;3,78429508;0,00000000
6,62417564;3,82781744;0,00000000
6,62427964;3,82781744;0,00000000
6,62438364;3,78429508;0,00000000
6,62448764;3,82781744;0,00000000
6,62459164;3,82781744;0,00000000
6,62469564;3,82781744;0,00000000
6,62479964;3,82781744;0,00000000
6,62490364;3,78429508;0,00000000
6,62500764;3,78429508;0,00000000
6,62511164;3,82781744;0,00000000
6,62521564;3,82781744;0,00000000
6,62531964;3,82781744;0,00000000
6,62542364;3,82781744;0,00000000
6,62552764;3,82781744;0,00000000
6,62563164;3,82781744;0,00000000
6,62573564;3,82781744;0,00000000
6,62583964;3,82781744;0,01734744
6,62594364;3,78429508;0,00000000
6,62604764;3,82781744;0,00000000
6,62615164;3,82781744;0,00000000
6,62625564;3,82781744;0,00000000
6,62635964;3,82781744;0,00000000
6,62646364;3,82781744;0,00000000
6,62656764;3,78429508;0,00000000
6,62667164;3,82781744;0,00000000
6,62677564;3,82781744;0,00000000
6,62687964;3,78429508;0,00000000
6,62698364;3,78429508;0,00000000
6,62708764;3,82781744;0,00000000
6,62719164;3,82781744;0,00000000
6,62729564;3,82781744;0,00000000
6,62739964;3,82781744;0,00000000
6,62750364;3,82781744;0,00000000
6,62760764;3,78429508;0,00000000
6,62771164;3,82781744;0,00000000
6,62781564;3,78429508;0,00000000
6,62791964;3,82781744;0,00000000
6,62802364;3,82781744;0,00000000
6,62812764;3,82781744;0,00000000
6,62823164;3,82781744;0,00000000
6,62833564;3,78429508;0,00000000
6,62843964;3,82781744;0,00000000
6,62854364;3,82781744;0,00000000
6,62864764;3,78429508;0,00000000
6,62875164;3,78429508;0,00000000
6,62885564;3,78429508;0,00000000
6,62895964;3,78429508;0,00000000
6,62906364;3,82781744;0,00000000
6,62916764;3,78429508;0,00000000
6,62927164;3,82781744;0,00000000
6,62937564;3,78429508;0,00000000
6,62947964;3,82781744;0,00000000
6,62958364;3,82781744;0,00000000
6,62968764;3,82781744;0,00000000
6,62979164;3,82781744;0,00000000
6,62989564;3,82781744;0,00000000
6,62999964;3,82781744;0,00000000
6,63010364;3,78429508;0,00000000
6,63020764;3,82781744;0,00000000
6,63031164;3,78429508;0,00000000
6,63041564;3,82781744;0,00000000
6,63051964;3,82781744;0,00000000
6,63062364;3,82781744;0,00000000
6,63072764;3,82781744;0,00000000
6,63083164;3,78429508;0,00000000
6,63093564;3,82781744;0,00000000
6,63103964;3,82781744;0,00000000
6,63114364;3,82781744;0,00000000
6,63124764;3,78429508;0,00000000
6,63135164;3,82781744;0,00000000
6,63145564;3,82781744;0,00000000
6,63155964;3,78429508;0,00000000
6,63166364;3,82781744;0,00000000
6,63176764;3,82781744;0,00000000
6,63187164;3,82781744;0,00000000
6,63197564;3,78429508;0,00000000
6,63207964;3,82781744;0,00000000
6,63218364;3,78429508;0,00000000
6,63228764;3,82781744;0,00000000
6,63239164;3,78429508;0,00000000
6,63249564;3,78429508;0,00000000
6,63259964;3,82781744;0,00000000
6,63270364;3,78429508;0,00000000
6,63280764;3,82781744;0,00000000
6,63291164;3,82781744;0,00000000
6,63301564;3,82781744;0,00000000
6,63311964;3,82781744;0,00000000
6,63322364;3,78429508;0,00000000
6,63332764;3,78429508;0,00000000
6,63343164;3,82781744;0,00000000
6,63353564;3,82781744;0,00000000
6,63363964;3,82781744;0,00000000
6,63374364;3,82781744;0,00000000
6,63384764;3,82781744;0,00000000
6,63395164;3,78429508;0,00000000
6,63405564;3,82781744;0,00000000
6,63415964;3,78429508;0,00000000
6,63426364;3,78429508;0,00000000
6,63436764;3,82781744;0,00000000
6,63447164;3,82781744;0,00000000
6,63457564;3,82781744;0,00000000
6,63467964;3,78429508;0,00000000
6,63478364;3,78429508;0,00000000
6,63488764;3,82781744;0,00000000
6,63499164;3,82781744;0,00000000
6,63509564;3,82781744;0,00000000
6,63519964;3,82781744;0,00000000
6,63530364;3,82781744;0,00000000
6,63540764;3,78429508;0,00000000
6,63551164;3,78429508;0,00000000
6,63561564;3,78429508;0,00000000
6,63571964;3,82781744;0,00000000
6,63582364;3,82781744;0,00000000
6,63592764;3,82781744;0,00000000
6,63603164;3,82781744;0,00000000
6,63613564;3,82781744;0,00000000
6,63623964;3,82781744;0,00000000
6,63634364;3,78429508;0,00000000
6,63644764;3,78429508;0,00000000
6,63655164;3,82781744;0,00000000
6,63665564;3,78429508;0,00000000
6,63675964;3,82781744;0,00000000
6,63686364;3,78429508;0,00000000
6,63696764;3,78429508;0,00000000
6,63707164;3,82781744;0,00000000
6,63717564;3,82781744;0,00000000
6,63727964;3,82781744;0,00000000
6,63738364;3,78429508;0,00000000
6,63748764;3,82781744;0,00000000
6,63759164;3,82781744;0,00000000
6,63769564;3,78429508;0,00000000
6,63779964;3,82781744;0,00000000
6,63790364;3,82781744;0,00000000
6,63800764;3,82781744;0,00000000
6,63811164;3,82781744;0,00000000
6,63821564;3,78429508;0,00000000
6,63831964;3,82781744;0,00000000
6,63842364;3,82781744;0,00000000
6,63852764;3,82781744;0,00000000
6,63863164;3,82781744;0,00000000
6,63873564;3,82781744;0,00000000
6,63883964;3,82781744;0,00000000
6,63894364;3,82781744;0,00000000
6,63904764;3,82781744;0,00000000
6,63915164;3,82781744;0,00000000
6,63925564;3,78429508;0,00000000
6,63935964;3,82781744;0,00000000
6,63946364;3,82781744;0,00000000
6,63956764;3,82781744;0,00000000
6,63967164;3,82781744;0,00000000
6,63977564;3,82781744;0,00000000
6,63987964;3,82781744;0,00000000
6,63998364;3,82781744;0,00000000
6,64008764;3,82781744;0,00000000
6,64019164;3,82781744;0,00000000
6,64029564;3,78429508;0,00000000
6,64039964;3,78429508;0,00000000
6,64050364;3,82781744;0,00000000
6,64060764;3,82781744;0,00000000
6,64071164;3,82781744;0,00000000
6,64081564;3,78429508;0,00000000
6,64091964;3,78429508;0,00000000
6,64102364;3,82781744;0,00000000
6,64112764;3,82781744;0,00000000
6,64123164;3,82781744;0,00000000
6,64133564;3,78429508;0,00000000
6,64143964;3,82781744;0,00000000
6,64154364;3,82781744;0,00000000
6,64164764;3,78429508;0,00000000
6,64175164;3,78429508;0,00000000
6,64185564;3,82781744;0,00000000
6,64195964;3,78429508;0,00000000
6,64206364;3,82781744;0,00000000
6,64216764;3,82781744;0,00000000
6,64227164;3,82781744;0,00000000
6,64237564;3,82781744;0,00000000
6,64247964;3,82781744;0,00000000
6,64258364;3,82781744;0,00000000
6,64268764;3,82781744;0,00000000
6,64279164;3,82781744;0,00000000
6,64289564;3,82781744;0,00000000
6,64299964;3,82781744;0,00000000
6,64310364;3,82781744;0,00000000
6,64320764;3,78429508;0,00000000
6,64331164;3,82781744;0,00000000
6,64341564;3,82781744;0,00000000
6,64351964;3,82781744;0,00000000
6,64362364;3,78429508;0,00000000
6,64372764;3,82781744;0,00000000
6,64383164;3,82781744;0,00000000
6,64393564;3,82781744;0,00000000
6,64403964;3,82781744;0,00000000
6,64414364;3,78429508;0,00000000
6,64424764;3,78429508;0,00000000
6,64435164;3,82781744;0,00000000
6,64445564;3,78429508;0,00000000
6,64455964;3,82781744;0,00000000
6,64466364;3,82781744;0,00000000
6,64476764;3,82781744;0,00000000
6,64487164;3,78429508;0,00000000
6,64497564;3,82781744;0,00000000
6,64507964;3,78429508;0,00000000
6,64518364;3,78429508;0,00000000
6,64528764;3,78429508;0,00000000
6,64539164;3,82781744;0,00000000
6,64549564;3,82781744;0,00000000
6,64559964;3,82781744;0,00000000
6,64570364;3,82781744;0,00000000
6,64580764;3,82781744;0,00000000
6,64591164;3,82781744;0,00000000
6,64601564;3,82781744;0,00000000
6,64611964;3,82781744;0,00000000
6,64622364;3,82781744;0,00000000
6,64632764;3,78429508;0,00000000
6,64643164;3,82781744;0,00000000
6,64653564;3,82781744;0,00000000
6,64663964;3,78429508;0,00000000
6,64674364;3,82781744;0,00000000
6,64684764;3,82781744;0,00000000
6,64695164;3,78429508;0,00000000
6,64705564;3,78429508;0,00000000
6,64715964;3,82781744;0,00000000
6,64726364;3,82781744;0,00000000
6,64736764;3,82781744;0,00000000
6,64747164;3,78429508;0,00000000
6,64757564;3,78429508;0,00000000
6,64767964;3,82781744;0,00000000
6,64778364;3,82781744;0,00000000
6,64788764;3,82781744;0,00000000
6,64799164;3,82781744;0,00000000
6,64809564;3,82781744;0,00000000
6,64819964;3,82781744;0,00000000
6,64830364;3,82781744;0,00000000
6,64840764;3,82781744;0,00000000
6,64851164;3,82781744;0,00000000
6,64861564;3,82781744;0,00000000
6,64871964;3,78429508;0,00000000
6,64882364;3,78429508;0,00000000
6,64892764;3,82781744;0,00000000
6,64903164;3,78429508;0,00000000
6,64913564;3,82781744;0,00000000
6,64923964;3,82781744;0,00000000
6,64934364;3,82781744;0,00000000
6,64944764;3,78429508;0,00000000
6,64955164;3,78429508;0,00000000
6,64965564;3,78429508;0,00000000
6,64975964;3,78429508;0,00000000
6,64986364;3,78429508;0,00000000
6,64996764;3,82781744;0,00000000
6,65007164;3,82781744;0,00000000
6,65017564;3,82781744;0,00000000
6,65027964;3,82781744;0,00000000
6,65038364;3,82781744;0,00000000
6,65048764;3,82781744;0,00000000
6,65059164;3,82781744;0,00000000
6,65069564;3,82781744;0,00000000
6,65079964;3,82781744;0,00000000
6,65090364;3,82781744;0,00000000
6,65100764;3,82781744;0,00000000
6,65111164;3,78429508;0,00000000
6,65121564;3,82781744;0,00000000
6,65131964;3,78429508;0,00000000
6,65142364;3,78429508;0,00000000
6,65152764;3,82781744;0,00000000
6,65163164;3,82781744;0,00000000
6,65173564;3,82781744;0,00000000
6,65183964;3,82781744;0,00000000
6,65194364;3,82781744;0,00000000
6,65204764;3,82781744;0,00000000
6,65215164;3,82781744;0,00000000
6,65225564;3,82781744;0,00000000
6,65235964;3,78429508;0,00000000
6,65246364;3,82781744;0,00000000
6,65256764;3,78429508;0,00000000
6,65267164;3,82781744;0,00000000
6,65277564;3,78429508;0,00000000
6,65287964;3,82781744;0,00000000
6,65298364;3,82781744;0,00000000
6,65308764;3,78429508;0,00000000
6,65319164;3,82781744;0,00000000
6,65329564;3,78429508;0,00000000
6,65339964;3,82781744;0,00000000
6,65350364;3,82781744;0,00000000
6,65360764;3,78429508;0,00000000
6,65371164;3,78429508;0,00000000
6,65381564;3,82781744;0,00000000
6,65391964;3,78429508;0,00000000
6,65402364;3,82781744;0,00000000
6,65412764;3,82781744;0,00000000
6,65423164;3,82781744;0,00000000
6,65433564;3,78429508;0,00000000
6,65443964;3,82781744;0,00000000
6,65454364;3,82781744;0,00000000
6,65464764;3,82781744;0,00000000
6,65475164;3,82781744;0,00000000
6,65485564;3,82781744;0,00000000
6,65495964;3,82781744;0,00000000
6,65506364;3,82781744;0,00000000
6,65516764;3,82781744;0,00000000
6,65527164;3,78429508;0,00000000
6,65537564;3,82781744;0,00000000
6,65547964;3,78429508;0,00000000
6,65558364;3,82781744;0,00000000
6,65568764;3,82781744;0,00000000
6,65579164;3,82781744;0,00000000
6,65589564;3,78429508;0,00000000
6,65599964;3,82781744;0,00000000
6,65610364;3,82781744;0,00000000
6,65620764;3,78429508;0,00000000
6,65631164;3,78429508;0,00000000
6,65641564;3,82781744;0,00000000
6,65651964;3,78429508;0,00000000
6,65662364;3,82781744;0,00000000
6,65672764;3,82781744;0,00000000
6,65683164;3,78429508;0,00000000
6,65693564;3,78429508;0,00000000
6,65703964;3,82781744;0,00000000
6,65714364;3,78429508;0,00000000
6,65724764;3,82781744;0,00000000
6,65735164;3,82781744;0,00000000
6,65745564;3,78429508;0,00000000
6,65755964;3,78429508;0,00000000
6,65766364;3,82781744;0,00000000
6,65776764;3,82781744;0,00000000
6,65787164;3,78429508;0,00000000
6,65797564;3,78429508;0,00000000
6,65807964;3,82781744;0,00000000
6,65818364;3,82781744;0,00000000
6,65828764;3,78429508;0,00000000
6,65839164;3,82781744;0,00000000
6,65849564;3,82781744;0,00000000
6,65859964;3,82781744;0,00000000
6,65870364;3,82781744;0,00000000
6,65880764;3,78429508;0,00000000
6,65891164;3,82781744;0,00000000
6,65901564;3,78429508;0,00000000
6,65911964;3,78429508;0,00000000
6,65922364;3,78429508;0,00000000
6,65932764;3,78429508;0,00000000
6,65943164;3,78429508;0,00000000
6,65953564;3,82781744;0,00000000
6,65963964;3,82781744;0,00000000
6,65974364;3,82781744;0,00000000
6,65984764;3,78429508;0,00000000
6,65995164;3,78429508;0,00000000
6,66005564;3,78429508;0,00000000
6,66015964;3,82781744;0,00000000
6,66026364;3,78429508;0,00000000
6,66036764;3,82781744;0,00000000
6,66047164;3,78429508;0,00000000
6,66057564;3,82781744;0,00000000
6,66067964;3,82781744;0,00000000
6,66078364;3,78429508;0,00000000
6,66088764;3,78429508;0,00000000
6,66099164;3,82781744;0,00000000
6,66109564;3,82781744;0,00000000
6,66119964;3,78429508;0,00000000
6,66130364;3,82781744;0,00000000
6,66140764;3,78429508;0,00000000
6,66151164;3,78429508;0,00000000
6,66161564;3,78429508;0,00000000
6,66171964;3,82781744;0,00000000
6,66182364;3,82781744;0,00000000
6,66192764;3,78429508;0,00000000
6,66203164;3,82781744;0,00000000
6,66213564;3,82781744;0,00000000
6,66223964;3,78429508;0,00000000
6,66234364;3,78429508;0,00000000
6,66244764;3,82781744;0,00000000
6,66255164;3,82781744;0,00000000
6,66265564;3,82781744;0,00000000
6,66275964;3,78429508;0,00000000
6,66286364;3,82781744;0,00000000
6,66296764;3,78429508;0,00000000
6,66307164;3,78429508;0,00000000
6,66317564;3,82781744;0,00000000
6,66327964;3,87133980;0,00000000
6,66338364;3,82781744;0,00000000
6,66348764;3,82781744;0,00000000
6,66359164;3,82781744;0,00000000
6,66369564;3,78429508;0,00000000
6,66379964;3,78429508;0,00000000
6,66390364;3,82781744;0,00000000
6,66400764;3,82781744;0,00000000
6,66411164;3,82781744;0,00000000
6,66421564;3,82781744;0,00000000
6,66431964;3,82781744;0,00000000
6,66442364;3,82781744;0,00000000
6,66452764;3,82781744;0,00000000
6,66463164;3,78429508;0,00000000
6,66473564;3,82781744;0,01734744
6,66483964;3,82781744;0,00000000
6,66494364;3,78429508;0,00000000
6,66504764;3,82781744;0,00000000
6,66515164;3,78429508;0,00000000
6,66525564;3,82781744;0,00000000
6,66535964;3,82781744;0,00000000
6,66546364;3,78429508;0,00000000
6,66556764;3,82781744;0,00000000
6,66567164;3,82781744;0,00000000
6,66577564;3,78429508;0,00000000
6,66587964;3,82781744;0,00000000
6,66598364;3,82781744;0,00000000
6,66608764;3,82781744;0,00000000
6,66619164;3,78429508;0,00000000
6,66629564;3,82781744;0,00000000
6,66639964;3,82781744;0,00000000
6,66650364;3,82781744;0,00000000
6,66660764;3,82781744;0,00000000
6,66671164;3,82781744;0,00000000
6,66681564;3,78429508;0,00000000
6,66691964;3,82781744;0,00000000
6,66702364;3,82781744;0,00000000
6,66712764;3,82781744;0,00000000
6,66723164;3,82781744;0,00000000
6,66733564;3,82781744;0,00000000
6,66743964;3,82781744;0,00000000
6,66754364;3,82781744;0,00000000
6,66764764;3,82781744;0,00000000
6,66775164;3,82781744;0,00000000
6,66785564;3,82781744;0,00000000
6,66795964;3,78429508;0,00000000
6,66806364;3,82781744;0,00000000
6,66816764;3,78429508;0,00000000
6,66827164;3,78429508;0,00000000
6,66837564;3,82781744;0,00000000
6,66847964;3,82781744;0,00000000
6,66858364;3,78429508;0,00000000
6,66868764;3,82781744;0,00000000
6,66879164;3,82781744;0,00000000
6,66889564;3,82781744;0,00000000
6,66899964;3,82781744;0,00000000
6,66910364;3,82781744;0,00000000
6,66920764;3,82781744;0,00000000
6,66931164;3,82781744;0,00000000
6,66941564;3,82781744;0,00000000
6,66951964;3,78429508;0,00000000
6,66962364;3,78429508;0,00000000
6,66972764;3,78429508;0,00000000
6,66983164;3,82781744;0,00000000
6,66993564;3,78429508;0,00000000
6,67003964;3,78429508;0,00000000
6,67014364;3,78429508;0,00000000
6,67024764;3,82781744;0,00000000
6,67035164;3,82781744;0,00000000
6,67045564;3,82781744;0,00000000
6,67055964;3,78429508;0,00000000
6,67066364;3,87133980;0,00000000
6,67076764;3,82781744;0,00000000
6,67087164;3,82781744;0,00000000
6,67097564;3,78429508;0,00000000
6,67107964;3,82781744;0,00000000
6,67118364;3,78429508;0,00000000
6,67128764;3,78429508;0,00000000
6,67139164;3,82781744;0,00000000
6,67149564;3,78429508;0,00000000
6,67159964;3,82781744;0,00000000
6,67170364;3,78429508;0,00000000
6,67180764;3,82781744;0,00000000
6,67191164;3,78429508;0,00000000
6,67201564;3,82781744;0,00000000
6,67211964;3,78429508;0,00000000
6,67222364;3,82781744;0,00000000
6,67232764;3,78429508;0,00000000
6,67243164;3,78429508;0,00000000
6,67253564;3,78429508;0,00000000
6,67263964;3,82781744;0,00000000
6,67274364;3,78429508;0,00000000
6,67284764;3,82781744;0,00000000
6,67295164;3,82781744;0,00000000
6,67305564;3,82781744;0,00000000
6,67315964;3,78429508;0,00000000
6,67326364;3,78429508;0,00000000
6,67336764;3,82781744;0,00000000
6,67347164;3,82781744;0,00000000
6,67357564;3,82781744;0,00000000
6,67367964;3,82781744;0,00000000
6,67378364;3,78429508;0,00000000
6,67388764;3,82781744;0,00000000
6,67399164;3,82781744;0,00000000
6,67409564;3,82781744;0,00000000
6,67419964;3,78429508;0,00000000
6,67430364;3,82781744;0,00000000
6,67440764;3,82781744;0,00000000
6,67451164;3,78429508;0,00000000
6,67461564;3,78429508;0,00000000
6,67471964;3,78429508;0,00000000
6,67482364;3,82781744;0,00000000
6,67492764;3,82781744;0,00000000
6,67503164;3,82781744;0,00000000
6,67513564;3,82781744;0,00000000
6,67523964;3,82781744;0,00000000
6,67534364;3,82781744;0,00000000
6,67544764;3,82781744;0,00000000
6,67555164;3,78429508;0,00000000
6,67565564;3,82781744;0,00000000
6,67575964;3,82781744;0,00000000
6,67586364;3,82781744;0,00000000
6,67596764;3,78429508;0,00000000
6,67607164;3,82781744;0,00000000
6,67617564;3,78429508;0,00000000
6,67627964;3,78429508;0,00000000
6,67638364;3,82781744;0,00000000
6,67648764;3,78429508;0,00000000
6,67659164;3,82781744;0,00000000
6,67669564;3,82781744;0,00000000
6,67679964;3,78429508;0,00000000
6,67690364;3,82781744;0,00000000
6,67700764;3,82781744;0,00000000
6,67711164;3,78429508;0,00000000
6,67721564;3,82781744;0,00000000
6,67731964;3,82781744;0,00000000
6,67742364;3,82781744;0,00000000
6,67752764;3,78429508;0,00000000
6,67763164;3,82781744;0,00000000
6,67773564;3,82781744;0,00000000
6,67783964;3,82781744;0,00000000
6,67794364;3,78429508;0,00000000
6,67804764;3,78429508;0,00000000
6,67815164;3,82781744;0,00000000
6,67825564;3,82781744;0,00000000
6,67835964;3,82781744;0,00000000
6,67846364;3,82781744;0,00000000
6,67856764;3,82781744;0,00000000
6,67867164;3,82781744;0,00000000
6,67877564;3,82781744;0,00000000
6,67887964;3,82781744;0,00000000
6,67898364;3,78429508;0,00000000
6,67908764;3,82781744;0,00000000
6,67919164;3,82781744;0,00000000
6,67929564;3,82781744;0,00000000
6,67939964;3,82781744;0,00000000
6,67950364;3,78429508;0,00000000
6,67960764;3,82781744;0,00000000
6,67971164;3,82781744;0,00000000
6,67981564;3,82781744;0,00000000
6,67991964;3,82781744;0,00000000
6,68002364;3,82781744;0,00000000
6,68012764;3,82781744;0,00000000
6,68023164;3,78429508;0,00000000
6,68033564;3,78429508;0,00000000
6,68043964;3,82781744;0,00000000
6,68054364;3,82781744;0,00000000
6,68064764;3,82781744;0,00000000
6,68075164;3,82781744;0,00000000
6,68085564;3,82781744;0,00000000
6,68095964;3,82781744;0,00000000
6,68106364;3,78429508;0,00000000
6,68116764;3,82781744;0,00000000
6,68127164;3,82781744;0,00000000
6,68137564;3,82781744;0,00000000
6,68147964;3,82781744;0,00000000
6,68158364;3,78429508;0,00000000
6,68168764;3,78429508;0,00000000
6,68179164;3,82781744;0,00000000
6,68189564;3,82781744;0,00000000
6,68199964;3,82781744;0,00000000
6,68210364;3,78429508;0,01734744
6,68220764;3,82781744;0,00000000
6,68231164;3,82781744;0,00000000
6,68241564;3,82781744;0,00000000
6,68251964;3,82781744;0,00000000
6,68262364;3,82781744;0,00000000
6,68272764;3,82781744;0,00000000
6,68283164;3,82781744;0,00000000
6,68293564;3,78429508;0,00000000
6,68303964;3,82781744;0,00000000
6,68314364;3,78429508;0,00000000
6,68324764;3,82781744;0,00000000
6,68335164;3,82781744;0,00000000
6,68345564;3,82781744;0,00000000
6,68355964;3,78429508;0,00000000
6,68366364;3,82781744;0,00000000
6,68376764;3,82781744;0,00000000
6,68387164;3,78429508;0,00000000
6,68397564;3,78429508;0,00000000
6,68407964;3,78429508;0,00000000
6,68418364;3,82781744;0,00000000
6,68428764;3,82781744;0,00000000
6,68439164;3,78429508;0,00000000
6,68449564;3,82781744;0,00000000
6,68459964;3,78429508;0,00000000
6,68470364;3,82781744;0,00000000
6,68480764;3,82781744;0,00000000
6,68491164;3,78429508;0,00000000
6,68501564;3,78429508;0,00000000
6,68511964;3,78429508;0,00000000
6,68522364;3,78429508;0,00000000
6,68532764;3,78429508;0,00000000
6,68543164;3,82781744;0,00000000
6,68553564;3,82781744;0,00000000
6,68563964;3,82781744;0,00000000
6,68574364;3,78429508;0,00000000
6,68584764;3,82781744;0,00000000
6,68595164;3,82781744;0,00000000
6,68605564;3,82781744;0,00000000
6,68615964;3,78429508;0,00000000
6,68626364;3,82781744;0,00000000
6,68636764;3,78429508;0,00000000
6,68647164;3,82781744;0,00000000
6,68657564;3,82781744;0,00000000
6,68667964;3,78429508;0,00000000
6,68678364;3,82781744;0,00000000
6,68688764;3,82781744;0,00000000
6,68699164;3,78429508;0,00000000
6,68709564;3,78429508;0,00000000
6,68719964;3,82781744;0,00000000
6,68730364;3,78429508;0,00000000
6,68740764;3,82781744;0,00000000
6,68751164;3,82781744;0,00000000
6,68761564;3,78429508;0,00000000
6,68771964;3,82781744;0,00000000
6,68782364;3,78429508;0,00000000
6,68792764;3,82781744;0,00000000
6,68803164;3,82781744;0,00000000
6,68813564;3,82781744;0,00000000
6,68823964;3,82781744;0,00000000
6,68834364;3,78429508;0,00000000
6,68844764;3,78429508;0,00000000
6,68855164;3,82781744;0,00000000
6,68865564;3,82781744;0,00000000
6,68875964;3,82781744;0,00000000
6,68886364;3,82781744;0,00000000
6,68896764;3,82781744;0,00000000
6,68907164;3,78429508;0,00000000
6,68917564;3,82781744;0,00000000
6,68927964;3,82781744;0,00000000
6,68938364;3,82781744;0,00000000
6,68948764;3,78429508;0,00000000
6,68959164;3,78429508;0,00000000
6,68969564;3,82781744;0,00000000
6,68979964;3,82781744;0,00000000
6,68990364;3,78429508;0,00000000
6,69000764;3,82781744;0,00000000
6,69011164;3,78429508;0,00000000
6,69021564;3,82781744;0,00000000
6,69031964;3,82781744;0,00000000
6,69042364;3,82781744;0,00000000
6,69052764;3,78429508;0,00000000
6,69063164;3,78429508;0,00000000
6,69073564;3,82781744;0,00000000
6,69083964;3,82781744;0,00000000
6,69094364;3,82781744;0,00000000
6,69104764;3,78429508;0,00000000
6,69115164;3,82781744;0,00000000
6,69125564;3,82781744;0,00000000
6,69135964;3,82781744;0,00000000
6,69146364;3,82781744;0,00000000
6,69156764;3,78429508;0,00000000
6,69167164;3,82781744;0,00000000
6,69177564;3,78429508;0,00000000
6,69187964;3,82781744;0,00000000
6,69198364;3,82781744;0,00000000
6,69208764;3,82781744;0,00000000
6,69219164;3,82781744;0,00000000
6,69229564;3,82781744;0,00000000
6,69239964;3,82781744;0,00000000
6,69250364;3,82781744;0,00000000
6,69260764;3,78429508;0,00000000
6,69271164;3,78429508;0,00000000
6,69281564;3,82781744;0,00000000
6,69291964;3,82781744;0,00000000
6,69302364;3,82781744;0,00000000
6,69312764;3,82781744;0,00000000
6,69323164;3,82781744;0,00000000
6,69333564;3,78429508;0,00000000
6,69343964;3,82781744;0,00000000
6,69354364;3,78429508;0,00000000
6,69364764;3,82781744;0,00000000
6,69375164;3,82781744;0,00000000
6,69385564;3,82781744;0,00000000
6,69395964;3,78429508;0,00000000
6,69406364;3,78429508;0,00000000
6,69416764;3,82781744;0,00000000
6,69427164;3,82781744;0,00000000
6,69437564;3,82781744;0,00000000
6,69447964;3,82781744;0,00000000
6,69458364;3,78429508;0,00000000
6,69468764;3,82781744;0,00000000
6,69479164;3,82781744;0,00000000
6,69489564;3,82781744;0,00000000
6,69499964;3,82781744;0,00000000
6,69510364;3,87133980;0,00000000
6,69520764;3,78429508;0,00000000
6,69531164;3,82781744;0,00000000
6,69541564;3,78429508;0,00000000
6,69551964;3,78429508;0,00000000
6,69562364;3,82781744;0,00000000
6,69572764;3,78429508;0,00000000
6,69583164;3,82781744;0,00000000
6,69593564;3,78429508;0,00000000
6,69603964;3,82781744;0,00000000
6,69614364;3,82781744;0,00000000
6,69624764;3,82781744;0,00000000
6,69635164;3,78429508;0,00000000
6,69645564;3,78429508;0,00000000
6,69655964;3,78429508;0,00000000
6,69666364;3,82781744;0,00000000
6,69676764;3,78429508;0,00000000
6,69687164;3,82781744;0,00000000
6,69697564;3,78429508;0,00000000
6,69707964;3,78429508;0,00000000
6,69718364;3,82781744;0,00000000
6,69728764;3,82781744;0,00000000
6,69739164;3,82781744;0,00000000
6,69749564;3,82781744;0,00000000
6,69759964;3,82781744;0,00000000
6,69770364;3,82781744;0,00000000
6,69780764;3,78429508;0,00000000
6,69791164;3,78429508;0,00000000
6,69801564;3,82781744;0,00000000
6,69811964;3,78429508;0,00000000
6,69822364;3,82781744;0,00000000
6,69832764;3,78429508;0,00000000
6,69843164;3,78429508;0,00000000
6,69853564;3,82781744;0,00000000
6,69863964;3,82781744;0,00000000
6,69874364;3,78429508;0,00000000
6,69884764;3,82781744;0,00000000
6,69895164;3,82781744;0,00000000
6,69905564;3,78429508;0,00000000
6,69915964;3,82781744;0,00000000
6,69926364;3,82781744;0,00000000
6,69936764;3,78429508;0,00000000
6,69947164;3,82781744;0,00000000
6,69957564;3,82781744;0,00000000
6,69967964;3,82781744;0,00000000
6,69978364;3,82781744;0,00000000
6,69988764;3,82781744;0,00000000
6,69999164;3,78429508;0,00000000
6,70009564;3,82781744;0,00000000
6,70019964;3,82781744;0,00000000
6,70030364;3,82781744;0,00000000
6,70040764;3,78429508;0,00000000
6,70051164;3,82781744;0,00000000
6,70061564;3,82781744;0,00000000
6,70071964;3,78429508;0,00000000
6,70082364;3,82781744;0,00000000
6,70092764;3,82781744;0,00000000
6,70103164;3,82781744;0,00000000
6,70113564;3,82781744;0,01734744
6,70123964;3,82781744;0,00000000
6,70134364;3,82781744;0,00000000
6,70144764;3,82781744;0,00000000
6,70155164;3,82781744;0,00000000
6,70165564;3,78429508;0,00000000
6,70175964;3,78429508;0,00000000
6,70186364;3,82781744;0,00000000
6,70196764;3,82781744;0,00000000
6,70207164;3,82781744;0,00000000
6,70217564;3,82781744;0,00000000
6,70227964;3,82781744;0,00000000
6,70238364;3,82781744;0,00000000
6,70248764;3,82781744;0,00000000
6,70259164;3,82781744;0,00000000
6,70269564;3,78429508;0,00000000
6,70279964;3,82781744;0,00000000
6,70290364;3,82781744;0,00000000
6,70300764;3,78429508;0,00000000
6,70311164;3,82781744;0,00000000
6,70321564;3,78429508;0,00000000
6,70331964;3,78429508;0,00000000
6,70342364;3,82781744;0,00000000
6,70352764;3,78429508;0,00000000
6,70363164;3,82781744;0,00000000
6,70373564;3,78429508;0,00000000
6,70383964;3,82781744;0,00000000
6,70394364;3,82781744;0,00000000
6,70404764;3,82781744;0,00000000
6,70415164;3,78429508;0,00000000
6,70425564;3,78429508;0,00000000
6,70435964;3,82781744;0,00000000
6,70446364;3,82781744;0,00000000
6,70456764;3,78429508;0,00000000
6,70467164;3,78429508;0,00000000
6,70477564;3,78429508;0,00000000
6,70487964;3,82781744;0,00000000
6,70498364;3,78429508;0,00000000
6,70508764;3,78429508;0,00000000
6,70519164;3,82781744;0,00000000
6,70529564;3,78429508;0,00000000
6,70539964;3,78429508;0,00000000
6,70550364;3,82781744;0,00000000
6,70560764;3,82781744;0,00000000
6,70571164;3,82781744;0,00000000
6,70581564;3,78429508;0,00000000
6,70591964;3,82781744;0,00000000
6,70602364;3,82781744;0,00000000
6,70612764;3,82781744;0,00000000
6,70623164;3,78429508;0,00000000
6,70633564;3,82781744;0,00000000
6,70643964;3,82781744;0,00000000
6,70654364;3,82781744;0,00000000
6,70664764;3,78429508;0,00000000
6,70675164;3,82781744;0,00000000
6,70685564;3,82781744;0,00000000
6,70695964;3,78429508;0,00000000
6,70706364;3,78429508;0,00000000
6,70716764;3,82781744;0,00000000
6,70727164;3,82781744;0,00000000
6,70737564;3,78429508;0,00000000
6,70747964;3,82781744;0,00000000
6,70758364;3,78429508;0,00000000
6,70768764;3,82781744;0,00000000
6,70779164;3,78429508;0,00000000
6,70789564;3,82781744;0,00000000
6,70799964;3,78429508;0,00000000
6,70810364;3,82781744;0,00000000
6,70820764;3,82781744;0,00000000
6,70831164;3,78429508;0,00000000
6,70841564;3,82781744;0,00000000
6,70851964;3,82781744;0,00000000
6,70862364;3,78429508;0,00000000
6,70872764;3,78429508;0,00000000
6,70883164;3,78429508;0,00000000
6,70893564;3,78429508;0,00000000
6,70903964;3,78429508;0,00000000
6,70914364;3,82781744;0,00000000
6,70924764;3,82781744;0,00000000
6,70935164;3,82781744;0,00000000
6,70945564;3,82781744;0,00000000
6,70955964;3,82781744;0,00000000
6,70966364;3,82781744;0,00000000
6,70976764;3,82781744;0,00000000
6,70987164;3,82781744;0,00000000
6,70997564;3,78429508;0,00000000
6,71007964;3,78429508;0,00000000
6,71018364;3,82781744;0,00000000
6,71028764;3,82781744;0,00000000
6,71039164;3,82781744;0,00000000
6,71049564;3,82781744;0,00000000
6,71059964;3,78429508;0,00000000
6,71070364;3,82781744;0,00000000
6,71080764;3,82781744;0,00000000
6,71091164;3,82781744;0,00000000
6,71101564;3,82781744;0,00000000
6,71111964;3,82781744;0,00000000
6,71122364;3,82781744;0,00000000
6,71132764;3,82781744;0,00000000
6,71143164;3,82781744;0,00000000
6,71153564;3,82781744;0,00000000
6,71163964;3,82781744;0,00000000
6,71174364;3,78429508;0,00000000
6,71184764;3,82781744;0,00000000
6,71195164;3,82781744;0,00000000
6,71205564;3,82781744;0,00000000
6,71215964;3,78429508;0,00000000
6,71226364;3,82781744;0,00000000
6,71236764;3,78429508;0,00000000
6,71247164;3,82781744;0,00000000
6,71257564;3,87133980;0,00000000
6,71267964;3,82781744;0,00000000
6,71278364;3,78429508;0,00000000
6,71288764;3,82781744;0,00000000
6,71299164;3,82781744;0,00000000
6,71309564;3,78429508;0,00000000
6,71319964;3,82781744;0,00000000
6,71330364;3,82781744;0,00000000
6,71340764;3,82781744;0,00000000
6,71351164;3,82781744;0,00000000
6,71361564;3,82781744;0,00000000
6,71371964;3,78429508;0,00000000
6,71382364;3,82781744;0,00000000
6,71392764;3,78429508;0,00000000
6,71403164;3,82781744;0,00000000
6,71413564;3,82781744;0,00000000
6,71423964;3,82781744;0,00000000
6,71434364;3,78429508;0,00000000
6,71444764;3,78429508;0,00000000
6,71455164;3,82781744;0,00000000
6,71465564;3,82781744;0,00000000
6,71475964;3,82781744;0,00000000
6,71486364;3,82781744;0,00000000
6,71496764;3,82781744;0,00000000
6,71507164;3,82781744;0,00000000
6,71517564;3,82781744;0,00000000
6,71527964;3,82781744;0,00000000
6,71538364;3,78429508;0,00000000
6,71548764;3,82781744;0,00000000
6,71559164;3,82781744;0,00000000
6,71569564;3,82781744;0,00000000
6,71579964;3,78429508;0,00000000
6,71590364;3,82781744;0,00000000
6,71600764;3,82781744;0,00000000
6,71611164;3,82781744;0,00000000
6,71621564;3,82781744;0,00000000
6,71631964;3,82781744;0,00000000
6,71642364;3,82781744;0,00000000
6,71652764;3,82781744;0,00000000
6,71663164;3,78429508;0,00000000
6,71673564;3,82781744;0,00000000
6,71683964;3,78429508;0,00000000
6,71694364;3,82781744;0,00000000
6,71704764;3,82781744;0,00000000
6,71715164;3,82781744;0,00000000
6,71725564;3,78429508;0,00000000
6,71735964;3,82781744;0,00000000
6,71746364;3,82781744;0,00000000
6,71756764;3,82781744;0,00000000
6,71767164;3,82781744;0,00000000
6,71777564;3,82781744;0,00000000
6,71787964;3,82781744;0,00000000
6,71798364;3,82781744;0,00000000
6,71808764;3,78429508;0,00000000
6,71819164;3,82781744;0,00000000
6,71829564;3,82781744;0,00000000
6,71839964;3,78429508;0,00000000
6,71850364;3,82781744;0,00000000
6,71860764;3,78429508;0,00000000
6,71871164;3,82781744;0,00000000
6,71881564;3,82781744;0,00000000
6,71891964;3,78429508;0,00000000
6,71902364;3,78429508;0,00000000
6,71912764;3,82781744;0,00000000
6,71923164;3,82781744;0,00000000
6,71933564;3,82781744;0,00000000
6,71943964;3,82781744;0,00000000
6,71954364;3,82781744;0,00000000
6,71964764;3,82781744;0,00000000
6,71975164;3,78429508;0,00000000
6,71985564;3,78429508;0,00000000
6,71995964;3,82781744;0,00000000
6,72006364;3,82781744;0,00000000
6,72016764;3,82781744;0,00000000
6,72027164;3,82781744;0,00000000
6,72037564;3,78429508;0,00000000
6,72047964;3,82781744;0,00000000
6,72058364;3,82781744;0,00000000
6,72068764;3,82781744;0,00000000
6,72079164;3,82781744;0,00000000
6,72089564;3,82781744;0,00000000
6,72099964;3,82781744;0,00000000
6,72110364;3,82781744;0,00000000
6,72120764;3,78429508;0,00000000
6,72131164;3,82781744;0,00000000
6,72141564;3,82781744;0,00000000
6,72151964;3,78429508;0,00000000
6,72162364;3,82781744;0,00000000
6,72172764;3,78429508;0,00000000
6,72183164;3,78429508;0,00000000
6,72193564;3,78429508;0,00000000
6,72203964;3,82781744;0,00000000
6,72214364;3,82781744;0,00000000
6,72224764;3,82781744;0,00000000
6,72235164;3,82781744;0,00000000
6,72245564;3,82781744;0,00000000
6,72255964;3,82781744;0,00000000
6,72266364;3,82781744;0,00000000
6,72276764;3,82781744;0,00000000
6,72287164;3,82781744;0,00000000
6,72297564;3,82781744;0,00000000
6,72307964;3,78429508;0,00000000
6,72318364;3,78429508;0,00000000
6,72328764;3,78429508;0,00000000
6,72339164;3,82781744;0,00000000
6,72349564;3,78429508;0,00000000
6,72359964;3,82781744;0,00000000
6,72370364;3,82781744;0,00000000
6,72380764;3,78429508;0,00000000
6,72391164;3,78429508;0,00000000
6,72401564;3,82781744;0,00000000
6,72411964;3,78429508;0,00000000
6,72422364;3,82781744;0,00000000
6,72432764;3,82781744;0,00000000
6,72443164;3,82781744;0,00000000
6,72453564;3,82781744;0,00000000
6,72463964;3,82781744;0,00000000
6,72474364;3,78429508;0,00000000
6,72484764;3,82781744;0,00000000
6,72495164;3,82781744;0,00000000
6,72505564;3,82781744;0,00000000
6,72515964;3,78429508;0,00000000
6,72526364;3,82781744;0,00000000
6,72536764;3,78429508;0,00000000
6,72547164;3,82781744;0,00000000
6,72557564;3,82781744;0,00000000
6,72567964;3,82781744;0,00000000
6,72578364;3,82781744;0,00000000
6,72588764;3,82781744;0,00000000
6,72599164;3,82781744;0,00000000
6,72609564;3,82781744;0,00000000
6,72619964;3,82781744;0,00000000
6,72630364;3,82781744;0,00000000
6,72640764;3,82781744;0,00000000
6,72651164;3,82781744;0,00000000
6,72661564;3,78429508;0,00000000
6,72671964;3,82781744;0,00000000
6,72682364;3,82781744;0,00000000
6,72692764;3,82781744;0,00000000
6,72703164;3,82781744;0,00000000
6,72713564;3,78429508;0,00000000
6,72723964;3,82781744;0,00000000
6,72734364;3,82781744;0,00000000
6,72744764;3,82781744;0,00000000
6,72755164;3,78429508;0,00000000
6,72765564;3,78429508;0,00000000
6,72775964;3,82781744;0,00000000
6,72786364;3,78429508;0,00000000
6,72796764;3,78429508;0,00000000
6,72807164;3,82781744;0,00000000
6,72817564;3,82781744;0,00000000
6,72827964;3,82781744;0,00000000
6,72838364;3,78429508;0,00000000
6,72848764;3,82781744;0,00000000
6,72859164;3,82781744;0,00000000
6,72869564;3,82781744;0,00000000
6,72879964;3,82781744;0,00000000
6,72890364;3,78429508;0,00000000
6,72900764;3,78429508;0,00000000
6,72911164;3,78429508;0,00000000
6,72921564;3,78429508;0,00000000
6,72931964;3,82781744;0,00000000
6,72942364;3,82781744;0,00000000
6,72952764;3,78429508;0,00000000
6,72963164;3,78429508;0,00000000
6,72973564;3,78429508;0,00000000
6,72983964;3,78429508;0,00000000
6,72994364;3,82781744;0,00000000
6,73004764;3,78429508;0,01734744
6,73015164;3,78429508;0,00000000
6,73025564;3,78429508;0,00000000
6,73035964;3,78429508;0,00000000
6,73046364;3,82781744;0,00000000
6,73056764;3,78429508;0,00000000
6,73067164;3,78429508;0,00000000
6,73077564;3,82781744;0,00000000
6,73087964;3,82781744;0,00000000
6,73098364;3,82781744;0,00000000
6,73108764;3,82781744;0,00000000
6,73119164;3,82781744;0,00000000
6,73129564;3,82781744;0,00000000
6,73139964;3,82781744;0,00000000
6,73150364;3,82781744;0,00000000
6,73160764;3,78429508;0,00000000
6,73171164;3,82781744;0,00000000
6,73181564;3,78429508;0,00000000
6,73191964;3,82781744;0,00000000
6,73202364;3,82781744;0,00000000
6,73212764;3,82781744;0,00000000
6,73223164;3,82781744;0,00000000
6,73233564;3,78429508;0,00000000
6,73243964;3,82781744;0,00000000
6,73254364;3,78429508;0,00000000
6,73264764;3,78429508;0,00000000
6,73275164;3,82781744;0,00000000
6,73285564;3,78429508;0,00000000
6,73295964;3,82781744;0,00000000
6,73306364;3,82781744;0,00000000
6,73316764;3,82781744;0,00000000
6,73327164;3,78429508;0,00000000
6,73337564;3,78429508;0,00000000
6,73347964;3,82781744;0,00000000
6,73358364;3,82781744;0,00000000
6,73368764;3,82781744;0,00000000
6,73379164;3,82781744;0,01734744
6,73389564;3,82781744;0,00000000
6,73399964;3,78429508;0,00000000
6,73410364;3,82781744;0,00000000
6,73420764;3,78429508;0,00000000
6,73431164;3,82781744;0,00000000
6,73441564;3,78429508;0,00000000
6,73451964;3,82781744;0,00000000
6,73462364;3,78429508;0,00000000
6,73472764;3,82781744;0,00000000
6,73483164;3,82781744;0,00000000
6,73493564;3,78429508;0,00000000
6,73503964;3,82781744;0,00000000
6,73514364;3,82781744;0,00000000
6,73524764;3,78429508;0,00000000
6,73535164;3,78429508;0,00000000
6,73545564;3,78429508;0,00000000
6,73555964;3,82781744;0,00000000
6,73566364;3,78429508;0,00000000
6,73576764;3,78429508;0,00000000
6,73587164;3,78429508;0,00000000
6,73597564;3,78429508;0,00000000
6,73607964;3,82781744;0,00000000
6,73618364;3,82781744;0,00000000
6,73628764;3,82781744;0,00000000
6,73639164;3,78429508;0,00000000
6,73649564;3,82781744;0,00000000
6,73659964;3,82781744;0,00000000
6,73670364;3,82781744;0,00000000
6,73680764;3,82781744;0,00000000
6,73691164;3,78429508;0,00000000
6,73701564;3,82781744;0,00000000
6,73711964;3,82781744;0,00000000
6,73722364;3,82781744;0,00000000
6,73732764;3,82781744;0,00000000
6,73743164;3,82781744;0,00000000
6,73753564;3,82781744;0,00000000
6,73763964;3,78429508;0,00000000
6,73774364;3,82781744;0,00000000
6,73784764;3,82781744;0,00000000
6,73795164;3,78429508;0,00000000
6,73805564;3,78429508;0,00000000
6,73815964;3,82781744;0,01734744
6,73826364;3,82781744;0,00000000
6,73836764;3,82781744;0,00000000
6,73847164;3,82781744;0,00000000
6,73857564;3,82781744;0,00000000
6,73867964;3,82781744;0,00000000
6,73878364;3,78429508;0,00000000
6,73888764;3,78429508;0,00000000
6,73899164;3,82781744;0,00000000
6,73909564;3,82781744;0,00000000
6,73919964;3,82781744;0,00000000
6,73930364;3,82781744;0,00000000
6,73940764;3,82781744;0,00000000
6,73951164;3,78429508;0,00000000
6,73961564;3,78429508;0,00000000
6,73971964;3,82781744;0,00000000
6,73982364;3,78429508;0,00000000
6,73992764;3,82781744;0,00000000
6,74003164;3,82781744;0,00000000
6,74013564;3,82781744;0,00000000
6,74023964;3,78429508;0,00000000
6,74034364;3,82781744;0,00000000
6,74044764;3,82781744;0,00000000
6,74055164;3,78429508;0,00000000
6,74065564;3,82781744;0,00000000
6,74075964;3,82781744;0,00000000
6,74086364;3,82781744;0,00000000
6,74096764;3,82781744;0,00000000
6,74107164;3,82781744;0,00000000
6,74117564;3,82781744;0,00000000
6,74127964;3,82781744;0,00000000
6,74138364;3,82781744;0,00000000
6,74148764;3,82781744;0,01734744
6,74159164;3,78429508;0,00000000
6,74169564;3,82781744;0,00000000
6,74179964;3,82781744;0,00000000
6,74190364;3,82781744;0,00000000
6,74200764;3,78429508;0,00000000
6,74211164;3,82781744;0,00000000
6,74221564;3,82781744;0,00000000
6,74231964;3,82781744;0,00000000
6,74242364;3,78429508;0,00000000
6,74252764;3,78429508;0,00000000
6,74263164;3,82781744;0,00000000
6,74273564;3,82781744;0,00000000
6,74283964;3,82781744;0,00000000
6,74294364;3,82781744;0,00000000
6,74304764;3,82781744;0,00000000
6,74315164;3,82781744;0,00000000
6,74325564;3,82781744;0,00000000
6,74335964;3,82781744;0,00000000
6,74346364;3,82781744;0,00000000
6,74356764;3,82781744;0,00000000
6,74367164;3,78429508;0,00000000
6,74377564;3,82781744;0,00000000
6,74387964;3,82781744;0,00000000
6,74398364;3,82781744;0,00000000
6,74408764;3,82781744;0,00000000
6,74419164;3,82781744;0,00000000
6,74429564;3,78429508;0,00000000
6,74439964;3,82781744;0,00000000
6,74450364;3,78429508;0,00000000
6,74460764;3,82781744;0,00000000
6,74471164;3,78429508;0,00000000
6,74481564;3,78429508;0,00000000
6,74491964;3,82781744;0,00000000
6,74502364;3,78429508;0,00000000
6,74512764;3,78429508;0,00000000
6,74523164;3,82781744;0,00000000
6,74533564;3,82781744;0,00000000
6,74543964;3,82781744;0,00000000
6,74554364;3,82781744;0,00000000
6,74564764;3,78429508;0,00000000
6,74575164;3,82781744;0,00000000
6,74585564;3,82781744;0,00000000
6,74595964;3,78429508;0,00000000
6,74606364;3,78429508;0,00000000
6,74616764;3,78429508;0,00000000
6,74627164;3,82781744;0,00000000
6,74637564;3,82781744;0,00000000
6,74647964;3,82781744;0,00000000
6,74658364;3,82781744;0,00000000
6,74668764;3,82781744;0,00000000
6,74679164;3,82781744;0,00000000
6,74689564;3,78429508;0,00000000
6,74699964;3,82781744;0,00000000
6,74710364;3,82781744;0,00000000
6,74720764;3,78429508;0,00000000
6,74731164;3,82781744;0,00000000
6,74741564;3,82781744;0,00000000
6,74751964;3,78429508;0,00000000
6,74762364;3,82781744;0,00000000
6,74772764;3,82781744;0,00000000
6,74783164;3,82781744;0,00000000
6,74793564;3,82781744;0,00000000
6,74803964;3,78429508;0,00000000
6,74814364;3,82781744;0,00000000
6,74824764;3,82781744;0,00000000
6,74835164;3,82781744;0,00000000
6,74845564;3,78429508;0,00000000
6,74855964;3,82781744;0,00000000
6,74866364;3,78429508;0,00000000
6,74876764;3,82781744;0,00000000
6,74887164;3,78429508;0,00000000
6,74897564;3,78429508;0,00000000
6,74907964;3,82781744;0,00000000
6,74918364;3,82781744;0,00000000
6,74928764;3,78429508;0,00000000
6,74939164;3,82781744;0,00000000
6,74949564;3,82781744;0,00000000
6,74959964;3,82781744;0,00000000
6,74970364;3,82781744;0,00000000
6,74980764;3,82781744;0,00000000
6,74991164;3,82781744;0,00000000
6,75001564;3,78429508;0,00000000
6,75011964;3,82781744;0,00000000
6,75022364;3,82781744;0,00000000
6,75032764;3,78429508;0,00000000
6,75043164;3,82781744;0,00000000
6,75053564;3,82781744;0,00000000
6,75063964;3,78429508;0,00000000
6,75074364;3,82781744;0,00000000
6,75084764;3,82781744;0,00000000
6,75095164;3,82781744;0,00000000
6,75105564;3,82781744;0,00000000
6,75115964;3,82781744;0,00000000
6,75126364;3,82781744;0,00000000
6,75136764;3,78429508;0,00000000
6,75147164;3,78429508;0,00000000
6,75157564;3,82781744;0,00000000
6,75167964;3,82781744;0,00000000
6,75178364;3,82781744;0,00000000
6,75188764;3,78429508;0,00000000
6,75199164;3,78429508;0,00000000
6,75209564;3,82781744;0,00000000
6,75219964;3,78429508;0,00000000
6,75230364;3,82781744;0,00000000
6,75240764;3,82781744;0,00000000
6,75251164;3,78429508;0,00000000
6,75261564;3,78429508;0,00000000
6,75271964;3,82781744;0,00000000
6,75282364;3,82781744;0,00000000
6,75292764;3,82781744;0,00000000
6,75303164;3,82781744;0,00000000
6,75313564;3,82781744;0,00000000
6,75323964;3,82781744;0,00000000
6,75334364;3,78429508;0,00000000
6,75344764;3,78429508;0,00000000
6,75355164;3,82781744;0,00000000
6,75365564;3,78429508;0,00000000
6,75375964;3,82781744;0,00000000
6,75386364;3,82781744;0,00000000
6,75396764;3,82781744;0,00000000
6,75407164;3,82781744;0,00000000
6,75417564;3,82781744;0,00000000
6,75427964;3,82781744;0,00000000
6,75438364;3,82781744;0,00000000
6,75448764;3,82781744;0,00000000
6,75459164;3,78429508;0,01734744
6,75469564;3,82781744;0,00000000
6,75479964;3,82781744;0,00000000
6,75490364;3,82781744;0,00000000
6,75500764;3,78429508;0,00000000
6,75511164;3,82781744;0,00000000
6,75521564;3,78429508;0,00000000
6,75531964;3,82781744;0,00000000
6,75542364;3,82781744;0,00000000
6,75552764;3,82781744;0,00000000
6,75563164;3,82781744;0,00000000
6,75573564;3,82781744;0,00000000
6,75583964;3,82781744;0,00000000
6,75594364;3,82781744;0,00000000
6,75604764;3,82781744;0,00000000
6,75615164;3,78429508;0,00000000
6,75625564;3,82781744;0,00000000
6,75635964;3,82781744;0,00000000
6,75646364;3,82781744;0,00000000
6,75656764;3,82781744;0,00000000
6,75667164;3,82781744;0,00000000
6,75677564;3,78429508;0,00000000
6,75687964;3,82781744;0,00000000
6,75698364;3,82781744;0,00000000
6,75708764;3,82781744;0,00000000
6,75719164;3,82781744;0,00000000
6,75729564;3,82781744;0,00000000
6,75739964;3,82781744;0,00000000
6,75750364;3,82781744;0,00000000
6,75760764;3,82781744;0,00000000
6,75771164;3,78429508;0,00000000
6,75781564;3,82781744;0,00000000
6,75791964;3,82781744;0,00000000
6,75802364;3,82781744;0,00000000
6,75812764;3,82781744;0,00000000
6,75823164;3,82781744;0,00000000
6,75833564;3,82781744;0,00000000
6,75843964;3,82781744;0,00000000
6,75854364;3,82781744;0,00000000
6,75864764;3,82781744;0,00000000
6,75875164;3,82781744;0,00000000
6,75885564;3,82781744;0,00000000
6,75895964;3,82781744;0,00000000
6,75906364;3,82781744;0,00000000
6,75916764;3,82781744;0,00000000
6,75927164;3,82781744;0,00000000
6,75937564;3,82781744;0,00000000
6,75947964;3,82781744;0,00000000
6,75958364;3,87133980;0,00000000
6,75968764;3,82781744;0,00000000
6,75979164;3,82781744;0,00000000
6,75989564;3,82781744;0,00000000
6,75999964;3,82781744;0,00000000
6,76010364;3,82781744;0,00000000
6,76020764;3,82781744;0,00000000
6,76031164;3,82781744;0,00000000
6,76041564;3,82781744;0,00000000
6,76051964;3,78429508;0,00000000
6,76062364;3,82781744;0,00000000
6,76072764;3,78429508;0,00000000
6,76083164;3,82781744;0,00000000
6,76093564;3,78429508;0,00000000
6,76103964;3,82781744;0,00000000
6,76114364;3,82781744;0,00000000
6,76124764;3,78429508;0,00000000
6,76135164;3,82781744;0,00000000
6,76145564;3,78429508;0,00000000
6,76155964;3,82781744;0,00000000
6,76166364;3,82781744;0,00000000
6,76176764;3,82781744;0,00000000
6,76187164;3,82781744;0,00000000
6,76197564;3,78429508;0,00000000
6,76207964;3,78429508;0,00000000
6,76218364;3,82781744;0,00000000
6,76228764;3,82781744;0,00000000
6,76239164;3,82781744;0,00000000
6,76249564;3,78429508;0,00000000
6,76259964;3,82781744;0,00000000
6,76270364;3,82781744;0,00000000
6,76280764;3,82781744;0,00000000
6,76291164;3,82781744;0,00000000
6,76301564;3,78429508;0,00000000
6,76311964;3,78429508;0,00000000
6,76322364;3,78429508;0,00000000
6,76332764;3,82781744;0,00000000
6,76343164;3,82781744;0,00000000
6,76353564;3,82781744;0,00000000
6,76363964;3,82781744;0,00000000
6,76374364;3,78429508;0,00000000
6,76384764;3,82781744;0,00000000
6,76395164;3,78429508;0,00000000
6,76405564;3,78429508;0,00000000
6,76415964;3,82781744;0,00000000
6,76426364;3,82781744;0,00000000
6,76436764;3,78429508;0,00000000
6,76447164;3,82781744;0,00000000
6,76457564;3,78429508;0,00000000
6,76467964;3,82781744;0,00000000
6,76478364;3,78429508;0,00000000
6,76488764;3,82781744;0,00000000
6,76499164;3,82781744;0,00000000
6,76509564;3,82781744;0,00000000
6,76519964;3,82781744;0,00000000
6,76530364;3,78429508;0,00000000
6,76540764;3,82781744;0,00000000
6,76551164;3,78429508;0,00000000
6,76561564;3,78429508;0,00000000
6,76571964;3,82781744;0,00000000
6,76582364;3,82781744;0,00000000
6,76592764;3,82781744;0,00000000
6,76603164;3,82781744;0,00000000
6,76613564;3,82781744;0,00000000
6,76623964;3,82781744;0,00000000
6,76634364;3,82781744;0,00000000
6,76644764;3,82781744;0,00000000
6,76655164;3,78429508;0,00000000
6,76665564;3,82781744;0,00000000
6,76675964;3,78429508;0,00000000
6,76686364;3,78429508;0,00000000
6,76696764;3,82781744;0,00000000
6,76707164;3,82781744;0,00000000
6,76717564;3,82781744;0,00000000
6,76727964;3,78429508;0,00000000
6,76738364;3,82781744;0,00000000
6,76748764;3,78429508;0,00000000
6,76759164;3,82781744;0,00000000
6,76769564;3,82781744;0,00000000
6,76779964;3,82781744;0,00000000
6,76790364;3,78429508;0,01734744
6,76800764;3,78429508;0,00000000
6,76811164;3,78429508;0,00000000
6,76821564;3,78429508;0,00000000
6,76831964;3,82781744;0,00000000
6,76842364;3,82781744;0,00000000
6,76852764;3,82781744;0,00000000
6,76863164;3,82781744;0,00000000
6,76873564;3,78429508;0,00000000
6,76883964;3,82781744;0,00000000
6,76894364;3,78429508;0,00000000
6,76904764;3,82781744;0,00000000
6,76915164;3,82781744;0,00000000
6,76925564;3,82781744;0,00000000
6,76935964;3,82781744;0,00000000
6,76946364;3,82781744;0,00000000
6,76956764;3,78429508;0,00000000
6,76967164;3,78429508;0,00000000
6,76977564;3,82781744;0,00000000
6,76987964;3,78429508;0,00000000
6,76998364;3,82781744;0,00000000
6,77008764;3,82781744;0,00000000
6,77019164;3,82781744;0,00000000
6,77029564;3,82781744;0,00000000
6,77039964;3,82781744;0,00000000
6,77050364;3,82781744;0,00000000
6,77060764;3,82781744;0,00000000
6,77071164;3,82781744;0,00000000
6,77081564;3,78429508;0,00000000
6,77091964;3,78429508;0,00000000
6,77102364;3,82781744;0,00000000
6,77112764;3,78429508;0,00000000
6,77123164;3,82781744;0,00000000
6,77133564;3,78429508;0,00000000
6,77143964;3,78429508;0,00000000
6,77154363;3,78429508;0,00000000
6,77164763;3,82781744;0,00000000
6,77175163;3,82781744;0,00000000
6,77185563;3,82781744;0,00000000
6,77195963;3,82781744;0,00000000
6,77206363;3,82781744;0,00000000
6,77216763;3,82781744;0,00000000
6,77227163;3,82781744;0,00000000
6,77237563;3,82781744;0,00000000
6,77247963;3,82781744;0,00000000
6,77258363;3,78429508;0,00000000
6,77268763;3,82781744;0,00000000
6,77279163;3,78429508;0,00000000
6,77289563;3,82781744;0,00000000
6,77299963;3,78429508;0,00000000
6,77310363;3,82781744;0,00000000
6,77320763;3,78429508;0,00000000
6,77331163;3,82781744;0,00000000
6,77341563;3,82781744;0,00000000
6,77351963;3,78429508;0,00000000
6,77362363;3,78429508;0,00000000
6,77372763;3,78429508;0,00000000
6,77383163;3,82781744;0,00000000
6,77393563;3,82781744;0,00000000
6,77403963;3,82781744;0,00000000
6,77414363;3,78429508;0,00000000
6,77424763;3,82781744;0,00000000
6,77435163;3,82781744;0,00000000
6,77445563;3,82781744;0,00000000
6,77455963;3,82781744;0,00000000
6,77466363;3,82781744;0,00000000
6,77476763;3,82781744;0,00000000
6,77487163;3,78429508;0,00000000
6,77497563;3,82781744;0,00000000
6,77507963;3,78429508;0,00000000
6,77518363;3,82781744;0,00000000
6,77528763;3,82781744;0,00000000
6,77539163;3,82781744;0,00000000
6,77549563;3,82781744;0,00000000
6,77559963;3,82781744;0,00000000
6,77570363;3,82781744;0,00000000
6,77580763;3,82781744;0,00000000
6,77591163;3,82781744;0,00000000
6,77601563;3,82781744;0,01734744
6,77611963;3,78429508;0,00000000
6,77622363;3,82781744;0,00000000
6,77632763;3,82781744;0,00000000
6,77643163;3,82781744;0,00000000
6,77653563;3,78429508;0,00000000
6,77663963;3,78429508;0,00000000
6,77674363;3,82781744;0,00000000
6,77684763;3,78429508;0,00000000
6,77695163;3,78429508;0,00000000
6,77705563;3,78429508;0,00000000
6,77715963;3,82781744;0,00000000
6,77726363;3,82781744;0,00000000
6,77736763;3,82781744;0,00000000
6,77747163;3,78429508;0,00000000
6,77757563;3,78429508;0,00000000
6,77767963;3,78429508;0,00000000
6,77778363;3,78429508;0,00000000
6,77788763;3,78429508;0,00000000
6,77799163;3,82781744;0,00000000
6,77809563;3,82781744;0,00000000
6,77819963;3,78429508;0,00000000
6,77830363;3,78429508;0,00000000
6,77840763;3,78429508;0,00000000
6,77851163;3,82781744;0,00000000
6,77861563;3,78429508;0,00000000
6,77871963;3,78429508;0,00000000
6,77882363;3,82781744;0,00000000
6,77892763;3,82781744;0,00000000
6,77903163;3,82781744;0,00000000
6,77913563;3,82781744;0,00000000
6,77923963;3,82781744;0,00000000
6,77934363;3,82781744;0,00000000
6,77944763;3,82781744;0,00000000
6,77955163;3,78429508;0,00000000
6,77965563;3,82781744;0,00000000
6,77975963;3,78429508;0,00000000
6,77986363;3,78429508;0,00000000
6,77996763;3,82781744;0,01734744
6,78007163;3,82781744;0,00000000
6,78017563;3,78429508;0,00000000
6,78027963;3,82781744;0,00000000
6,78038363;3,82781744;0,00000000
6,78048763;3,82781744;0,00000000
6,78059163;3,82781744;0,00000000
6,78069563;3,82781744;0,00000000
6,78079963;3,78429508;0,00000000
6,78090363;3,82781744;0,00000000
6,78100763;3,82781744;0,00000000
6,78111163;3,78429508;0,00000000
6,78121563;3,78429508;0,00000000
6,78131963;3,78429508;0,00000000
6,78142363;3,82781744;0,00000000
6,78152763;3,82781744;0,00000000
6,78163163;3,82781744;0,00000000
6,78173563;3,82781744;0,00000000
6,78183963;3,82781744;0,00000000
6,78194363;3,82781744;0,00000000
6,78204763;3,78429508;0,00000000
6,78215163;3,82781744;0,00000000
6,78225563;3,82781744;0,00000000
6,78235963;3,82781744;0,00000000
6,78246363;3,78429508;0,00000000
6,78256763;3,82781744;0,00000000
6,78267163;3,82781744;0,00000000
6,78277563;3,82781744;0,00000000
6,78287963;3,82781744;0,00000000
6,78298363;3,82781744;0,00000000
6,78308763;3,82781744;0,00000000
6,78319163;3,78429508;0,00000000
6,78329563;3,82781744;0,00000000
6,78339963;3,78429508;0,00000000
6,78350363;3,82781744;0,00000000
6,78360763;3,78429508;0,00000000
6,78371163;3,82781744;0,00000000
6,78381563;3,78429508;0,00000000
6,78391963;3,78429508;0,00000000
6,78402363;3,78429508;0,00000000
6,78412763;3,78429508;0,00000000
6,78423163;3,82781744;0,00000000
6,78433563;3,82781744;0,00000000
6,78443963;3,82781744;0,00000000
6,78454363;3,82781744;0,00000000
6,78464763;3,82781744;0,00000000
6,78475163;3,82781744;0,00000000
6,78485563;3,82781744;0,00000000
6,78495963;3,82781744;0,00000000
6,78506363;3,78429508;0,00000000
6,78516763;3,78429508;0,00000000
6,78527163;3,82781744;0,00000000
6,78537563;3,82781744;0,00000000
6,78547963;3,82781744;0,00000000
6,78558363;3,82781744;0,00000000
6,78568763;3,82781744;0,00000000
6,78579163;3,82781744;0,00000000
6,78589563;3,82781744;0,00000000
6,78599963;3,78429508;0,00000000
6,78610363;3,78429508;0,00000000
6,78620763;3,82781744;0,00000000
6,78631163;3,82781744;0,00000000
6,78641563;3,82781744;0,00000000
6,78651963;3,82781744;0,00000000
6,78662363;3,82781744;0,00000000
6,78672763;3,78429508;0,00000000
6,78683163;3,82781744;0,00000000
6,78693563;3,78429508;0,00000000
6,78703963;3,82781744;0,00000000
6,78714363;3,82781744;0,00000000
6,78724763;3,82781744;0,00000000
6,78735163;3,82781744;0,00000000
6,78745563;3,78429508;0,00000000
6,78755963;3,78429508;0,00000000
6,78766363;3,82781744;0,00000000
6,78776763;3,82781744;0,00000000
6,78787163;3,82781744;0,00000000
6,78797563;3,82781744;0,00000000
6,78807963;3,82781744;0,00000000
6,78818363;3,78429508;0,00000000
6,78828763;3,78429508;0,00000000
6,78839163;3,82781744;0,00000000
6,78849563;3,82781744;0,00000000
6,78859963;3,78429508;0,00000000
6,78870363;3,78429508;0,00000000
6,78880763;3,78429508;0,00000000
6,78891163;3,82781744;0,00000000
6,78901563;3,82781744;0,00000000
6,78911963;3,82781744;0,00000000
6,78922363;3,82781744;0,00000000
6,78932763;3,78429508;0,00000000
6,78943163;3,78429508;0,00000000
6,78953563;3,82781744;0,00000000
6,78963963;3,82781744;0,00000000
6,78974363;3,82781744;0,00000000
6,78984763;3,82781744;0,00000000
6,78995163;3,82781744;0,00000000
6,79005563;3,82781744;0,00000000
6,79015963;3,82781744;0,01734744
6,79026363;3,82781744;0,00000000
6,79036763;3,82781744;0,00000000
6,79047163;3,78429508;0,00000000
6,79057563;3,78429508;0,00000000
6,79067963;3,82781744;0,00000000
6,79078363;3,78429508;0,00000000
6,79088763;3,82781744;0,00000000
6,79099163;3,78429508;0,00000000
6,79109563;3,82781744;0,00000000
6,79119963;3,82781744;0,00000000
6,79130363;3,82781744;0,00000000
6,79140763;3,78429508;0,00000000
6,79151163;3,82781744;0,00000000
6,79161563;3,78429508;0,00000000
6,79171963;3,82781744;0,00000000
6,79182363;3,78429508;0,00000000
6,79192763;3,78429508;0,00000000
6,79203163;3,78429508;0,00000000
6,79213563;3,82781744;0,00000000
6,79223963;3,82781744;0,00000000
6,79234363;3,82781744;0,00000000
6,79244763;3,82781744;0,00000000
6,79255163;3,82781744;0,00000000
6,79265563;3,82781744;0,00000000
6,79275963;3,82781744;0,00000000
6,79286363;3,78429508;0,00000000
6,79296763;3,82781744;0,00000000
6,79307163;3,78429508;0,00000000
6,79317563;3,78429508;0,00000000
6,79327963;3,78429508;0,00000000
6,79338363;3,82781744;0,00000000
6,79348763;3,82781744;0,00000000
6,79359163;3,82781744;0,00000000
6,79369563;3,78429508;0,00000000
6,79379963;3,82781744;0,00000000
6,79390363;3,78429508;0,00000000
6,79400763;3,82781744;0,00000000
6,79411163;3,82781744;0,00000000
6,79421563;3,82781744;0,00000000
6,79431963;3,78429508;0,00000000
6,79442363;3,82781744;0,00000000
6,79452763;3,78429508;0,00000000
6,79463163;3,78429508;0,00000000
6,79473563;3,78429508;0,00000000
6,79483963;3,78429508;0,00000000
6,79494363;3,82781744;0,00000000
6,79504763;3,78429508;0,00000000
6,79515163;3,78429508;0,00000000
6,79525563;3,78429508;0,00000000
6,79535963;3,78429508;0,00000000
6,79546363;3,82781744;0,00000000
6,79556763;3,82781744;0,00000000
6,79567163;3,82781744;0,00000000
6,79577563;3,78429508;0,00000000
6,79587963;3,82781744;0,00000000
6,79598363;3,78429508;0,00000000
6,79608763;3,82781744;0,00000000
6,79619163;3,82781744;0,00000000
6,79629563;3,78429508;0,00000000
6,79639963;3,82781744;0,00000000
6,79650363;3,78429508;0,00000000
6,79660763;3,82781744;0,00000000
6,79671163;3,78429508;0,00000000
6,79681563;3,82781744;0,00000000
6,79691963;3,78429508;0,00000000
6,79702363;3,78429508;0,00000000
6,79712763;3,82781744;0,00000000
6,79723163;3,82781744;0,00000000
6,79733563;3,78429508;0,00000000
6,79743963;3,82781744;0,00000000
6,79754363;3,82781744;0,00000000
6,79764763;3,82781744;0,00000000
6,79775163;3,78429508;0,00000000
6,79785563;3,82781744;0,00000000
6,79795963;3,82781744;0,00000000
6,79806363;3,82781744;0,00000000
6,79816763;3,82781744;0,00000000
6,79827163;3,82781744;0,00000000
6,79837563;3,82781744;0,00000000
6,79847963;3,82781744;0,00000000
6,79858363;3,78429508;0,00000000
6,79868763;3,82781744;0,00000000
6,79879163;3,82781744;0,00000000
6,79889563;3,82781744;0,00000000
6,79899963;3,78429508;0,00000000
6,79910363;3,78429508;0,00000000
6,79920763;3,78429508;0,00000000
6,79931163;3,82781744;0,00000000
6,79941563;3,78429508;0,00000000
6,79951963;3,78429508;0,00000000
6,79962363;3,82781744;0,00000000
6,79972763;3,82781744;0,00000000
6,79983163;3,78429508;0,00000000
6,79993563;3,78429508;0,00000000
6,80003963;3,82781744;0,00000000
6,80014363;3,78429508;0,00000000
6,80024763;3,82781744;0,00000000
6,80035163;3,82781744;0,00000000
6,80045563;3,82781744;0,00000000
6,80055963;3,78429508;0,00000000
6,80066363;3,78429508;0,00000000
6,80076763;3,82781744;0,00000000
6,80087163;3,82781744;0,00000000
6,80097563;3,82781744;0,00000000
6,80107963;3,82781744;0,00000000
6,80118363;3,78429508;0,00000000
6,80128763;3,82781744;0,00000000
6,80139163;3,82781744;0,00000000
6,80149563;3,78429508;0,00000000
6,80159963;3,82781744;0,00000000
6,80170363;3,82781744;0,00000000
6,80180763;3,82781744;0,00000000
6,80191163;3,78429508;0,00000000
6,80201563;3,82781744;0,00000000
6,80211963;3,78429508;0,00000000
6,80222363;3,82781744;0,00000000
6,80232763;3,78429508;0,00000000
6,80243163;3,78429508;0,00000000
6,80253563;3,82781744;0,00000000
6,80263963;3,78429508;0,00000000
6,80274363;3,82781744;0,00000000
6,80284763;3,78429508;0,00000000
6,80295163;3,82781744;0,00000000
6,80305563;3,82781744;0,00000000
6,80315963;3,78429508;0,00000000
6,80326363;3,82781744;0,00000000
6,80336763;3,78429508;0,00000000
6,80347163;3,82781744;0,00000000
6,80357563;3,78429508;0,00000000
6,80367963;3,78429508;0,00000000
6,80378363;3,78429508;0,00000000
6,80388763;3,82781744;0,00000000
6,80399163;3,82781744;0,00000000
6,80409563;3,82781744;0,00000000
6,80419963;3,82781744;0,00000000
6,80430363;3,82781744;0,00000000
6,80440763;3,82781744;0,00000000
6,80451163;3,82781744;0,00000000
6,80461563;3,82781744;0,00000000
6,80471963;3,82781744;0,00000000
6,80482363;3,82781744;0,00000000
6,80492763;3,78429508;0,00000000
6,80503163;3,82781744;0,00000000
6,80513563;3,82781744;0,00000000
6,80523963;3,78429508;0,00000000
6,80534363;3,82781744;0,00000000
6,80544763;3,82781744;0,00000000
6,80555163;3,82781744;0,00000000
6,80565563;3,82781744;0,00000000
6,80575963;3,82781744;0,00000000
6,80586363;3,78429508;0,00000000
6,80596763;3,82781744;0,00000000
6,80607163;3,78429508;0,00000000
6,80617563;3,82781744;0,00000000
6,80627963;3,82781744;0,00000000
6,80638363;3,82781744;0,00000000
6,80648763;3,82781744;0,00000000
6,80659163;3,82781744;0,00000000
6,80669563;3,78429508;0,00000000
6,80679963;3,82781744;0,00000000
6,80690363;3,78429508;0,00000000
6,80700763;3,82781744;0,00000000
6,80711163;3,78429508;0,00000000
6,80721563;3,82781744;0,00000000
6,80731963;3,82781744;0,00000000
6,80742363;3,82781744;0,00000000
6,80752763;3,78429508;0,00000000
6,80763163;3,78429508;0,00000000
6,80773563;3,82781744;0,00000000
6,80783963;3,82781744;0,00000000
6,80794363;3,82781744;0,00000000
6,80804763;3,82781744;0,00000000
6,80815163;3,82781744;0,00000000
6,80825563;3,82781744;0,00000000
6,80835963;3,82781744;0,00000000
6,80846363;3,78429508;0,00000000
6,80856763;3,82781744;0,00000000
6,80867163;3,78429508;0,01734744
6,80877563;3,82781744;0,00000000
6,80887963;3,78429508;0,00000000
6,80898363;3,78429508;0,00000000
6,80908763;3,82781744;0,00000000
6,80919163;3,82781744;0,00000000
6,80929563;3,82781744;0,00000000
6,80939963;3,82781744;0,00000000
6,80950363;3,78429508;0,00000000
6,80960763;3,82781744;0,00000000
6,80971163;3,82781744;0,00000000
6,80981563;3,82781744;0,01734744
6,80991963;3,82781744;0,00000000
6,81002363;3,82781744;0,00000000
6,81012763;3,82781744;0,00000000
6,81023163;3,82781744;0,00000000
6,81033563;3,82781744;0,00000000
6,81043963;3,82781744;0,00000000
6,81054363;3,82781744;0,00000000
6,81064763;3,78429508;0,00000000
6,81075163;3,82781744;0,00000000
6,81085563;3,78429508;0,00000000
6,81095963;3,82781744;0,00000000
6,81106363;3,82781744;0,00000000
6,81116763;3,82781744;0,00000000
6,81127163;3,82781744;0,00000000
6,81137563;3,82781744;0,00000000
6,81147963;3,82781744;0,00000000
6,81158363;3,78429508;0,00000000
6,81168763;3,82781744;0,00000000
6,81179163;3,82781744;0,00000000
6,81189563;3,78429508;0,00000000
6,81199963;3,78429508;0,00000000
6,81210363;3,82781744;0,00000000
6,81220763;3,82781744;0,00000000
6,81231163;3,82781744;0,00000000
6,81241563;3,78429508;0,00000000
6,81251963;3,82781744;0,00000000
6,81262363;3,78429508;0,00000000
6,81272763;3,78429508;0,00000000
6,81283163;3,78429508;0,00000000
6,81293563;3,82781744;0,00000000
6,81303963;3,78429508;0,00000000
6,81314363;3,82781744;0,00000000
6,81324763;3,82781744;0,00000000
6,81335163;3,78429508;0,00000000
6,81345563;3,82781744;0,00000000
6,81355963;3,78429508;0,00000000
6,81366363;3,82781744;0,00000000
6,81376763;3,82781744;0,00000000
6,81387163;3,78429508;0,00000000
6,81397563;3,82781744;0,00000000
6,81407963;3,78429508;0,00000000
6,81418363;3,78429508;0,00000000
6,81428763;3,82781744;0,00000000
6,81439163;3,78429508;0,00000000
6,81449563;3,78429508;0,00000000
6,81459963;3,78429508;0,00000000
6,81470363;3,78429508;0,00000000
6,81480763;3,78429508;0,00000000
6,81491163;3,78429508;0,00000000
6,81501563;3,82781744;0,00000000
6,81511963;3,82781744;0,00000000
6,81522363;3,78429508;0,00000000
6,81532763;3,82781744;0,00000000
6,81543163;3,78429508;0,00000000
6,81553563;3,78429508;0,00000000
6,81563963;3,82781744;0,00000000
6,81574363;3,78429508;0,00000000
6,81584763;3,78429508;0,00000000
6,81595163;3,82781744;0,00000000
6,81605563;3,82781744;0,00000000
6,81615963;3,78429508;0,00000000
6,81626363;3,78429508;0,00000000
6,81636763;3,82781744;0,00000000
6,81647163;3,82781744;0,00000000
6,81657563;3,82781744;0,00000000
6,81667963;3,78429508;0,00000000
6,81678363;3,82781744;0,01734744
6,81688763;3,78429508;0,00000000
6,81699163;3,82781744;0,00000000
6,81709563;3,78429508;0,00000000
6,81719963;3,78429508;0,00000000
6,81730363;3,82781744;0,00000000
6,81740763;3,78429508;0,00000000
6,81751163;3,82781744;0,00000000
6,81761563;3,78429508;0,00000000
6,81771963;3,78429508;0,00000000
6,81782363;3,82781744;0,00000000
6,81792763;3,82781744;0,00000000
6,81803163;3,82781744;0,00000000
6,81813563;3,82781744;0,00000000
6,81823963;3,78429508;0,00000000
6,81834363;3,78429508;0,00000000
6,81844763;3,82781744;0,00000000
6,81855163;3,82781744;0,00000000
6,81865563;3,82781744;0,00000000
6,81875963;3,78429508;0,00000000
6,81886363;3,82781744;0,00000000
6,81896763;3,82781744;0,00000000
6,81907163;3,82781744;0,00000000
6,81917563;3,78429508;0,00000000
6,81927963;3,82781744;0,00000000
6,81938363;3,82781744;0,00000000
6,81948763;3,82781744;0,00000000
6,81959163;3,78429508;0,00000000
6,81969563;3,82781744;0,00000000
6,81979963;3,78429508;0,00000000
6,81990363;3,82781744;0,00000000
6,82000763;3,82781744;0,00000000
6,82011163;3,82781744;0,00000000
6,82021563;3,82781744;0,00000000
6,82031963;3,82781744;0,00000000
6,82042363;3,78429508;0,00000000
6,82052763;3,82781744;0,00000000
6,82063163;3,78429508;0,00000000
6,82073563;3,82781744;0,00000000
6,82083963;3,82781744;0,00000000
6,82094363;3,78429508;0,00000000
6,82104763;3,82781744;0,00000000
6,82115163;3,82781744;0,00000000
6,82125563;3,82781744;0,00000000
6,82135963;3,82781744;0,00000000
6,82146363;3,78429508;0,00000000
6,82156763;3,78429508;0,00000000
6,82167163;3,78429508;0,00000000
6,82177563;3,82781744;0,00000000
6,82187963;3,78429508;0,00000000
6,82198363;3,78429508;0,00000000
6,82208763;3,78429508;0,00000000
6,82219163;3,82781744;0,00000000
6,82229563;3,82781744;0,00000000
6,82239963;3,82781744;0,00000000
6,82250363;3,82781744;0,00000000
6,82260763;3,82781744;0,00000000
6,82271163;3,82781744;0,00000000
6,82281563;3,78429508;0,00000000
6,82291963;3,78429508;0,00000000
6,82302363;3,82781744;0,00000000
6,82312763;3,82781744;0,00000000
6,82323163;3,82781744;0,00000000
6,82333563;3,82781744;0,00000000
6,82343963;3,78429508;0,00000000
6,82354363;3,82781744;0,00000000
6,82364763;3,78429508;0,00000000
6,82375163;3,78429508;0,00000000
6,82385563;3,78429508;0,00000000
6,82395963;3,82781744;0,00000000
6,82406363;3,82781744;0,00000000
6,82416763;3,78429508;0,00000000
6,82427163;3,82781744;0,00000000
6,82437563;3,82781744;0,00000000
6,82447963;3,82781744;0,00000000
6,82458363;3,82781744;0,00000000
6,82468763;3,82781744;0,00000000
6,82479163;3,78429508;0,00000000
6,82489563;3,82781744;0,00000000
6,82499963;3,78429508;0,00000000
6,82510363;3,82781744;0,00000000
6,82520763;3,82781744;0,00000000
6,82531163;3,82781744;0,00000000
6,82541563;3,78429508;0,00000000
6,82551963;3,82781744;0,00000000
6,82562363;3,82781744;0,01734744
6,82572763;3,78429508;0,00000000
6,82583163;3,78429508;0,00000000
6,82593563;3,78429508;0,00000000
6,82603963;3,78429508;0,00000000
6,82614363;3,82781744;0,00000000
6,82624763;3,78429508;0,00000000
6,82635163;3,82781744;0,00000000
6,82645563;3,82781744;0,00000000
6,82655963;3,82781744;0,00000000
6,82666363;3,78429508;0,00000000
6,82676763;3,78429508;0,00000000
6,82687163;3,82781744;0,00000000
6,82697563;3,82781744;0,00000000
6,82707963;3,82781744;0,00000000
6,82718363;3,78429508;0,00000000
6,82728763;3,82781744;0,00000000
6,82739163;3,82781744;0,00000000
6,82749563;3,78429508;0,00000000
6,82759963;3,78429508;0,00000000
6,82770363;3,78429508;0,00000000
6,82780763;3,82781744;0,00000000
6,82791163;3,78429508;0,00000000
6,82801563;3,82781744;0,00000000
6,82811963;3,82781744;0,00000000
6,82822363;3,82781744;0,00000000
6,82832763;3,82781744;0,00000000
6,82843163;3,78429508;0,00000000
6,82853563;3,82781744;0,00000000
6,82863963;3,82781744;0,00000000
6,82874363;3,82781744;0,00000000
6,82884763;3,82781744;0,00000000
6,82895163;3,78429508;0,00000000
6,82905563;3,82781744;0,01734744
6,82915963;3,82781744;0,00000000
6,82926363;3,78429508;0,00000000
6,82936763;3,82781744;0,00000000
6,82947163;3,82781744;0,00000000
6,82957563;3,82781744;0,00000000
6,82967963;3,82781744;0,00000000
6,82978363;3,82781744;0,00000000
6,82988763;3,82781744;0,00000000
6,82999163;3,78429508;0,00000000
6,83009563;3,78429508;0,00000000
6,83019963;3,82781744;0,00000000
6,83030363;3,82781744;0,00000000
6,83040763;3,82781744;0,00000000
6,83051163;3,82781744;0,00000000
6,83061563;3,82781744;0,00000000
6,83071963;3,82781744;0,00000000
6,83082363;3,82781744;0,00000000
6,83092763;3,82781744;0,00000000
6,83103163;3,82781744;0,00000000
6,83113563;3,82781744;0,00000000
6,83123963;3,82781744;0,00000000
6,83134363;3,78429508;0,00000000
6,83144763;3,78429508;0,00000000
6,83155163;3,82781744;0,00000000
6,83165563;3,82781744;0,00000000
6,83175963;3,82781744;0,00000000
6,83186363;3,82781744;0,00000000
6,83196763;3,82781744;0,00000000
6,83207163;3,82781744;0,00000000
6,83217563;3,78429508;0,00000000
6,83227963;3,78429508;0,00000000
6,83238363;3,82781744;0,00000000
6,83248763;3,82781744;0,00000000
6,83259163;3,82781744;0,00000000
6,83269563;3,82781744;0,00000000
6,83279963;3,82781744;0,00000000
6,83290363;3,82781744;0,00000000
6,83300763;3,82781744;0,00000000
6,83311163;3,82781744;0,00000000
6,83321563;3,82781744;0,00000000
6,83331963;3,82781744;0,00000000
6,83342363;3,82781744;0,00000000
6,83352763;3,82781744;0,00000000
6,83363163;3,78429508;0,00000000
6,83373563;3,82781744;0,00000000
6,83383963;3,78429508;0,00000000
6,83394363;3,82781744;0,00000000
6,83404763;3,78429508;0,00000000
6,83415163;3,82781744;0,00000000
6,83425563;3,82781744;0,00000000
6,83435963;3,82781744;0,00000000
6,83446363;3,82781744;0,00000000
6,83456763;3,82781744;0,00000000
6,83467163;3,82781744;0,00000000
6,83477563;3,82781744;0,00000000
6,83487963;3,82781744;0,00000000
6,83498363;3,78429508;0,00000000
6,83508763;3,78429508;0,00000000
6,83519163;3,82781744;0,00000000
6,83529563;3,82781744;0,00000000
6,83539963;3,78429508;0,00000000
6,83550363;3,78429508;0,00000000
6,83560763;3,82781744;0,00000000
6,83571163;3,82781744;0,00000000
6,83581563;3,78429508;0,00000000
6,83591963;3,82781744;0,00000000
6,83602363;3,82781744;0,00000000
6,83612763;3,82781744;0,00000000
6,83623163;3,78429508;0,00000000
6,83633563;3,82781744;0,00000000
6,83643963;3,82781744;0,00000000
6,83654363;3,82781744;0,00000000
6,83664763;3,82781744;0,00000000
6,83675163;3,82781744;0,00000000
6,83685563;3,78429508;0,00000000
6,83695963;3,78429508;0,00000000
6,83706363;3,82781744;0,00000000
6,83716763;3,82781744;0,00000000
6,83727163;3,82781744;0,00000000
6,83737563;3,78429508;0,00000000
6,83747963;3,82781744;0,00000000
6,83758363;3,82781744;0,00000000
6,83768763;3,82781744;0,00000000
6,83779163;3,82781744;0,00000000
6,83789563;3,82781744;0,00000000
6,83799963;3,82781744;0,00000000
6,83810363;3,82781744;0,00000000
6,83820763;3,78429508;0,00000000
6,83831163;3,82781744;0,00000000
6,83841563;3,82781744;0,00000000
6,83851963;3,82781744;0,00000000
6,83862363;3,78429508;0,00000000
6,83872763;3,78429508;0,00000000
6,83883163;3,82781744;0,00000000
6,83893563;3,82781744;0,00000000
6,83903963;3,82781744;0,00000000
6,83914363;3,78429508;0,00000000
6,83924763;3,82781744;0,00000000
6,83935163;3,78429508;0,00000000
6,83945563;3,82781744;0,00000000
6,83955963;3,78429508;0,00000000
6,83966363;3,82781744;0,00000000
6,83976763;3,82781744;0,00000000
6,83987163;3,78429508;0,00000000
6,83997563;3,82781744;0,00000000
6,84007963;3,78429508;0,00000000
6,84018363;3,82781744;0,00000000
6,84028763;3,82781744;0,00000000
6,84039163;3,82781744;0,00000000
6,84049563;3,78429508;0,00000000
6,84059963;3,82781744;0,00000000
6,84070363;3,82781744;0,00000000
6,84080763;3,78429508;0,00000000
6,84091163;3,78429508;0,00000000
6,84101563;3,82781744;0,00000000
6,84111963;3,82781744;0,00000000
6,84122363;3,78429508;0,00000000
6,84132763;3,82781744;0,00000000
6,84143163;3,82781744;0,00000000
6,84153563;3,82781744;0,00000000
6,84163963;3,82781744;0,00000000
6,84174363;3,82781744;0,00000000
6,84184763;3,82781744;0,00000000
6,84195163;3,82781744;0,00000000
6,84205563;3,78429508;0,00000000
6,84215963;3,82781744;0,00000000
6,84226363;3,78429508;0,00000000
6,84236763;3,82781744;0,00000000
6,84247163;3,82781744;0,00000000
6,84257563;3,78429508;0,00000000
6,84267963;3,78429508;0,00000000
6,84278363;3,82781744;0,00000000
6,84288763;3,78429508;0,00000000
6,84299163;3,78429508;0,00000000
6,84309563;3,82781744;0,00000000
6,84319963;3,78429508;0,00000000
6,84330363;3,78429508;0,00000000
6,84340763;3,78429508;0,00000000
6,84351163;3,78429508;0,00000000
6,84361563;3,78429508;0,00000000
6,84371963;3,78429508;0,00000000
6,84382363;3,82781744;0,00000000
6,84392763;3,78429508;0,00000000
6,84403163;3,78429508;0,00000000
6,84413563;3,82781744;0,00000000
6,84423963;3,78429508;0,00000000
6,84434363;3,82781744;0,00000000
6,84444763;3,82781744;0,00000000
6,84455163;3,82781744;0,00000000
6,84465563;3,82781744;0,00000000
6,84475963;3,78429508;0,00000000
6,84486363;3,82781744;0,00000000
6,84496763;3,78429508;0,00000000
6,84507163;3,82781744;0,00000000
6,84517563;3,82781744;0,00000000
6,84527963;3,82781744;0,00000000
6,84538363;3,78429508;0,00000000
6,84548763;3,82781744;0,00000000
6,84559163;3,82781744;0,00000000
6,84569563;3,78429508;0,00000000
6,84579963;3,78429508;0,00000000
6,84590363;3,82781744;0,00000000
6,84600763;3,78429508;0,00000000
6,84611163;3,82781744;0,00000000
6,84621563;3,78429508;0,00000000
6,84631963;3,82781744;0,00000000
6,84642363;3,82781744;0,00000000
6,84652763;3,82781744;0,00000000
6,84663163;3,82781744;0,00000000
6,84673563;3,82781744;0,00000000
6,84683963;3,82781744;0,00000000
6,84694363;3,78429508;0,00000000
6,84704763;3,82781744;0,00000000
6,84715163;3,82781744;0,00000000
6,84725563;3,82781744;0,00000000
6,84735963;3,82781744;0,00000000
6,84746363;3,78429508;0,00000000
6,84756763;3,78429508;0,00000000
6,84767163;3,78429508;0,00000000
6,84777563;3,82781744;0,00000000
6,84787963;3,78429508;0,00000000
6,84798363;3,78429508;0,00000000
6,84808763;3,78429508;0,00000000
6,84819163;3,82781744;0,00000000
6,84829563;3,82781744;0,00000000
6,84839963;3,82781744;0,00000000
6,84850363;3,82781744;0,00000000
6,84860763;3,78429508;0,00000000
6,84871163;3,82781744;0,00000000
6,84881563;3,78429508;0,00000000
6,84891963;3,82781744;0,00000000
6,84902363;3,82781744;0,00000000
6,84912763;3,82781744;0,00000000
6,84923163;3,82781744;0,00000000
6,84933563;3,82781744;0,00000000
6,84943963;3,82781744;0,00000000
6,84954363;3,82781744;0,00000000
6,84964763;3,82781744;0,00000000
6,84975163;3,82781744;0,00000000
6,84985563;3,82781744;0,00000000
6,84995963;3,78429508;0,00000000
6,85006363;3,82781744;0,00000000
6,85016763;3,78429508;0,00000000
6,85027163;3,82781744;0,00000000
6,85037563;3,82781744;0,00000000
6,85047963;3,82781744;0,00000000
6,85058363;3,78429508;0,00000000
6,85068763;3,82781744;0,00000000
6,85079163;3,82781744;0,00000000
6,85089563;3,82781744;0,00000000
6,85099963;3,82781744;0,00000000
6,85110363;3,82781744;0,00000000
6,85120763;3,78429508;0,00000000
6,85131163;3,78429508;0,00000000
6,85141563;3,82781744;0,00000000
6,85151963;3,78429508;0,00000000
6,85162363;3,82781744;0,00000000
6,85172763;3,82781744;0,00000000
6,85183163;3,78429508;0,00000000
6,85193563;3,78429508;0,00000000
6,85203963;3,78429508;0,00000000
6,85214363;3,78429508;0,00000000
6,85224763;3,78429508;0,00000000
6,85235163;3,82781744;0,00000000
6,85245563;3,82781744;0,00000000
6,85255963;3,78429508;0,00000000
6,85266363;3,78429508;0,00000000
6,85276763;3,82781744;0,00000000
6,85287163;3,82781744;0,00000000
6,85297563;3,82781744;0,00000000
6,85307963;3,82781744;0,00000000
6,85318363;3,78429508;0,00000000
6,85328763;3,82781744;0,00000000
6,85339163;3,82781744;0,00000000
6,85349563;3,82781744;0,00000000
6,85359963;3,82781744;0,00000000
6,85370363;3,82781744;0,00000000
6,85380763;3,78429508;0,00000000
6,85391163;3,82781744;0,00000000
6,85401563;3,82781744;0,00000000
6,85411963;3,78429508;0,00000000
6,85422363;3,82781744;0,00000000
6,85432763;3,82781744;0,00000000
6,85443163;3,78429508;0,00000000
6,85453563;3,78429508;0,00000000
6,85463963;3,78429508;0,00000000
6,85474363;3,78429508;0,00000000
6,85484763;3,82781744;0,00000000
6,85495163;3,82781744;0,00000000
6,85505563;3,82781744;0,00000000
6,85515963;3,82781744;0,00000000
6,85526363;3,78429508;0,00000000
6,85536763;3,82781744;0,00000000
6,85547163;3,82781744;0,00000000
6,85557563;3,82781744;0,00000000
6,85567963;3,82781744;0,00000000
6,85578363;3,82781744;0,00000000
6,85588763;3,82781744;0,00000000
6,85599163;3,82781744;0,00000000
6,85609563;3,78429508;0,00000000
6,85619963;3,82781744;0,00000000
6,85630363;3,82781744;0,00000000
6,85640763;3,82781744;0,00000000
6,85651163;3,82781744;0,00000000
6,85661563;3,78429508;0,00000000
6,85671963;3,78429508;0,00000000
6,85682363;3,82781744;0,00000000
6,85692763;3,82781744;0,00000000
6,85703163;3,82781744;0,00000000
6,85713563;3,78429508;0,00000000
6,85723963;3,82781744;0,00000000
6,85734363;3,78429508;0,00000000
6,85744763;3,82781744;0,00000000
6,85755163;3,82781744;0,00000000
6,85765563;3,78429508;0,00000000
6,85775963;3,82781744;0,00000000
6,85786363;3,82781744;0,00000000
6,85796763;3,78429508;0,00000000
6,85807163;3,82781744;0,00000000
6,85817563;3,82781744;0,00000000
6,85827963;3,82781744;0,00000000
6,85838363;3,82781744;0,00000000
6,85848763;3,82781744;0,00000000
6,85859163;3,82781744;0,00000000
6,85869563;3,82781744;0,00000000
6,85879963;3,82781744;0,00000000
6,85890363;3,78429508;0,00000000
6,85900763;3,78429508;0,00000000
6,85911163;3,78429508;0,00000000
6,85921563;3,78429508;0,00000000
6,85931963;3,82781744;0,00000000
6,85942363;3,82781744;0,00000000
6,85952763;3,82781744;0,00000000
6,85963163;3,78429508;0,00000000
6,85973563;3,78429508;0,00000000
6,85983963;3,82781744;0,00000000
6,85994363;3,82781744;0,00000000
6,86004763;3,82781744;0,00000000
6,86015163;3,82781744;0,00000000
6,86025563;3,82781744;0,00000000
6,86035963;3,82781744;0,00000000
6,86046363;3,82781744;0,00000000
6,86056763;3,78429508;0,00000000
6,86067163;3,82781744;0,00000000
6,86077563;3,82781744;0,00000000
6,86087963;3,82781744;0,00000000
6,86098363;3,82781744;0,00000000
6,86108763;3,82781744;0,00000000
6,86119163;3,82781744;0,00000000
6,86129563;3,82781744;0,00000000
6,86139963;3,82781744;0,00000000
6,86150363;3,82781744;0,00000000
6,86160763;3,78429508;0,00000000
6,86171163;3,82781744;0,00000000
6,86181563;3,82781744;0,00000000
6,86191963;3,78429508;0,00000000
6,86202363;3,82781744;0,00000000
6,86212763;3,82781744;0,00000000
6,86223163;3,82781744;0,00000000
6,86233563;3,78429508;0,00000000
6,86243963;3,82781744;0,00000000
6,86254363;3,82781744;0,00000000
6,86264763;3,82781744;0,00000000
6,86275163;3,82781744;0,00000000
6,86285563;3,82781744;0,00000000
6,86295963;3,78429508;0,01734744
6,86306363;3,82781744;0,00000000
6,86316763;3,82781744;0,00000000
6,86327163;3,78429508;0,00000000
6,86337563;3,82781744;0,00000000
6,86347963;3,78429508;0,00000000
6,86358363;3,82781744;0,00000000
6,86368763;3,78429508;0,00000000
6,86379163;3,82781744;0,00000000
6,86389563;3,78429508;0,00000000
6,86399963;3,82781744;0,00000000
6,86410363;3,82781744;0,00000000
6,86420763;3,78429508;0,00000000
6,86431163;3,78429508;0,00000000
6,86441563;3,82781744;0,00000000
6,86451963;3,82781744;0,00000000
6,86462363;3,82781744;0,00000000
6,86472763;3,82781744;0,00000000
6,86483163;3,82781744;0,00000000
6,86493563;3,78429508;0,00000000
6,86503963;3,82781744;0,00000000
6,86514363;3,82781744;0,00000000
6,86524763;3,82781744;0,00000000
6,86535163;3,82781744;0,00000000
6,86545563;3,82781744;0,00000000
6,86555963;3,78429508;0,00000000
6,86566363;3,78429508;0,00000000
6,86576763;3,82781744;0,00000000
6,86587163;3,82781744;0,00000000
6,86597563;3,82781744;0,00000000
6,86607963;3,82781744;0,00000000
6,86618363;3,82781744;0,00000000
6,86628763;3,82781744;0,00000000
6,86639163;3,82781744;0,00000000
6,86649563;3,82781744;0,00000000
6,86659963;3,82781744;0,00000000
6,86670363;3,82781744;0,00000000
6,86680763;3,78429508;0,00000000
6,86691163;3,78429508;0,00000000
6,86701563;3,78429508;0,00000000
6,86711963;3,82781744;0,00000000
6,86722363;3,82781744;0,00000000
6,86732763;3,78429508;0,00000000
6,86743163;3,82781744;0,00000000
6,86753563;3,82781744;0,00000000
6,86763963;3,78429508;0,00000000
6,86774363;3,82781744;0,00000000
6,86784763;3,82781744;0,00000000
6,86795163;3,82781744;0,00000000
6,86805563;3,82781744;0,00000000
6,86815963;3,82781744;0,00000000
6,86826363;3,82781744;0,00000000
6,86836763;3,82781744;0,00000000
6,86847163;3,78429508;0,00000000
6,86857563;3,82781744;0,00000000
6,86867963;3,78429508;0,00000000
6,86878363;3,82781744;0,00000000
6,86888763;3,82781744;0,00000000
6,86899163;3,82781744;0,00000000
6,86909563;3,78429508;0,00000000
6,86919963;3,78429508;0,00000000
6,86930363;3,78429508;0,00000000
6,86940763;3,82781744;0,00000000
6,86951163;3,78429508;0,00000000
6,86961563;3,82781744;0,00000000
6,86971963;3,82781744;0,00000000
6,86982363;3,82781744;0,00000000
6,86992763;3,82781744;0,00000000
6,87003163;3,82781744;0,00000000
6,87013563;3,78429508;0,00000000
6,87023963;3,78429508;0,00000000
6,87034363;3,82781744;0,00000000
6,87044763;3,82781744;0,00000000
6,87055163;3,82781744;0,00000000
6,87065563;3,82781744;0,00000000
6,87075963;3,82781744;0,00000000
6,87086363;3,78429508;0,00000000
6,87096763;3,82781744;0,00000000
6,87107163;3,82781744;0,00000000
6,87117563;3,78429508;0,00000000
6,87127963;3,82781744;0,00000000
6,87138363;3,82781744;0,00000000
6,87148763;3,82781744;0,00000000
6,87159163;3,82781744;0,00000000
6,87169563;3,78429508;0,00000000
6,87179963;3,82781744;0,00000000
6,87190363;3,82781744;0,00000000
6,87200763;3,78429508;0,00000000
6,87211163;3,82781744;0,00000000
6,87221563;3,82781744;0,00000000
6,87231963;3,82781744;0,00000000
6,87242363;3,82781744;0,00000000
6,87252763;3,82781744;0,00000000
6,87263163;3,78429508;0,00000000
6,87273563;3,82781744;0,00000000
6,87283963;3,82781744;0,00000000
6,87294363;3,82781744;0,00000000
6,87304763;3,82781744;0,00000000
6,87315163;3,82781744;0,00000000
6,87325563;3,78429508;0,00000000
6,87335963;3,82781744;0,00000000
6,87346363;3,82781744;0,00000000
6,87356763;3,82781744;0,00000000
6,87367163;3,78429508;0,00000000
6,87377563;3,82781744;0,00000000
6,87387963;3,78429508;0,00000000
6,87398363;3,82781744;0,00000000
6,87408763;3,82781744;0,00000000
6,87419163;3,82781744;0,00000000
6,87429563;3,82781744;0,00000000
6,87439963;3,82781744;0,00000000
6,87450363;3,82781744;0,00000000
6,87460763;3,82781744;0,00000000
6,87471163;3,82781744;0,00000000
6,87481563;3,82781744;0,00000000
6,87491963;3,82781744;0,00000000
6,87502363;3,82781744;0,00000000
6,87512763;3,82781744;0,00000000
6,87523163;3,82781744;0,00000000
6,87533563;3,78429508;0,00000000
6,87543963;3,78429508;0,00000000
6,87554363;3,82781744;0,00000000
6,87564763;3,78429508;0,00000000
6,87575163;3,78429508;0,00000000
6,87585563;3,78429508;0,00000000
6,87595963;3,82781744;0,00000000
6,87606363;3,78429508;0,00000000
6,87616763;3,78429508;0,00000000
6,87627163;3,82781744;0,00000000
6,87637563;3,82781744;0,00000000
6,87647963;3,82781744;0,00000000
6,87658363;3,78429508;0,00000000
6,87668763;3,82781744;0,00000000
6,87679163;3,82781744;0,00000000
6,87689563;3,78429508;0,00000000
6,87699963;3,78429508;0,00000000
6,87710363;3,82781744;0,00000000
6,87720763;3,82781744;0,00000000
6,87731163;3,82781744;0,00000000
6,87741563;3,82781744;0,00000000
6,87751963;3,82781744;0,00000000
6,87762363;3,82781744;0,00000000
6,87772763;3,78429508;0,00000000
6,87783163;3,82781744;0,00000000
6,87793563;3,78429508;0,00000000
6,87803963;3,78429508;0,00000000
6,87814363;3,82781744;0,00000000
6,87824763;3,82781744;0,00000000
6,87835163;3,78429508;0,00000000
6,87845563;3,82781744;0,00000000
6,87855963;3,82781744;0,00000000
6,87866363;3,82781744;0,00000000
6,87876763;3,78429508;0,00000000
6,87887163;3,82781744;0,00000000
6,87897563;3,82781744;0,00000000
6,87907963;3,82781744;0,00000000
6,87918363;3,82781744;0,00000000
6,87928763;3,78429508;0,00000000
6,87939163;3,82781744;0,00000000
6,87949563;3,82781744;0,00000000
6,87959963;3,78429508;0,00000000
6,87970363;3,78429508;0,00000000
6,87980763;3,78429508;0,00000000
6,87991163;3,82781744;0,00000000
6,88001563;3,78429508;0,00000000
6,88011963;3,78429508;0,00000000
6,88022363;3,82781744;0,00000000
6,88032763;3,82781744;0,00000000
6,88043163;3,82781744;0,00000000
6,88053563;3,82781744;0,00000000
6,88063963;3,82781744;0,00000000
6,88074363;3,78429508;0,00000000
6,88084763;3,78429508;0,00000000
6,88095163;3,82781744;0,00000000
6,88105563;3,82781744;0,00000000
6,88115963;3,78429508;0,00000000
6,88126363;3,82781744;0,00000000
6,88136763;3,82781744;0,00000000
6,88147163;3,82781744;0,00000000
6,88157563;3,82781744;0,00000000
6,88167963;3,82781744;0,00000000
6,88178363;3,82781744;0,00000000
6,88188763;3,82781744;0,00000000
6,88199163;3,78429508;0,00000000
6,88209563;3,82781744;0,00000000
6,88219963;3,82781744;0,00000000
6,88230363;3,78429508;0,00000000
6,88240763;3,82781744;0,00000000
6,88251163;3,78429508;0,00000000
6,88261563;3,82781744;0,00000000
6,88271963;3,82781744;0,00000000
6,88282363;3,78429508;0,00000000
6,88292763;3,82781744;0,00000000
6,88303163;3,78429508;0,00000000
6,88313563;3,82781744;0,00000000
6,88323963;3,82781744;0,00000000
6,88334363;3,78429508;0,00000000
6,88344763;3,78429508;0,00000000
6,88355163;3,82781744;0,00000000
6,88365563;3,78429508;0,00000000
6,88375963;3,78429508;0,00000000
6,88386363;3,82781744;0,00000000
6,88396763;3,78429508;0,00000000
6,88407163;3,82781744;0,00000000
6,88417563;3,78429508;0,00000000
6,88427963;3,78429508;0,00000000
6,88438363;3,78429508;0,00000000
6,88448763;3,82781744;0,00000000
6,88459163;3,78429508;0,00000000
6,88469563;3,78429508;0,00000000
6,88479963;3,78429508;0,00000000
6,88490363;3,82781744;0,00000000
6,88500763;3,82781744;0,00000000
6,88511163;3,78429508;0,00000000
6,88521563;3,82781744;0,00000000
6,88531963;3,82781744;0,00000000
6,88542363;3,78429508;0,00000000
6,88552763;3,78429508;0,00000000
6,88563163;3,82781744;0,00000000
6,88573563;3,82781744;0,00000000
6,88583963;3,82781744;0,00000000
6,88594363;3,82781744;0,00000000
6,88604763;3,82781744;0,00000000
6,88615163;3,82781744;0,00000000
6,88625563;3,78429508;0,00000000
6,88635963;3,78429508;0,00000000
6,88646363;3,82781744;0,00000000
6,88656763;3,78429508;0,00000000
6,88667163;3,82781744;0,00000000
6,88677563;3,82781744;0,00000000
6,88687963;3,82781744;0,00000000
6,88698363;3,78429508;0,00000000
6,88708763;3,78429508;0,00000000
6,88719163;3,82781744;0,00000000
6,88729563;3,82781744;0,00000000
6,88739963;3,82781744;0,00000000
6,88750363;3,82781744;0,00000000
6,88760763;3,78429508;0,00000000
6,88771163;3,78429508;0,00000000
6,88781563;3,82781744;0,00000000
6,88791963;3,82781744;0,00000000
6,88802363;3,82781744;0,00000000
6,88812763;3,82781744;0,00000000
6,88823163;3,82781744;0,00000000
6,88833563;3,82781744;0,00000000
6,88843963;3,78429508;0,00000000
6,88854363;3,78429508;0,00000000
6,88864763;3,78429508;0,00000000
6,88875163;3,82781744;0,00000000
6,88885563;3,82781744;0,00000000
6,88895963;3,82781744;0,00000000
6,88906363;3,78429508;0,00000000
6,88916763;3,78429508;0,00000000
6,88927163;3,82781744;0,00000000
6,88937563;3,82781744;0,00000000
6,88947963;3,82781744;0,00000000
6,88958363;3,78429508;0,00000000
6,88968763;3,78429508;0,00000000
6,88979163;3,82781744;0,00000000
6,88989563;3,82781744;0,00000000
6,88999963;3,78429508;0,00000000
6,89010363;3,78429508;0,00000000
6,89020763;3,82781744;0,00000000
6,89031163;3,82781744;0,00000000
6,89041563;3,78429508;0,00000000
6,89051963;3,82781744;0,00000000
6,89062363;3,78429508;0,00000000
6,89072763;3,82781744;0,00000000
6,89083163;3,82781744;0,00000000
6,89093563;3,82781744;0,00000000
6,89103963;3,82781744;0,00000000
6,89114363;3,78429508;0,00000000
6,89124763;3,82781744;0,00000000
6,89135163;3,78429508;0,00000000
6,89145563;3,82781744;0,00000000
6,89155963;3,82781744;0,00000000
6,89166363;3,78429508;0,00000000
6,89176763;3,78429508;0,00000000
6,89187163;3,78429508;0,00000000
6,89197563;3,78429508;0,00000000
6,89207963;3,82781744;0,00000000
6,89218363;3,82781744;0,00000000
6,89228763;3,82781744;0,00000000
6,89239163;3,82781744;0,00000000
6,89249563;3,78429508;0,00000000
6,89259963;3,82781744;0,00000000
6,89270363;3,82781744;0,00000000
6,89280763;3,82781744;0,00000000
6,89291163;3,82781744;0,00000000
6,89301563;3,78429508;0,00000000
6,89311963;3,78429508;0,00000000
6,89322363;3,82781744;0,00000000
6,89332763;3,82781744;0,00000000
6,89343163;3,82781744;0,00000000
6,89353563;3,78429508;0,00000000
6,89363963;3,78429508;0,00000000
6,89374363;3,82781744;0,00000000
6,89384763;3,82781744;0,00000000
6,89395163;3,82781744;0,00000000
6,89405563;3,82781744;0,00000000
6,89415963;3,78429508;0,00000000
6,89426363;3,82781744;0,00000000
6,89436763;3,78429508;0,00000000
6,89447163;3,82781744;0,00000000
6,89457563;3,78429508;0,00000000
6,89467963;3,82781744;0,00000000
6,89478363;3,82781744;0,00000000
6,89488763;3,78429508;0,00000000
6,89499163;3,82781744;0,00000000
6,89509563;3,78429508;0,00000000
6,89519963;3,82781744;0,00000000
6,89530363;3,78429508;0,00000000
6,89540763;3,82781744;0,00000000
6,89551163;3,78429508;0,00000000
6,89561563;3,82781744;0,00000000
6,89571963;3,78429508;0,00000000
6,89582363;3,78429508;0,00000000
6,89592763;3,78429508;0,00000000
6,89603163;3,78429508;0,00000000
6,89613563;3,82781744;0,00000000
6,89623963;3,82781744;0,00000000
6,89634363;3,78429508;0,00000000
6,89644763;3,78429508;0,00000000
6,89655163;3,78429508;0,00000000
6,89665563;3,78429508;0,00000000
6,89675963;3,82781744;0,00000000
6,89686363;3,78429508;0,00000000
6,89696763;3,82781744;0,00000000
6,89707163;3,82781744;0,00000000
6,89717563;3,82781744;0,00000000
6,89727963;3,82781744;0,00000000
6,89738363;3,82781744;0,00000000
6,89748763;3,82781744;0,00000000
6,89759163;3,78429508;0,00000000
6,89769563;3,82781744;0,00000000
6,89779963;3,78429508;0,00000000
6,89790363;3,82781744;0,00000000
6,89800763;3,82781744;0,00000000
6,89811163;3,82781744;0,00000000
6,89821563;3,78429508;0,00000000
6,89831963;3,78429508;0,00000000
6,89842363;3,82781744;0,00000000
6,89852763;3,82781744;0,00000000
6,89863163;3,82781744;0,00000000
6,89873563;3,82781744;0,00000000
6,89883963;3,78429508;0,00000000
6,89894363;3,82781744;0,00000000
6,89904763;3,78429508;0,00000000
6,89915163;3,82781744;0,00000000
6,89925563;3,78429508;0,00000000
6,89935963;3,82781744;0,00000000
6,89946363;3,82781744;0,00000000
6,89956763;3,82781744;0,00000000
6,89967163;3,82781744;0,00000000
6,89977563;3,78429508;0,00000000
6,89987963;3,78429508;0,00000000
6,89998363;3,78429508;0,00000000
6,90008763;3,78429508;0,00000000
6,90019163;3,82781744;0,00000000
6,90029563;3,82781744;0,00000000
6,90039963;3,82781744;0,00000000
6,90050363;3,78429508;0,00000000
6,90060763;3,82781744;0,00000000
6,90071163;3,78429508;0,00000000
6,90081563;3,78429508;0,00000000
6,90091963;3,78429508;0,00000000
6,90102363;3,82781744;0,00000000
6,90112763;3,82781744;0,00000000
6,90123163;3,82781744;0,00000000
6,90133563;3,78429508;0,00000000
6,90143963;3,78429508;0,00000000
6,90154363;3,78429508;0,00000000
6,90164763;3,78429508;0,00000000
6,90175163;3,82781744;0,00000000
6,90185563;3,82781744;0,00000000
6,90195963;3,78429508;0,00000000
6,90206363;3,82781744;0,00000000
6,90216763;3,78429508;0,00000000
6,90227163;3,78429508;0,00000000
6,90237563;3,82781744;0,00000000
6,90247963;3,82781744;0,00000000
6,90258363;3,82781744;0,00000000
6,90268763;3,82781744;0,00000000
6,90279163;3,82781744;0,00000000
6,90289563;3,82781744;0,00000000
6,90299963;3,82781744;0,00000000
6,90310363;3,78429508;0,00000000
6,90320763;3,82781744;0,00000000
6,90331163;3,82781744;0,00000000
6,90341563;3,82781744;0,00000000
6,90351963;3,82781744;0,01734744
6,90362363;3,82781744;0,00000000
6,90372763;3,82781744;0,00000000
6,90383163;3,82781744;0,00000000
6,90393563;3,82781744;0,00000000
6,90403963;3,78429508;0,00000000
6,90414363;3,78429508;0,00000000
6,90424763;3,78429508;0,00000000
6,90435163;3,82781744;0,00000000
6,90445563;3,82781744;0,00000000
6,90455963;3,82781744;0,00000000
6,90466363;3,82781744;0,00000000
6,90476763;3,78429508;0,00000000
6,90487163;3,82781744;0,00000000
6,90497563;3,78429508;0,00000000
6,90507963;3,82781744;0,00000000
6,90518363;3,78429508;0,00000000
6,90528763;3,82781744;0,00000000
6,90539163;3,82781744;0,00000000
6,90549563;3,82781744;0,00000000
6,90559963;3,82781744;0,00000000
6,90570363;3,78429508;0,00000000
6,90580763;3,82781744;0,00000000
6,90591163;3,78429508;0,00000000
6,90601563;3,82781744;0,00000000
6,90611963;3,78429508;0,00000000
6,90622363;3,82781744;0,00000000
6,90632763;3,82781744;0,00000000
6,90643163;3,82781744;0,00000000
6,90653563;3,82781744;0,00000000
6,90663963;3,78429508;0,00000000
6,90674363;3,78429508;0,00000000
6,90684763;3,82781744;0,00000000
6,90695163;3,87133980;0,00000000
6,90705563;3,82781744;0,00000000
6,90715963;3,78429508;0,00000000
6,90726363;3,82781744;0,00000000
6,90736763;3,82781744;0,00000000
6,90747163;3,78429508;0,00000000
6,90757563;3,82781744;0,00000000
6,90767963;3,82781744;0,00000000
6,90778363;3,82781744;0,00000000
6,90788763;3,82781744;0,00000000
6,90799163;3,82781744;0,00000000
6,90809563;3,78429508;0,00000000
6,90819963;3,78429508;0,00000000
6,90830363;3,82781744;0,00000000
6,90840763;3,78429508;0,00000000
6,90851163;3,82781744;0,00000000
6,90861563;3,82781744;0,00000000
6,90871963;3,82781744;0,00000000
6,90882363;3,82781744;0,00000000
6,90892763;3,82781744;0,00000000
6,90903163;3,82781744;0,00000000
6,90913563;3,82781744;0,00000000
6,90923963;3,82781744;0,00000000
6,90934363;3,82781744;0,00000000
6,90944763;3,82781744;0,00000000
6,90955163;3,82781744;0,00000000
6,90965563;3,82781744;0,00000000
6,90975963;3,78429508;0,00000000
6,90986363;3,82781744;0,00000000
6,90996763;3,82781744;0,00000000
6,91007163;3,78429508;0,00000000
6,91017563;3,82781744;0,00000000
6,91027963;3,82781744;0,00000000
6,91038363;3,82781744;0,00000000
6,91048763;3,78429508;0,00000000
6,91059163;3,78429508;0,00000000
6,91069563;3,78429508;0,00000000
6,91079963;3,82781744;0,00000000
6,91090363;3,78429508;0,00000000
6,91100763;3,78429508;0,00000000
6,91111163;3,78429508;0,00000000
6,91121563;3,78429508;0,00000000
6,91131963;3,78429508;0,00000000
6,91142363;3,82781744;0,00000000
6,91152763;3,82781744;0,00000000
6,91163163;3,82781744;0,00000000
6,91173563;3,82781744;0,00000000
6,91183963;3,82781744;0,00000000
6,91194363;3,82781744;0,00000000
6,91204763;3,82781744;0,00000000
6,91215163;3,82781744;0,00000000
6,91225563;3,82781744;0,00000000
6,91235963;3,78429508;0,00000000
6,91246363;3,78429508;0,00000000
6,91256763;3,78429508;0,00000000
6,91267163;3,82781744;0,00000000
6,91277563;3,82781744;0,00000000
6,91287963;3,82781744;0,00000000
6,91298363;3,82781744;0,00000000
6,91308763;3,82781744;0,00000000
6,91319163;3,82781744;0,00000000
6,91329563;3,82781744;0,00000000
6,91339963;3,78429508;0,00000000
6,91350363;3,82781744;0,00000000
6,91360763;3,78429508;0,00000000
6,91371163;3,78429508;0,00000000
6,91381563;3,78429508;0,00000000
6,91391963;3,82781744;0,00000000
6,91402363;3,82781744;0,00000000
6,91412763;3,78429508;0,00000000
6,91423163;3,78429508;0,00000000
6,91433563;3,82781744;0,00000000
6,91443963;3,78429508;0,00000000
6,91454363;3,78429508;0,00000000
6,91464763;3,82781744;0,00000000
6,91475163;3,82781744;0,00000000
6,91485563;3,82781744;0,00000000
6,91495963;3,82781744;0,00000000
6,91506363;3,82781744;0,00000000
6,91516763;3,78429508;0,00000000
6,91527163;3,82781744;0,00000000
6,91537563;3,82781744;0,00000000
6,91547963;3,78429508;0,00000000
6,91558363;3,78429508;0,00000000
6,91568763;3,78429508;0,00000000
6,91579163;3,78429508;0,00000000
6,91589563;3,78429508;0,00000000
6,91599963;3,78429508;0,00000000
6,91610363;3,78429508;0,00000000
6,91620763;3,82781744;0,00000000
6,91631163;3,82781744;0,00000000
6,91641563;3,78429508;0,00000000
6,91651963;3,78429508;0,00000000
6,91662363;3,78429508;0,00000000
6,91672763;3,82781744;0,00000000
6,91683163;3,82781744;0,00000000
6,91693563;3,82781744;0,00000000
6,91703963;3,82781744;0,00000000
6,91714363;3,82781744;0,00000000
6,91724763;3,78429508;0,00000000
6,91735163;3,82781744;0,00000000
6,91745563;3,82781744;0,00000000
6,91755963;3,82781744;0,00000000
6,91766363;3,82781744;0,00000000
6,91776763;3,78429508;0,00000000
6,91787163;3,82781744;0,00000000
6,91797563;3,78429508;0,00000000
6,91807963;3,82781744;0,00000000
6,91818363;3,82781744;0,00000000
6,91828763;3,82781744;0,00000000
6,91839163;3,78429508;0,00000000
6,91849563;3,82781744;0,00000000
6,91859963;3,82781744;0,00000000
6,91870363;3,78429508;0,00000000
6,91880763;3,82781744;0,00000000
6,91891163;3,82781744;0,00000000
6,91901563;3,78429508;0,00000000
6,91911963;3,82781744;0,00000000
6,91922363;3,78429508;0,00000000
6,91932763;3,78429508;0,00000000
6,91943163;3,82781744;0,00000000
6,91953563;3,82781744;0,00000000
6,91963963;3,82781744;0,00000000
6,91974363;3,82781744;0,00000000
6,91984763;3,78429508;0,00000000
6,91995163;3,82781744;0,00000000
6,92005563;3,82781744;0,00000000
6,92015963;3,82781744;0,00000000
6,92026363;3,82781744;0,00000000
6,92036763;3,78429508;0,00000000
6,92047163;3,82781744;0,00000000
6,92057563;3,82781744;0,00000000
6,92067963;3,82781744;0,00000000
6,92078363;3,82781744;0,00000000
6,92088763;3,82781744;0,00000000
6,92099163;3,82781744;0,00000000
6,92109563;3,78429508;0,00000000
6,92119963;3,82781744;0,00000000
6,92130363;3,82781744;0,00000000
6,92140763;3,82781744;0,00000000
6,92151163;3,82781744;0,00000000
6,92161563;3,82781744;0,00000000
6,92171963;3,82781744;0,00000000
6,92182363;3,82781744;0,00000000
6,92192763;3,82781744;0,00000000
6,92203163;3,82781744;0,00000000
6,92213563;3,82781744;0,00000000
6,92223963;3,78429508;0,00000000
6,92234363;3,82781744;0,00000000
6,92244763;3,82781744;0,00000000
6,92255163;3,82781744;0,00000000
6,92265563;3,82781744;0,00000000
6,92275963;3,78429508;0,00000000
6,92286363;3,82781744;0,00000000
6,92296763;3,78429508;0,00000000
6,92307163;3,82781744;0,00000000
6,92317563;3,82781744;0,00000000
6,92327963;3,82781744;0,00000000
6,92338363;3,82781744;0,00000000
6,92348763;3,82781744;0,00000000
6,92359163;3,82781744;0,00000000
6,92369563;3,78429508;0,00000000
6,92379963;3,78429508;0,00000000
6,92390363;3,82781744;0,00000000
6,92400763;3,82781744;0,00000000
6,92411163;3,78429508;0,00000000
6,92421563;3,82781744;0,00000000
6,92431963;3,82781744;0,00000000
6,92442363;3,78429508;0,00000000
6,92452763;3,82781744;0,00000000
6,92463163;3,78429508;0,00000000
6,92473563;3,82781744;0,00000000
6,92483963;3,82781744;0,00000000
6,92494363;3,78429508;0,00000000
6,92504763;3,78429508;0,00000000
6,92515163;3,82781744;0,00000000
6,92525563;3,82781744;0,00000000
6,92535963;3,78429508;0,00000000
6,92546363;3,78429508;0,00000000
6,92556763;3,78429508;0,00000000
6,92567163;3,82781744;0,00000000
6,92577563;3,82781744;0,00000000
6,92587963;3,78429508;0,00000000
6,92598363;3,78429508;0,00000000
6,92608763;3,78429508;0,00000000
6,92619163;3,82781744;0,00000000
6,92629563;3,82781744;0,00000000
6,92639963;3,78429508;0,00000000
6,92650363;3,78429508;0,00000000
6,92660763;3,78429508;0,00000000
6,92671163;3,78429508;0,00000000
6,92681563;3,82781744;0,00000000
6,92691963;3,78429508;0,00000000
6,92702363;3,78429508;0,00000000
6,92712763;3,82781744;0,00000000
6,92723163;3,78429508;0,00000000
6,92733563;3,78429508;0,00000000
6,92743963;3,78429508;0,00000000
6,92754363;3,78429508;0,00000000
6,92764763;3,82781744;0,00000000
6,92775163;3,78429508;0,00000000
6,92785563;3,78429508;0,00000000
6,92795963;3,78429508;0,00000000
6,92806363;3,82781744;0,00000000
6,92816763;3,82781744;0,00000000
6,92827163;3,78429508;0,00000000
6,92837563;3,78429508;0,00000000
6,92847963;3,78429508;0,00000000
6,92858363;3,82781744;0,00000000
6,92868763;3,82781744;0,00000000
6,92879163;3,82781744;0,00000000
6,92889563;3,78429508;0,00000000
6,92899963;3,82781744;0,00000000
6,92910363;3,82781744;0,00000000
6,92920763;3,82781744;0,00000000
6,92931163;3,82781744;0,00000000
6,92941563;3,82781744;0,00000000
6,92951963;3,78429508;0,00000000
6,92962363;3,82781744;0,00000000
6,92972763;3,82781744;0,00000000
6,92983163;3,82781744;0,00000000
6,92993563;3,78429508;0,00000000
6,93003963;3,82781744;0,00000000
6,93014363;3,82781744;0,00000000
6,93024763;3,82781744;0,00000000
6,93035163;3,78429508;0,00000000
6,93045563;3,78429508;0,00000000
6,93055963;3,78429508;0,00000000
6,93066363;3,82781744;0,00000000
6,93076763;3,78429508;0,00000000
6,93087163;3,82781744;0,00000000
6,93097563;3,82781744;0,00000000
6,93107963;3,78429508;0,00000000
6,93118363;3,78429508;0,00000000
6,93128763;3,78429508;0,00000000
6,93139163;3,82781744;0,00000000
6,93149563;3,82781744;0,00000000
6,93159963;3,82781744;0,00000000
6,93170363;3,82781744;0,00000000
6,93180763;3,82781744;0,00000000
6,93191163;3,78429508;0,00000000
6,93201563;3,82781744;0,00000000
6,93211963;3,82781744;0,00000000
6,93222363;3,78429508;0,00000000
6,93232763;3,82781744;0,00000000
6,93243163;3,82781744;0,00000000
6,93253563;3,82781744;0,00000000
6,93263963;3,78429508;0,00000000
6,93274363;3,78429508;0,00000000
6,93284763;3,82781744;0,00000000
6,93295163;3,82781744;0,00000000
6,93305563;3,78429508;0,00000000
6,93315963;3,82781744;0,00000000
6,93326363;3,82781744;0,00000000
6,93336763;3,82781744;0,00000000
6,93347163;3,82781744;0,00000000
6,93357563;3,82781744;0,00000000
6,93367963;3,82781744;0,00000000
6,93378363;3,82781744;0,00000000
6,93388763;3,82781744;0,00000000
6,93399163;3,78429508;0,00000000
6,93409563;3,82781744;0,00000000
6,93419963;3,78429508;0,00000000
6,93430363;3,82781744;0,00000000
6,93440763;3,78429508;0,00000000
6,93451163;3,82781744;0,00000000
6,93461563;3,82781744;0,00000000
6,93471963;3,78429508;0,00000000
6,93482363;3,82781744;0,00000000
6,93492763;3,82781744;0,00000000
6,93503163;3,82781744;0,00000000
6,93513563;3,82781744;0,00000000
6,93523963;3,78429508;0,00000000
6,93534363;3,82781744;0,00000000
6,93544763;3,82781744;0,00000000
6,93555163;3,78429508;0,00000000
6,93565563;3,82781744;0,00000000
6,93575963;3,82781744;0,00000000
6,93586363;3,78429508;0,00000000
6,93596763;3,82781744;0,00000000
6,93607163;3,78429508;0,00000000
6,93617563;3,82781744;0,00000000
6,93627963;3,82781744;0,00000000
6,93638363;3,82781744;0,00000000
6,93648763;3,78429508;0,00000000
6,93659163;3,82781744;0,00000000
6,93669563;3,82781744;0,00000000
6,93679963;3,78429508;0,00000000
6,93690363;3,82781744;0,00000000
6,93700763;3,78429508;0,00000000
6,93711163;3,82781744;0,00000000
6,93721563;3,78429508;0,00000000
6,93731963;3,82781744;0,00000000
6,93742363;3,82781744;0,00000000
6,93752763;3,78429508;0,00000000
6,93763163;3,78429508;0,00000000
6,93773563;3,78429508;0,00000000
6,93783963;3,78429508;0,00000000
6,93794363;3,78429508;0,00000000
6,93804763;3,82781744;0,00000000
6,93815163;3,82781744;0,00000000
6,93825563;3,78429508;0,00000000
6,93835963;3,82781744;0,00000000
6,93846363;3,82781744;0,00000000
6,93856763;3,82781744;0,00000000
6,93867163;3,78429508;0,00000000
6,93877563;3,78429508;0,00000000
6,93887963;3,78429508;0,00000000
6,93898363;3,78429508;0,00000000
6,93908763;3,78429508;0,00000000
6,93919163;3,82781744;0,00000000
6,93929563;3,82781744;0,01734744
6,93939963;3,82781744;0,00000000
6,93950363;3,82781744;0,00000000
6,93960763;3,78429508;0,00000000
6,93971163;3,78429508;0,00000000
6,93981563;3,78429508;0,00000000
6,93991963;3,82781744;0,00000000
6,94002363;3,82781744;0,00000000
6,94012763;3,82781744;0,00000000
6,94023163;3,78429508;0,00000000
6,94033563;3,82781744;0,00000000
6,94043963;3,82781744;0,00000000
6,94054363;3,82781744;0,00000000
6,94064763;3,78429508;0,00000000
6,94075163;3,82781744;0,00000000
6,94085563;3,82781744;0,00000000
6,94095963;3,82781744;0,00000000
6,94106363;3,82781744;0,00000000
6,94116763;3,82781744;0,00000000
6,94127163;3,82781744;0,00000000
6,94137563;3,82781744;0,00000000
6,94147963;3,82781744;0,00000000
6,94158363;3,78429508;0,00000000
6,94168763;3,82781744;0,00000000
6,94179163;3,82781744;0,00000000
6,94189563;3,82781744;0,00000000
6,94199963;3,78429508;0,00000000
6,94210363;3,78429508;0,00000000
6,94220763;3,82781744;0,00000000
6,94231163;3,82781744;0,00000000
6,94241563;3,78429508;0,00000000
6,94251963;3,82781744;0,00000000
6,94262363;3,82781744;0,00000000
6,94272763;3,78429508;0,00000000
6,94283163;3,78429508;0,00000000
6,94293563;3,82781744;0,00000000
6,94303963;3,78429508;0,00000000
6,94314363;3,82781744;0,00000000
6,94324763;3,78429508;0,00000000
6,94335163;3,82781744;0,00000000
6,94345563;3,82781744;0,00000000
6,94355963;3,78429508;0,00000000
6,94366363;3,82781744;0,00000000
6,94376763;3,82781744;0,00000000
6,94387163;3,78429508;0,00000000
6,94397563;3,78429508;0,00000000
6,94407963;3,82781744;0,00000000
6,94418363;3,82781744;0,00000000
6,94428763;3,78429508;0,00000000
6,94439163;3,82781744;0,00000000
6,94449563;3,78429508;0,00000000
6,94459963;3,78429508;0,00000000
6,94470363;3,82781744;0,00000000
6,94480763;3,78429508;0,00000000
6,94491163;3,82781744;0,00000000
6,94501563;3,78429508;0,00000000
6,94511963;3,82781744;0,00000000
6,94522363;3,82781744;0,00000000
6,94532763;3,82781744;0,00000000
6,94543163;3,82781744;0,00000000
6,94553563;3,82781744;0,00000000
6,94563963;3,78429508;0,00000000
6,94574363;3,82781744;0,00000000
6,94584763;3,82781744;0,00000000
6,94595163;3,78429508;0,00000000
6,94605563;3,82781744;0,00000000
6,94615963;3,78429508;0,00000000
6,94626363;3,82781744;0,00000000
6,94636763;3,82781744;0,00000000
6,94647163;3,78429508;0,00000000
6,94657563;3,82781744;0,00000000
6,94667963;3,82781744;0,00000000
6,94678363;3,78429508;0,00000000
6,94688763;3,82781744;0,00000000
6,94699163;3,82781744;0,00000000
6,94709563;3,78429508;0,00000000
6,94719963;3,82781744;0,00000000
6,94730363;3,78429508;0,00000000
6,94740763;3,82781744;0,00000000
6,94751163;3,82781744;0,00000000
6,94761563;3,82781744;0,00000000
6,94771963;3,82781744;0,00000000
6,94782363;3,82781744;0,00000000
6,94792763;3,82781744;0,00000000
6,94803163;3,82781744;0,00000000
6,94813563;3,82781744;0,00000000
6,94823963;3,78429508;0,00000000
6,94834363;3,78429508;0,00000000
6,94844763;3,82781744;0,00000000
6,94855163;3,82781744;0,00000000
6,94865563;3,78429508;0,00000000
6,94875963;3,82781744;0,00000000
6,94886363;3,82781744;0,00000000
6,94896763;3,82781744;0,00000000
6,94907163;3,82781744;0,00000000
6,94917563;3,78429508;0,00000000
6,94927963;3,82781744;0,00000000
6,94938363;3,78429508;0,00000000
6,94948763;3,82781744;0,00000000
6,94959163;3,78429508;0,00000000
6,94969563;3,82781744;0,00000000
6,94979963;3,82781744;0,00000000
6,94990363;3,82781744;0,00000000
6,95000763;3,78429508;0,00000000
6,95011163;3,82781744;0,00000000
6,95021563;3,82781744;0,00000000
6,95031963;3,78429508;0,00000000
6,95042363;3,78429508;0,00000000
6,95052763;3,82781744;0,00000000
6,95063163;3,82781744;0,00000000
6,95073563;3,82781744;0,00000000
6,95083963;3,82781744;0,00000000
6,95094363;3,78429508;0,00000000
6,95104763;3,82781744;0,00000000
6,95115163;3,82781744;0,00000000
6,95125563;3,78429508;0,00000000
6,95135963;3,78429508;0,00000000
6,95146363;3,82781744;0,00000000
6,95156763;3,82781744;0,00000000
6,95167163;3,82781744;0,00000000
6,95177563;3,82781744;0,00000000
6,95187963;3,82781744;0,00000000
6,95198363;3,82781744;0,00000000
6,95208763;3,82781744;0,00000000
6,95219163;3,78429508;0,00000000
6,95229563;3,78429508;0,00000000
6,95239963;3,82781744;0,00000000
6,95250363;3,78429508;0,00000000
6,95260763;3,78429508;0,00000000
6,95271163;3,82781744;0,00000000
6,95281563;3,82781744;0,00000000
6,95291963;3,78429508;0,00000000
6,95302363;3,82781744;0,00000000
6,95312763;3,82781744;0,00000000
6,95323163;3,82781744;0,00000000
6,95333563;3,78429508;0,00000000
6,95343963;3,82781744;0,00000000
6,95354363;3,82781744;0,00000000
6,95364763;3,82781744;0,00000000
6,95375163;3,82781744;0,00000000
6,95385563;3,82781744;0,00000000
6,95395963;3,82781744;0,00000000
6,95406363;3,78429508;0,00000000
6,95416763;3,78429508;0,00000000
6,95427163;3,78429508;0,00000000
6,95437563;3,82781744;0,00000000
6,95447963;3,82781744;0,00000000
6,95458363;3,82781744;0,00000000
6,95468763;3,78429508;0,00000000
6,95479163;3,78429508;0,00000000
6,95489563;3,82781744;0,00000000
6,95499963;3,78429508;0,00000000
6,95510363;3,82781744;0,00000000
6,95520763;3,82781744;0,00000000
6,95531163;3,82781744;0,00000000
6,95541563;3,82781744;0,00000000
6,95551963;3,82781744;0,00000000
6,95562363;3,82781744;0,00000000
6,95572763;3,82781744;0,00000000
6,95583163;3,82781744;0,00000000
6,95593563;3,82781744;0,00000000
6,95603963;3,82781744;0,00000000
6,95614363;3,82781744;0,00000000
6,95624763;3,78429508;0,00000000
6,95635163;3,78429508;0,00000000
6,95645563;3,82781744;0,00000000
6,95655963;3,78429508;0,00000000
6,95666363;3,78429508;0,00000000
6,95676763;3,82781744;0,00000000
6,95687163;3,82781744;0,00000000
6,95697563;3,82781744;0,00000000
6,95707962;3,78429508;0,00000000
6,95718362;3,78429508;0,00000000
6,95728762;3,82781744;0,00000000
6,95739162;3,82781744;0,00000000
6,95749562;3,78429508;0,00000000
6,95759962;3,82781744;0,00000000
6,95770362;3,78429508;0,00000000
6,95780762;3,82781744;0,00000000
6,95791162;3,82781744;0,00000000
6,95801562;3,82781744;0,00000000
6,95811962;3,78429508;0,00000000
6,95822362;3,82781744;0,00000000
6,95832762;3,82781744;0,00000000
6,95843162;3,82781744;0,00000000
6,95853562;3,82781744;0,00000000
6,95863962;3,82781744;0,00000000
6,95874362;3,82781744;0,00000000
6,95884762;3,82781744;0,00000000
6,95895162;3,78429508;0,00000000
6,95905562;3,82781744;0,00000000
6,95915962;3,82781744;0,00000000
6,95926362;3,82781744;0,00000000
6,95936762;3,78429508;0,00000000
6,95947162;3,78429508;0,00000000
6,95957562;3,82781744;0,00000000
6,95967962;3,82781744;0,00000000
6,95978362;3,82781744;0,00000000
6,95988762;3,82781744;0,00000000
6,95999162;3,78429508;0,00000000
6,96009562;3,78429508;0,00000000
6,96019962;3,82781744;0,00000000
6,96030362;3,78429508;0,00000000
6,96040762;3,82781744;0,00000000
6,96051162;3,78429508;0,00000000
6,96061562;3,82781744;0,00000000
6,96071962;3,78429508;0,00000000
6,96082362;3,82781744;0,00000000
6,96092762;3,82781744;0,01734744
6,96103162;3,78429508;0,00000000
6,96113562;3,82781744;0,00000000
6,96123962;3,78429508;0,00000000
6,96134362;3,82781744;0,00000000
6,96144762;3,78429508;0,00000000
6,96155162;3,78429508;0,00000000
6,96165562;3,78429508;0,00000000
6,96175962;3,78429508;0,00000000
6,96186362;3,82781744;0,00000000
6,96196762;3,78429508;0,00000000
6,96207162;3,82781744;0,00000000
6,96217562;3,82781744;0,00000000
6,96227962;3,82781744;0,00000000
6,96238362;3,82781744;0,00000000
6,96248762;3,82781744;0,00000000
6,96259162;3,82781744;0,00000000
6,96269562;3,82781744;0,00000000
6,96279962;3,82781744;0,00000000
6,96290362;3,82781744;0,00000000
6,96300762;3,82781744;0,00000000
6,96311162;3,78429508;0,00000000
6,96321562;3,82781744;0,00000000
6,96331962;3,82781744;0,00000000
6,96342362;3,82781744;0,00000000
6,96352762;3,78429508;0,00000000
6,96363162;3,78429508;0,00000000
6,96373562;3,78429508;0,00000000
6,96383962;3,78429508;0,00000000
6,96394362;3,82781744;0,00000000
6,96404762;3,82781744;0,00000000
6,96415162;3,78429508;0,00000000
6,96425562;3,82781744;0,00000000
6,96435962;3,78429508;0,00000000
6,96446362;3,82781744;0,00000000
6,96456762;3,82781744;0,00000000
6,96467162;3,82781744;0,00000000
6,96477562;3,82781744;0,00000000
6,96487962;3,82781744;0,00000000
6,96498362;3,82781744;0,00000000
6,96508762;3,82781744;0,00000000
6,96519162;3,78429508;0,00000000
6,96529562;3,82781744;0,00000000
6,96539962;3,78429508;0,00000000
6,96550362;3,82781744;0,00000000
6,96560762;3,82781744;0,00000000
6,96571162;3,78429508;0,00000000
6,96581562;3,78429508;0,00000000
6,96591962;3,82781744;0,00000000
6,96602362;3,82781744;0,00000000
6,96612762;3,78429508;0,00000000
6,96623162;3,82781744;0,00000000
6,96633562;3,78429508;0,00000000
6,96643962;3,78429508;0,00000000
6,96654362;3,82781744;0,00000000
6,96664762;3,82781744;0,00000000
6,96675162;3,82781744;0,00000000
6,96685562;3,82781744;0,00000000
6,96695962;3,82781744;0,00000000
6,96706362;3,82781744;0,00000000
6,96716762;3,78429508;0,00000000
6,96727162;3,78429508;0,00000000
6,96737562;3,82781744;0,00000000
6,96747962;3,87133980;0,00000000
6,96758362;3,82781744;0,00000000
6,96768762;3,82781744;0,00000000
6,96779162;3,82781744;0,00000000
6,96789562;3,82781744;0,00000000
6,96799962;3,82781744;0,00000000
6,96810362;3,78429508;0,00000000
6,96820762;3,82781744;0,00000000
6,96831162;3,82781744;0,00000000
6,96841562;3,78429508;0,00000000
6,96851962;3,78429508;0,00000000
6,96862362;3,82781744;0,00000000
6,96872762;3,78429508;0,00000000
6,96883162;3,78429508;0,00000000
6,96893562;3,82781744;0,00000000
6,96903962;3,82781744;0,00000000
6,96914362;3,82781744;0,00000000
6,96924762;3,82781744;0,00000000
6,96935162;3,82781744;0,00000000
6,96945562;3,78429508;0,00000000
6,96955962;3,78429508;0,00000000
6,96966362;3,82781744;0,00000000
6,96976762;3,82781744;0,00000000
6,96987162;3,82781744;0,00000000
6,96997562;3,82781744;0,00000000
6,97007962;3,82781744;0,00000000
6,97018362;3,82781744;0,00000000
6,97028762;3,82781744;0,00000000
6,97039162;3,82781744;0,00000000
6,97049562;3,82781744;0,00000000
6,97059962;3,78429508;0,00000000
6,97070362;3,82781744;0,00000000
6,97080762;3,82781744;0,00000000
6,97091162;3,78429508;0,00000000
6,97101562;3,78429508;0,00000000
6,97111962;3,82781744;0,00000000
6,97122362;3,78429508;0,00000000
6,97132762;3,78429508;0,00000000
6,97143162;3,78429508;0,00000000
6,97153562;3,82781744;0,00000000
6,97163962;3,82781744;0,00000000
6,97174362;3,82781744;0,00000000
6,97184762;3,82781744;0,00000000
6,97195162;3,82781744;0,00000000
6,97205562;3,82781744;0,00000000
6,97215962;3,82781744;0,00000000
6,97226362;3,78429508;0,00000000
6,97236762;3,82781744;0,00000000
6,97247162;3,82781744;0,00000000
6,97257562;3,82781744;0,00000000
6,97267962;3,78429508;0,00000000
6,97278362;3,78429508;0,00000000
6,97288762;3,78429508;0,00000000
6,97299162;3,82781744;0,00000000
6,97309562;3,82781744;0,00000000
6,97319962;3,82781744;0,00000000
6,97330362;3,78429508;0,00000000
6,97340762;3,82781744;0,00000000
6,97351162;3,82781744;0,00000000
6,97361562;3,82781744;0,00000000
6,97371962;3,82781744;0,00000000
6,97382362;3,78429508;0,00000000
6,97392762;3,82781744;0,00000000
6,97403162;3,82781744;0,00000000
6,97413562;3,82781744;0,00000000
6,97423962;3,82781744;0,00000000
6,97434362;3,82781744;0,00000000
6,97444762;3,82781744;0,00000000
6,97455162;3,82781744;0,00000000
6,97465562;3,82781744;0,00000000
6,97475962;3,78429508;0,00000000
6,97486362;3,82781744;0,00000000
6,97496762;3,82781744;0,00000000
6,97507162;3,78429508;0,00000000
6,97517562;3,82781744;0,00000000
6,97527962;3,78429508;0,00000000
6,97538362;3,82781744;0,00000000
6,97548762;3,82781744;0,00000000
6,97559162;3,82781744;0,00000000
6,97569562;3,82781744;0,00000000
6,97579962;3,82781744;0,00000000
6,97590362;3,78429508;0,00000000
6,97600762;3,82781744;0,00000000
6,97611162;3,78429508;0,00000000
6,97621562;3,82781744;0,00000000
6,97631962;3,82781744;0,00000000
6,97642362;3,82781744;0,00000000
6,97652762;3,82781744;0,00000000
6,97663162;3,82781744;0,00000000
6,97673562;3,78429508;0,00000000
6,97683962;3,82781744;0,00000000
6,97694362;3,82781744;0,00000000
6,97704762;3,78429508;0,00000000
6,97715162;3,82781744;0,00000000
6,97725562;3,82781744;0,00000000
6,97735962;3,78429508;0,00000000
6,97746362;3,78429508;0,00000000
6,97756762;3,82781744;0,00000000
6,97767162;3,82781744;0,00000000
6,97777562;3,82781744;0,00000000
6,97787962;3,82781744;0,00000000
6,97798362;3,82781744;0,00000000
6,97808762;3,82781744;0,00000000
6,97819162;3,82781744;0,00000000
6,97829562;3,82781744;0,00000000
6,97839962;3,82781744;0,00000000
6,97850362;3,82781744;0,00000000
6,97860762;3,82781744;0,00000000
6,97871162;3,82781744;0,00000000
6,97881562;3,82781744;0,00000000
6,97891962;3,82781744;0,00000000
6,97902362;3,82781744;0,00000000
6,97912762;3,82781744;0,00000000
6,97923162;3,82781744;0,00000000
6,97933562;3,78429508;0,00000000
6,97943962;3,82781744;0,00000000
6,97954362;3,82781744;0,00000000
6,97964762;3,82781744;0,00000000
6,97975162;3,82781744;0,00000000
6,97985562;3,82781744;0,00000000
6,97995962;3,82781744;0,00000000
6,98006362;3,78429508;0,00000000
6,98016762;3,82781744;0,00000000
6,98027162;3,78429508;0,00000000
6,98037562;3,82781744;0,00000000
6,98047962;3,82781744;0,00000000
6,98058362;3,82781744;0,00000000
6,98068762;3,78429508;0,00000000
6,98079162;3,78429508;0,00000000
6,98089562;3,78429508;0,00000000
6,98099962;3,82781744;0,00000000
6,98110362;3,82781744;0,00000000
6,98120762;3,82781744;0,00000000
6,98131162;3,78429508;0,00000000
6,98141562;3,82781744;0,00000000
6,98151962;3,78429508;0,00000000
6,98162362;3,82781744;0,00000000
6,98172762;3,78429508;0,00000000
6,98183162;3,82781744;0,00000000
6,98193562;3,82781744;0,00000000
6,98203962;3,82781744;0,00000000
6,98214362;3,82781744;0,00000000
6,98224762;3,82781744;0,00000000
6,98235162;3,82781744;0,00000000
6,98245562;3,82781744;0,00000000
6,98255962;3,78429508;0,00000000
6,98266362;3,78429508;0,00000000
6,98276762;3,82781744;0,00000000
6,98287162;3,78429508;0,00000000
6,98297562;3,82781744;0,00000000
6,98307962;3,82781744;0,00000000
6,98318362;3,82781744;0,00000000
6,98328762;3,78429508;0,00000000
6,98339162;3,78429508;0,00000000
6,98349562;3,78429508;0,00000000
6,98359962;3,82781744;0,00000000
6,98370362;3,82781744;0,00000000
6,98380762;3,78429508;0,00000000
6,98391162;3,82781744;0,00000000
6,98401562;3,82781744;0,00000000
6,98411962;3,82781744;0,00000000
6,98422362;3,82781744;0,00000000
6,98432762;3,82781744;0,00000000
6,98443162;3,78429508;0,00000000
6,98453562;3,82781744;0,00000000
6,98463962;3,82781744;0,00000000
6,98474362;3,82781744;0,00000000
6,98484762;3,82781744;0,00000000
6,98495162;3,78429508;0,00000000
6,98505562;3,82781744;0,00000000
6,98515962;3,82781744;0,00000000
6,98526362;3,82781744;0,00000000
6,98536762;3,78429508;0,00000000
6,98547162;3,78429508;0,00000000
6,98557562;3,82781744;0,00000000
6,98567962;3,78429508;0,00000000
6,98578362;3,78429508;0,00000000
6,98588762;3,82781744;0,00000000
6,98599162;3,82781744;0,00000000
6,98609562;3,82781744;0,00000000
6,98619962;3,78429508;0,00000000
6,98630362;3,78429508;0,00000000
6,98640762;3,78429508;0,00000000
6,98651162;3,82781744;0,00000000
6,98661562;3,78429508;0,00000000
6,98671962;3,82781744;0,00000000
6,98682362;3,82781744;0,00000000
6,98692762;3,82781744;0,00000000
6,98703162;3,78429508;0,00000000
6,98713562;3,82781744;0,00000000
6,98723962;3,82781744;0,00000000
6,98734362;3,78429508;0,00000000
6,98744762;3,82781744;0,00000000
6,98755162;3,82781744;0,00000000
6,98765562;3,82781744;0,00000000
6,98775962;3,78429508;0,00000000
6,98786362;3,82781744;0,00000000
6,98796762;3,82781744;0,00000000
6,98807162;3,82781744;0,00000000
6,98817562;3,82781744;0,00000000
6,98827962;3,78429508;0,00000000
6,98838362;3,78429508;0,00000000
6,98848762;3,78429508;0,00000000
6,98859162;3,78429508;0,00000000
6,98869562;3,82781744;0,00000000
6,98879962;3,78429508;0,00000000
6,98890362;3,82781744;0,00000000
6,98900762;3,82781744;0,00000000
6,98911162;3,82781744;0,00000000
6,98921562;3,82781744;0,00000000
6,98931962;3,82781744;0,00000000
6,98942362;3,78429508;0,00000000
6,98952762;3,78429508;0,00000000
6,98963162;3,78429508;0,00000000
6,98973562;3,82781744;0,00000000
6,98983962;3,82781744;0,00000000
6,98994362;3,78429508;0,00000000
6,99004762;3,78429508;0,00000000
6,99015162;3,82781744;0,00000000
6,99025562;3,82781744;0,00000000
6,99035962;3,78429508;0,00000000
6,99046362;3,82781744;0,00000000
6,99056762;3,82781744;0,00000000
6,99067162;3,78429508;0,00000000
6,99077562;3,82781744;0,00000000
6,99087962;3,82781744;0,00000000
6,99098362;3,78429508;0,00000000
6,99108762;3,82781744;0,00000000
6,99119162;3,82781744;0,00000000
6,99129562;3,82781744;0,00000000
6,99139962;3,78429508;0,00000000
6,99150362;3,78429508;0,00000000
6,99160762;3,82781744;0,00000000
6,99171162;3,82781744;0,00000000
6,99181562;3,82781744;0,00000000
6,99191962;3,82781744;0,00000000
6,99202362;3,82781744;0,00000000
6,99212762;3,82781744;0,00000000
6,99223162;3,78429508;0,00000000
6,99233562;3,78429508;0,00000000
6,99243962;3,82781744;0,00000000
6,99254362;3,82781744;0,00000000
6,99264762;3,82781744;0,00000000
6,99275162;3,82781744;0,00000000
6,99285562;3,78429508;0,00000000
6,99295962;3,82781744;0,00000000
6,99306362;3,82781744;0,00000000
6,99316762;3,82781744;0,00000000
6,99327162;3,78429508;0,00000000
6,99337562;3,78429508;0,00000000
6,99347962;3,78429508;0,00000000
6,99358362;3,82781744;0,00000000
6,99368762;3,82781744;0,00000000
6,99379162;3,78429508;0,00000000
6,99389562;3,82781744;0,00000000
6,99399962;3,82781744;0,00000000
6,99410362;3,78429508;0,00000000
6,99420762;3,82781744;0,00000000
6,99431162;3,82781744;0,00000000
6,99441562;3,82781744;0,00000000
6,99451962;3,78429508;0,00000000
6,99462362;3,82781744;0,00000000
6,99472762;3,78429508;0,00000000
6,99483162;3,82781744;0,00000000
6,99493562;3,82781744;0,00000000
6,99503962;3,82781744;0,00000000
6,99514362;3,82781744;0,00000000
6,99524762;3,78429508;0,00000000
6,99535162;3,82781744;0,00000000
6,99545562;3,82781744;0,00000000
6,99555962;3,78429508;0,00000000
6,99566362;3,82781744;0,00000000
6,99576762;3,78429508;0,00000000
6,99587162;3,82781744;0,00000000
6,99597562;3,78429508;0,00000000
6,99607962;3,78429508;0,00000000
6,99618362;3,82781744;0,00000000
6,99628762;3,82781744;0,00000000
6,99639162;3,78429508;0,00000000
6,99649562;3,82781744;0,00000000
6,99659962;3,78429508;0,00000000
6,99670362;3,78429508;0,00000000
6,99680762;3,82781744;0,00000000
6,99691162;3,82781744;0,00000000
6,99701562;3,82781744;0,00000000
6,99711962;3,82781744;0,00000000
6,99722362;3,82781744;0,00000000
6,99732762;3,78429508;0,00000000
6,99743162;3,82781744;0,00000000
6,99753562;3,82781744;0,00000000
6,99763962;3,82781744;0,00000000
6,99774362;3,82781744;0,00000000
6,99784762;3,82781744;0,00000000
6,99795162;3,82781744;0,00000000
6,99805562;3,82781744;0,00000000
6,99815962;3,82781744;0,00000000
6,99826362;3,82781744;0,00000000
6,99836762;3,82781744;0,00000000
6,99847162;3,82781744;0,00000000
6,99857562;3,82781744;0,00000000
6,99867962;3,82781744;0,00000000
6,99878362;3,78429508;0,00000000
6,99888762;3,78429508;0,00000000
6,99899162;3,78429508;0,00000000
6,99909562;3,82781744;0,00000000
6,99919962;3,82781744;0,00000000
6,99930362;3,82781744;0,00000000
6,99940762;3,82781744;0,00000000
6,99951162;3,82781744;0,00000000
6,99961562;3,78429508;0,00000000
6,99971962;3,82781744;0,00000000
6,99982362;3,82781744;0,00000000
6,99992762;3,78429508;0,00000000
7,00003162;3,82781744;0,00000000
7,00013562;3,78429508;0,00000000
7,00023962;3,82781744;0,00000000
7,00034362;3,78429508;0,00000000
7,00044762;3,82781744;0,00000000
7,00055162;3,82781744;0,00000000
7,00065562;3,78429508;0,00000000
7,00075962;3,82781744;0,00000000
7,00086362;3,82781744;0,00000000
7,00096762;3,78429508;0,00000000
7,00107162;3,82781744;0,00000000
7,00117562;3,82781744;0,00000000
7,00127962;3,78429508;0,00000000
7,00138362;3,78429508;0,00000000
7,00148762;3,82781744;0,00000000
7,00159162;3,82781744;0,00000000
7,00169562;3,78429508;0,00000000
7,00179962;3,82781744;0,00000000
7,00190362;3,82781744;0,00000000
7,00200762;3,82781744;0,00000000
7,00211162;3,78429508;0,00000000
7,00221562;3,82781744;0,00000000
7,00231962;3,82781744;0,00000000
7,00242362;3,82781744;0,00000000
7,00252762;3,78429508;0,00000000
7,00263162;3,82781744;0,00000000
7,00273562;3,82781744;0,00000000
7,00283962;3,82781744;0,00000000
7,00294362;3,82781744;0,00000000
7,00304762;3,78429508;0,00000000
7,00315162;3,78429508;0,00000000
7,00325562;3,82781744;0,00000000
7,00335962;3,82781744;0,00000000
7,00346362;3,82781744;0,00000000
7,00356762;3,82781744;0,00000000
7,00367162;3,78429508;0,00000000
7,00377562;3,82781744;0,00000000
7,00387962;3,82781744;0,00000000
7,00398362;3,82781744;0,00000000
7,00408762;3,82781744;0,00000000
7,00419162;3,78429508;0,00000000
7,00429562;3,82781744;0,00000000
7,00439962;3,82781744;0,00000000
7,00450362;3,82781744;0,00000000
7,00460762;3,82781744;0,00000000
7,00471162;3,82781744;0,00000000
7,00481562;3,82781744;0,00000000
7,00491962;3,78429508;0,00000000
7,00502362;3,78429508;0,00000000
7,00512762;3,82781744;0,00000000
7,00523162;3,82781744;0,00000000
7,00533562;3,82781744;0,00000000
7,00543962;3,78429508;0,00000000
7,00554362;3,82781744;0,00000000
7,00564762;3,82781744;0,00000000
7,00575162;3,78429508;0,00000000
7,00585562;3,82781744;0,00000000
7,00595962;3,78429508;0,00000000
7,00606362;3,82781744;0,00000000
7,00616762;3,82781744;0,00000000
7,00627162;3,82781744;0,00000000
7,00637562;3,82781744;0,00000000
7,00647962;3,82781744;0,00000000
7,00658362;3,82781744;0,00000000
7,00668762;3,82781744;0,00000000
7,00679162;3,82781744;0,00000000
7,00689562;3,82781744;0,00000000
7,00699962;3,78429508;0,00000000
7,00710362;3,82781744;0,00000000
7,00720762;3,82781744;0,00000000
7,00731162;3,82781744;0,00000000
7,00741562;3,82781744;0,00000000
7,00751962;3,78429508;0,00000000
7,00762362;3,82781744;0,00000000
7,00772762;3,82781744;0,00000000
7,00783162;3,82781744;0,00000000
7,00793562;3,82781744;0,00000000
7,00803962;3,78429508;0,00000000
7,00814362;3,82781744;0,00000000
7,00824762;3,78429508;0,00000000
7,00835162;3,82781744;0,01734744
7,00845562;3,82781744;0,00000000
7,00855962;3,82781744;0,00000000
7,00866362;3,82781744;0,00000000
7,00876762;3,82781744;0,00000000
7,00887162;3,82781744;0,00000000
7,00897562;3,78429508;0,00000000
7,00907962;3,82781744;0,00000000
7,00918362;3,78429508;0,00000000
7,00928762;3,78429508;0,00000000
7,00939162;3,82781744;0,00000000
7,00949562;3,82781744;0,00000000
7,00959962;3,82781744;0,00000000
7,00970362;3,78429508;0,00000000
7,00980762;3,82781744;0,00000000
7,00991162;3,82781744;0,00000000
7,01001562;3,82781744;0,00000000
7,01011962;3,82781744;0,00000000
7,01022362;3,82781744;0,00000000
7,01032762;3,82781744;0,00000000
7,01043162;3,82781744;0,00000000
7,01053562;3,82781744;0,00000000
7,01063962;3,82781744;0,00000000
7,01074362;3,78429508;0,00000000
7,01084762;3,78429508;0,00000000
7,01095162;3,82781744;0,00000000
7,01105562;3,82781744;0,00000000
7,01115962;3,82781744;0,00000000
7,01126362;3,82781744;0,00000000
7,01136762;3,82781744;0,00000000
7,01147162;3,82781744;0,00000000
7,01157562;3,82781744;0,00000000
7,01167962;3,82781744;0,00000000
7,01178362;3,82781744;0,00000000
7,01188762;3,82781744;0,00000000
7,01199162;3,82781744;0,00000000
7,01209562;3,78429508;0,00000000
7,01219962;3,82781744;0,00000000
7,01230362;3,82781744;0,00000000
7,01240762;3,82781744;0,00000000
7,01251162;3,82781744;0,00000000
7,01261562;3,78429508;0,00000000
7,01271962;3,78429508;0,00000000
7,01282362;3,82781744;0,00000000
7,01292762;3,78429508;0,00000000
7,01303162;3,82781744;0,00000000
7,01313562;3,78429508;0,00000000
7,01323962;3,82781744;0,00000000
7,01334362;3,82781744;0,00000000
7,01344762;3,82781744;0,00000000
7,01355162;3,78429508;0,00000000
7,01365562;3,82781744;0,00000000
7,01375962;3,78429508;0,00000000
7,01386362;3,82781744;0,00000000
7,01396762;3,82781744;0,00000000
7,01407162;3,78429508;0,00000000
7,01417562;3,82781744;0,00000000
7,01427962;3,82781744;0,00000000
7,01438362;3,78429508;0,00000000
7,01448762;3,82781744;0,00000000
7,01459162;3,82781744;0,00000000
7,01469562;3,78429508;0,00000000
7,01479962;3,82781744;0,00000000
7,01490362;3,82781744;0,00000000
7,01500762;3,87133980;0,00000000
7,01511162;3,78429508;0,00000000
7,01521562;3,78429508;0,00000000
7,01531962;3,78429508;0,00000000
7,01542362;3,82781744;0,00000000
7,01552762;3,78429508;0,00000000
7,01563162;3,82781744;0,00000000
7,01573562;3,78429508;0,00000000
7,01583962;3,82781744;0,00000000
7,01594362;3,82781744;0,00000000
7,01604762;3,82781744;0,00000000
7,01615162;3,78429508;0,00000000
7,01625562;3,82781744;0,00000000
7,01635962;3,82781744;0,00000000
7,01646362;3,82781744;0,00000000
7,01656762;3,78429508;0,00000000
7,01667162;3,78429508;0,00000000
7,01677562;3,78429508;0,00000000
7,01687962;3,82781744;0,00000000
7,01698362;3,78429508;0,00000000
7,01708762;3,82781744;0,00000000
7,01719162;3,82781744;0,00000000
7,01729562;3,78429508;0,00000000
7,01739962;3,82781744;0,00000000
7,01750362;3,82781744;0,00000000
7,01760762;3,82781744;0,00000000
7,01771162;3,82781744;0,00000000
7,01781562;3,82781744;0,00000000
7,01791962;3,82781744;0,00000000
7,01802362;3,82781744;0,00000000
7,01812762;3,82781744;0,00000000
7,01823162;3,78429508;0,00000000
7,01833562;3,82781744;0,00000000
7,01843962;3,78429508;0,00000000
7,01854362;3,78429508;0,00000000
7,01864762;3,78429508;0,00000000
7,01875162;3,78429508;0,00000000
7,01885562;3,78429508;0,00000000
7,01895962;3,78429508;0,00000000
7,01906362;3,82781744;0,00000000
7,01916762;3,82781744;0,00000000
7,01927162;3,82781744;0,00000000
7,01937562;3,82781744;0,00000000
7,01947962;3,82781744;0,00000000
7,01958362;3,78429508;0,00000000
7,01968762;3,78429508;0,00000000
7,01979162;3,82781744;0,00000000
7,01989562;3,78429508;0,00000000
7,01999962;3,82781744;0,00000000
7,02010362;3,82781744;0,00000000
7,02020762;3,82781744;0,00000000
7,02031162;3,82781744;0,00000000
7,02041562;3,82781744;0,00000000
7,02051962;3,82781744;0,00000000
7,02062362;3,82781744;0,00000000
7,02072762;3,82781744;0,00000000
7,02083162;3,82781744;0,00000000
7,02093562;3,82781744;0,00000000
7,02103962;3,78429508;0,00000000
7,02114362;3,82781744;0,00000000
7,02124762;3,82781744;0,00000000
7,02135162;3,82781744;0,00000000
7,02145562;3,82781744;0,00000000
7,02155962;3,82781744;0,00000000
7,02166362;3,82781744;0,00000000
7,02176762;3,82781744;0,00000000
7,02187162;3,78429508;0,00000000
7,02197562;3,78429508;0,00000000
7,02207962;3,82781744;0,00000000
7,02218362;3,82781744;0,00000000
7,02228762;3,78429508;0,00000000
7,02239162;3,82781744;0,00000000
7,02249562;3,82781744;0,00000000
7,02259962;3,78429508;0,00000000
7,02270362;3,82781744;0,00000000
7,02280762;3,78429508;0,00000000
7,02291162;3,78429508;0,00000000
7,02301562;3,82781744;0,00000000
7,02311962;3,82781744;0,01734744
7,02322362;3,78429508;0,00000000
7,02332762;3,78429508;0,00000000
7,02343162;3,82781744;0,00000000
7,02353562;3,78429508;0,00000000
7,02363962;3,82781744;0,00000000
7,02374362;3,82781744;0,00000000
7,02384762;3,82781744;0,00000000
7,02395162;3,82781744;0,00000000
7,02405562;3,78429508;0,00000000
7,02415962;3,82781744;0,00000000
7,02426362;3,82781744;0,00000000
7,02436762;3,82781744;0,00000000
7,02447162;3,78429508;0,00000000
7,02457562;3,82781744;0,00000000
7,02467962;3,82781744;0,00000000
7,02478362;3,82781744;0,00000000
7,02488762;3,82781744;0,00000000
7,02499162;3,82781744;0,00000000
7,02509562;3,82781744;0,00000000
7,02519962;3,78429508;0,00000000
7,02530362;3,78429508;0,00000000
7,02540762;3,82781744;0,00000000
7,02551162;3,82781744;0,00000000
7,02561562;3,82781744;0,00000000
7,02571962;3,82781744;0,00000000
7,02582362;3,82781744;0,00000000
7,02592762;3,82781744;0,00000000
7,02603162;3,82781744;0,00000000
7,02613562;3,82781744;0,00000000
7,02623962;3,78429508;0,00000000
7,02634362;3,82781744;0,00000000
7,02644762;3,82781744;0,00000000
7,02655162;3,82781744;0,00000000
7,02665562;3,78429508;0,00000000
7,02675962;3,82781744;0,00000000
7,02686362;3,78429508;0,00000000
7,02696762;3,82781744;0,00000000
7,02707162;3,82781744;0,00000000
7,02717562;3,78429508;0,00000000
7,02727962;3,82781744;0,00000000
7,02738362;3,82781744;0,00000000
7,02748762;3,78429508;0,00000000
7,02759162;3,78429508;0,00000000
7,02769562;3,82781744;0,00000000
7,02779962;3,82781744;0,00000000
7,02790362;3,82781744;0,00000000
7,02800762;3,82781744;0,00000000
7,02811162;3,82781744;0,00000000
7,02821562;3,78429508;0,00000000
7,02831962;3,82781744;0,00000000
7,02842362;3,82781744;0,00000000
7,02852762;3,82781744;0,00000000
7,02863162;3,82781744;0,00000000
7,02873562;3,82781744;0,00000000
7,02883962;3,78429508;0,00000000
7,02894362;3,82781744;0,00000000
7,02904762;3,78429508;0,00000000
7,02915162;3,82781744;0,00000000
7,02925562;3,82781744;0,00000000
7,02935962;3,82781744;0,00000000
7,02946362;3,82781744;0,00000000
7,02956762;3,82781744;0,00000000
7,02967162;3,82781744;0,00000000
7,02977562;3,82781744;0,00000000
7,02987962;3,78429508;0,00000000
7,02998362;3,82781744;0,00000000
7,03008762;3,78429508;0,00000000
7,03019162;3,82781744;0,00000000
7,03029562;3,78429508;0,00000000
7,03039962;3,82781744;0,00000000
7,03050362;3,78429508;0,00000000
7,03060762;3,82781744;0,00000000
7,03071162;3,78429508;0,00000000
7,03081562;3,82781744;0,00000000
7,03091962;3,82781744;0,00000000
7,03102362;3,82781744;0,00000000
7,03112762;3,78429508;0,00000000
7,03123162;3,82781744;0,00000000
7,03133562;3,82781744;0,00000000
7,03143962;3,82781744;0,00000000
7,03154362;3,82781744;0,00000000
7,03164762;3,82781744;0,00000000
7,03175162;3,82781744;0,00000000
7,03185562;3,82781744;0,00000000
7,03195962;3,82781744;0,00000000
7,03206362;3,82781744;0,00000000
7,03216762;3,82781744;0,00000000
7,03227162;3,78429508;0,00000000
7,03237562;3,82781744;0,00000000
7,03247962;3,82781744;0,00000000
7,03258362;3,78429508;0,00000000
7,03268762;3,78429508;0,00000000
7,03279162;3,82781744;0,00000000
7,03289562;3,78429508;0,00000000
7,03299962;3,78429508;0,00000000
7,03310362;3,82781744;0,00000000
7,03320762;3,78429508;0,00000000
7,03331162;3,78429508;0,00000000
7,03341562;3,82781744;0,00000000
7,03351962;3,78429508;0,00000000
7,03362362;3,82781744;0,00000000
7,03372762;3,82781744;0,00000000
7,03383162;3,78429508;0,00000000
7,03393562;3,82781744;0,00000000
7,03403962;3,82781744;0,00000000
7,03414362;3,82781744;0,00000000
7,03424762;3,78429508;0,00000000
7,03435162;3,82781744;0,00000000
7,03445562;3,82781744;0,00000000
7,03455962;3,82781744;0,00000000
7,03466362;3,82781744;0,00000000
7,03476762;3,82781744;0,00000000
7,03487162;3,82781744;0,00000000
7,03497562;3,78429508;0,00000000
7,03507962;3,82781744;0,01734744
7,03518362;3,82781744;0,00000000
7,03528762;3,82781744;0,00000000
7,03539162;3,82781744;0,00000000
7,03549562;3,82781744;0,00000000
7,03559962;3,82781744;0,00000000
7,03570362;3,78429508;0,00000000
7,03580762;3,78429508;0,00000000
7,03591162;3,82781744;0,00000000
7,03601562;3,78429508;0,00000000
7,03611962;3,82781744;0,00000000
7,03622362;3,78429508;0,00000000
7,03632762;3,82781744;0,00000000
7,03643162;3,82781744;0,00000000
7,03653562;3,82781744;0,00000000
7,03663962;3,82781744;0,00000000
7,03674362;3,82781744;0,00000000
7,03684762;3,78429508;0,00000000
7,03695162;3,82781744;0,00000000
7,03705562;3,78429508;0,00000000
7,03715962;3,82781744;0,00000000
7,03726362;3,78429508;0,00000000
7,03736762;3,82781744;0,00000000
7,03747162;3,82781744;0,00000000
7,03757562;3,78429508;0,00000000
7,03767962;3,82781744;0,00000000
7,03778362;3,82781744;0,00000000
7,03788762;3,82781744;0,00000000
7,03799162;3,82781744;0,00000000
7,03809562;3,82781744;0,00000000
7,03819962;3,78429508;0,00000000
7,03830362;3,78429508;0,00000000
7,03840762;3,78429508;0,00000000
7,03851162;3,78429508;0,00000000
7,03861562;3,82781744;0,00000000
7,03871962;3,82781744;0,00000000
7,03882362;3,78429508;0,00000000
7,03892762;3,82781744;0,00000000
7,03903162;3,78429508;0,00000000
7,03913562;3,78429508;0,00000000
7,03923962;3,82781744;0,00000000
7,03934362;3,82781744;0,00000000
7,03944762;3,82781744;0,00000000
7,03955162;3,78429508;0,00000000
7,03965562;3,78429508;0,00000000
7,03975962;3,78429508;0,00000000
7,03986362;3,78429508;0,00000000
7,03996762;3,82781744;0,00000000
7,04007162;3,82781744;0,00000000
7,04017562;3,82781744;0,00000000
7,04027962;3,78429508;0,00000000
7,04038362;3,82781744;0,00000000
7,04048762;3,82781744;0,00000000
7,04059162;3,82781744;0,00000000
7,04069562;3,78429508;0,00000000
7,04079962;3,78429508;0,00000000
7,04090362;3,78429508;0,00000000
7,04100762;3,82781744;0,00000000
7,04111162;3,82781744;0,00000000
7,04121562;3,82781744;0,00000000
7,04131962;3,78429508;0,00000000
7,04142362;3,82781744;0,00000000
7,04152762;3,82781744;0,00000000
7,04163162;3,82781744;0,00000000
7,04173562;3,82781744;0,00000000
7,04183962;3,82781744;0,00000000
7,04194362;3,82781744;0,00000000
7,04204762;3,82781744;0,00000000
7,04215162;3,78429508;0,00000000
7,04225562;3,82781744;0,00000000
7,04235962;3,82781744;0,00000000
7,04246362;3,82781744;0,00000000
7,04256762;3,82781744;0,00000000
7,04267162;3,78429508;0,00000000
7,04277562;3,78429508;0,00000000
7,04287962;3,82781744;0,00000000
7,04298362;3,78429508;0,00000000
7,04308762;3,82781744;0,00000000
7,04319162;3,78429508;0,00000000
7,04329562;3,82781744;0,00000000
7,04339962;3,82781744;0,00000000
7,04350362;3,78429508;0,00000000
7,04360762;3,78429508;0,00000000
7,04371162;3,82781744;0,00000000
7,04381562;3,82781744;0,00000000
7,04391962;3,82781744;0,00000000
7,04402362;3,78429508;0,00000000
7,04412762;3,82781744;0,00000000
7,04423162;3,82781744;0,00000000
7,04433562;3,78429508;0,00000000
7,04443962;3,82781744;0,00000000
7,04454362;3,82781744;0,00000000
7,04464762;3,78429508;0,00000000
7,04475162;3,82781744;0,00000000
7,04485562;3,82781744;0,00000000
7,04495962;3,78429508;0,00000000
7,04506362;3,82781744;0,00000000
7,04516762;3,82781744;0,00000000
7,04527162;3,82781744;0,00000000
7,04537562;3,82781744;0,00000000
7,04547962;3,82781744;0,00000000
7,04558362;3,78429508;0,00000000
7,04568762;3,78429508;0,00000000
7,04579162;3,82781744;0,00000000
7,04589562;3,82781744;0,00000000
7,04599962;3,78429508;0,00000000
7,04610362;3,82781744;0,00000000
7,04620762;0,21745817;0,00000000
7,04631162;-0,13041338;0,00000000
7,04641562;0,00000000;0,00000000
7,04651962;0,04336860;0,00000000
7,04662362;0,00000000;0,00000000
7,04672762;0,00000000;0,00000000
7,04683162;0,00000000;0,00000000
7,04693562;0,00000000;0,00000000
7,04703962;0,00000000;0,00000000
7,04714362;0,04336860;0,00000000
7,04724762;0,00000000;0,00000000
7,04735162;0,00000000;0,00000000
7,04745562;0,00000000;0,00000000
7,04755962;0,00000000;0,00000000
7,04766362;0,00000000;0,00000000
7,04776762;0,00000000;0,00000000
7,04787162;0,00000000;0,00000000
7,04797562;0,00000000;0,00000000
7,04807962;0,00000000;0,00000000
7,04818362;0,00000000;0,00000000
7,04828762;0,04336860;0,00000000
7,04839162;0,04336860;0,00000000
7,04849562;0,04336860;0,00000000
7,04859962;0,00000000;0,00000000
7,04870362;0,00000000;0,00000000
7,04880762;0,00000000;0,00000000
7,04891162;0,00000000;0,00000000
7,04901562;0,04336860;0,00000000
7,04911962;0,04336860;0,00000000
7,04922362;0,00000000;0,00000000
7,04932762;0,04336860;0,00000000
7,04943162;0,00000000;0,00000000
7,04953562;0,00000000;0,00000000
7,04963962;0,04336860;0,00000000
7,04974362;0,00000000;0,00000000
7,04984762;0,00000000;0,00000000
7,04995162;0,00000000;0,00000000
7,05005562;0,04336860;0,00000000
7,05015962;0,00000000;0,00000000
7,05026362;0,04336860;0,00000000
7,05036762;0,04336860;0,00000000
7,05047162;0,04336860;-0,01734744
7,05057562;0,00000000;0,00000000
7,05067962;0,00000000;0,00000000
7,05078362;0,00000000;0,00000000
7,05088762;0,04336860;0,00000000
7,05099162;0,00000000;0,00000000
7,05109562;0,04336860;-0,01734744
7,05119962;0,00000000;0,00000000
7,05130362;0,04336860;0,00000000
7,05140762;0,04336860;0,00000000
7,05151162;0,04336860;0,00000000
7,05161562;0,04336860;0,00000000
7,05171962;0,04336860;0,00000000
7,05182362;0,04336860;0,00000000
7,05192762;0,04336860;0,00000000
7,05203162;0,04336860;0,00000000
7,05213562;0,04336860;0,00000000
7,05223962;0,04336860;0,00000000
7,05234362;0,04336860;0,00000000
7,05244762;0,04336860;0,00000000
7,05255162;0,00000000;0,00000000
7,05265562;0,04336860;0,00000000
7,05275962;0,00000000;0,00000000
7,05286362;0,04336860;0,00000000
7,05296762;0,04336860;0,00000000
7,05307162;0,00000000;0,00000000
7,05317562;0,00000000;0,00000000
7,05327962;0,00000000;0,00000000
7,05338362;0,04336860;0,00000000
7,05348762;0,00000000;0,00000000
7,05359162;0,04336860;0,00000000
7,05369562;0,04336860;0,00000000
7,05379962;0,00000000;0,00000000
7,05390362;0,00000000;0,00000000
7,05400762;0,00000000;0,00000000
7,05411162;0,00000000;0,00000000
7,05421562;0,00000000;0,00000000
7,05431962;0,04336860;0,00000000
7,05442362;0,04336860;0,00000000
7,05452762;0,00000000;0,00000000
7,05463162;0,04336860;0,00000000
7,05473562;0,00000000;0,00000000
7,05483962;0,04336860;0,00000000
7,05494362;0,04336860;0,00000000
7,05504762;0,00000000;0,00000000
7,05515162;0,04336860;0,00000000
7,05525562;0,00000000;0,00000000
7,05535962;0,04336860;0,00000000
7,05546362;0,00000000;0,00000000
7,05556762;0,00000000;0,00000000
7,05567162;0,04336860;0,00000000
7,05577562;0,04336860;0,00000000
7,05587962;0,04336860;0,00000000
7,05598362;0,04336860;0,00000000
7,05608762;0,00000000;0,00000000
7,05619162;0,00000000;0,00000000
7,05629562;0,00000000;0,00000000
7,05639962;0,00000000;0,00000000
7,05650362;0,04336860;0,00000000
7,05660762;0,00000000;0,00000000
7,05671162;0,00000000;0,00000000
7,05681562;0,04336860;0,00000000
7,05691962;0,00000000;0,00000000
7,05702362;0,04336860;0,00000000
7,05712762;0,04336860;0,00000000
7,05723162;0,00000000;0,00000000
7,05733562;0,00000000;0,00000000
7,05743962;0,00000000;0,00000000
7,05754362;0,04336860;0,00000000
7,05764762;0,04336860;0,00000000
7,05775162;0,00000000;0,00000000
7,05785562;0,04336860;0,00000000
7,05795962;0,00000000;-0,01734744
7,05806362;0,04336860;0,00000000
7,05816762;0,04336860;0,00000000
7,05827162;0,00000000;0,00000000
7,05837562;0,04336860;0,00000000
7,05847962;0,00000000;0,00000000
7,05858362;0,00000000;0,00000000
7,05868762;0,00000000;0,00000000
7,05879162;0,00000000;0,00000000
7,05889562;0,00000000;0,00000000
7,05899962;0,04336860;0,00000000
7,05910362;0,00000000;0,00000000
7,05920762;0,04336860;0,00000000
7,05931162;0,00000000;0,00000000
7,05941562;0,04336860;-0,01734744
7,05951962;0,00000000;0,00000000
7,05962362;0,04336860;0,00000000
7,05972762;0,04336860;0,00000000
7,05983162;0,00000000;0,00000000
7,05993562;0,04336860;0,00000000
7,06003962;0,04336860;0,00000000
7,06014362;0,04336860;0,00000000
7,06024762;0,00000000;0,00000000
7,06035162;0,00000000;0,00000000
7,06045562;0,04336860;0,00000000
7,06055962;0,00000000;0,00000000
7,06066362;0,04336860;0,00000000
7,06076762;0,00000000;0,00000000
7,06087162;0,00000000;0,00000000
7,06097562;0,04336860;0,00000000
7,06107962;0,00000000;0,00000000
7,06118362;0,04336860;0,00000000
7,06128762;0,00000000;0,00000000
7,06139162;0,04336860;0,00000000
7,06149562;0,04336860;0,00000000
7,06159962;0,04336860;0,00000000
7,06170362;0,04336860;0,00000000
7,06180762;0,00000000;0,00000000
7,06191162;0,04336860;0,00000000
7,06201562;0,00000000;0,00000000
7,06211962;0,00000000;0,00000000
7,06222362;0,00000000;0,00000000
7,06232762;0,04336860;0,00000000
7,06243162;0,04336860;0,00000000
7,06253562;0,04336860;0,00000000
7,06263962;0,00000000;0,00000000
7,06274362;0,00000000;0,00000000
7,06284762;0,00000000;0,00000000
7,06295162;0,00000000;0,00000000
7,06305562;0,00000000;0,00000000
7,06315962;0,04336860;0,00000000
7,06326362;0,00000000;0,00000000
7,06336762;0,00000000;0,00000000
7,06347162;0,00000000;0,00000000
7,06357562;0,04336860;0,00000000
7,06367962;0,00000000;0,00000000
7,06378362;0,00000000;0,00000000
7,06388762;0,04336860;-0,01734744
7,06399162;0,00000000;0,00000000
7,06409562;0,00000000;0,00000000
7,06419962;0,00000000;0,00000000
7,06430362;0,00000000;0,00000000
7,06440762;0,04336860;0,00000000
7,06451162;0,00000000;0,00000000
7,06461562;0,00000000;0,00000000
7,06471962;0,04336860;0,00000000
7,06482362;0,00000000;0,00000000
7,06492762;0,00000000;0,00000000
7,06503162;0,00000000;0,00000000
7,06513562;0,04336860;0,00000000
7,06523962;0,00000000;0,00000000
7,06534362;0,04336860;0,00000000
7,06544762;0,00000000;0,00000000
7,06555162;0,00000000;0,00000000
7,06565562;0,00000000;0,00000000
7,06575962;0,00000000;0,00000000
7,06586362;0,00000000;0,00000000
7,06596762;0,04336860;0,00000000
7,06607162;0,04336860;0,00000000
7,06617562;0,04336860;0,00000000
7,06627962;0,00000000;0,00000000
7,06638362;0,04336860;0,00000000
7,06648762;0,04336860;0,00000000
7,06659162;0,00000000;0,00000000
7,06669562;0,00000000;0,00000000
7,06679962;0,00000000;0,00000000
7,06690362;0,00000000;0,00000000
7,06700762;0,00000000;0,00000000
7,06711162;0,00000000;0,00000000
7,06721562;0,04336860;0,00000000
7,06731962;0,00000000;0,00000000
7,06742362;0,00000000;0,00000000
7,06752762;0,00000000;0,00000000
7,06763162;0,04336860;0,00000000
7,06773562;0,00000000;0,00000000
7,06783962;0,00000000;0,00000000
7,06794362;0,00000000;0,00000000
7,06804762;0,00000000;0,00000000
7,06815162;0,00000000;0,00000000
7,06825562;0,00000000;0,00000000
7,06835962;0,00000000;0,00000000
7,06846362;0,00000000;0,00000000
7,06856762;0,00000000;0,00000000
7,06867162;0,00000000;0,00000000
7,06877562;0,00000000;0,00000000
7,06887962;0,00000000;0,00000000
7,06898362;0,00000000;0,00000000
7,06908762;0,00000000;0,00000000
7,06919162;0,04336860;0,00000000
7,06929562;0,00000000;0,00000000
7,06939962;0,00000000;0,00000000
7,06950362;0,00000000;0,00000000
7,06960762;0,00000000;0,00000000
7,06971162;0,00000000;0,00000000
7,06981562;0,00000000;0,00000000
7,06991962;0,00000000;0,00000000
7,07002362;0,00000000;0,00000000
7,07012762;0,04336860;0,00000000
7,07023162;0,04336860;-0,01734744
7,07033562;0,00000000;0,00000000
7,07043962;0,00000000;0,00000000
7,07054362;0,04336860;0,00000000
7,07064762;0,00000000;0,00000000
7,07075162;0,04336860;0,00000000
7,07085562;0,00000000;0,00000000
7,07095962;0,00000000;0,00000000
7,07106362;0,00000000;0,00000000
7,07116762;0,04336860;0,00000000
7,07127162;0,00000000;0,00000000
7,07137562;0,04336860;0,00000000
7,07147962;0,04336860;0,00000000
7,07158362;0,00000000;0,00000000
7,07168762;0,00000000;0,00000000
7,07179162;0,00000000;0,00000000
7,07189562;0,00000000;0,00000000
7,07199962;0,04336860;0,00000000
7,07210362;0,04336860;0,00000000
7,07220762;0,04336860;0,00000000
7,07231162;0,00000000;-0,01734744
7,07241562;0,04336860;0,00000000
7,07251962;0,00000000;0,00000000
7,07262362;0,00000000;0,00000000
7,07272762;0,00000000;0,00000000
7,07283162;0,00000000;0,00000000
7,07293562;0,00000000;0,00000000
7,07303962;0,00000000;0,00000000
7,07314362;0,00000000;0,00000000
7,07324762;0,00000000;0,00000000
7,07335162;0,04336860;0,00000000
7,07345562;0,00000000;0,00000000
7,07355962;0,00000000;0,00000000
7,07366362;0,00000000;0,00000000
7,07376762;0,00000000;0,00000000
7,07387162;0,00000000;0,00000000
7,07397562;0,00000000;0,00000000
7,07407962;0,04336860;0,00000000
7,07418362;0,00000000;-0,01734744
7,07428762;0,00000000;0,00000000
7,07439162;0,00000000;0,00000000
7,07449562;0,00000000;0,00000000
7,07459962;0,00000000;0,00000000
7,07470362;0,00000000;0,00000000
7,07480762;0,04336860;0,00000000
7,07491162;0,00000000;0,00000000
7,07501562;0,00000000;0,00000000
7,07511962;0,00000000;0,00000000
7,07522362;0,00000000;0,00000000
7,07532762;0,00000000;0,00000000
7,07543162;0,00000000;0,00000000
7,07553562;0,00000000;0,00000000
7,07563962;0,04336860;0,00000000
7,07574362;0,00000000;0,00000000
7,07584762;0,00000000;0,00000000
7,07595162;0,00000000;0,00000000
7,07605562;0,00000000;0,00000000
7,07615962;0,00000000;0,00000000
7,07626362;0,00000000;0,00000000
7,07636762;0,00000000;0,00000000
7,07647162;0,00000000;0,00000000
7,07657562;0,00000000;0,00000000
7,07667962;0,04336860;0,00000000
7,07678362;0,04336860;0,00000000
7,07688762;0,00000000;0,00000000
7,07699162;0,04336860;0,00000000
7,07709562;0,00000000;0,00000000
7,07719962;0,00000000;0,00000000
7,07730362;0,00000000;0,00000000
7,07740762;0,00000000;0,00000000
7,07751162;0,00000000;0,00000000
7,07761562;0,00000000;0,00000000
7,07771962;0,00000000;0,00000000
7,07782362;0,04336860;0,00000000
7,07792762;0,00000000;0,00000000
7,07803162;0,00000000;0,00000000
7,07813562;0,04336860;0,00000000
7,07823962;0,04336860;0,00000000
7,07834362;0,00000000;-0,01734744
7,07844762;0,00000000;0,00000000
7,07855162;0,00000000;0,00000000
7,07865562;0,00000000;0,00000000
7,07875962;0,00000000;0,00000000
7,07886362;0,00000000;0,00000000
7,07896762;0,00000000;0,00000000
7,07907162;0,04336860;0,00000000
7,07917562;0,00000000;0,00000000
7,07927962;0,04336860;0,00000000
7,07938362;0,00000000;0,00000000
7,07948762;0,04336860;0,00000000
7,07959162;0,04336860;0,00000000
7,07969562;0,00000000;0,00000000
7,07979962;0,04336860;0,00000000
7,07990362;0,00000000;0,00000000
7,08000762;0,00000000;0,00000000
7,08011162;0,00000000;0,00000000
7,08021562;0,00000000;0,00000000
7,08031962;0,04336860;0,00000000
7,08042362;0,00000000;0,00000000
7,08052762;0,00000000;0,00000000
7,08063162;0,04336860;0,00000000
7,08073562;0,00000000;0,00000000
7,08083962;0,00000000;0,00000000
7,08094362;0,00000000;0,00000000
7,08104762;0,04336860;0,00000000
7,08115162;0,04336860;0,00000000
7,08125562;0,04336860;0,00000000
7,08135962;0,00000000;0,00000000
7,08146362;0,00000000;0,00000000
7,08156762;0,00000000;0,00000000
7,08167162;0,00000000;0,00000000
7,08177562;0,04336860;0,00000000
7,08187962;0,00000000;0,00000000
7,08198362;0,00000000;0,00000000
7,08208762;0,00000000;0,00000000
7,08219162;0,04336860;0,00000000
7,08229562;0,00000000;0,00000000
7,08239962;0,00000000;0,00000000
7,08250362;0,00000000;0,00000000
7,08260762;0,00000000;0,00000000
7,08271162;0,00000000;0,00000000
7,08281562;0,04336860;0,00000000
7,08291962;0,00000000;0,00000000
7,08302362;0,00000000;0,00000000
7,08312762;0,00000000;0,00000000
7,08323162;0,04336860;0,00000000
7,08333562;0,00000000;0,00000000
7,08343962;0,00000000;0,00000000
7,08354362;0,04336860;0,00000000
7,08364762;0,00000000;0,00000000
7,08375162;0,00000000;0,00000000
7,08385562;0,00000000;0,00000000
7,08395962;0,00000000;0,00000000
7,08406362;0,00000000;0,00000000
7,08416762;0,04336860;0,00000000
7,08427162;0,04336860;0,00000000
7,08437562;0,00000000;0,00000000
7,08447962;0,00000000;0,00000000
7,08458362;0,00000000;0,00000000
7,08468762;0,04336860;0,00000000
7,08479162;0,04336860;0,00000000
7,08489562;0,00000000;0,00000000
7,08499962;0,00000000;-0,01734744
7,08510362;0,00000000;0,00000000
7,08520762;0,00000000;0,00000000
7,08531162;0,00000000;0,00000000
7,08541562;0,00000000;0,00000000
7,08551962;0,00000000;0,00000000
7,08562362;0,04336860;0,00000000
7,08572762;0,04336860;0,00000000
7,08583162;0,00000000;0,00000000
7,08593562;0,00000000;0,00000000
7,08603962;0,00000000;0,00000000
7,08614362;0,00000000;0,00000000
7,08624762;0,04336860;0,00000000
7,08635162;0,00000000;0,00000000
7,08645562;0,00000000;0,00000000
7,08655962;0,00000000;0,00000000
7,08666362;0,00000000;0,00000000
7,08676762;0,04336860;0,00000000
7,08687162;0,04336860;0,00000000
7,08697562;0,04336860;0,00000000
7,08707962;0,00000000;0,00000000
7,08718362;0,00000000;0,00000000
7,08728762;0,00000000;-0,01734744
7,08739162;0,00000000;0,00000000
7,08749562;0,00000000;0,00000000
7,08759962;0,00000000;0,00000000
7,08770362;0,04336860;0,00000000
7,08780762;0,00000000;0,00000000
7,08791162;0,00000000;0,00000000
7,08801562;0,04336860;0,00000000
7,08811962;0,00000000;0,00000000
7,08822362;0,04336860;0,00000000
7,08832762;0,04336860;0,00000000
7,08843162;0,00000000;0,00000000
7,08853562;0,04336860;0,00000000
7,08863962;0,00000000;0,00000000
7,08874362;0,00000000;0,00000000
7,08884762;0,00000000;0,00000000
7,08895162;0,00000000;0,00000000
7,08905562;0,00000000;0,00000000
7,08915962;0,04336860;0,00000000
7,08926362;0,00000000;0,00000000
7,08936762;0,00000000;0,00000000
7,08947162;0,00000000;0,00000000
7,08957562;0,04336860;0,00000000
7,08967962;0,00000000;0,00000000
7,08978362;0,00000000;0,00000000
7,08988762;0,00000000;0,00000000
7,08999162;0,00000000;0,00000000
7,09009562;0,04336860;0,00000000
7,09019962;0,04336860;0,00000000
7,09030362;0,00000000;0,00000000
7,09040762;0,00000000;0,00000000
7,09051162;0,04336860;0,00000000
7,09061562;0,00000000;0,00000000
7,09071962;0,00000000;0,00000000
7,09082362;0,00000000;0,00000000
7,09092762;0,00000000;0,00000000
7,09103162;0,00000000;0,00000000
7,09113562;0,04336860;0,00000000
7,09123962;0,04336860;0,00000000
7,09134362;0,00000000;0,00000000
7,09144762;0,00000000;0,00000000
7,09155162;0,00000000;0,00000000
7,09165562;0,00000000;0,00000000
7,09175962;0,00000000;0,00000000
7,09186362;0,00000000;0,00000000
7,09196762;0,00000000;0,00000000
7,09207162;0,00000000;0,00000000
7,09217562;0,00000000;0,00000000
7,09227962;0,00000000;0,00000000
7,09238362;0,04336860;0,00000000
7,09248762;0,04336860;-0,01734744
7,09259162;0,00000000;0,00000000
7,09269562;0,04336860;0,00000000
7,09279962;0,00000000;0,00000000
7,09290362;0,00000000;0,00000000
7,09300762;0,00000000;0,00000000
7,09311162;0,00000000;0,00000000
7,09321562;0,04336860;0,00000000
7,09331962;0,00000000;0,00000000
7,09342362;0,00000000;0,00000000
7,09352762;0,00000000;0,00000000
7,09363162;0,00000000;0,00000000
7,09373562;0,00000000;0,00000000
7,09383962;0,00000000;0,00000000
7,09394362;0,00000000;0,00000000
7,09404762;0,04336860;0,00000000
7,09415162;0,00000000;0,00000000
7,09425562;0,00000000;0,00000000
7,09435962;0,00000000;0,00000000
7,09446362;0,00000000;0,00000000
7,09456762;0,00000000;0,00000000
7,09467162;0,00000000;0,00000000
7,09477562;0,00000000;0,00000000
7,09487962;0,00000000;0,00000000
7,09498362;0,00000000;0,00000000
7,09508762;0,04336860;0,00000000
7,09519162;0,04336860;0,00000000
7,09529562;0,00000000;0,00000000
7,09539962;0,00000000;0,00000000
7,09550362;0,00000000;0,00000000
7,09560762;0,00000000;0,00000000
7,09571162;0,00000000;0,00000000
7,09581562;0,00000000;0,00000000
7,09591962;0,04336860;0,00000000
7,09602362;0,04336860;0,00000000
7,09612762;0,04336860;0,00000000
7,09623162;0,00000000;0,00000000
7,09633562;0,04336860;0,00000000
7,09643962;0,00000000;0,00000000
7,09654362;0,00000000;0,00000000
7,09664762;0,00000000;0,00000000
7,09675162;0,04336860;0,00000000
7,09685562;0,04336860;0,00000000
7,09695962;0,04336860;0,00000000
7,09706362;0,00000000;0,00000000
7,09716762;0,00000000;0,00000000
7,09727162;0,04336860;-0,01734744
7,09737562;0,00000000;0,00000000
7,09747962;0,00000000;0,00000000
7,09758362;0,00000000;0,00000000
7,09768762;0,00000000;0,00000000
7,09779162;0,04336860;0,00000000
7,09789562;0,00000000;0,00000000
7,09799962;0,00000000;0,00000000
7,09810362;0,00000000;0,00000000
7,09820762;0,00000000;0,00000000
7,09831162;0,04336860;0,00000000
7,09841562;0,00000000;0,00000000
7,09851962;0,00000000;0,00000000
7,09862362;0,00000000;0,00000000
7,09872762;0,00000000;0,00000000
7,09883162;0,04336860;0,00000000
7,09893562;0,00000000;0,00000000
7,09903962;0,00000000;0,00000000
7,09914362;0,04336860;0,00000000
7,09924762;0,00000000;0,00000000
7,09935162;0,00000000;0,00000000
7,09945562;0,00000000;0,00000000
7,09955962;0,00000000;0,00000000
7,09966362;0,00000000;0,00000000
7,09976762;0,00000000;0,00000000
7,09987162;0,00000000;0,00000000
7,09997562;0,00000000;0,00000000
7,10007962;0,00000000;0,00000000
7,10018362;0,00000000;0,00000000
7,10028762;0,00000000;0,00000000
7,10039162;0,00000000;0,00000000
7,10049562;0,00000000;0,00000000
7,10059962;0,04336860;0,00000000
7,10070362;0,00000000;0,00000000
7,10080762;0,04336860;0,00000000
7,10091162;0,00000000;0,00000000
7,10101562;0,04336860;0,00000000
7,10111962;0,04336860;0,00000000
7,10122362;0,00000000;0,00000000
7,10132762;0,00000000;0,00000000
7,10143162;0,00000000;0,00000000
7,10153562;0,00000000;0,00000000
7,10163962;0,04336860;0,00000000
7,10174362;0,00000000;0,00000000
7,10184762;0,04336860;0,00000000
7,10195162;0,00000000;0,00000000
7,10205562;0,04336860;0,00000000
7,10215962;0,00000000;0,00000000
7,10226362;0,00000000;0,00000000
7,10236762;0,00000000;0,00000000
7,10247162;0,04336860;0,00000000
7,10257562;0,00000000;0,00000000
7,10267962;0,00000000;0,00000000
7,10278362;0,00000000;0,00000000
7,10288762;0,00000000;0,00000000
7,10299162;0,00000000;-0,01734744
7,10309562;0,04336860;0,00000000
7,10319962;0,00000000;0,00000000
7,10330362;0,00000000;0,00000000
7,10340762;0,00000000;0,00000000
7,10351162;0,00000000;-0,01734744
7,10361562;0,00000000;0,00000000
7,10371962;0,00000000;0,00000000
7,10382362;0,00000000;0,00000000
7,10392762;0,00000000;0,00000000
7,10403162;0,04336860;0,00000000
7,10413562;0,00000000;0,00000000
7,10423962;0,00000000;0,00000000
7,10434362;0,04336860;0,00000000
7,10444762;0,00000000;0,00000000
7,10455162;0,00000000;0,00000000
7,10465562;0,00000000;0,00000000
7,10475962;0,00000000;0,00000000
7,10486362;0,00000000;0,00000000
7,10496762;0,00000000;0,00000000
7,10507162;0,00000000;0,00000000
7,10517562;0,00000000;0,00000000
7,10527962;0,00000000;0,00000000
7,10538362;0,00000000;0,00000000
7,10548762;0,00000000;0,00000000
7,10559162;0,00000000;-0,01734744
7,10569562;0,00000000;0,00000000
7,10579962;0,00000000;0,00000000
7,10590362;0,00000000;0,00000000
7,10600762;0,00000000;0,00000000
7,10611162;0,00000000;0,00000000
7,10621562;0,00000000;0,00000000
7,10631962;0,00000000;0,00000000
7,10642362;0,00000000;0,00000000
7,10652762;0,04336860;0,00000000
7,10663162;0,00000000;0,00000000
7,10673562;0,00000000;0,00000000
7,10683962;0,04336860;0,00000000
7,10694362;0,00000000;0,00000000
7,10704762;0,04336860;0,00000000
7,10715162;0,04336860;0,00000000
7,10725562;0,00000000;0,00000000
7,10735962;0,00000000;0,00000000
7,10746362;0,00000000;0,00000000
7,10756762;0,04336860;0,00000000
7,10767162;0,00000000;0,00000000
7,10777562;0,00000000;0,00000000
7,10787962;0,00000000;-0,01734744
7,10798362;0,00000000;0,00000000
7,10808762;0,00000000;0,00000000
7,10819162;0,00000000;0,00000000
7,10829562;0,00000000;0,00000000
7,10839962;0,04336860;0,00000000
7,10850362;0,00000000;0,00000000
7,10860762;0,00000000;0,00000000
7,10871162;0,00000000;0,00000000
7,10881562;0,00000000;0,00000000
7,10891962;0,04336860;0,00000000
7,10902362;0,00000000;0,00000000
7,10912762;0,04336860;0,00000000
7,10923162;0,04336860;0,00000000
7,10933562;0,00000000;0,00000000
7,10943962;0,00000000;0,00000000
7,10954362;0,00000000;-0,01734744
7,10964762;0,00000000;-0,01734744
7,10975162;0,00000000;0,00000000
7,10985562;0,00000000;0,00000000
7,10995962;0,00000000;0,00000000
7,11006362;0,04336860;0,00000000
7,11016762;0,00000000;0,00000000
7,11027162;0,00000000;0,00000000
7,11037562;0,00000000;0,00000000
7,11047962;0,00000000;0,00000000
7,11058362;0,00000000;0,00000000
7,11068762;0,00000000;0,00000000
7,11079162;0,00000000;0,00000000
7,11089562;0,04336860;0,00000000
7,11099962;0,00000000;0,00000000
7,11110362;0,00000000;0,00000000
7,11120762;0,04336860;0,00000000
7,11131162;0,00000000;0,00000000
7,11141562;0,00000000;0,00000000
7,11151962;0,00000000;0,00000000
7,11162362;0,00000000;0,00000000
7,11172762;0,00000000;0,00000000
7,11183162;0,00000000;0,00000000
7,11193562;0,00000000;0,00000000
7,11203962;0,00000000;0,00000000
7,11214362;0,00000000;0,00000000
7,11224762;0,00000000;0,00000000
7,11235162;0,00000000;0,00000000
7,11245562;0,00000000;0,00000000
7,11255962;0,04336860;0,00000000
7,11266362;0,00000000;0,00000000
7,11276762;0,00000000;0,00000000
7,11287162;0,04336860;0,00000000
7,11297562;0,00000000;0,00000000
7,11307962;0,00000000;0,00000000
7,11318362;0,04336860;0,00000000
7,11328762;0,00000000;0,00000000
7,11339162;0,00000000;0,00000000
7,11349562;0,04336860;0,00000000
7,11359962;0,04336860;0,00000000
7,11370362;0,04336860;0,00000000
7,11380762;0,00000000;0,00000000
7,11391162;0,00000000;0,00000000
7,11401562;0,00000000;0,00000000
7,11411962;0,04336860;0,00000000
7,11422362;0,04336860;0,00000000
7,11432762;0,00000000;0,00000000
7,11443162;0,00000000;0,00000000
7,11453562;0,00000000;0,00000000
7,11463962;0,00000000;0,00000000
7,11474362;0,00000000;0,00000000
7,11484762;0,04336860;0,00000000
7,11495162;0,00000000;0,00000000
7,11505562;0,00000000;0,00000000
7,11515962;0,00000000;0,00000000
7,11526362;0,04336860;0,00000000
7,11536762;0,00000000;0,00000000
7,11547162;0,00000000;0,00000000
7,11557562;0,00000000;0,00000000
7,11567962;0,00000000;0,00000000
7,11578362;0,04336860;0,00000000
7,11588762;0,00000000;0,00000000
7,11599162;0,00000000;0,00000000
7,11609562;0,00000000;0,00000000
7,11619962;0,04336860;0,00000000
7,11630362;0,04336860;0,00000000
7,11640762;0,00000000;0,00000000
7,11651162;0,00000000;0,00000000
7,11661562;0,00000000;0,00000000
7,11671962;0,00000000;0,00000000
7,11682362;0,00000000;0,00000000
7,11692762;0,00000000;0,00000000
7,11703162;0,00000000;0,00000000
7,11713562;0,00000000;0,00000000
7,11723962;0,04336860;0,00000000
7,11734362;0,04336860;0,00000000
7,11744762;0,00000000;0,00000000
7,11755162;0,00000000;0,00000000
7,11765562;0,00000000;0,00000000
7,11775962;0,04336860;0,00000000
7,11786362;0,00000000;0,00000000
7,11796762;0,04336860;-0,01734744
7,11807162;0,00000000;0,00000000
7,11817562;0,00000000;0,00000000
7,11827962;0,00000000;0,00000000
7,11838362;0,00000000;0,00000000
7,11848762;0,00000000;0,00000000
7,11859162;0,00000000;0,00000000
7,11869562;0,00000000;0,00000000
7,11879962;0,00000000;0,00000000
7,11890362;0,00000000;0,00000000
7,11900762;0,04336860;0,00000000
7,11911162;0,04336860;0,00000000
7,11921562;0,00000000;0,00000000
7,11931962;0,04336860;0,00000000
7,11942362;0,00000000;0,00000000
7,11952762;0,00000000;0,00000000
7,11963162;0,00000000;-0,01734744
7,11973562;0,00000000;0,00000000
7,11983962;0,00000000;0,00000000
7,11994362;0,00000000;0,00000000
7,12004762;0,00000000;0,00000000
7,12015162;0,00000000;0,00000000
7,12025562;0,00000000;0,00000000
7,12035962;0,00000000;0,00000000
7,12046362;0,00000000;0,00000000
7,12056762;0,00000000;0,00000000
7,12067162;0,00000000;0,00000000
7,12077562;0,00000000;0,00000000
7,12087962;0,04336860;0,00000000
7,12098362;0,00000000;0,00000000
7,12108762;0,04336860;0,00000000
7,12119162;0,00000000;0,00000000
7,12129562;0,00000000;0,00000000
7,12139962;0,00000000;0,00000000
7,12150362;0,04336860;0,00000000
7,12160762;0,00000000;0,00000000
7,12171162;0,00000000;0,00000000
7,12181562;0,00000000;-0,01734744
7,12191962;0,00000000;0,00000000
7,12202362;0,00000000;0,00000000
7,12212762;0,04336860;0,00000000
7,12223162;0,00000000;0,00000000
7,12233562;0,04336860;0,00000000
7,12243962;0,00000000;0,00000000
7,12254362;0,04336860;-0,01734744
7,12264762;0,00000000;0,00000000
7,12275162;0,04336860;0,00000000
7,12285562;0,00000000;0,00000000
7,12295962;0,00000000;0,00000000
7,12306362;0,00000000;0,00000000
7,12316762;0,04336860;0,00000000
7,12327162;0,00000000;0,00000000
7,12337562;0,00000000;0,00000000
7,12347962;0,00000000;0,00000000
7,12358362;0,00000000;0,00000000
7,12368762;0,00000000;0,00000000
7,12379162;0,04336860;0,00000000
7,12389562;0,00000000;0,00000000
7,12399962;0,04336860;0,00000000
7,12410362;0,00000000;0,00000000
7,12420762;0,00000000;0,00000000
7,12431162;0,00000000;0,00000000
7,12441562;0,00000000;0,00000000
7,12451962;0,00000000;0,00000000
7,12462362;0,00000000;0,00000000
7,12472762;0,00000000;0,00000000
7,12483162;0,00000000;0,00000000
7,12493562;0,04336860;0,00000000
7,12503962;0,04336860;0,00000000
7,12514362;0,00000000;0,00000000
7,12524762;0,04336860;-0,01734744
7,12535162;0,00000000;0,00000000
7,12545562;0,00000000;0,00000000
7,12555962;0,00000000;0,00000000
7,12566362;0,00000000;0,00000000
7,12576762;0,00000000;0,00000000
7,12587162;0,00000000;0,00000000
7,12597562;0,00000000;0,00000000
7,12607962;0,00000000;-0,01734744
7,12618362;0,00000000;0,00000000
7,12628762;0,04336860;0,00000000
7,12639162;0,00000000;0,00000000
7,12649562;0,00000000;0,00000000
7,12659962;0,00000000;-0,01734744
7,12670362;0,00000000;0,00000000
7,12680762;0,00000000;0,00000000
7,12691162;0,04336860;0,00000000
7,12701562;0,00000000;0,00000000
7,12711962;0,00000000;0,00000000
7,12722362;0,04336860;0,00000000
7,12732762;0,04336860;0,00000000
7,12743162;0,00000000;0,00000000
7,12753562;0,00000000;0,00000000
7,12763962;0,00000000;0,00000000
7,12774362;0,04336860;0,00000000
7,12784762;0,00000000;0,00000000
7,12795162;0,04336860;0,00000000
7,12805562;0,04336860;0,00000000
7,12815962;0,00000000;0,00000000
7,12826362;0,04336860;0,00000000
7,12836762;0,00000000;0,00000000
7,12847162;0,00000000;0,00000000
7,12857562;0,00000000;0,00000000
7,12867962;0,00000000;0,00000000
7,12878362;0,00000000;0,00000000
7,12888762;0,04336860;0,00000000
7,12899162;0,00000000;0,00000000
7,12909562;0,00000000;0,00000000
7,12919962;0,04336860;0,00000000
7,12930362;0,00000000;0,00000000
7,12940762;0,00000000;0,00000000
7,12951162;0,00000000;0,00000000
7,12961562;0,04336860;0,00000000
7,12971962;0,00000000;0,00000000
7,12982362;0,04336860;0,00000000
7,12992762;0,00000000;0,00000000
7,13003162;0,00000000;0,00000000
7,13013562;0,00000000;0,00000000
7,13023962;0,00000000;0,00000000
7,13034362;0,00000000;0,00000000
7,13044762;0,00000000;0,00000000
7,13055162;0,00000000;0,00000000
7,13065562;0,00000000;0,00000000
7,13075962;0,04336860;0,00000000
7,13086362;0,00000000;0,00000000
7,13096762;0,00000000;0,00000000
7,13107162;0,00000000;0,00000000
7,13117562;0,00000000;0,00000000
7,13127962;0,00000000;0,00000000
7,13138362;0,00000000;0,00000000
7,13148762;0,00000000;0,00000000
7,13159162;0,00000000;0,00000000
7,13169562;0,00000000;0,00000000
7,13179962;0,00000000;-0,01734744
7,13190362;0,00000000;0,00000000
7,13200762;0,00000000;-0,01734744
7,13211162;0,00000000;0,00000000
7,13221562;0,00000000;-0,01734744
7,13231962;0,00000000;0,00000000
7,13242362;0,04336860;0,00000000
7,13252762;0,00000000;0,00000000
7,13263162;0,00000000;0,00000000
7,13273562;0,00000000;0,00000000
7,13283962;0,00000000;0,00000000
7,13294362;0,00000000;0,00000000
7,13304762;0,00000000;0,00000000
7,13315162;0,04336860;0,00000000
7,13325562;0,00000000;0,00000000
7,13335962;0,00000000;0,00000000
7,13346362;0,00000000;0,00000000
7,13356762;0,04336860;0,00000000
7,13367162;0,04336860;0,00000000
7,13377562;0,04336860;0,00000000
7,13387962;0,04336860;0,00000000
7,13398362;0,04336860;0,00000000
7,13408762;0,00000000;0,00000000
7,13419162;0,00000000;0,00000000
7,13429562;0,00000000;0,00000000
7,13439962;0,00000000;0,00000000
7,13450362;0,04336860;0,00000000
7,13460762;0,04336860;0,00000000
7,13471162;0,00000000;0,00000000
7,13481562;0,00000000;0,00000000
7,13491962;0,00000000;-0,01734744
7,13502362;0,04336860;0,00000000
7,13512762;0,04336860;0,00000000
7,13523162;0,04336860;0,00000000
7,13533562;0,00000000;0,00000000
7,13543962;0,00000000;0,00000000
7,13554362;0,04336860;0,00000000
7,13564762;0,04336860;0,00000000
7,13575162;0,00000000;0,00000000
7,13585562;0,04336860;0,00000000
7,13595962;0,04336860;0,00000000
7,13606362;0,00000000;0,00000000
7,13616762;0,00000000;0,00000000
7,13627162;0,04336860;0,00000000
7,13637562;0,04336860;0,00000000
7,13647962;0,00000000;0,00000000
7,13658362;0,04336860;0,00000000
7,13668762;0,04336860;0,00000000
7,13679162;0,00000000;0,00000000
7,13689562;0,00000000;0,00000000
7,13699962;0,04336860;0,00000000
7,13710362;0,04336860;0,00000000
7,13720762;0,04336860;0,00000000
7,13731162;0,00000000;0,00000000
7,13741562;0,04336860;0,00000000
7,13751962;0,04336860;0,00000000
7,13762362;0,00000000;0,00000000
7,13772762;0,04336860;0,00000000
7,13783162;0,04336860;0,00000000
7,13793562;0,00000000;0,00000000
7,13803962;0,00000000;0,00000000
7,13814362;0,00000000;0,00000000
7,13824762;0,00000000;0,00000000
7,13835162;0,00000000;0,00000000
7,13845562;0,00000000;0,00000000
7,13855962;0,00000000;0,00000000
7,13866362;0,00000000;0,00000000
7,13876762;0,00000000;0,00000000
7,13887162;0,00000000;0,00000000
7,13897562;0,00000000;0,00000000
7,13907962;0,00000000;0,00000000
7,13918362;0,00000000;0,00000000
7,13928762;0,00000000;-0,01734744
7,13939162;0,04336860;0,00000000
7,13949562;0,04336860;0,00000000
7,13959962;0,04336860;0,00000000
7,13970362;0,00000000;0,00000000
7,13980762;0,04336860;0,00000000
7,13991162;0,00000000;0,00000000
7,14001562;0,04336860;0,00000000
7,14011962;0,00000000;0,00000000
7,14022362;0,00000000;0,00000000
7,14032762;0,00000000;0,00000000
7,14043162;0,00000000;0,00000000
7,14053562;0,00000000;0,00000000
7,14063962;0,00000000;0,00000000
7,14074362;0,00000000;0,00000000
7,14084762;0,00000000;0,00000000
7,14095162;0,00000000;0,00000000
7,14105562;0,00000000;0,00000000
7,14115962;0,00000000;0,00000000
7,14126362;0,00000000;0,00000000
7,14136762;0,00000000;0,00000000
7,14147162;0,00000000;0,00000000
7,14157562;0,04336860;0,00000000
7,14167962;0,04336860;0,00000000
7,14178362;0,00000000;0,00000000
7,14188762;0,00000000;0,00000000
7,14199162;0,00000000;0,00000000
7,14209562;0,00000000;0,00000000
7,14219962;0,00000000;0,00000000
7,14230362;0,00000000;0,00000000
7,14240762;0,00000000;0,00000000
7,14251162;0,00000000;0,00000000
7,14261561;0,00000000;0,00000000
7,14271961;0,04336860;0,00000000
7,14282361;0,00000000;0,00000000
7,14292761;0,00000000;0,00000000
7,14303161;0,00000000;0,00000000
7,14313561;0,00000000;0,00000000
7,14323961;0,04336860;0,00000000
7,14334361;0,04336860;0,00000000
7,14344761;0,04336860;0,00000000
7,14355161;0,00000000;0,00000000
7,14365561;0,00000000;0,00000000
7,14375961;0,00000000;0,00000000
7,14386361;0,04336860;0,00000000
7,14396761;0,00000000;0,00000000
7,14407161;0,00000000;0,00000000
7,14417561;0,00000000;0,00000000
7,14427961;0,00000000;-0,01734744
7,14438361;0,04336860;0,00000000
7,14448761;0,04336860;0,00000000
7,14459161;0,04336860;0,00000000
7,14469561;0,00000000;-0,01734744
7,14479961;0,04336860;0,00000000
7,14490361;0,00000000;0,00000000
7,14500761;0,00000000;0,00000000
7,14511161;0,00000000;0,00000000
7,14521561;0,00000000;0,00000000
7,14531961;0,00000000;0,00000000
7,14542361;0,04336860;0,00000000
7,14552761;0,04336860;0,00000000
7,14563161;0,00000000;0,00000000
7,14573561;0,00000000;0,00000000
7,14583961;0,00000000;0,00000000
7,14594361;0,00000000;0,00000000
7,14604761;0,04336860;0,00000000
7,14615161;0,00000000;0,00000000
7,14625561;0,04336860;0,00000000
7,14635961;0,00000000;0,00000000
7,14646361;0,04336860;0,00000000
7,14656761;0,00000000;0,00000000
7,14667161;0,00000000;0,00000000
7,14677561;0,00000000;0,00000000
7,14687961;0,00000000;0,00000000
7,14698361;0,00000000;-0,01734744
7,14708761;0,00000000;0,00000000
7,14719161;0,00000000;0,00000000
7,14729561;0,00000000;0,00000000
7,14739961;0,00000000;0,00000000
7,14750361;0,04336860;0,00000000
7,14760761;0,00000000;0,00000000
7,14771161;0,00000000;0,00000000
7,14781561;0,00000000;0,00000000
7,14791961;0,00000000;0,00000000
7,14802361;0,04336860;0,00000000
7,14812761;0,04336860;0,00000000
7,14823161;0,00000000;0,00000000
7,14833561;0,00000000;0,00000000
7,14843961;0,04336860;0,00000000
7,14854361;0,04336860;0,00000000
7,14864761;0,00000000;0,00000000
7,14875161;0,00000000;0,00000000
7,14885561;0,00000000;0,00000000
7,14895961;0,00000000;0,00000000
7,14906361;0,00000000;0,00000000
7,14916761;0,04336860;0,00000000
7,14927161;0,00000000;0,00000000
7,14937561;0,00000000;0,00000000
7,14947961;0,00000000;0,00000000
7,14958361;0,04336860;0,00000000
7,14968761;0,04336860;0,00000000
7,14979161;0,00000000;0,00000000
7,14989561;0,00000000;0,00000000
7,14999961;0,00000000;0,00000000
7,15010361;0,00000000;0,00000000
7,15020761;0,04336860;0,00000000
7,15031161;0,00000000;0,00000000
7,15041561;0,00000000;0,00000000
7,15051961;0,00000000;0,00000000
7,15062361;0,00000000;0,00000000
7,15072761;0,04336860;0,00000000
7,15083161;0,04336860;0,00000000
7,15093561;0,00000000;0,00000000
7,15103961;0,00000000;0,00000000
7,15114361;0,00000000;0,00000000
7,15124761;0,04336860;0,00000000
7,15135161;0,00000000;0,00000000
7,15145561;0,04336860;0,00000000
7,15155961;0,00000000;0,00000000
7,15166361;0,00000000;0,00000000
7,15176761;0,00000000;0,00000000
7,15187161;0,00000000;0,00000000
7,15197561;0,04336860;0,00000000
7,15207961;0,00000000;0,00000000
7,15218361;0,00000000;0,00000000
7,15228761;0,04336860;0,00000000
7,15239161;0,00000000;0,00000000
7,15249561;0,04336860;0,00000000
7,15259961;0,00000000;0,00000000
7,15270361;0,00000000;0,00000000
7,15280761;0,04336860;0,00000000
7,15291161;0,00000000;0,00000000
7,15301561;0,00000000;0,00000000
7,15311961;0,00000000;0,00000000
7,15322361;0,00000000;0,00000000
7,15332761;0,00000000;0,00000000
7,15343161;0,00000000;0,00000000
7,15353561;0,00000000;0,00000000
7,15363961;0,04336860;0,00000000
7,15374361;0,00000000;0,00000000
7,15384761;0,04336860;0,00000000
7,15395161;0,04336860;0,00000000
7,15405561;0,00000000;0,00000000
7,15415961;0,00000000;0,00000000
7,15426361;0,00000000;0,00000000
7,15436761;0,04336860;0,00000000
7,15447161;0,00000000;0,00000000
7,15457561;0,00000000;0,00000000
7,15467961;0,00000000;0,00000000
7,15478361;0,00000000;0,00000000
7,15488761;0,00000000;0,00000000
7,15499161;0,00000000;0,00000000
7,15509561;0,00000000;0,00000000
7,15519961;0,00000000;0,00000000
7,15530361;0,04336860;0,00000000
7,15540761;0,00000000;0,00000000
7,15551161;0,00000000;0,00000000
7,15561561;0,00000000;0,00000000
7,15571961;0,00000000;0,00000000
7,15582361;0,00000000;0,00000000
7,15592761;0,00000000;0,00000000
7,15603161;0,00000000;0,00000000
7,15613561;0,00000000;0,00000000
7,15623961;0,00000000;0,00000000
7,15634361;0,00000000;0,00000000
7,15644761;0,00000000;0,00000000
7,15655161;0,00000000;0,00000000
7,15665561;0,04336860;0,00000000
7,15675961;0,00000000;0,00000000
7,15686361;0,00000000;0,00000000
7,15696761;0,04336860;0,00000000
7,15707161;0,00000000;0,00000000
7,15717561;0,00000000;0,00000000
7,15727961;0,04336860;0,00000000
7,15738361;0,00000000;0,00000000
7,15748761;0,04336860;0,00000000
7,15759161;0,04336860;0,00000000
7,15769561;0,00000000;0,00000000
7,15779961;0,00000000;0,00000000
7,15790361;0,00000000;0,00000000
7,15800761;0,00000000;0,00000000
7,15811161;0,04336860;0,00000000
7,15821561;0,00000000;0,00000000
7,15831961;0,00000000;0,00000000
7,15842361;0,04336860;0,00000000
7,15852761;0,04336860;0,00000000
7,15863161;0,00000000;0,00000000
7,15873561;0,00000000;0,00000000
7,15883961;0,00000000;0,00000000
7,15894361;0,04336860;0,00000000
7,15904761;0,04336860;0,00000000
7,15915161;0,00000000;0,00000000
7,15925561;0,00000000;0,00000000
7,15935961;0,00000000;0,00000000
7,15946361;0,04336860;0,00000000
7,15956761;0,00000000;0,00000000
7,15967161;0,00000000;0,00000000
7,15977561;0,04336860;0,00000000
7,15987961;0,04336860;-0,01734744
7,15998361;0,04336860;0,00000000
7,16008761;0,00000000;0,00000000
7,16019161;0,04336860;0,00000000
7,16029561;0,00000000;0,00000000
7,16039961;0,00000000;0,00000000
7,16050361;0,00000000;0,00000000
7,16060761;0,04336860;0,00000000
7,16071161;0,00000000;0,00000000
7,16081561;0,00000000;0,00000000
7,16091961;0,00000000;0,00000000
7,16102361;0,00000000;0,00000000
7,16112761;0,00000000;0,00000000
7,16123161;0,00000000;0,00000000
7,16133561;0,04336860;0,00000000
7,16143961;0,00000000;0,00000000
7,16154361;0,00000000;-0,01734744
7,16164761;0,00000000;0,00000000
7,16175161;0,00000000;0,00000000
7,16185561;0,00000000;0,00000000
7,16195961;0,00000000;0,00000000
7,16206361;0,04336860;0,00000000
7,16216761;0,04336860;-0,01734744
7,16227161;0,04336860;0,00000000
7,16237561;0,04336860;0,00000000
7,16247961;0,00000000;0,00000000
7,16258361;0,00000000;0,00000000
7,16268761;0,04336860;0,00000000
7,16279161;0,00000000;0,00000000
7,16289561;0,04336860;0,00000000
7,16299961;0,00000000;0,00000000
7,16310361;0,00000000;0,00000000
7,16320761;0,00000000;0,00000000
7,16331161;0,04336860;0,00000000
7,16341561;0,04336860;0,00000000
7,16351961;0,04336860;0,00000000
7,16362361;0,00000000;0,00000000
7,16372761;0,00000000;0,00000000
7,16383161;0,00000000;0,00000000
7,16393561;0,00000000;0,00000000
7,16403961;0,04336860;0,00000000
7,16414361;0,00000000;0,00000000
7,16424761;0,04336860;0,00000000
7,16435161;0,00000000;0,00000000
7,16445561;0,00000000;0,00000000
7,16455961;0,00000000;0,00000000
7,16466361;0,00000000;0,00000000
7,16476761;0,00000000;0,00000000
7,16487161;0,00000000;0,00000000
7,16497561;0,00000000;0,00000000
7,16507961;0,00000000;0,00000000
7,16518361;0,00000000;0,00000000
7,16528761;0,00000000;0,00000000
7,16539161;0,00000000;0,00000000
7,16549561;0,04336860;0,00000000
7,16559961;0,00000000;0,00000000
7,16570361;0,00000000;0,00000000
7,16580761;0,04336860;0,00000000
7,16591161;0,00000000;0,00000000
7,16601561;0,04336860;0,00000000
7,16611961;0,04336860;0,00000000
7,16622361;0,00000000;0,00000000
7,16632761;0,00000000;0,00000000
7,16643161;0,00000000;0,00000000
7,16653561;0,00000000;0,00000000
7,16663961;0,04336860;0,00000000
7,16674361;0,00000000;0,00000000
7,16684761;0,00000000;0,00000000
7,16695161;0,04336860;0,00000000
7,16705561;0,00000000;0,00000000
7,16715961;0,04336860;0,00000000
7,16726361;0,00000000;0,00000000
7,16736761;0,00000000;0,00000000
7,16747161;0,04336860;0,00000000
7,16757561;0,00000000;0,00000000
7,16767961;0,00000000;0,00000000
7,16778361;0,00000000;0,00000000
7,16788761;0,00000000;0,00000000
7,16799161;0,00000000;0,00000000
7,16809561;0,00000000;0,00000000
7,16819961;0,00000000;0,00000000
7,16830361;0,00000000;0,00000000
7,16840761;0,00000000;0,00000000
7,16851161;0,04336860;0,00000000
7,16861561;0,00000000;0,00000000
7,16871961;0,00000000;0,00000000
7,16882361;0,00000000;0,00000000
7,16892761;0,04336860;0,00000000
7,16903161;0,04336860;0,00000000
7,16913561;0,00000000;0,00000000
7,16923961;0,04336860;0,00000000
7,16934361;0,04336860;0,00000000
7,16944761;0,00000000;-0,01734744
7,16955161;0,00000000;0,00000000
7,16965561;0,00000000;0,00000000
7,16975961;0,00000000;0,00000000
7,16986361;0,00000000;-0,01734744
7,16996761;0,00000000;0,00000000
7,17007161;0,00000000;0,00000000
7,17017561;0,00000000;0,00000000
7,17027961;0,04336860;0,00000000
7,17038361;0,00000000;0,00000000
7,17048761;0,00000000;0,00000000
7,17059161;0,04336860;0,00000000
7,17069561;0,00000000;0,00000000
7,17079961;0,00000000;0,00000000
7,17090361;0,00000000;0,00000000
7,17100761;0,00000000;0,00000000
7,17111161;0,04336860;0,00000000
7,17121561;0,00000000;0,00000000
7,17131961;0,00000000;0,00000000
7,17142361;0,00000000;0,00000000
7,17152761;0,00000000;0,00000000
7,17163161;0,04336860;0,00000000
7,17173561;0,00000000;0,00000000
7,17183961;0,00000000;0,00000000
7,17194361;0,00000000;0,00000000
7,17204761;0,00000000;0,00000000
7,17215161;0,00000000;0,00000000
7,17225561;0,00000000;0,00000000
7,17235961;0,00000000;0,00000000
7,17246361;0,04336860;0,00000000
7,17256761;0,00000000;0,00000000
7,17267161;0,04336860;0,00000000
7,17277561;0,00000000;0,00000000
7,17287961;0,00000000;0,00000000
7,17298361;0,00000000;0,00000000
7,17308761;0,04336860;0,00000000
7,17319161;0,00000000;0,00000000
7,17329561;0,04336860;-0,01734744
7,17339961;0,00000000;0,00000000
7,17350361;0,00000000;0,00000000
7,17360761;0,04336860;0,00000000
7,17371161;0,04336860;0,00000000
7,17381561;0,04336860;0,00000000
7,17391961;0,04336860;0,00000000
7,17402361;0,00000000;0,00000000
7,17412761;0,00000000;0,00000000
7,17423161;0,00000000;0,00000000
7,17433561;0,00000000;0,00000000
7,17443961;0,00000000;0,00000000
7,17454361;0,04336860;0,00000000
7,17464761;0,00000000;0,00000000
7,17475161;0,04336860;0,00000000
7,17485561;0,00000000;0,00000000
7,17495961;0,00000000;0,00000000
7,17506361;0,00000000;0,00000000
7,17516761;0,00000000;0,00000000
7,17527161;0,00000000;0,00000000
7,17537561;0,00000000;-0,01734744
7,17547961;0,00000000;0,00000000
7,17558361;0,00000000;0,00000000
7,17568761;0,04336860;0,00000000
7,17579161;0,00000000;0,00000000
7,17589561;0,04336860;0,00000000
7,17599961;0,00000000;0,00000000
7,17610361;0,00000000;0,00000000
7,17620761;0,00000000;0,00000000
7,17631161;0,00000000;0,00000000
7,17641561;0,00000000;0,00000000
7,17651961;0,00000000;0,00000000
7,17662361;0,00000000;0,00000000
7,17672761;0,00000000;0,00000000
7,17683161;0,00000000;0,00000000
7,17693561;0,04336860;0,00000000
7,17703961;0,04336860;0,00000000
7,17714361;0,04336860;0,00000000
7,17724761;0,00000000;0,00000000
7,17735161;0,00000000;0,00000000
7,17745561;0,00000000;0,00000000
7,17755961;0,00000000;0,00000000
7,17766361;0,00000000;0,00000000
7,17776761;0,04336860;0,00000000
7,17787161;0,04336860;0,00000000
7,17797561;0,04336860;0,00000000
7,17807961;0,04336860;0,00000000
7,17818361;0,00000000;0,00000000
7,17828761;0,00000000;0,00000000
7,17839161;0,00000000;0,00000000
7,17849561;0,00000000;0,00000000
7,17859961;0,04336860;0,00000000
7,17870361;0,00000000;0,00000000
7,17880761;0,04336860;0,00000000
7,17891161;0,00000000;0,00000000
7,17901561;0,04336860;0,00000000
7,17911961;0,00000000;0,00000000
7,17922361;0,00000000;0,00000000
7,17932761;0,04336860;0,00000000
7,17943161;0,00000000;0,00000000
7,17953561;0,04336860;0,00000000
7,17963961;0,04336860;0,00000000
7,17974361;0,00000000;0,00000000
7,17984761;0,04336860;0,00000000
7,17995161;0,00000000;0,00000000
7,18005561;0,00000000;0,00000000
7,18015961;0,00000000;0,00000000
7,18026361;0,00000000;0,00000000
7,18036761;0,04336860;0,00000000
7,18047161;0,00000000;0,00000000
7,18057561;0,00000000;0,00000000
7,18067961;0,00000000;0,00000000
7,18078361;0,00000000;0,00000000
7,18088761;0,00000000;0,00000000
7,18099161;0,00000000;0,00000000
7,18109561;0,00000000;0,00000000
7,18119961;0,00000000;0,00000000
7,18130361;0,04336860;0,00000000
7,18140761;0,00000000;0,00000000
7,18151161;0,00000000;0,00000000
7,18161561;0,00000000;0,00000000
7,18171961;0,00000000;0,00000000
7,18182361;0,00000000;0,00000000
7,18192761;0,04336860;0,00000000
7,18203161;0,00000000;0,00000000
7,18213561;0,00000000;0,00000000
7,18223961;0,04336860;0,00000000
7,18234361;0,00000000;0,00000000
7,18244761;0,00000000;0,00000000
7,18255161;0,04336860;0,00000000
7,18265561;0,00000000;0,00000000
7,18275961;0,00000000;-0,01734744
7,18286361;0,04336860;0,00000000
7,18296761;0,00000000;0,00000000
7,18307161;0,04336860;0,00000000
7,18317561;0,00000000;0,00000000
7,18327961;0,04336860;0,00000000
7,18338361;0,00000000;0,00000000
7,18348761;0,00000000;0,00000000
7,18359161;0,00000000;0,00000000
7,18369561;0,00000000;0,00000000
7,18379961;0,00000000;0,00000000
7,18390361;0,04336860;0,00000000
7,18400761;0,04336860;0,00000000
7,18411161;0,04336860;0,00000000
7,18421561;0,00000000;0,00000000
7,18431961;0,00000000;0,00000000
7,18442361;0,04336860;0,00000000
7,18452761;0,04336860;0,00000000
7,18463161;0,00000000;0,00000000
7,18473561;0,00000000;0,00000000
7,18483961;0,00000000;0,00000000
7,18494361;0,00000000;0,00000000
7,18504761;0,00000000;0,00000000
7,18515161;0,00000000;0,00000000
7,18525561;0,00000000;0,00000000
7,18535961;0,00000000;0,00000000
7,18546361;0,04336860;0,00000000
7,18556761;0,04336860;0,00000000
7,18567161;0,00000000;0,00000000
7,18577561;0,00000000;0,00000000
7,18587961;0,04336860;0,00000000
7,18598361;0,00000000;0,00000000
7,18608761;0,00000000;0,00000000
7,18619161;0,00000000;0,00000000
7,18629561;0,00000000;0,00000000
7,18639961;0,00000000;0,00000000
7,18650361;0,00000000;0,00000000
7,18660761;0,00000000;0,00000000
7,18671161;0,00000000;0,00000000
7,18681561;0,04336860;0,00000000
7,18691961;0,00000000;0,00000000
7,18702361;0,00000000;0,00000000
7,18712761;0,00000000;0,00000000
7,18723161;0,04336860;0,00000000
7,18733561;0,00000000;0,00000000
7,18743961;0,00000000;0,00000000
7,18754361;0,00000000;0,00000000
7,18764761;0,00000000;0,00000000
7,18775161;0,04336860;0,00000000
7,18785561;0,00000000;0,00000000
7,18795961;0,00000000;0,00000000
7,18806361;0,00000000;0,00000000
7,18816761;0,00000000;0,00000000
7,18827161;0,00000000;0,00000000
7,18837561;0,00000000;0,00000000
7,18847961;0,00000000;0,00000000
7,18858361;0,04336860;0,00000000
7,18868761;0,04336860;0,00000000
7,18879161;0,04336860;0,00000000
7,18889561;0,04336860;0,00000000
7,18899961;0,00000000;0,00000000
7,18910361;0,00000000;0,00000000
7,18920761;0,00000000;0,00000000
7,18931161;0,00000000;0,00000000
7,18941561;0,00000000;0,00000000
7,18951961;0,04336860;0,00000000
7,18962361;0,00000000;0,00000000
7,18972761;0,04336860;0,00000000
7,18983161;0,04336860;0,00000000
7,18993561;0,00000000;0,00000000
7,19003961;0,00000000;0,00000000
7,19014361;0,00000000;0,00000000
7,19024761;0,00000000;0,00000000
7,19035161;0,00000000;0,00000000
7,19045561;0,00000000;0,00000000
7,19055961;0,00000000;0,00000000
7,19066361;0,00000000;0,00000000
7,19076761;0,00000000;0,00000000
7,19087161;0,00000000;0,00000000
7,19097561;0,00000000;0,00000000
7,19107961;0,00000000;0,00000000
7,19118361;0,00000000;0,00000000
7,19128761;0,00000000;-0,01734744
7,19139161;0,00000000;0,00000000
7,19149561;0,00000000;0,00000000
7,19159961;0,00000000;0,00000000
7,19170361;0,04336860;0,00000000
7,19180761;0,00000000;0,00000000
7,19191161;0,00000000;0,00000000
7,19201561;0,00000000;0,00000000
7,19211961;0,00000000;0,00000000
7,19222361;0,00000000;0,00000000
7,19232761;0,00000000;0,00000000
7,19243161;0,04336860;0,00000000
7,19253561;0,00000000;0,00000000
7,19263961;0,00000000;0,00000000
7,19274361;0,04336860;0,00000000
7,19284761;0,04336860;0,00000000
7,19295161;0,04336860;0,00000000
7,19305561;0,00000000;0,00000000
7,19315961;0,04336860;0,00000000
7,19326361;0,00000000;0,00000000
7,19336761;0,00000000;0,00000000
7,19347161;0,00000000;0,00000000
7,19357561;0,04336860;0,00000000
7,19367961;0,00000000;0,00000000
7,19378361;0,04336860;0,00000000
7,19388761;0,00000000;0,00000000
7,19399161;0,04336860;0,00000000
7,19409561;0,00000000;0,00000000
7,19419961;0,00000000;0,00000000
7,19430361;0,04336860;0,00000000
7,19440761;0,00000000;0,00000000
7,19451161;0,00000000;0,00000000
7,19461561;0,04336860;0,00000000
7,19471961;0,00000000;0,00000000
7,19482361;0,04336860;0,00000000
7,19492761;0,00000000;0,00000000
7,19503161;0,04336860;0,00000000
7,19513561;0,00000000;0,00000000
7,19523961;0,00000000;0,00000000
7,19534361;0,00000000;0,00000000
7,19544761;0,00000000;0,00000000
7,19555161;0,04336860;0,00000000
7,19565561;0,00000000;-0,01734744
7,19575961;0,00000000;0,00000000
7,19586361;0,00000000;0,00000000
7,19596761;0,00000000;0,00000000
7,19607161;0,00000000;0,00000000
7,19617561;0,00000000;0,00000000
7,19627961;0,00000000;0,00000000
7,19638361;0,04336860;0,00000000
7,19648761;0,00000000;0,00000000
7,19659161;0,04336860;0,00000000
7,19669561;0,00000000;0,00000000
7,19679961;0,04336860;0,00000000
7,19690361;0,00000000;0,00000000
7,19700761;0,04336860;0,00000000
7,19711161;0,00000000;0,00000000
7,19721561;0,00000000;0,00000000
7,19731961;0,00000000;0,00000000
7,19742361;0,00000000;0,00000000
7,19752761;0,00000000;0,00000000
7,19763161;0,04336860;0,00000000
7,19773561;0,04336860;0,00000000
7,19783961;0,00000000;0,00000000
7,19794361;0,04336860;0,00000000
7,19804761;0,00000000;0,00000000
7,19815161;0,00000000;-0,01734744
7,19825561;0,04336860;0,00000000
7,19835961;0,00000000;0,00000000
7,19846361;0,00000000;0,00000000
7,19856761;0,00000000;0,00000000
7,19867161;0,00000000;0,00000000
7,19877561;0,00000000;0,00000000
7,19887961;0,00000000;0,00000000
7,19898361;0,00000000;0,00000000
7,19908761;0,00000000;0,00000000
7,19919161;0,04336860;0,00000000
7,19929561;0,00000000;0,00000000
7,19939961;0,00000000;0,00000000
7,19950361;0,00000000;0,00000000
7,19960761;0,00000000;0,00000000
7,19971161;0,00000000;0,00000000
7,19981561;0,00000000;0,00000000
7,19991961;0,00000000;0,00000000
7,20002361;0,00000000;0,00000000
7,20012761;0,04336860;0,00000000
7,20023161;0,00000000;0,00000000
7,20033561;0,00000000;0,00000000
7,20043961;0,00000000;0,00000000
7,20054361;0,00000000;0,00000000
7,20064761;0,04336860;0,00000000
7,20075161;0,00000000;0,00000000
7,20085561;0,00000000;0,00000000
7,20095961;0,04336860;0,00000000
7,20106361;0,00000000;0,00000000
7,20116761;0,00000000;0,00000000
7,20127161;0,04336860;0,00000000
7,20137561;0,00000000;0,00000000
7,20147961;0,04336860;0,00000000
7,20158361;0,00000000;0,00000000
7,20168761;0,00000000;0,00000000
7,20179161;0,00000000;0,00000000
7,20189561;0,00000000;0,00000000
7,20199961;0,00000000;0,00000000
7,20210361;0,00000000;0,00000000
7,20220761;0,00000000;0,00000000
7,20231161;0,04336860;0,00000000
7,20241561;0,00000000;0,00000000
7,20251961;0,00000000;0,00000000
7,20262361;0,00000000;0,00000000
7,20272761;0,00000000;0,00000000
7,20283161;0,00000000;0,00000000
7,20293561;0,00000000;0,00000000
7,20303961;0,00000000;0,00000000
7,20314361;0,00000000;0,00000000
7,20324761;0,00000000;0,00000000
7,20335161;0,00000000;0,00000000
7,20345561;0,00000000;0,00000000
7,20355961;0,04336860;-0,01734744
7,20366361;0,04336860;0,00000000
7,20376761;0,00000000;-0,01734744
7,20387161;0,00000000;0,00000000
7,20397561;0,04336860;0,00000000
7,20407961;0,00000000;0,00000000
7,20418361;0,00000000;0,00000000
7,20428761;0,04336860;0,00000000
7,20439161;0,00000000;0,00000000
7,20449561;0,00000000;0,00000000
7,20459961;0,00000000;0,00000000
7,20470361;0,00000000;0,00000000
7,20480761;0,00000000;0,00000000
7,20491161;0,00000000;0,00000000
7,20501561;0,00000000;0,00000000
7,20511961;0,04336860;0,00000000
7,20522361;0,04336860;0,00000000
7,20532761;0,04336860;0,00000000
7,20543161;0,04336860;0,00000000
7,20553561;0,00000000;0,00000000
7,20563961;0,00000000;0,00000000
7,20574361;0,00000000;0,00000000
7,20584761;0,04336860;0,00000000
7,20595161;0,00000000;0,00000000
7,20605561;0,00000000;0,00000000
7,20615961;0,00000000;0,00000000
7,20626361;0,00000000;0,00000000
7,20636761;0,00000000;0,00000000
7,20647161;0,00000000;0,00000000
7,20657561;0,04336860;0,00000000
7,20667961;0,00000000;0,00000000
7,20678361;0,04336860;0,00000000
7,20688761;0,00000000;-0,01734744
7,20699161;0,04336860;0,00000000
7,20709561;0,00000000;0,00000000
7,20719961;0,04336860;0,00000000
7,20730361;0,04336860;0,00000000
7,20740761;0,00000000;0,00000000
7,20751161;0,00000000;0,00000000
7,20761561;0,00000000;0,00000000
7,20771961;0,00000000;0,00000000
7,20782361;0,04336860;0,00000000
7,20792761;0,00000000;0,00000000
7,20803161;0,00000000;0,00000000
7,20813561;0,00000000;0,00000000
7,20823961;0,00000000;0,00000000
7,20834361;0,00000000;0,00000000
7,20844761;0,00000000;0,00000000
7,20855161;0,00000000;0,00000000
7,20865561;0,04336860;0,00000000
7,20875961;0,00000000;0,00000000
7,20886361;0,00000000;0,00000000
7,20896761;0,00000000;0,00000000
7,20907161;0,00000000;0,00000000
7,20917561;0,00000000;0,00000000
7,20927961;0,00000000;0,00000000
7,20938361;0,00000000;0,00000000
7,20948761;0,00000000;0,00000000
7,20959161;0,00000000;0,00000000
7,20969561;0,00000000;0,00000000
7,20979961;0,00000000;0,00000000
7,20990361;0,00000000;0,00000000
7,21000761;0,04336860;0,00000000
7,21011161;0,00000000;0,00000000
7,21021561;0,04336860;0,00000000
7,21031961;0,00000000;0,00000000
7,21042361;0,04336860;0,00000000
7,21052761;0,00000000;0,00000000
7,21063161;0,00000000;0,00000000
7,21073561;0,00000000;0,00000000
7,21083961;0,00000000;0,00000000
7,21094361;0,04336860;0,00000000
7,21104761;0,00000000;0,00000000
7,21115161;0,00000000;0,00000000
7,21125561;0,04336860;0,00000000
7,21135961;0,00000000;0,00000000
7,21146361;0,00000000;0,00000000
7,21156761;0,00000000;0,00000000
7,21167161;0,00000000;0,00000000
7,21177561;0,00000000;0,00000000
7,21187961;0,04336860;0,00000000
7,21198361;0,00000000;0,00000000
7,21208761;0,00000000;0,00000000
7,21219161;0,00000000;0,00000000
7,21229561;0,00000000;0,00000000
7,21239961;0,04336860;0,00000000
7,21250361;0,00000000;0,00000000
7,21260761;0,04336860;0,00000000
7,21271161;0,00000000;0,00000000
7,21281561;0,00000000;-0,01734744
7,21291961;0,00000000;0,00000000
7,21302361;0,00000000;0,00000000
7,21312761;0,00000000;0,00000000
7,21323161;0,00000000;0,00000000
7,21333561;0,00000000;0,00000000
7,21343961;0,04336860;0,00000000
7,21354361;0,00000000;0,00000000
7,21364761;0,04336860;0,00000000
7,21375161;0,00000000;0,00000000
7,21385561;0,00000000;0,00000000
7,21395961;0,00000000;0,00000000
7,21406361;0,00000000;0,00000000
7,21416761;0,00000000;0,00000000
7,21427161;0,00000000;0,00000000
7,21437561;0,00000000;0,00000000
7,21447961;0,00000000;0,00000000
7,21458361;0,00000000;0,00000000
7,21468761;0,04336860;0,00000000
7,21479161;0,00000000;0,00000000
7,21489561;0,00000000;0,00000000
7,21499961;0,00000000;0,00000000
7,21510361;0,00000000;0,00000000
7,21520761;0,04336860;0,00000000
7,21531161;0,00000000;0,00000000
7,21541561;0,04336860;0,00000000
7,21551961;0,00000000;0,00000000
7,21562361;0,04336860;0,00000000
7,21572761;0,00000000;0,00000000
7,21583161;0,00000000;0,00000000
7,21593561;0,00000000;0,00000000
7,21603961;0,00000000;0,00000000
7,21614361;0,00000000;0,00000000
7,21624761;0,04336860;0,00000000
7,21635161;0,00000000;0,00000000
7,21645561;0,00000000;0,00000000
7,21655961;0,00000000;0,00000000
7,21666361;0,00000000;0,00000000
7,21676761;0,00000000;0,00000000
7,21687161;0,00000000;0,00000000
7,21697561;0,00000000;0,00000000
7,21707961;0,00000000;0,00000000
7,21718361;0,00000000;0,00000000
7,21728761;0,00000000;0,00000000
7,21739161;0,00000000;0,00000000
7,21749561;0,04336860;0,00000000
7,21759961;-0,04336860;0,00000000
7,21770361;0,00000000;0,00000000
7,21780761;0,00000000;0,00000000
7,21791161;0,00000000;0,00000000
7,21801561;0,04336860;0,00000000
7,21811961;0,00000000;-0,01734744
7,21822361;0,00000000;0,00000000
7,21832761;0,00000000;0,00000000
7,21843161;0,00000000;0,00000000
7,21853561;0,04336860;0,00000000
7,21863961;0,00000000;0,00000000
7,21874361;0,00000000;-0,01734744
7,21884761;0,00000000;0,00000000
7,21895161;0,00000000;0,00000000
7,21905561;0,00000000;0,00000000
7,21915961;0,04336860;0,00000000
7,21926361;0,00000000;-0,01734744
7,21936761;0,00000000;0,00000000
7,21947161;0,00000000;0,00000000
7,21957561;0,00000000;0,00000000
7,21967961;0,04336860;0,00000000
7,21978361;0,00000000;0,00000000
7,21988761;0,04336860;0,00000000
7,21999161;0,00000000;0,00000000
7,22009561;0,04336860;0,00000000
7,22019961;0,00000000;-0,01734744
7,22030361;0,00000000;0,00000000
7,22040761;0,00000000;0,00000000
7,22051161;0,00000000;0,00000000
7,22061561;0,00000000;0,00000000
7,22071961;0,04336860;0,00000000
7,22082361;0,00000000;0,00000000
7,22092761;0,04336860;-0,01734744
7,22103161;0,00000000;0,00000000
7,22113561;0,04336860;0,00000000
7,22123961;0,00000000;0,00000000
7,22134361;0,00000000;0,00000000
7,22144761;0,00000000;0,00000000
7,22155161;0,00000000;0,00000000
7,22165561;0,00000000;0,00000000
7,22175961;0,00000000;0,00000000
7,22186361;0,00000000;0,00000000
7,22196761;0,00000000;0,00000000
7,22207161;0,00000000;0,00000000
7,22217561;0,04336860;0,00000000
7,22227961;0,00000000;0,00000000
7,22238361;0,00000000;0,00000000
7,22248761;0,00000000;-0,01734744
7,22259161;0,04336860;0,00000000
7,22269561;0,00000000;0,00000000
7,22279961;0,00000000;0,00000000
7,22290361;0,00000000;0,00000000
7,22300761;0,04336860;0,00000000
7,22311161;0,04336860;0,00000000
7,22321561;0,00000000;0,00000000
7,22331961;0,00000000;-0,01734744
7,22342361;0,00000000;0,00000000
7,22352761;0,00000000;0,00000000
7,22363161;0,00000000;0,00000000
7,22373561;0,04336860;0,00000000
7,22383961;0,04336860;0,00000000
7,22394361;0,00000000;0,00000000
7,22404761;0,00000000;0,00000000
7,22415161;0,00000000;0,00000000
7,22425561;0,00000000;0,00000000
7,22435961;0,00000000;0,00000000
7,22446361;0,00000000;0,00000000
7,22456761;0,00000000;0,00000000
7,22467161;0,04336860;0,00000000
7,22477561;0,00000000;0,00000000
7,22487961;0,00000000;0,00000000
7,22498361;0,00000000;0,00000000
7,22508761;0,00000000;0,00000000
7,22519161;0,00000000;0,00000000
7,22529561;0,00000000;0,00000000
7,22539961;0,04336860;0,00000000
7,22550361;0,00000000;0,00000000
7,22560761;0,04336860;-0,01734744
7,22571161;0,04336860;0,00000000
7,22581561;0,04336860;0,00000000
7,22591961;0,00000000;0,00000000
7,22602361;0,00000000;0,00000000
7,22612761;0,00000000;0,00000000
7,22623161;0,00000000;0,00000000
7,22633561;0,04336860;0,00000000
7,22643961;0,00000000;0,00000000
7,22654361;0,04336860;0,00000000
7,22664761;0,00000000;0,00000000
7,22675161;0,04336860;0,00000000
7,22685561;0,04336860;0,00000000
7,22695961;0,04336860;0,00000000
7,22706361;0,00000000;0,00000000
7,22716761;0,04336860;0,00000000
7,22727161;0,04336860;0,00000000
7,22737561;-0,04336860;0,00000000
7,22747961;0,00000000;0,00000000
7,22758361;0,00000000;0,00000000
7,22768761;0,04336860;0,00000000
7,22779161;0,00000000;0,00000000
7,22789561;0,00000000;0,00000000
7,22799961;0,00000000;0,00000000
7,22810361;0,00000000;0,00000000
7,22820761;0,04336860;0,00000000
7,22831161;0,00000000;0,00000000
7,22841561;0,00000000;0,00000000
7,22851961;0,00000000;0,00000000
7,22862361;0,00000000;0,00000000
7,22872761;0,00000000;0,00000000
7,22883161;0,00000000;0,00000000
7,22893561;0,00000000;0,00000000
7,22903961;0,00000000;0,00000000
7,22914361;0,00000000;0,00000000
7,22924761;0,00000000;0,00000000
7,22935161;0,00000000;0,00000000
7,22945561;0,00000000;0,00000000
7,22955961;0,00000000;0,00000000
7,22966361;0,04336860;0,00000000
7,22976761;0,00000000;0,00000000
7,22987161;0,00000000;0,00000000
7,22997561;0,00000000;0,00000000
7,23007961;0,00000000;0,00000000
7,23018361;0,00000000;0,00000000
7,23028761;0,00000000;0,00000000
7,23039161;0,04336860;0,00000000
7,23049561;0,00000000;0,00000000
7,23059961;0,00000000;0,00000000
7,23070361;0,00000000;0,00000000
7,23080761;0,00000000;0,00000000
7,23091161;0,04336860;0,00000000
7,23101561;0,00000000;0,00000000
7,23111961;0,00000000;0,00000000
7,23122361;0,00000000;0,00000000
7,23132761;0,04336860;0,00000000
7,23143161;0,00000000;0,00000000
7,23153561;0,00000000;0,00000000
7,23163961;0,00000000;0,00000000
7,23174361;0,00000000;0,00000000
7,23184761;0,00000000;0,00000000
7,23195161;0,00000000;0,00000000
7,23205561;0,00000000;0,00000000
7,23215961;0,00000000;0,00000000
7,23226361;0,00000000;-0,01734744
7,23236761;0,00000000;0,00000000
7,23247161;0,00000000;0,00000000
7,23257561;0,04336860;0,00000000
7,23267961;0,00000000;0,00000000
7,23278361;0,04336860;0,00000000
7,23288761;0,00000000;0,00000000
7,23299161;0,00000000;0,00000000
7,23309561;0,04336860;-0,01734744
7,23319961;0,00000000;0,00000000
7,23330361;0,00000000;0,00000000
7,23340761;0,00000000;0,00000000
7,23351161;0,00000000;0,00000000
7,23361561;0,00000000;0,00000000
7,23371961;0,00000000;0,00000000
7,23382361;0,00000000;0,00000000
7,23392761;0,00000000;0,00000000
7,23403161;0,04336860;0,00000000
7,23413561;0,04336860;0,00000000
7,23423961;0,00000000;0,00000000
7,23434361;0,00000000;0,00000000
7,23444761;0,00000000;0,00000000
7,23455161;0,00000000;-0,01734744
7,23465561;0,00000000;0,00000000
7,23475961;0,00000000;-0,01734744
7,23486361;0,00000000;0,00000000
7,23496761;0,00000000;0,00000000
7,23507161;0,04336860;0,00000000
7,23517561;0,04336860;0,00000000
7,23527961;0,00000000;0,00000000
7,23538361;0,00000000;0,00000000
7,23548761;0,04336860;0,00000000
7,23559161;0,00000000;0,00000000
7,23569561;0,00000000;0,00000000
7,23579961;0,00000000;0,00000000
7,23590361;0,00000000;0,00000000
7,23600761;0,00000000;0,00000000
7,23611161;0,00000000;0,00000000
7,23621561;0,00000000;0,00000000
7,23631961;0,00000000;0,00000000
7,23642361;0,00000000;0,00000000
7,23652761;0,04336860;0,00000000
7,23663161;0,00000000;0,00000000
7,23673561;0,00000000;0,00000000
7,23683961;0,04336860;0,00000000
7,23694361;0,04336860;0,00000000
7,23704761;0,04336860;0,00000000
7,23715161;0,00000000;0,00000000
7,23725561;0,00000000;0,00000000
7,23735961;0,04336860;0,00000000
7,23746361;0,00000000;0,00000000
7,23756761;0,00000000;0,00000000
7,23767161;0,04336860;0,00000000
7,23777561;0,04336860;0,00000000
7,23787961;0,04336860;0,00000000
7,23798361;0,00000000;0,00000000
7,23808761;0,00000000;0,00000000
7,23819161;0,00000000;0,00000000
7,23829561;0,00000000;0,00000000
7,23839961;0,00000000;0,00000000
7,23850361;0,04336860;0,00000000
7,23860761;0,04336860;0,00000000
7,23871161;0,00000000;0,00000000
7,23881561;0,04336860;0,00000000
7,23891961;0,00000000;0,00000000
7,23902361;0,04336860;0,00000000
7,23912761;0,04336860;0,00000000
7,23923161;0,04336860;0,00000000
7,23933561;0,00000000;0,00000000
7,23943961;0,04336860;0,00000000
7,23954361;0,00000000;0,00000000
7,23964761;0,00000000;0,00000000
7,23975161;0,00000000;0,00000000
7,23985561;0,00000000;0,00000000
7,23995961;0,00000000;0,00000000
7,24006361;0,04336860;-0,01734744
7,24016761;0,04336860;0,00000000
7,24027161;0,04336860;0,00000000
7,24037561;0,04336860;0,00000000
7,24047961;0,00000000;0,00000000
7,24058361;0,00000000;0,00000000
7,24068761;0,00000000;0,00000000
7,24079161;0,04336860;0,00000000
7,24089561;0,00000000;0,00000000
7,24099961;0,00000000;0,00000000
7,24110361;0,04336860;0,00000000
7,24120761;0,00000000;0,00000000
7,24131161;0,04336860;0,00000000
7,24141561;0,04336860;0,00000000
7,24151961;0,00000000;0,00000000
7,24162361;0,00000000;0,00000000
7,24172761;0,00000000;0,00000000
7,24183161;0,00000000;0,00000000
7,24193561;0,04336860;0,00000000
7,24203961;0,04336860;0,00000000
7,24214361;0,00000000;0,00000000
7,24224761;0,00000000;0,00000000
7,24235161;0,04336860;0,00000000
7,24245561;0,00000000;0,00000000
7,24255961;0,00000000;0,00000000
7,24266361;0,00000000;0,00000000
7,24276761;0,04336860;0,00000000
7,24287161;0,04336860;0,00000000
7,24297561;0,04336860;0,00000000
7,24307961;0,00000000;0,00000000
7,24318361;0,00000000;0,00000000
7,24328761;0,00000000;0,00000000
7,24339161;0,00000000;0,00000000
7,24349561;0,00000000;0,00000000
7,24359961;0,04336860;0,00000000
7,24370361;0,04336860;0,00000000
7,24380761;0,00000000;0,00000000
7,24391161;0,00000000;0,00000000
7,24401561;0,00000000;-0,01734744
7,24411961;0,00000000;0,00000000
7,24422361;0,04336860;0,00000000
7,24432761;0,00000000;0,00000000
7,24443161;0,04336860;0,00000000
7,24453561;0,00000000;0,00000000
7,24463961;0,00000000;0,00000000
7,24474361;0,00000000;0,00000000
7,24484761;0,04336860;0,00000000
7,24495161;0,04336860;0,00000000
7,24505561;0,00000000;0,00000000
7,24515961;0,00000000;0,00000000
7,24526361;0,00000000;0,00000000
7,24536761;0,00000000;0,00000000
7,24547161;0,00000000;0,00000000
7,24557561;0,00000000;0,00000000
7,24567961;0,00000000;0,00000000
7,24578361;0,00000000;0,00000000
7,24588761;0,00000000;0,00000000
7,24599161;0,00000000;0,00000000
7,24609561;0,00000000;0,00000000
7,24619961;0,00000000;0,00000000
7,24630361;0,00000000;0,00000000
7,24640761;0,00000000;0,00000000
7,24651161;0,04336860;0,00000000
7,24661561;0,00000000;0,00000000
7,24671961;0,04336860;0,00000000
7,24682361;0,00000000;0,00000000
7,24692761;0,00000000;0,00000000
7,24703161;0,00000000;0,00000000
7,24713561;0,04336860;0,00000000
7,24723961;0,00000000;0,00000000
7,24734361;0,04336860;0,00000000
7,24744761;0,00000000;0,00000000
7,24755161;0,00000000;0,00000000
7,24765561;0,04336860;0,00000000
7,24775961;0,00000000;0,00000000
7,24786361;0,00000000;0,00000000
7,24796761;0,00000000;0,00000000
7,24807161;0,00000000;0,00000000
7,24817561;0,04336860;0,00000000
7,24827961;0,04336860;0,00000000
7,24838361;0,04336860;0,00000000
7,24848761;0,00000000;0,00000000
7,24859161;0,00000000;0,00000000
7,24869561;0,04336860;0,00000000
7,24879961;0,04336860;0,00000000
7,24890361;0,00000000;0,00000000
7,24900761;0,00000000;0,00000000
7,24911161;0,00000000;0,00000000
7,24921561;0,00000000;0,00000000
7,24931961;0,00000000;0,00000000
7,24942361;0,00000000;0,00000000
7,24952761;0,04336860;0,00000000
7,24963161;0,00000000;0,00000000
7,24973561;0,00000000;0,00000000
7,24983961;0,00000000;0,00000000
7,24994361;0,00000000;0,00000000
7,25004761;0,04336860;0,00000000
7,25015161;0,00000000;0,00000000
7,25025561;0,00000000;0,00000000
7,25035961;0,00000000;0,00000000
7,25046361;0,00000000;0,00000000
7,25056761;0,00000000;0,00000000
7,25067161;0,00000000;0,00000000
7,25077561;0,00000000;0,00000000
7,25087961;0,00000000;0,00000000
7,25098361;0,00000000;0,00000000
7,25108761;0,00000000;0,00000000
7,25119161;0,00000000;0,00000000
7,25129561;0,00000000;0,00000000
7,25139961;0,00000000;0,00000000
7,25150361;0,00000000;0,00000000
7,25160761;0,04336860;0,00000000
7,25171161;0,04336860;0,00000000
7,25181561;0,00000000;0,00000000
7,25191961;0,04336860;0,00000000
7,25202361;0,00000000;0,00000000
7,25212761;0,00000000;0,00000000
7,25223161;0,00000000;0,00000000
7,25233561;0,00000000;0,00000000
7,25243961;0,00000000;0,00000000
7,25254361;0,00000000;0,00000000
7,25264761;0,00000000;0,00000000
7,25275161;0,04336860;0,00000000
7,25285561;0,00000000;0,00000000
7,25295961;0,00000000;0,00000000
7,25306361;0,00000000;0,00000000
7,25316761;0,00000000;0,00000000
7,25327161;0,00000000;0,00000000
7,25337561;0,00000000;0,00000000
7,25347961;0,00000000;0,00000000
7,25358361;0,04336860;0,00000000
7,25368761;0,00000000;0,00000000
7,25379161;0,00000000;0,00000000
7,25389561;0,00000000;0,00000000
7,25399961;0,04336860;0,00000000
7,25410361;0,00000000;0,00000000
7,25420761;0,00000000;0,00000000
7,25431161;0,04336860;0,00000000
7,25441561;0,00000000;0,00000000
7,25451961;0,00000000;0,00000000
7,25462361;0,00000000;0,00000000
7,25472761;0,00000000;0,00000000
7,25483161;0,00000000;0,00000000
7,25493561;0,00000000;0,00000000
7,25503961;0,00000000;0,00000000
7,25514361;0,00000000;0,00000000
7,25524761;0,00000000;0,00000000
7,25535161;0,00000000;0,00000000
7,25545561;0,00000000;0,00000000
7,25555961;0,04336860;0,00000000
7,25566361;0,00000000;0,00000000
7,25576761;0,04336860;0,00000000
7,25587161;0,00000000;0,00000000
7,25597561;0,00000000;0,00000000
7,25607961;0,00000000;0,00000000
7,25618361;0,04336860;0,00000000
7,25628761;0,00000000;0,00000000
7,25639161;0,00000000;0,00000000
7,25649561;0,00000000;0,00000000
7,25659961;0,04336860;0,00000000
7,25670361;0,00000000;0,00000000
7,25680761;0,00000000;0,00000000
7,25691161;0,00000000;0,00000000
7,25701561;0,00000000;0,00000000
7,25711961;0,00000000;0,00000000
7,25722361;0,00000000;0,00000000
7,25732761;0,00000000;0,00000000
7,25743161;0,00000000;0,00000000
7,25753561;0,00000000;0,00000000
7,25763961;0,00000000;0,00000000
7,25774361;0,00000000;0,00000000
7,25784761;0,04336860;0,00000000
7,25795161;0,04336860;0,00000000
7,25805561;0,00000000;0,00000000
7,25815961;0,04336860;0,00000000
7,25826361;0,00000000;0,00000000
7,25836761;0,00000000;0,00000000
7,25847161;0,00000000;0,00000000
7,25857561;0,00000000;0,00000000
7,25867961;0,00000000;0,00000000
7,25878361;0,00000000;0,00000000
7,25888761;0,04336860;0,00000000
7,25899161;0,00000000;0,00000000
7,25909561;0,00000000;-0,01734744
7,25919961;0,00000000;0,00000000
7,25930361;0,00000000;0,00000000
7,25940761;0,00000000;0,00000000
7,25951161;0,00000000;0,00000000
7,25961561;0,04336860;0,00000000
7,25971961;0,00000000;0,00000000
7,25982361;0,00000000;0,00000000
7,25992761;0,00000000;0,00000000
7,26003161;0,00000000;0,00000000
7,26013561;0,00000000;0,00000000
7,26023961;0,00000000;0,00000000
7,26034361;0,00000000;0,00000000
7,26044761;0,00000000;0,00000000
7,26055161;0,00000000;0,00000000
7,26065561;0,00000000;0,00000000
7,26075961;0,00000000;0,00000000
7,26086361;0,00000000;0,00000000
7,26096761;0,00000000;0,00000000
7,26107161;0,00000000;0,00000000
7,26117561;0,00000000;0,00000000
7,26127961;0,04336860;0,00000000
7,26138361;0,00000000;0,00000000
7,26148761;0,00000000;0,00000000
7,26159161;0,00000000;0,00000000
7,26169561;0,00000000;0,00000000
7,26179961;0,00000000;0,00000000
7,26190361;0,00000000;0,00000000
7,26200761;0,04336860;0,00000000
7,26211161;0,00000000;0,00000000
7,26221561;0,00000000;0,00000000
7,26231961;0,00000000;0,00000000
7,26242361;0,00000000;0,00000000
7,26252761;0,00000000;0,00000000
7,26263161;0,04336860;0,00000000
7,26273561;0,00000000;0,00000000
7,26283961;0,00000000;0,00000000
7,26294361;0,00000000;0,00000000
7,26304761;0,04336860;0,00000000
7,26315161;0,00000000;0,00000000
7,26325561;0,00000000;0,00000000
7,26335961;0,00000000;0,00000000
7,26346361;0,00000000;0,00000000
7,26356761;0,00000000;0,00000000
7,26367161;0,00000000;0,00000000
7,26377561;0,00000000;0,00000000
7,26387961;0,00000000;0,00000000
7,26398361;0,00000000;0,00000000
7,26408761;0,00000000;0,00000000
7,26419161;0,00000000;0,00000000
7,26429561;0,00000000;0,00000000
7,26439961;0,00000000;0,00000000
7,26450361;0,04336860;-0,01734744
7,26460761;0,00000000;0,00000000
7,26471161;0,00000000;0,00000000
7,26481561;0,00000000;0,00000000
7,26491961;0,00000000;0,00000000
7,26502361;0,00000000;0,00000000
7,26512761;0,00000000;0,00000000
7,26523161;0,00000000;0,00000000
7,26533561;0,00000000;0,00000000
7,26543961;0,00000000;0,00000000
7,26554361;0,04336860;0,00000000
7,26564761;0,00000000;0,00000000
7,26575161;0,00000000;0,00000000
7,26585561;0,00000000;0,00000000
7,26595961;0,04336860;0,00000000
7,26606361;0,00000000;0,00000000
7,26616761;0,04336860;0,00000000
7,26627161;0,00000000;0,00000000
7,26637561;0,00000000;0,00000000
7,26647961;0,00000000;0,00000000
7,26658361;0,04336860;0,00000000
7,26668761;0,00000000;0,00000000
7,26679161;0,04336860;0,00000000
7,26689561;0,00000000;0,00000000
7,26699961;0,04336860;0,00000000
7,26710361;0,00000000;0,00000000
7,26720761;0,00000000;0,00000000
7,26731161;0,00000000;0,00000000
7,26741561;0,00000000;0,00000000
7,26751961;0,00000000;0,00000000
7,26762361;0,00000000;0,00000000
7,26772761;0,00000000;0,00000000
7,26783161;0,00000000;0,00000000
7,26793561;0,00000000;0,00000000
7,26803961;0,04336860;0,00000000
7,26814361;0,00000000;0,00000000
7,26824761;0,00000000;0,00000000
7,26835161;0,04336860;0,00000000
7,26845561;0,00000000;0,00000000
7,26855961;0,00000000;0,00000000
7,26866361;0,00000000;0,00000000
7,26876761;0,00000000;0,00000000
7,26887161;0,00000000;-0,01734744
7,26897561;0,00000000;0,00000000
7,26907961;0,00000000;0,00000000
7,26918361;0,04336860;0,00000000
7,26928761;0,00000000;-0,01734744
7,26939161;0,00000000;0,00000000
7,26949561;0,00000000;0,00000000
7,26959961;0,00000000;0,00000000
7,26970361;0,00000000;0,00000000
7,26980761;0,00000000;0,00000000
7,26991161;0,00000000;0,00000000
7,27001561;0,00000000;0,00000000
7,27011961;0,00000000;0,00000000
7,27022361;0,04336860;0,00000000
7,27032761;0,00000000;0,00000000
7,27043161;0,00000000;0,00000000
7,27053561;0,00000000;0,00000000
7,27063961;0,00000000;0,00000000
7,27074361;0,00000000;0,00000000
7,27084761;0,00000000;0,00000000
7,27095161;0,00000000;0,00000000
7,27105561;0,00000000;0,00000000
7,27115961;0,00000000;0,00000000
7,27126361;0,04336860;0,00000000
7,27136761;0,00000000;0,00000000
7,27147161;0,00000000;0,00000000
7,27157561;0,04336860;0,00000000
7,27167961;0,00000000;0,00000000
7,27178361;0,00000000;0,00000000
7,27188761;0,00000000;0,00000000
7,27199161;0,00000000;0,00000000
7,27209561;0,00000000;0,00000000
7,27219961;0,00000000;0,00000000
7,27230361;0,04336860;0,00000000
7,27240761;0,00000000;0,00000000
7,27251161;0,00000000;0,00000000
7,27261561;0,04336860;0,00000000
7,27271961;0,04336860;0,00000000
7,27282361;0,00000000;0,00000000
7,27292761;0,00000000;0,00000000
7,27303161;0,00000000;0,00000000
7,27313561;0,00000000;0,00000000
7,27323961;0,04336860;0,00000000
7,27334361;0,00000000;0,00000000
7,27344761;0,00000000;0,00000000
7,27355161;0,00000000;0,00000000
7,27365561;0,00000000;0,00000000
7,27375961;0,04336860;0,00000000
7,27386361;0,00000000;0,00000000
7,27396761;0,00000000;0,00000000
7,27407161;0,04336860;0,00000000
7,27417561;0,00000000;0,00000000
7,27427961;0,00000000;0,00000000
7,27438361;0,00000000;0,00000000
7,27448761;0,00000000;0,00000000
7,27459161;0,00000000;0,00000000
7,27469561;0,00000000;0,00000000
7,27479961;0,00000000;0,00000000
7,27490361;0,00000000;0,00000000
7,27500761;0,00000000;0,00000000
7,27511161;0,00000000;0,00000000
7,27521561;0,00000000;0,00000000
7,27531961;0,00000000;0,00000000
7,27542361;0,04336860;0,00000000
7,27552761;0,00000000;0,00000000
7,27563161;0,00000000;0,00000000
7,27573561;0,00000000;0,00000000
7,27583961;0,04336860;0,00000000
7,27594361;0,00000000;0,00000000
7,27604761;0,00000000;0,00000000
7,27615161;0,04336860;0,00000000
7,27625561;0,00000000;0,00000000
7,27635961;0,00000000;0,00000000
7,27646361;0,04336860;0,00000000
7,27656761;0,00000000;0,00000000
7,27667161;0,04336860;0,00000000
7,27677561;0,00000000;0,00000000
7,27687961;0,04336860;0,00000000
7,27698361;0,00000000;0,00000000
7,27708761;0,04336860;0,00000000
7,27719161;0,00000000;0,00000000
7,27729561;0,04336860;0,00000000
7,27739961;0,00000000;0,00000000
7,27750361;0,00000000;0,00000000
7,27760761;0,00000000;0,00000000
7,27771161;0,00000000;0,00000000
7,27781561;0,04336860;0,00000000
7,27791961;0,00000000;0,00000000
7,27802361;0,00000000;0,00000000
7,27812761;0,00000000;0,00000000
7,27823161;0,00000000;0,00000000
7,27833561;0,04336860;0,00000000
7,27843961;0,00000000;0,00000000
7,27854361;0,00000000;0,00000000
7,27864761;0,00000000;0,00000000
7,27875161;0,00000000;0,00000000
7,27885561;0,00000000;0,00000000
7,27895961;0,00000000;0,00000000
7,27906361;0,00000000;0,00000000
7,27916761;0,00000000;0,00000000
7,27927161;0,00000000;0,00000000
7,27937561;0,00000000;0,00000000
7,27947961;0,00000000;0,00000000
7,27958361;0,00000000;0,00000000
7,27968761;0,00000000;0,00000000
7,27979161;0,04336860;0,00000000
7,27989561;0,00000000;0,00000000
7,27999961;0,04336860;0,00000000
7,28010361;0,00000000;0,00000000
7,28020761;0,04336860;-0,01734744
7,28031161;0,00000000;0,00000000
7,28041561;0,04336860;0,00000000
7,28051961;0,04336860;0,00000000
7,28062361;0,00000000;0,00000000
7,28072761;0,00000000;0,00000000
7,28083161;0,04336860;0,00000000
7,28093561;0,00000000;0,00000000
7,28103961;0,00000000;0,00000000
7,28114361;0,00000000;0,00000000
7,28124761;0,00000000;0,00000000
7,28135161;0,00000000;0,00000000
7,28145561;0,00000000;0,00000000
7,28155961;0,00000000;0,00000000
7,28166361;0,00000000;0,00000000
7,28176761;0,00000000;0,00000000
7,28187161;0,04336860;0,00000000
7,28197561;0,00000000;0,00000000
7,28207961;0,00000000;0,00000000
7,28218361;0,00000000;0,00000000
7,28228761;0,00000000;0,00000000
7,28239161;0,00000000;-0,01734744
7,28249561;0,00000000;0,00000000
7,28259961;0,00000000;0,00000000
7,28270361;0,00000000;0,00000000
7,28280761;0,00000000;0,00000000
7,28291161;0,00000000;0,00000000
7,28301561;0,00000000;0,00000000
7,28311961;0,04336860;0,00000000
7,28322361;0,00000000;0,00000000
7,28332761;0,00000000;0,00000000
7,28343161;0,04336860;0,00000000
7,28353561;0,00000000;0,00000000
7,28363961;0,00000000;0,00000000
7,28374361;0,00000000;0,00000000
7,28384761;0,00000000;0,00000000
7,28395161;0,00000000;0,00000000
7,28405561;0,00000000;0,00000000
7,28415961;0,00000000;0,00000000
7,28426361;0,00000000;0,00000000
7,28436761;0,00000000;0,00000000
7,28447161;0,00000000;0,00000000
7,28457561;0,04336860;0,00000000
7,28467961;0,00000000;0,00000000
7,28478361;0,04336860;-0,01734744
7,28488761;0,00000000;-0,01734744
7,28499161;0,00000000;0,00000000
7,28509561;0,04336860;0,00000000
7,28519961;0,00000000;0,00000000
7,28530361;0,00000000;0,00000000
7,28540761;0,04336860;0,00000000
7,28551161;0,00000000;0,00000000
7,28561561;0,00000000;0,00000000
7,28571961;0,00000000;0,00000000
7,28582361;0,04336860;0,00000000
7,28592761;0,00000000;0,00000000
7,28603161;0,00000000;0,00000000
7,28613561;0,00000000;0,00000000
7,28623961;0,00000000;0,00000000
7,28634361;0,00000000;0,00000000
7,28644761;0,00000000;0,00000000
7,28655161;0,00000000;0,00000000
7,28665561;0,00000000;0,00000000
7,28675961;0,00000000;0,00000000
7,28686361;0,04336860;0,00000000
7,28696761;0,04336860;0,00000000
7,28707161;0,00000000;0,00000000
7,28717561;0,04336860;0,00000000
7,28727961;0,00000000;0,00000000
7,28738361;0,00000000;0,00000000
7,28748761;0,00000000;0,00000000
7,28759161;0,00000000;0,00000000
7,28769561;0,00000000;0,00000000
7,28779961;0,04336860;0,00000000
7,28790361;0,04336860;0,00000000
7,28800761;0,00000000;0,00000000
7,28811161;0,04336860;0,00000000
7,28821561;0,00000000;0,00000000
7,28831961;0,00000000;0,00000000
7,28842361;0,00000000;0,00000000
7,28852761;0,00000000;0,00000000
7,28863161;0,00000000;0,00000000
7,28873561;0,00000000;0,00000000
7,28883961;0,00000000;0,00000000
7,28894361;0,00000000;0,00000000
7,28904761;0,04336860;0,00000000
7,28915161;0,00000000;0,00000000
7,28925561;0,04336860;0,00000000
7,28935961;0,00000000;0,00000000
7,28946361;0,00000000;0,00000000
7,28956761;0,04336860;0,00000000
7,28967161;0,00000000;0,00000000
7,28977561;0,00000000;0,00000000
7,28987961;0,00000000;0,00000000
7,28998361;0,00000000;0,00000000
7,29008761;0,00000000;0,00000000
7,29019161;0,04336860;0,00000000
7,29029561;0,00000000;0,00000000
7,29039961;0,00000000;0,00000000
7,29050361;0,04336860;0,00000000
7,29060761;0,00000000;0,00000000
7,29071161;0,00000000;0,00000000
7,29081561;0,00000000;0,00000000
7,29091961;0,00000000;0,00000000
7,29102361;0,00000000;0,00000000
7,29112761;0,00000000;0,00000000
7,29123161;0,00000000;0,00000000
7,29133561;0,00000000;0,00000000
7,29143961;0,04336860;0,00000000
7,29154361;0,04336860;0,00000000
7,29164761;0,04336860;0,00000000
7,29175161;0,00000000;0,00000000
7,29185561;0,04336860;0,00000000
7,29195961;0,00000000;-0,01734744
7,29206361;0,00000000;0,00000000
7,29216761;0,00000000;0,00000000
7,29227161;0,04336860;0,00000000
7,29237561;0,00000000;0,00000000
7,29247961;0,04336860;0,00000000
7,29258361;0,00000000;-0,01734744
7,29268761;0,00000000;0,00000000
7,29279161;0,00000000;0,00000000
7,29289561;0,00000000;0,00000000
7,29299961;0,04336860;0,00000000
7,29310361;0,00000000;0,00000000
7,29320761;0,00000000;0,00000000
7,29331161;0,00000000;0,00000000
7,29341561;0,00000000;0,00000000
7,29351961;0,00000000;0,00000000
7,29362361;0,00000000;0,00000000
7,29372761;0,00000000;0,00000000
7,29383161;0,00000000;0,00000000
7,29393561;0,00000000;0,00000000
7,29403961;0,00000000;0,00000000
7,29414361;0,00000000;0,00000000
7,29424761;0,00000000;0,00000000
7,29435161;0,00000000;0,00000000
7,29445561;0,04336860;0,00000000
7,29455961;0,00000000;0,00000000
7,29466361;0,00000000;0,00000000
7,29476761;0,00000000;0,00000000
7,29487161;0,04336860;0,00000000
7,29497561;0,00000000;0,00000000
7,29507961;0,00000000;0,00000000
7,29518361;0,04336860;0,00000000
7,29528761;0,00000000;0,00000000
7,29539161;0,00000000;0,00000000
7,29549561;0,00000000;0,00000000
7,29559961;0,00000000;0,00000000
7,29570361;0,00000000;0,00000000
7,29580761;0,00000000;0,00000000
7,29591161;0,00000000;0,00000000
7,29601561;0,00000000;0,00000000
7,29611961;0,00000000;0,00000000
7,29622361;0,00000000;0,00000000
7,29632761;0,00000000;0,00000000
7,29643161;0,00000000;0,00000000
7,29653561;0,04336860;0,00000000
7,29663961;0,04336860;0,00000000
7,29674361;0,04336860;0,00000000
7,29684761;0,04336860;0,00000000
7,29695161;0,00000000;0,00000000
7,29705561;0,00000000;0,00000000
7,29715961;0,00000000;0,00000000
7,29726361;0,00000000;0,00000000
7,29736761;0,00000000;0,00000000
7,29747161;0,00000000;0,00000000
7,29757561;0,00000000;0,00000000
7,29767961;0,00000000;0,00000000
7,29778361;0,04336860;0,00000000
7,29788761;0,00000000;0,00000000
7,29799161;0,00000000;0,00000000
7,29809561;0,00000000;0,00000000
7,29819961;0,00000000;0,00000000
7,29830361;0,00000000;0,00000000
7,29840761;0,00000000;0,00000000
7,29851161;0,00000000;0,00000000
7,29861561;0,04336860;0,00000000
7,29871961;0,04336860;0,00000000
7,29882361;0,00000000;0,00000000
7,29892761;0,00000000;0,00000000
7,29903161;0,00000000;0,00000000
7,29913561;0,00000000;0,00000000
7,29923961;0,00000000;0,00000000
7,29934361;0,00000000;0,00000000
7,29944761;0,00000000;0,00000000
7,29955161;0,00000000;0,00000000
7,29965561;0,00000000;0,00000000
7,29975961;0,04336860;0,00000000
7,29986361;0,00000000;0,00000000
7,29996761;0,00000000;0,00000000
7,30007161;0,00000000;0,00000000
7,30017561;0,00000000;0,00000000
7,30027961;0,00000000;0,00000000
7,30038361;0,04336860;0,00000000
7,30048761;0,00000000;0,00000000
7,30059161;0,00000000;0,00000000
7,30069561;0,04336860;0,00000000
7,30079961;0,00000000;0,00000000
7,30090361;0,00000000;0,00000000
7,30100761;0,00000000;0,00000000
7,30111161;0,00000000;0,00000000
7,30121561;0,00000000;0,00000000
7,30131961;0,00000000;0,00000000
7,30142361;0,00000000;0,00000000
7,30152761;0,04336860;0,00000000
7,30163161;0,04336860;0,00000000
7,30173561;0,00000000;0,00000000
7,30183961;0,04336860;0,00000000
7,30194361;0,00000000;0,00000000
7,30204761;0,00000000;0,00000000
7,30215161;0,04336860;0,00000000
7,30225561;0,04336860;0,00000000
7,30235961;0,00000000;0,00000000
7,30246361;0,00000000;0,00000000
7,30256761;0,04336860;0,00000000
7,30267161;0,00000000;0,00000000
7,30277561;0,00000000;0,00000000
7,30287961;0,00000000;0,00000000
7,30298361;0,00000000;0,00000000
7,30308761;0,00000000;0,00000000
7,30319161;0,00000000;0,00000000
7,30329561;0,00000000;0,00000000
7,30339961;0,00000000;0,00000000
7,30350361;0,00000000;0,00000000
7,30360761;0,00000000;0,00000000
7,30371161;0,00000000;0,00000000
7,30381561;0,04336860;0,00000000
7,30391961;0,04336860;0,00000000
7,30402361;0,00000000;0,00000000
7,30412761;0,00000000;0,00000000
7,30423161;0,00000000;0,00000000
7,30433561;0,00000000;0,00000000
7,30443961;0,00000000;0,00000000
7,30454361;0,00000000;0,00000000
7,30464761;0,00000000;0,00000000
7,30475161;0,04336860;0,00000000
7,30485561;0,00000000;0,00000000
7,30495961;0,00000000;0,00000000
7,30506361;0,00000000;0,00000000
7,30516761;0,00000000;0,00000000
7,30527161;0,00000000;0,00000000
7,30537561;0,00000000;0,00000000
7,30547961;0,00000000;0,00000000
7,30558361;0,00000000;0,00000000
7,30568761;0,00000000;0,00000000
7,30579161;0,00000000;0,00000000
7,30589561;0,00000000;0,00000000
7,30599961;0,00000000;0,00000000
7,30610361;0,00000000;0,00000000
7,30620761;0,00000000;0,00000000
7,30631161;0,00000000;0,00000000
7,30641561;0,04336860;0,00000000
7,30651961;0,04336860;0,00000000
7,30662361;0,04336860;0,00000000
7,30672761;0,04336860;0,00000000
7,30683161;0,00000000;0,00000000
7,30693561;0,00000000;0,00000000
7,30703961;0,00000000;0,00000000
7,30714361;0,00000000;0,00000000
7,30724761;0,00000000;0,00000000
7,30735161;0,04336860;0,00000000
7,30745561;0,00000000;0,00000000
7,30755961;0,04336860;0,00000000
7,30766361;0,00000000;-0,01734744
7,30776761;0,00000000;0,00000000
7,30787161;0,00000000;0,00000000
7,30797561;0,04336860;0,00000000
7,30807961;0,00000000;0,00000000
7,30818361;0,00000000;0,00000000
7,30828761;0,00000000;0,00000000
7,30839161;0,00000000;0,00000000
7,30849561;0,00000000;0,00000000
7,30859961;0,00000000;0,00000000
7,30870361;0,04336860;0,00000000
7,30880761;0,00000000;0,00000000
7,30891161;0,00000000;0,00000000
7,30901561;0,00000000;0,00000000
7,30911961;0,00000000;0,00000000
7,30922361;0,00000000;0,00000000
7,30932761;0,00000000;0,00000000
7,30943161;0,00000000;0,00000000
7,30953561;0,00000000;0,00000000
7,30963961;0,04336860;0,00000000
7,30974361;0,00000000;0,00000000
7,30984761;0,00000000;0,00000000
7,30995161;0,04336860;0,00000000
7,31005561;0,00000000;0,00000000
7,31015961;0,00000000;0,00000000
7,31026361;0,04336860;0,00000000
7,31036761;0,00000000;0,00000000
7,31047161;0,00000000;0,00000000
7,31057561;0,00000000;0,00000000
7,31067961;0,00000000;0,00000000
7,31078361;0,00000000;0,00000000
7,31088761;0,04336860;0,00000000
7,31099161;0,00000000;0,00000000
7,31109561;0,00000000;0,00000000
7,31119961;0,00000000;0,00000000
7,31130361;0,00000000;0,00000000
7,31140761;0,04336860;0,00000000
7,31151161;0,00000000;0,00000000
7,31161561;0,04336860;0,00000000
7,31171961;0,00000000;0,00000000
7,31182361;0,00000000;0,00000000
7,31192761;0,00000000;0,00000000
7,31203161;0,00000000;0,00000000
7,31213561;0,00000000;0,00000000
7,31223961;0,00000000;0,00000000
7,31234361;0,00000000;0,00000000
7,31244761;0,00000000;0,00000000
7,31255161;0,04336860;0,00000000
7,31265561;0,00000000;0,00000000
7,31275961;0,00000000;-0,01734744
7,31286361;0,00000000;0,00000000
7,31296761;0,00000000;0,00000000
7,31307161;0,00000000;0,00000000
7,31317561;0,00000000;0,00000000
7,31327961;0,04336860;0,00000000
7,31338361;0,00000000;0,00000000
7,31348761;0,00000000;0,00000000
7,31359161;0,04336860;0,00000000
7,31369561;0,00000000;0,00000000
7,31379961;0,00000000;0,00000000
7,31390361;0,00000000;0,00000000
7,31400761;0,00000000;0,00000000
7,31411161;0,00000000;0,00000000
7,31421561;0,04336860;0,00000000
7,31431961;0,00000000;0,00000000
7,31442361;0,04336860;0,00000000
7,31452761;0,00000000;0,00000000
7,31463161;0,00000000;0,00000000
7,31473561;0,04336860;0,00000000
7,31483961;0,00000000;0,00000000
7,31494361;0,00000000;0,00000000
7,31504761;0,00000000;0,00000000
7,31515161;0,00000000;0,00000000
7,31525561;0,00000000;0,00000000
7,31535961;0,00000000;0,00000000
7,31546361;0,00000000;0,00000000
7,31556761;0,04336860;0,00000000
7,31567161;0,04336860;0,00000000
7,31577561;0,00000000;0,00000000
7,31587961;0,00000000;0,00000000
7,31598361;0,04336860;0,00000000
7,31608761;0,00000000;0,00000000
7,31619161;0,00000000;0,00000000
7,31629561;0,00000000;0,00000000
7,31639961;0,00000000;0,00000000
7,31650361;0,00000000;0,00000000
7,31660761;0,00000000;0,00000000
7,31671161;0,00000000;0,00000000
7,31681561;0,00000000;0,00000000
7,31691961;0,00000000;0,00000000
7,31702361;0,00000000;0,00000000
7,31712761;0,04336860;0,00000000
7,31723161;0,00000000;0,00000000
7,31733561;0,00000000;0,00000000
7,31743961;0,00000000;0,00000000
7,31754361;0,00000000;0,00000000
7,31764761;0,04336860;0,00000000
7,31775161;0,04336860;0,00000000
7,31785561;0,00000000;0,00000000
7,31795961;0,00000000;0,00000000
7,31806361;0,04336860;0,00000000
7,31816761;0,04336860;0,00000000
7,31827161;0,04336860;0,00000000
7,31837561;0,00000000;0,00000000
7,31847961;0,00000000;0,00000000
7,31858361;0,00000000;0,00000000
7,31868761;0,00000000;0,00000000
7,31879161;0,04336860;0,00000000
7,31889561;0,00000000;0,00000000
7,31899961;0,00000000;0,00000000
7,31910361;0,04336860;0,00000000
7,31920761;0,04336860;0,00000000
7,31931161;0,00000000;0,00000000
7,31941561;0,00000000;0,00000000
7,31951961;0,00000000;0,00000000
7,31962361;0,00000000;-0,01734744
7,31972761;0,00000000;0,00000000
7,31983161;0,04336860;0,00000000
7,31993561;0,04336860;0,00000000
7,32003961;0,00000000;0,00000000
7,32014361;0,00000000;0,00000000
7,32024761;0,00000000;0,00000000
7,32035161;0,00000000;0,00000000
7,32045561;0,04336860;-0,01734744
7,32055961;0,00000000;0,00000000
7,32066361;0,00000000;0,00000000
7,32076761;0,00000000;0,00000000
7,32087161;0,00000000;0,00000000
7,32097561;0,00000000;0,00000000
7,32107961;0,00000000;0,00000000
7,32118361;0,00000000;0,00000000
7,32128761;0,04336860;0,00000000
7,32139161;0,00000000;0,00000000
7,32149561;0,00000000;0,00000000
7,32159961;0,04336860;0,00000000
7,32170361;0,00000000;0,00000000
7,32180761;0,04336860;0,00000000
7,32191161;0,00000000;0,00000000
7,32201561;0,00000000;0,00000000
7,32211961;0,00000000;0,00000000
7,32222361;0,00000000;0,00000000
7,32232761;0,04336860;0,00000000
7,32243161;0,00000000;0,00000000
7,32253561;0,04336860;0,00000000
7,32263961;0,04336860;0,00000000
7,32274361;0,00000000;0,00000000
7,32284761;0,00000000;0,00000000
7,32295161;0,04336860;0,00000000
7,32305561;0,00000000;0,00000000
7,32315961;0,00000000;0,00000000
7,32326361;0,04336860;0,00000000
7,32336761;0,00000000;0,00000000
7,32347161;0,00000000;0,00000000
7,32357561;0,00000000;0,00000000
7,32367961;0,00000000;0,00000000
7,32378361;0,00000000;0,00000000
7,32388761;0,00000000;0,00000000
7,32399161;0,00000000;0,00000000
7,32409561;0,00000000;0,00000000
7,32419961;0,00000000;0,00000000
7,32430361;0,00000000;0,00000000
7,32440761;0,00000000;0,00000000
7,32451161;0,00000000;0,00000000
7,32461561;0,00000000;-0,01734744
7,32471961;0,00000000;0,00000000
7,32482361;0,00000000;0,00000000
7,32492761;0,00000000;0,00000000
7,32503161;0,00000000;0,00000000
7,32513561;0,00000000;0,00000000
7,32523961;0,00000000;0,00000000
7,32534361;0,00000000;0,00000000
7,32544761;0,00000000;0,00000000
7,32555161;0,00000000;0,00000000
7,32565561;0,00000000;0,00000000
7,32575961;0,00000000;0,00000000
7,32586361;0,00000000;0,00000000
7,32596761;0,00000000;0,00000000
7,32607161;0,00000000;0,00000000
7,32617561;0,04336860;0,00000000
7,32627961;0,00000000;0,00000000
7,32638361;0,04336860;0,00000000
7,32648761;0,00000000;0,00000000
7,32659161;0,00000000;0,00000000
7,32669561;0,04336860;0,00000000
7,32679961;0,00000000;0,00000000
7,32690361;0,00000000;0,00000000
7,32700761;0,00000000;0,00000000
7,32711161;0,00000000;0,00000000
7,32721561;0,04336860;0,00000000
7,32731961;0,00000000;0,00000000
7,32742361;0,00000000;0,00000000
7,32752761;0,00000000;0,00000000
7,32763161;0,00000000;0,00000000
7,32773561;0,00000000;0,00000000
7,32783961;0,00000000;0,00000000
7,32794361;0,04336860;0,00000000
7,32804761;0,04336860;0,00000000
7,32815160;0,00000000;0,00000000
7,32825560;0,00000000;0,00000000
7,32835960;0,00000000;-0,01734744
7,32846360;0,04336860;0,00000000
7,32856760;0,00000000;0,00000000
7,32867160;0,04336860;0,00000000
7,32877560;0,00000000;0,00000000
7,32887960;0,04336860;0,00000000
7,32898360;0,00000000;0,00000000
7,32908760;0,04336860;0,00000000
7,32919160;0,00000000;0,00000000
7,32929560;0,04336860;0,00000000
7,32939960;0,00000000;0,00000000
7,32950360;0,00000000;0,00000000
7,32960760;0,00000000;0,00000000
7,32971160;0,00000000;0,00000000
7,32981560;0,00000000;0,00000000
7,32991960;0,00000000;0,00000000
7,33002360;0,00000000;0,00000000
7,33012760;0,04336860;0,00000000
7,33023160;0,00000000;0,00000000
7,33033560;0,00000000;0,00000000
7,33043960;0,04336860;0,00000000
7,33054360;0,00000000;0,00000000
7,33064760;0,00000000;0,00000000
7,33075160;0,00000000;0,00000000
7,33085560;0,00000000;0,00000000
7,33095960;0,00000000;0,00000000
7,33106360;0,00000000;0,00000000
7,33116760;0,00000000;-0,01734744
7,33127160;0,04336860;0,00000000
7,33137560;0,04336860;0,00000000
7,33147960;0,00000000;0,00000000
7,33158360;0,00000000;0,00000000
7,33168760;0,00000000;-0,01734744
7,33179160;0,04336860;0,00000000
7,33189560;0,04336860;0,00000000
7,33199960;0,00000000;0,00000000
7,33210360;0,00000000;0,00000000
7,33220760;0,04336860;0,00000000
7,33231160;0,00000000;0,00000000
7,33241560;0,04336860;0,00000000
7,33251960;0,04336860;0,00000000
7,33262360;0,00000000;0,00000000
7,33272760;0,00000000;0,00000000
7,33283160;0,00000000;0,00000000
7,33293560;0,00000000;0,00000000
7,33303960;0,00000000;0,00000000
7,33314360;0,00000000;0,00000000
7,33324760;0,00000000;0,00000000
7,33335160;0,04336860;0,00000000
7,33345560;0,04336860;0,00000000
7,33355960;0,04336860;0,00000000
7,33366360;0,04336860;0,00000000
7,33376760;0,00000000;-0,01734744
7,33387160;0,00000000;0,00000000
7,33397560;0,00000000;0,00000000
7,33407960;0,00000000;0,00000000
7,33418360;0,00000000;0,00000000
7,33428760;0,00000000;0,00000000
7,33439160;0,00000000;0,00000000
7,33449560;0,04336860;0,00000000
7,33459960;0,00000000;0,00000000
7,33470360;0,00000000;0,00000000
7,33480760;0,00000000;0,00000000
7,33491160;0,00000000;0,00000000
7,33501560;0,04336860;0,00000000
7,33511960;0,04336860;0,00000000
7,33522360;0,00000000;0,00000000
7,33532760;0,00000000;0,00000000
7,33543160;0,04336860;0,00000000
7,33553560;0,00000000;0,00000000
7,33563960;0,00000000;0,00000000
7,33574360;0,00000000;0,00000000
7,33584760;0,00000000;0,00000000
7,33595160;0,00000000;0,00000000
7,33605560;0,04336860;0,00000000
7,33615960;0,00000000;0,00000000
7,33626360;0,00000000;0,00000000
7,33636760;0,00000000;0,00000000
7,33647160;0,00000000;0,00000000
7,33657560;0,04336860;0,00000000
7,33667960;0,00000000;0,00000000
7,33678360;0,00000000;0,00000000
7,33688760;0,00000000;-0,01734744
7,33699160;0,00000000;0,00000000
7,33709560;0,00000000;0,00000000
7,33719960;0,00000000;0,00000000
7,33730360;0,00000000;0,00000000
7,33740760;0,00000000;0,00000000
7,33751160;0,00000000;0,00000000
7,33761560;0,00000000;0,00000000
7,33771960;0,00000000;0,00000000
7,33782360;0,04336860;0,00000000
7,33792760;0,04336860;0,00000000
7,33803160;0,00000000;0,00000000
7,33813560;0,04336860;0,00000000
7,33823960;0,00000000;0,00000000
7,33834360;0,04336860;0,00000000
7,33844760;0,00000000;0,00000000
7,33855160;0,04336860;0,00000000
7,33865560;0,00000000;0,00000000
7,33875960;0,00000000;0,00000000
7,33886360;0,00000000;0,00000000
7,33896760;0,00000000;0,00000000
7,33907160;0,00000000;0,00000000
7,33917560;0,00000000;0,00000000
7,33927960;0,00000000;0,00000000
7,33938360;0,00000000;0,00000000
7,33948760;0,00000000;0,00000000
7,33959160;0,04336860;0,00000000
7,33969560;0,00000000;0,00000000
7,33979960;0,00000000;0,00000000
7,33990360;0,00000000;0,00000000
7,34000760;0,00000000;0,00000000
7,34011160;0,00000000;0,00000000
7,34021560;0,00000000;0,00000000
7,34031960;0,00000000;0,00000000
7,34042360;0,00000000;0,00000000
7,34052760;0,04336860;0,00000000
7,34063160;0,00000000;0,00000000
7,34073560;0,04336860;0,00000000
7,34083960;0,00000000;0,00000000
7,34094360;0,04336860;0,00000000
7,34104760;0,04336860;0,00000000
7,34115160;0,00000000;0,00000000
7,34125560;0,00000000;0,00000000
7,34135960;0,00000000;0,00000000
7,34146360;0,00000000;0,00000000
7,34156760;0,00000000;-0,01734744
7,34167160;0,00000000;0,00000000
7,34177560;0,00000000;0,00000000
7,34187960;0,00000000;0,00000000
7,34198360;0,00000000;0,00000000
7,34208760;0,00000000;0,00000000
7,34219160;0,04336860;0,00000000
7,34229560;0,00000000;0,00000000
7,34239960;0,00000000;-0,01734744
7,34250360;0,00000000;0,00000000
7,34260760;0,00000000;0,00000000
7,34271160;0,00000000;0,00000000
7,34281560;0,00000000;0,00000000
7,34291960;0,00000000;0,00000000
7,34302360;0,00000000;0,00000000
7,34312760;0,00000000;0,00000000
7,34323160;0,00000000;0,00000000
7,34333560;0,00000000;0,00000000
7,34343960;0,00000000;0,00000000
7,34354360;0,00000000;0,00000000
7,34364760;0,00000000;0,00000000
7,34375160;0,04336860;-0,01734744
7,34385560;0,00000000;0,00000000
7,34395960;0,00000000;0,00000000
7,34406360;0,04336860;0,00000000
7,34416760;0,04336860;0,00000000
7,34427160;0,00000000;0,00000000
7,34437560;0,00000000;-0,01734744
7,34447960;0,00000000;0,00000000
7,34458360;0,00000000;0,00000000
7,34468760;0,04336860;0,00000000
7,34479160;0,00000000;0,00000000
7,34489560;0,00000000;0,00000000
7,34499960;0,00000000;0,00000000
7,34510360;0,04336860;0,00000000
7,34520760;0,00000000;0,00000000
7,34531160;0,04336860;0,00000000
7,34541560;0,00000000;0,00000000
7,34551960;0,04336860;0,00000000
7,34562360;0,00000000;0,00000000
7,34572760;0,00000000;0,00000000
7,34583160;0,00000000;0,00000000
7,34593560;0,00000000;0,00000000
7,34603960;0,00000000;0,00000000
7,34614360;0,04336860;0,00000000
7,34624760;0,04336860;0,00000000
7,34635160;0,00000000;0,00000000
7,34645560;0,00000000;0,00000000
7,34655960;0,00000000;0,00000000
7,34666360;0,00000000;0,00000000
7,34676760;0,04336860;0,00000000
7,34687160;0,00000000;0,00000000
7,34697560;0,00000000;0,00000000
7,34707960;0,00000000;0,00000000
7,34718360;0,00000000;0,00000000
7,34728760;0,00000000;0,00000000
7,34739160;0,00000000;0,00000000
7,34749560;0,00000000;0,00000000
7,34759960;0,00000000;0,00000000
7,34770360;0,00000000;0,00000000
7,34780760;0,04336860;0,00000000
7,34791160;0,00000000;-0,01734744
7,34801560;0,00000000;0,00000000
7,34811960;0,00000000;0,00000000
7,34822360;0,00000000;0,00000000
7,34832760;0,04336860;0,00000000
7,34843160;0,04336860;0,00000000
7,34853560;0,00000000;-0,01734744
7,34863960;0,00000000;0,00000000
7,34874360;0,00000000;0,00000000
7,34884760;0,00000000;0,00000000
7,34895160;0,00000000;0,00000000
7,34905560;0,00000000;0,00000000
7,34915960;0,00000000;0,00000000
7,34926360;0,00000000;0,00000000
7,34936760;0,00000000;0,00000000
7,34947160;0,00000000;0,00000000
7,34957560;0,00000000;0,00000000
7,34967960;0,04336860;0,00000000
7,34978360;0,00000000;0,00000000
7,34988760;0,00000000;0,00000000
7,34999160;0,00000000;0,00000000
7,35009560;0,00000000;0,00000000
7,35019960;0,00000000;0,00000000
7,35030360;0,04336860;0,00000000
7,35040760;0,00000000;-0,01734744
7,35051160;0,00000000;0,00000000
7,35061560;0,04336860;0,00000000
7,35071960;0,00000000;0,00000000
7,35082360;0,00000000;-0,01734744
7,35092760;0,00000000;0,00000000
7,35103160;0,00000000;0,00000000
7,35113560;0,04336860;0,00000000
7,35123960;0,00000000;0,00000000
7,35134360;0,00000000;0,00000000
7,35144760;0,00000000;0,00000000
7,35155160;0,04336860;0,00000000
7,35165560;0,04336860;0,00000000
7,35175960;0,00000000;0,00000000
7,35186360;0,00000000;0,00000000
7,35196760;0,00000000;0,00000000
7,35207160;0,00000000;0,00000000
7,35217560;0,00000000;0,00000000
7,35227960;0,00000000;0,00000000
7,35238360;0,00000000;0,00000000
7,35248760;0,00000000;0,00000000
7,35259160;0,00000000;0,00000000
7,35269560;0,04336860;-0,01734744
7,35279960;0,00000000;0,00000000
7,35290360;0,04336860;0,00000000
7,35300760;0,00000000;0,00000000
7,35311160;0,00000000;0,00000000
7,35321560;0,00000000;0,00000000
7,35331960;0,04336860;0,00000000
7,35342360;0,04336860;0,00000000
7,35352760;0,00000000;0,00000000
7,35363160;0,00000000;0,00000000
7,35373560;0,04336860;0,00000000
7,35383960;0,00000000;0,00000000
7,35394360;0,00000000;0,00000000
7,35404760;0,00000000;0,00000000
7,35415160;0,04336860;0,00000000
7,35425560;0,00000000;0,00000000
7,35435960;0,00000000;0,00000000
7,35446360;0,04336860;0,00000000
7,35456760;0,00000000;0,00000000
7,35467160;0,04336860;0,00000000
7,35477560;0,00000000;0,00000000
7,35487960;0,00000000;0,00000000
7,35498360;0,00000000;0,00000000
7,35508760;0,04336860;0,00000000
7,35519160;0,00000000;0,00000000
7,35529560;0,00000000;0,00000000
7,35539960;0,00000000;0,00000000
7,35550360;0,04336860;0,00000000
7,35560760;0,00000000;-0,01734744
7,35571160;0,00000000;0,00000000
7,35581560;0,00000000;0,00000000
7,35591960;0,00000000;0,00000000
7,35602360;0,04336860;0,00000000
7,35612760;0,00000000;0,00000000
7,35623160;0,00000000;0,00000000
7,35633560;0,00000000;0,00000000
7,35643960;0,00000000;0,00000000
7,35654360;0,00000000;0,00000000
7,35664760;0,00000000;0,00000000
7,35675160;0,00000000;0,00000000
7,35685560;0,00000000;0,00000000
7,35695960;0,00000000;0,00000000
7,35706360;0,04336860;0,00000000
7,35716760;0,04336860;0,00000000
7,35727160;0,00000000;0,00000000
7,35737560;0,00000000;0,00000000
7,35747960;0,04336860;0,00000000
7,35758360;0,00000000;-0,01734744
7,35768760;0,00000000;0,00000000
7,35779160;0,04336860;0,00000000
7,35789560;0,00000000;0,00000000
7,35799960;0,04336860;0,00000000
7,35810360;0,00000000;0,00000000
7,35820760;0,00000000;0,00000000
7,35831160;0,00000000;0,00000000
7,35841560;0,04336860;0,00000000
7,35851960;0,00000000;0,00000000
7,35862360;0,04336860;0,00000000
7,35872760;0,00000000;0,00000000
7,35883160;0,04336860;0,00000000
7,35893560;0,04336860;0,00000000
7,35903960;0,00000000;0,00000000
7,35914360;0,04336860;0,00000000
7,35924760;0,04336860;0,00000000
7,35935160;0,00000000;0,00000000
7,35945560;0,00000000;0,00000000
7,35955960;0,00000000;0,00000000
7,35966360;0,00000000;0,00000000
7,35976760;0,00000000;0,00000000
7,35987160;0,00000000;0,00000000
7,35997560;0,04336860;0,00000000
7,36007960;0,04336860;0,00000000
7,36018360;0,00000000;0,00000000
7,36028760;0,00000000;-0,01734744
7,36039160;0,00000000;0,00000000
7,36049560;0,04336860;0,00000000
7,36059960;0,00000000;-0,01734744
7,36070360;0,00000000;0,00000000
7,36080760;0,00000000;0,00000000
7,36091160;0,04336860;0,00000000
7,36101560;0,04336860;0,00000000
7,36111960;0,00000000;0,00000000
7,36122360;0,00000000;0,00000000
7,36132760;0,00000000;0,00000000
7,36143160;0,00000000;0,00000000
7,36153560;0,00000000;0,00000000
7,36163960;0,00000000;0,00000000
7,36174360;0,04336860;0,00000000
7,36184760;0,00000000;0,00000000
7,36195160;0,00000000;0,00000000
7,36205560;0,00000000;0,00000000
7,36215960;0,00000000;0,00000000
7,36226360;0,00000000;0,00000000
7,36236760;0,00000000;0,00000000
7,36247160;0,00000000;0,00000000
7,36257560;0,00000000;0,00000000
7,36267960;0,00000000;0,00000000
7,36278360;0,00000000;0,00000000
7,36288760;0,04336860;0,00000000
7,36299160;0,04336860;0,00000000
7,36309560;0,00000000;0,00000000
7,36319960;0,00000000;0,00000000
7,36330360;0,00000000;0,00000000
7,36340760;0,04336860;0,00000000
7,36351160;0,00000000;0,00000000
7,36361560;0,00000000;0,00000000
7,36371960;0,04336860;0,00000000
7,36382360;0,04336860;0,00000000
7,36392760;0,00000000;0,00000000
7,36403160;0,04336860;0,00000000
7,36413560;0,00000000;0,00000000
7,36423960;0,04336860;0,00000000
7,36434360;0,04336860;0,00000000
7,36444760;0,04336860;0,00000000
7,36455160;0,00000000;0,00000000
7,36465560;0,04336860;0,00000000
7,36475960;0,04336860;0,00000000
7,36486360;0,00000000;0,00000000
7,36496760;0,00000000;0,00000000
7,36507160;0,04336860;0,00000000
7,36517560;0,04336860;0,00000000
7,36527960;0,00000000;0,00000000
7,36538360;0,00000000;0,00000000
7,36548760;0,00000000;0,00000000
7,36559160;0,00000000;0,00000000
7,36569560;0,00000000;0,00000000
7,36579960;0,00000000;0,00000000
7,36590360;0,04336860;0,00000000
7,36600760;0,04336860;0,00000000
7,36611160;0,04336860;0,00000000
7,36621560;0,00000000;0,00000000
7,36631960;0,04336860;0,00000000
7,36642360;0,04336860;0,00000000
7,36652760;0,00000000;0,00000000
7,36663160;0,00000000;0,00000000
7,36673560;0,00000000;0,00000000
7,36683960;0,00000000;0,00000000
7,36694360;0,00000000;0,00000000
7,36704760;0,00000000;0,00000000
7,36715160;0,04336860;0,00000000
7,36725560;0,00000000;0,00000000
7,36735960;0,00000000;0,00000000
7,36746360;0,00000000;0,00000000
7,36756760;0,00000000;0,00000000
7,36767160;0,00000000;0,00000000
7,36777560;0,00000000;0,00000000
7,36787960;0,00000000;0,00000000
7,36798360;0,04336860;0,00000000
7,36808760;0,00000000;0,00000000
7,36819160;0,00000000;0,00000000
7,36829560;0,00000000;0,00000000
7,36839960;0,00000000;0,00000000
7,36850360;0,00000000;0,00000000
7,36860760;0,00000000;0,00000000
7,36871160;0,00000000;0,00000000
7,36881560;0,00000000;0,00000000
7,36891960;0,00000000;0,00000000
7,36902360;0,00000000;0,00000000
7,36912760;0,00000000;0,00000000
7,36923160;0,00000000;0,00000000
7,36933560;0,04336860;0,00000000
7,36943960;0,00000000;0,00000000
7,36954360;0,04336860;0,00000000
7,36964760;0,04336860;0,00000000
7,36975160;0,00000000;0,00000000
7,36985560;0,00000000;0,00000000
7,36995960;0,00000000;0,00000000
7,37006360;0,04336860;0,00000000
7,37016760;0,04336860;0,00000000
7,37027160;0,00000000;0,00000000
7,37037560;0,00000000;0,00000000
7,37047960;0,04336860;0,00000000
7,37058360;0,00000000;0,00000000
7,37068760;0,00000000;0,00000000
7,37079160;0,00000000;0,00000000
7,37089560;0,00000000;0,00000000
7,37099960;0,00000000;0,00000000
7,37110360;0,00000000;0,00000000
7,37120760;0,00000000;0,00000000
7,37131160;0,00000000;0,00000000
7,37141560;0,00000000;0,00000000
7,37151960;0,04336860;0,00000000
7,37162360;0,00000000;0,00000000
7,37172760;0,00000000;0,00000000
7,37183160;0,04336860;0,00000000
7,37193560;0,04336860;0,00000000
7,37203960;0,00000000;0,00000000
7,37214360;0,04336860;0,00000000
7,37224760;0,00000000;0,00000000
7,37235160;0,00000000;0,00000000
7,37245560;0,00000000;0,00000000
7,37255960;0,04336860;0,00000000
7,37266360;0,00000000;0,00000000
7,37276760;0,00000000;0,00000000
7,37287160;0,00000000;0,00000000
7,37297560;0,00000000;0,00000000
7,37307960;0,00000000;0,00000000
7,37318360;0,00000000;0,00000000
7,37328760;0,00000000;0,00000000
7,37339160;0,00000000;0,00000000
7,37349560;0,04336860;-0,01734744
7,37359960;0,00000000;0,00000000
7,37370360;0,00000000;0,00000000
7,37380760;0,00000000;0,00000000
7,37391160;0,04336860;0,00000000
7,37401560;0,00000000;0,00000000
7,37411960;0,00000000;0,00000000
7,37422360;0,00000000;0,00000000
7,37432760;0,04336860;0,00000000
7,37443160;0,00000000;0,00000000
7,37453560;0,00000000;0,00000000
7,37463960;0,04336860;0,00000000
7,37474360;0,00000000;0,00000000
7,37484760;0,04336860;0,00000000
7,37495160;0,00000000;0,00000000
7,37505560;0,00000000;0,00000000
7,37515960;0,04336860;0,00000000
7,37526360;0,00000000;0,00000000
7,37536760;0,04336860;0,00000000
7,37547160;0,04336860;0,00000000
7,37557560;0,00000000;0,00000000
7,37567960;0,00000000;0,00000000
7,37578360;0,00000000;0,00000000
7,37588760;0,00000000;0,00000000
7,37599160;0,00000000;0,00000000
7,37609560;0,04336860;0,00000000
7,37619960;0,00000000;0,00000000
7,37630360;0,00000000;0,00000000
7,37640760;0,04336860;0,00000000
7,37651160;0,00000000;0,00000000
7,37661560;0,04336860;0,00000000
7,37671960;0,04336860;0,00000000
7,37682360;0,00000000;0,00000000
7,37692760;0,00000000;0,00000000
7,37703160;0,00000000;0,00000000
7,37713560;0,00000000;0,00000000
7,37723960;0,00000000;0,00000000
7,37734360;0,00000000;0,00000000
7,37744760;0,00000000;0,00000000
7,37755160;0,00000000;0,00000000
7,37765560;0,00000000;0,00000000
7,37775960;0,00000000;0,00000000
7,37786360;0,04336860;0,00000000
7,37796760;0,00000000;0,00000000
7,37807160;0,00000000;0,00000000
7,37817560;0,00000000;0,00000000
7,37827960;0,00000000;0,00000000
7,37838360;0,00000000;0,00000000
7,37848760;0,00000000;0,00000000
7,37859160;0,00000000;0,00000000
7,37869560;0,00000000;0,00000000
7,37879960;0,04336860;0,00000000
7,37890360;0,00000000;0,00000000
7,37900760;0,04336860;0,00000000
7,37911160;0,00000000;0,00000000
7,37921560;0,00000000;-0,01734744
7,37931960;0,00000000;0,00000000
7,37942360;0,04336860;0,00000000
7,37952760;0,04336860;0,00000000
7,37963160;0,00000000;0,00000000
7,37973560;0,00000000;0,00000000
7,37983960;0,00000000;0,00000000
7,37994360;0,04336860;0,00000000
7,38004760;0,00000000;0,00000000
7,38015160;0,00000000;0,00000000
7,38025560;0,00000000;0,00000000
7,38035960;0,00000000;0,00000000
7,38046360;0,00000000;0,00000000
7,38056760;0,00000000;0,00000000
7,38067160;0,04336860;0,00000000
7,38077560;0,00000000;0,00000000
7,38087960;0,00000000;0,00000000
7,38098360;0,00000000;-0,01734744
7,38108760;0,04336860;0,00000000
7,38119160;0,00000000;0,00000000
7,38129560;0,04336860;0,00000000
7,38139960;0,00000000;0,00000000
7,38150360;0,04336860;0,00000000
7,38160760;0,00000000;0,00000000
7,38171160;0,00000000;0,00000000
7,38181560;0,00000000;0,00000000
7,38191960;0,04336860;0,00000000
7,38202360;0,00000000;0,00000000
7,38212760;0,00000000;-0,01734744
7,38223160;0,04336860;0,00000000
7,38233560;0,00000000;0,00000000
7,38243960;0,00000000;0,00000000
7,38254360;0,00000000;0,00000000
7,38264760;0,00000000;0,00000000
7,38275160;0,00000000;0,00000000
7,38285560;0,04336860;0,00000000
7,38295960;0,04336860;0,00000000
7,38306360;0,00000000;0,00000000
7,38316760;0,00000000;0,00000000
7,38327160;0,00000000;0,00000000
7,38337560;0,00000000;0,00000000
7,38347960;0,04336860;-0,01734744
7,38358360;0,00000000;0,00000000
7,38368760;0,00000000;0,00000000
7,38379160;0,00000000;0,00000000
7,38389560;0,00000000;0,00000000
7,38399960;0,00000000;0,00000000
7,38410360;0,04336860;0,00000000
7,38420760;0,00000000;0,00000000
7,38431160;0,04336860;0,00000000
7,38441560;0,00000000;0,00000000
7,38451960;0,00000000;0,00000000
7,38462360;0,00000000;0,00000000
7,38472760;0,00000000;0,00000000
7,38483160;0,04336860;0,00000000
7,38493560;0,00000000;0,00000000
7,38503960;0,00000000;0,00000000
7,38514360;0,04336860;0,00000000
7,38524760;0,00000000;0,00000000
7,38535160;0,00000000;0,00000000
7,38545560;0,00000000;0,00000000
7,38555960;0,00000000;0,00000000
7,38566360;0,00000000;0,00000000
7,38576760;0,00000000;0,00000000
7,38587160;0,00000000;0,00000000
7,38597560;0,00000000;-0,01734744
7,38607960;0,00000000;0,00000000
7,38618360;0,00000000;0,00000000
7,38628760;0,04336860;0,00000000
7,38639160;0,00000000;0,00000000
7,38649560;0,00000000;0,00000000
7,38659960;0,00000000;0,00000000
7,38670360;0,00000000;0,00000000
7,38680760;0,00000000;0,00000000
7,38691160;0,00000000;0,00000000
7,38701560;0,04336860;0,00000000
7,38711960;0,00000000;0,00000000
7,38722360;0,00000000;0,00000000
7,38732760;0,00000000;0,00000000
7,38743160;0,00000000;0,00000000
7,38753560;0,04336860;0,00000000
7,38763960;0,00000000;0,00000000
7,38774360;0,00000000;0,00000000
7,38784760;0,00000000;0,00000000
7,38795160;0,04336860;0,00000000
7,38805560;0,00000000;0,00000000
7,38815960;0,04336860;0,00000000
7,38826360;0,00000000;0,00000000
7,38836760;0,04336860;0,00000000
7,38847160;0,00000000;0,00000000
7,38857560;0,00000000;0,00000000
7,38867960;0,04336860;0,00000000
7,38878360;0,00000000;0,00000000
7,38888760;0,00000000;0,00000000
7,38899160;0,04336860;0,00000000
7,38909560;0,00000000;0,00000000
7,38919960;0,04336860;0,00000000
7,38930360;0,00000000;0,00000000
7,38940760;0,00000000;0,00000000
7,38951160;0,00000000;0,00000000
7,38961560;0,00000000;0,00000000
7,38971960;0,00000000;0,00000000
7,38982360;0,04336860;0,00000000
7,38992760;0,00000000;0,00000000
7,39003160;0,00000000;0,00000000
7,39013560;0,00000000;0,00000000
7,39023960;0,00000000;0,00000000
7,39034360;0,04336860;0,00000000
7,39044760;0,00000000;0,00000000
7,39055160;0,00000000;0,00000000
7,39065560;0,00000000;0,00000000
7,39075960;0,00000000;0,00000000
7,39086360;0,00000000;0,00000000
7,39096760;0,00000000;0,00000000
7,39107160;0,00000000;-0,01734744
7,39117560;0,00000000;-0,01734744
7,39127960;0,04336860;0,00000000
7,39138360;0,00000000;0,00000000
7,39148760;0,00000000;0,00000000
7,39159160;0,04336860;0,00000000
7,39169560;0,00000000;0,00000000
7,39179960;0,00000000;0,00000000
7,39190360;0,00000000;0,00000000
7,39200760;0,00000000;0,00000000
7,39211160;0,00000000;0,00000000
7,39221560;0,00000000;0,00000000
7,39231960;0,04336860;0,00000000
7,39242360;0,00000000;0,00000000
7,39252760;0,00000000;0,00000000
7,39263160;0,00000000;0,00000000
7,39273560;0,00000000;0,00000000
7,39283960;0,00000000;0,00000000
7,39294360;0,00000000;0,00000000
7,39304760;0,00000000;0,00000000
7,39315160;0,00000000;0,00000000
7,39325560;0,00000000;0,00000000
7,39335960;0,00000000;0,00000000
7,39346360;0,04336860;0,00000000
7,39356760;0,00000000;0,00000000
7,39367160;0,04336860;0,00000000
7,39377560;0,00000000;0,00000000
7,39387960;0,00000000;0,00000000
7,39398360;0,00000000;0,00000000
7,39408760;0,00000000;0,00000000
7,39419160;0,00000000;0,00000000
7,39429560;0,00000000;-0,01734744
7,39439960;0,00000000;0,00000000
7,39450360;0,00000000;-0,01734744
7,39460760;0,00000000;0,00000000
7,39471160;0,00000000;0,00000000
7,39481560;0,04336860;0,00000000
7,39491960;0,00000000;0,00000000
7,39502360;0,00000000;0,00000000
7,39512760;0,04336860;0,00000000
7,39523160;0,00000000;0,00000000
7,39533560;0,00000000;0,00000000
7,39543960;0,00000000;0,00000000
7,39554360;0,04336860;0,00000000
7,39564760;0,04336860;0,00000000
7,39575160;0,00000000;0,00000000
7,39585560;0,00000000;0,00000000
7,39595960;0,00000000;-0,01734744
7,39606360;0,00000000;0,00000000
7,39616760;0,00000000;0,00000000
7,39627160;0,00000000;0,00000000
7,39637560;0,00000000;0,00000000
7,39647960;0,00000000;0,00000000
7,39658360;0,04336860;0,00000000
7,39668760;0,00000000;0,00000000
7,39679160;0,00000000;0,00000000
7,39689560;0,00000000;0,00000000
7,39699960;0,04336860;0,00000000
7,39710360;0,00000000;0,00000000
7,39720760;0,00000000;0,00000000
7,39731160;0,00000000;0,00000000
7,39741560;0,04336860;0,00000000
7,39751960;0,04336860;0,00000000
7,39762360;0,00000000;0,00000000
7,39772760;0,04336860;0,00000000
7,39783160;0,04336860;0,00000000
7,39793560;0,00000000;0,00000000
7,39803960;0,00000000;0,00000000
7,39814360;0,00000000;0,00000000
7,39824760;0,00000000;0,00000000
7,39835160;0,00000000;0,00000000
7,39845560;0,00000000;0,00000000
7,39855960;0,00000000;0,00000000
7,39866360;0,04336860;0,00000000
7,39876760;0,00000000;0,00000000
7,39887160;0,04336860;-0,01734744
7,39897560;0,00000000;0,00000000
7,39907960;0,00000000;0,00000000
7,39918360;0,04336860;-0,01734744
7,39928760;0,08689100;0,00000000
7,39939160;0,00000000;0,00000000
7,39949560;0,04336860;-0,01734744
7,39959960;0,00000000;0,00000000
7,39970360;0,00000000;0,00000000
7,39980760;0,00000000;0,00000000
7,39991160;0,00000000;0,00000000
7,40001560;0,04336860;0,00000000
7,40011960;0,00000000;0,00000000
7,40022360;0,00000000;0,00000000
7,40032760;0,00000000;0,00000000
7,40043160;0,00000000;0,00000000
7,40053560;0,00000000;0,00000000
7,40063960;0,00000000;0,00000000
7,40074360;0,00000000;0,00000000
7,40084760;0,00000000;0,00000000
7,40095160;0,00000000;0,00000000
7,40105560;0,04336860;0,00000000
7,40115960;0,00000000;0,00000000
7,40126360;0,00000000;0,00000000
7,40136760;0,00000000;0,00000000
7,40147160;0,00000000;0,00000000
7,40157560;0,00000000;0,00000000
7,40167960;0,00000000;0,00000000
7,40178360;0,00000000;0,00000000
7,40188760;0,00000000;0,00000000
7,40199160;0,00000000;0,00000000
7,40209560;0,04336860;0,00000000
7,40219960;0,04336860;0,00000000
7,40230360;0,04336860;0,00000000
7,40240760;0,00000000;0,00000000
7,40251160;0,04336860;0,00000000
7,40261560;0,00000000;0,00000000
7,40271960;0,00000000;0,00000000
7,40282360;0,00000000;0,00000000
7,40292760;0,00000000;0,00000000
7,40303160;0,04336860;0,00000000
7,40313560;0,00000000;0,00000000
7,40323960;0,00000000;0,00000000
7,40334360;0,04336860;0,00000000
7,40344760;0,04336860;0,00000000
7,40355160;0,04336860;0,00000000
7,40365560;0,00000000;0,00000000
7,40375960;0,04336860;0,00000000
7,40386360;0,00000000;-0,01734744
7,40396760;0,00000000;0,00000000
7,40407160;0,00000000;0,00000000
7,40417560;0,04336860;0,00000000
7,40427960;0,00000000;0,00000000
7,40438360;0,04336860;0,00000000
7,40448760;0,00000000;0,00000000
7,40459160;0,04336860;0,00000000
7,40469560;0,04336860;0,00000000
7,40479960;0,04336860;0,00000000
7,40490360;0,04336860;0,00000000
7,40500760;0,04336860;0,00000000
7,40511160;0,00000000;0,00000000
7,40521560;0,00000000;0,00000000
7,40531960;0,00000000;0,00000000
7,40542360;0,00000000;0,00000000
7,40552760;0,04336860;0,00000000
7,40563160;0,00000000;0,00000000
7,40573560;0,00000000;0,00000000
7,40583960;0,00000000;0,00000000
7,40594360;0,04336860;0,00000000
7,40604760;0,00000000;0,00000000
7,40615160;0,00000000;0,00000000
7,40625560;0,04336860;0,00000000
7,40635960;0,04336860;0,00000000
7,40646360;0,00000000;0,00000000
7,40656760;0,00000000;0,00000000
7,40667160;0,04336860;0,00000000
7,40677560;0,00000000;0,00000000
7,40687960;0,00000000;0,00000000
7,40698360;0,00000000;0,00000000
7,40708760;0,00000000;0,00000000
7,40719160;0,00000000;0,00000000
7,40729560;0,04336860;0,00000000
7,40739960;0,00000000;0,00000000
7,40750360;0,04336860;0,00000000
7,40760760;0,00000000;0,00000000
7,40771160;0,00000000;0,00000000
7,40781560;0,04336860;0,00000000
7,40791960;0,04336860;0,00000000
7,40802360;0,04336860;0,00000000
7,40812760;0,04336860;0,00000000
7,40823160;0,00000000;-0,01734744
7,40833560;0,00000000;0,00000000
7,40843960;0,04336860;0,00000000
7,40854360;0,00000000;0,00000000
7,40864760;0,04336860;0,00000000
7,40875160;0,00000000;0,00000000
7,40885560;0,00000000;0,00000000
7,40895960;0,00000000;0,00000000
7,40906360;0,04336860;0,00000000
7,40916760;0,04336860;0,00000000
7,40927160;0,00000000;0,00000000
7,40937560;0,04336860;0,00000000
7,40947960;0,00000000;0,00000000
7,40958360;0,04336860;0,00000000
7,40968760;0,00000000;0,00000000
7,40979160;0,00000000;0,00000000
7,40989560;0,00000000;0,00000000
7,40999960;0,00000000;0,00000000
7,41010360;0,00000000;0,00000000
7,41020760;0,00000000;0,00000000
7,41031160;0,00000000;0,00000000
7,41041560;0,04336860;0,00000000
7,41051960;0,04336860;0,00000000
7,41062360;0,04336860;0,00000000
7,41072760;0,00000000;0,00000000
7,41083160;0,00000000;0,00000000
7,41093560;0,00000000;0,00000000
7,41103960;0,04336860;0,00000000
7,41114360;0,00000000;0,00000000
7,41124760;0,00000000;0,00000000
7,41135160;0,00000000;0,00000000
7,41145560;0,04336860;0,00000000
7,41155960;0,00000000;0,00000000
7,41166360;0,04336860;0,00000000
7,41176760;0,00000000;0,00000000
7,41187160;0,04336860;0,00000000
7,41197560;0,00000000;0,00000000
7,41207960;0,04336860;0,00000000
7,41218360;0,00000000;0,00000000
7,41228760;0,04336860;0,00000000
7,41239160;0,00000000;0,00000000
7,41249560;0,00000000;0,00000000
7,41259960;0,00000000;0,00000000
7,41270360;0,00000000;0,00000000
7,41280760;0,00000000;0,00000000
7,41291160;0,00000000;0,00000000
7,41301560;0,00000000;0,00000000
7,41311960;0,04336860;0,00000000
7,41322360;0,00000000;0,00000000
7,41332760;0,04336860;0,00000000
7,41343160;0,00000000;0,00000000
7,41353560;0,00000000;0,00000000
7,41363960;0,00000000;0,00000000
7,41374360;0,04336860;0,00000000
7,41384760;0,00000000;0,00000000
7,41395160;0,04336860;0,00000000
7,41405560;0,00000000;0,00000000
7,41415960;0,04336860;0,00000000
7,41426360;0,00000000;0,00000000
7,41436760;0,00000000;0,00000000
7,41447160;0,00000000;0,00000000
7,41457560;0,00000000;0,00000000
7,41467960;0,00000000;0,00000000
7,41478360;0,04336860;0,00000000
7,41488760;0,04336860;0,00000000
7,41499160;0,04336860;0,00000000
7,41509560;0,00000000;0,00000000
7,41519960;0,00000000;0,00000000
7,41530360;0,00000000;0,00000000
7,41540760;0,00000000;0,00000000
7,41551160;0,00000000;0,00000000
7,41561560;0,00000000;0,00000000
7,41571960;0,00000000;0,00000000
7,41582360;0,04336860;0,00000000
7,41592760;0,00000000;0,00000000
7,41603160;0,00000000;0,00000000
7,41613560;0,00000000;0,00000000
7,41623960;0,00000000;0,00000000
7,41634360;0,00000000;0,00000000
7,41644760;0,04336860;0,00000000
7,41655160;0,00000000;0,00000000
7,41665560;0,00000000;0,00000000
7,41675960;0,00000000;0,00000000
7,41686360;0,00000000;0,00000000
7,41696760;0,00000000;0,00000000
7,41707160;0,00000000;0,00000000
7,41717560;0,04336860;0,00000000
7,41727960;0,00000000;0,00000000
7,41738360;0,00000000;0,00000000
7,41748760;0,00000000;0,00000000
7,41759160;0,00000000;0,00000000
7,41769560;0,00000000;0,00000000
7,41779960;0,00000000;0,00000000
7,41790360;0,00000000;0,00000000
7,41800760;0,00000000;0,00000000
7,41811160;0,00000000;0,00000000
7,41821560;0,04336860;0,00000000
7,41831960;0,00000000;0,00000000
7,41842360;0,00000000;0,00000000
7,41852760;0,00000000;0,00000000
7,41863160;0,00000000;0,00000000
7,41873560;0,00000000;0,00000000
7,41883960;0,00000000;0,00000000
7,41894360;0,00000000;0,00000000
7,41904760;0,04336860;0,00000000
7,41915160;0,04336860;0,00000000
7,41925560;0,00000000;0,00000000
7,41935960;0,00000000;0,00000000
7,41946360;0,00000000;0,00000000
7,41956760;0,00000000;0,00000000
7,41967160;0,00000000;0,00000000
7,41977560;0,00000000;0,00000000
7,41987960;0,00000000;0,00000000
7,41998360;0,04336860;0,00000000
7,42008760;0,00000000;0,00000000
7,42019160;0,00000000;0,00000000
7,42029560;0,00000000;0,00000000
7,42039960;0,00000000;-0,01734744
7,42050360;0,00000000;0,00000000
7,42060760;0,04336860;0,00000000
7,42071160;0,00000000;0,00000000
7,42081560;0,00000000;0,00000000
7,42091960;0,00000000;0,00000000
7,42102360;0,00000000;0,00000000
7,42112760;0,00000000;0,00000000
7,42123160;0,04336860;0,00000000
7,42133560;0,00000000;0,00000000
7,42143960;0,00000000;0,00000000
7,42154360;0,04336860;0,00000000
7,42164760;0,00000000;0,00000000
7,42175160;0,00000000;0,00000000
7,42185560;0,00000000;0,00000000
7,42195960;0,04336860;0,00000000
7,42206360;0,00000000;0,00000000
7,42216760;0,00000000;0,00000000
7,42227160;0,00000000;0,00000000
7,42237560;0,00000000;0,00000000
7,42247960;0,00000000;0,00000000
7,42258360;0,00000000;0,00000000
7,42268760;0,00000000;0,00000000
7,42279160;0,00000000;0,00000000
7,42289560;0,04336860;0,00000000
7,42299960;0,00000000;0,00000000
7,42310360;0,00000000;0,00000000
7,42320760;0,04336860;0,00000000
7,42331160;0,00000000;0,00000000
7,42341560;0,00000000;0,00000000
7,42351960;0,00000000;0,00000000
7,42362360;0,04336860;0,00000000
7,42372760;0,00000000;0,00000000
7,42383160;0,00000000;0,00000000
7,42393560;0,04336860;0,00000000
7,42403960;0,00000000;0,00000000
7,42414360;0,00000000;0,00000000
7,42424760;0,00000000;0,00000000
7,42435160;0,00000000;0,00000000
7,42445560;0,00000000;0,00000000
7,42455960;0,00000000;0,00000000
7,42466360;0,00000000;0,00000000
7,42476760;0,04336860;0,00000000
7,42487160;0,00000000;0,00000000
7,42497560;0,00000000;0,00000000
7,42507960;0,00000000;0,00000000
7,42518360;0,00000000;0,00000000
7,42528760;0,00000000;0,00000000
7,42539160;0,04336860;0,00000000
7,42549560;0,00000000;0,00000000
7,42559960;0,04336860;0,00000000
7,42570360;0,00000000;0,00000000
7,42580760;0,00000000;0,00000000
7,42591160;0,00000000;0,00000000
7,42601560;0,00000000;0,00000000
7,42611960;0,00000000;0,00000000
7,42622360;0,00000000;0,00000000
7,42632760;0,00000000;0,00000000
7,42643160;0,00000000;0,00000000
7,42653560;0,04336860;0,00000000
7,42663960;0,00000000;0,00000000
7,42674360;0,04336860;0,00000000
7,42684760;0,04336860;0,00000000
7,42695160;0,00000000;0,00000000
7,42705560;0,00000000;0,00000000
7,42715960;0,00000000;0,00000000
7,42726360;0,00000000;0,00000000
7,42736760;0,00000000;0,00000000
7,42747160;0,00000000;0,00000000
7,42757560;0,00000000;0,00000000
7,42767960;0,00000000;0,00000000
7,42778360;0,04336860;0,00000000
7,42788760;0,00000000;0,00000000
7,42799160;0,00000000;0,00000000
7,42809560;0,04336860;0,00000000
7,42819960;0,00000000;0,00000000
7,42830360;0,00000000;0,00000000
7,42840760;0,00000000;0,00000000
7,42851160;0,00000000;0,00000000
7,42861560;0,00000000;0,00000000
7,42871960;0,04336860;0,00000000
7,42882360;0,00000000;0,00000000
7,42892760;0,04336860;0,00000000
7,42903160;0,00000000;0,00000000
7,42913560;0,00000000;0,00000000
7,42923960;0,04336860;0,00000000
7,42934360;0,00000000;0,00000000
7,42944760;0,00000000;0,00000000
7,42955160;0,00000000;0,00000000
7,42965560;0,00000000;0,00000000
7,42975960;0,00000000;-0,01734744
7,42986360;0,00000000;0,00000000
7,42996760;0,00000000;0,00000000
7,43007160;0,00000000;-0,01734744
7,43017560;0,00000000;0,00000000
7,43027960;0,00000000;0,00000000
7,43038360;0,00000000;0,00000000
7,43048760;0,00000000;0,00000000
7,43059160;0,00000000;0,00000000
7,43069560;0,04336860;0,00000000
7,43079960;0,00000000;0,00000000
7,43090360;0,00000000;0,00000000
7,43100760;0,04336860;0,00000000
7,43111160;0,00000000;0,00000000
7,43121560;0,00000000;0,00000000
7,43131960;0,00000000;0,00000000
7,43142360;0,00000000;0,00000000
7,43152760;0,00000000;0,00000000
7,43163160;0,00000000;0,00000000
7,43173560;0,00000000;0,00000000
7,43183960;0,00000000;0,00000000
7,43194360;0,00000000;0,00000000
7,43204760;0,00000000;0,00000000
7,43215160;0,00000000;0,00000000
7,43225560;0,00000000;0,00000000
7,43235960;0,00000000;0,00000000
7,43246360;0,00000000;0,00000000
7,43256760;0,00000000;0,00000000
7,43267160;0,00000000;0,00000000
7,43277560;0,00000000;0,00000000
7,43287960;0,00000000;0,00000000
7,43298360;0,00000000;0,00000000
7,43308760;0,00000000;0,00000000
7,43319160;0,00000000;0,00000000
7,43329560;0,00000000;0,00000000
7,43339960;0,00000000;0,00000000
7,43350360;0,00000000;0,00000000
7,43360760;0,00000000;0,00000000
7,43371160;0,00000000;0,00000000
7,43381560;0,00000000;0,00000000
7,43391960;0,00000000;0,00000000
7,43402360;0,00000000;0,00000000
7,43412760;0,00000000;0,00000000
7,43423160;0,00000000;-0,01734744
7,43433560;0,00000000;0,00000000
7,43443960;0,00000000;0,00000000
7,43454360;0,04336860;0,00000000
7,43464760;0,00000000;0,00000000
7,43475160;0,00000000;0,00000000
7,43485560;0,00000000;0,00000000
7,43495960;0,00000000;0,00000000
7,43506360;0,00000000;0,00000000
7,43516760;0,00000000;0,00000000
7,43527160;0,00000000;0,00000000
7,43537560;0,00000000;0,00000000
7,43547960;0,00000000;0,00000000
7,43558360;0,04336860;0,00000000
7,43568760;0,00000000;0,00000000
7,43579160;0,00000000;0,00000000
7,43589560;0,00000000;0,00000000
7,43599960;0,04336860;0,00000000
7,43610360;0,00000000;0,00000000
7,43620760;0,00000000;0,00000000
7,43631160;0,00000000;0,00000000
7,43641560;0,00000000;0,00000000
7,43651960;0,04336860;0,00000000
7,43662360;0,04336860;0,00000000
7,43672760;0,00000000;0,00000000
7,43683160;0,00000000;0,00000000
7,43693560;0,04336860;0,00000000
7,43703960;0,04336860;0,00000000
7,43714360;0,00000000;0,00000000
7,43724760;0,00000000;0,00000000
7,43735160;0,00000000;0,00000000
7,43745560;0,00000000;0,00000000
7,43755960;0,00000000;0,00000000
7,43766360;0,04336860;0,00000000
7,43776760;0,04336860;0,00000000
7,43787160;0,00000000;0,00000000
7,43797560;0,00000000;0,00000000
7,43807960;0,04336860;0,00000000
7,43818360;0,00000000;0,00000000
7,43828760;0,04336860;0,00000000
7,43839160;0,00000000;0,00000000
7,43849560;0,00000000;0,00000000
7,43859960;0,00000000;0,00000000
7,43870360;0,04336860;0,00000000
7,43880760;0,00000000;0,00000000
7,43891160;0,00000000;0,00000000
7,43901560;0,00000000;0,00000000
7,43911960;0,04336860;0,00000000
7,43922360;0,00000000;0,00000000
7,43932760;0,04336860;0,00000000
7,43943160;0,04336860;-0,01734744
7,43953560;0,00000000;0,00000000
7,43963960;0,00000000;0,00000000
7,43974360;0,00000000;0,00000000
7,43984760;0,00000000;0,00000000
7,43995160;0,04336860;0,00000000
7,44005560;0,00000000;0,00000000
7,44015960;0,00000000;0,00000000
7,44026360;0,00000000;0,00000000
7,44036760;0,00000000;0,00000000
7,44047160;0,00000000;0,00000000
7,44057560;0,00000000;0,00000000
7,44067960;0,04336860;0,00000000
7,44078360;0,00000000;0,00000000
7,44088760;0,04336860;0,00000000
7,44099160;0,00000000;0,00000000
7,44109560;0,00000000;0,00000000
7,44119960;0,00000000;0,00000000
7,44130360;0,04336860;0,00000000
7,44140760;0,00000000;0,00000000
7,44151160;0,04336860;0,00000000
7,44161560;0,00000000;0,00000000
7,44171960;0,00000000;0,00000000
7,44182360;0,04336860;0,00000000
7,44192760;0,00000000;0,00000000
7,44203160;0,00000000;0,00000000
7,44213560;0,00000000;0,00000000
7,44223960;0,00000000;0,00000000
7,44234360;0,00000000;0,00000000
7,44244760;0,00000000;0,00000000
7,44255160;0,00000000;0,00000000
7,44265560;0,04336860;0,00000000
7,44275960;0,00000000;0,00000000
7,44286360;0,00000000;0,00000000
7,44296760;0,00000000;0,00000000
7,44307160;0,04336860;0,00000000
7,44317560;0,00000000;0,00000000
7,44327960;0,04336860;0,00000000
7,44338360;0,04336860;0,00000000
7,44348760;0,00000000;0,00000000
7,44359160;0,00000000;0,00000000
7,44369560;0,00000000;0,00000000
7,44379960;0,00000000;0,00000000
7,44390360;0,00000000;0,00000000
7,44400760;0,04336860;-0,01734744
7,44411160;0,00000000;0,00000000
7,44421560;0,04336860;0,00000000
7,44431960;0,00000000;0,00000000
7,44442360;0,00000000;0,00000000
7,44452760;0,00000000;0,00000000
7,44463160;0,00000000;0,00000000
7,44473560;0,00000000;0,00000000
7,44483960;0,00000000;0,00000000
7,44494360;0,00000000;0,00000000
7,44504760;0,00000000;0,00000000
7,44515160;0,04336860;0,00000000
7,44525560;0,00000000;0,00000000
7,44535960;0,00000000;0,00000000
7,44546360;0,00000000;0,00000000
7,44556760;0,00000000;0,00000000
7,44567160;0,00000000;0,00000000
7,44577560;0,04336860;0,00000000
7,44587960;0,00000000;0,00000000
7,44598360;0,00000000;0,00000000
7,44608760;0,00000000;0,00000000
7,44619160;0,00000000;0,00000000
7,44629560;0,00000000;0,00000000
7,44639960;0,00000000;0,00000000
7,44650360;0,00000000;0,00000000
7,44660760;0,00000000;0,00000000
7,44671160;0,00000000;0,00000000
7,44681560;0,00000000;0,00000000
7,44691960;0,00000000;0,00000000
7,44702360;0,00000000;0,00000000
7,44712760;0,00000000;0,00000000
7,44723160;0,04336860;0,00000000
7,44733560;0,00000000;0,00000000
7,44743960;0,00000000;0,00000000
7,44754360;0,04336860;0,00000000
7,44764760;0,00000000;0,00000000
7,44775160;0,04336860;0,00000000
7,44785560;0,04336860;0,00000000
7,44795960;0,00000000;0,00000000
7,44806360;0,00000000;0,00000000
7,44816760;0,00000000;0,00000000
7,44827160;0,00000000;0,00000000
7,44837560;0,00000000;0,00000000
7,44847960;0,04336860;0,00000000
7,44858360;0,00000000;0,00000000
7,44868760;0,00000000;-0,01734744
7,44879160;0,04336860;0,00000000
7,44889560;0,04336860;0,00000000
7,44899960;0,04336860;0,00000000
7,44910360;0,00000000;0,00000000
7,44920760;0,00000000;0,00000000
7,44931160;0,00000000;0,00000000
7,44941560;0,00000000;0,00000000
7,44951960;0,00000000;0,00000000
7,44962360;0,00000000;0,00000000
7,44972760;0,04336860;0,00000000
7,44983160;0,00000000;0,00000000
7,44993560;0,00000000;0,00000000
7,45003960;0,04336860;0,00000000
7,45014360;0,00000000;0,00000000
7,45024760;0,00000000;0,00000000
7,45035160;0,00000000;0,00000000
7,45045560;0,04336860;0,00000000
7,45055960;0,00000000;0,00000000
7,45066360;0,00000000;0,00000000
7,45076760;0,00000000;0,00000000
7,45087160;0,04336860;-0,01734744
7,45097560;0,00000000;0,00000000
7,45107960;0,04336860;0,00000000
7,45118360;0,04336860;0,00000000
7,45128760;0,00000000;0,00000000
7,45139160;0,00000000;0,00000000
7,45149560;0,00000000;0,00000000
7,45159960;0,00000000;0,00000000
7,45170360;0,00000000;0,00000000
7,45180760;0,00000000;0,00000000
7,45191160;0,00000000;0,00000000
7,45201560;0,00000000;0,00000000
7,45211960;0,00000000;0,00000000
7,45222360;0,00000000;0,00000000
7,45232760;0,00000000;0,00000000
7,45243160;0,00000000;0,00000000
7,45253560;0,00000000;0,00000000
7,45263960;0,00000000;0,00000000
7,45274360;0,00000000;0,00000000
7,45284760;0,00000000;0,00000000
7,45295160;0,04336860;0,00000000
7,45305560;0,00000000;0,00000000
7,45315960;0,00000000;0,00000000
7,45326360;0,04336860;0,00000000
7,45336760;0,00000000;0,00000000
7,45347160;0,00000000;0,00000000
7,45357560;0,00000000;0,00000000
7,45367960;0,04336860;0,00000000
7,45378360;0,04336860;0,00000000
7,45388760;0,00000000;0,00000000
7,45399160;0,00000000;0,00000000
7,45409560;0,00000000;0,00000000
7,45419960;0,00000000;0,00000000
7,45430360;0,00000000;0,00000000
7,45440760;0,00000000;0,00000000
7,45451160;0,00000000;0,00000000
7,45461560;0,00000000;0,00000000
7,45471960;0,00000000;0,00000000
7,45482360;0,00000000;0,00000000
7,45492760;0,04336860;0,00000000
7,45503160;0,00000000;0,00000000
7,45513560;0,00000000;0,00000000
7,45523960;0,00000000;0,00000000
7,45534360;0,04336860;0,00000000
7,45544760;0,00000000;0,00000000
7,45555160;0,00000000;0,00000000
7,45565560;0,00000000;0,00000000
7,45575960;0,04336860;0,00000000
7,45586360;0,00000000;0,00000000
7,45596760;0,00000000;0,00000000
7,45607160;0,00000000;0,00000000
7,45617560;0,00000000;0,00000000
7,45627960;0,00000000;0,00000000
7,45638360;0,00000000;0,00000000
7,45648760;0,00000000;0,00000000
7,45659160;0,00000000;0,00000000
7,45669560;0,00000000;0,00000000
7,45679960;0,00000000;0,00000000
7,45690360;0,00000000;0,00000000
7,45700760;0,00000000;0,00000000
7,45711160;0,00000000;0,00000000
7,45721560;0,00000000;0,00000000
7,45731960;0,00000000;0,00000000
7,45742360;0,04336860;0,00000000
7,45752760;0,04336860;0,00000000
7,45763160;0,00000000;0,00000000
7,45773560;0,00000000;0,00000000
7,45783960;0,04336860;0,00000000
7,45794360;0,00000000;0,00000000
7,45804760;0,00000000;0,00000000
7,45815160;0,00000000;0,00000000
7,45825560;0,00000000;0,00000000
7,45835960;0,00000000;0,00000000
7,45846360;0,00000000;0,00000000
7,45856760;0,00000000;0,00000000
7,45867160;0,00000000;0,00000000
7,45877560;0,00000000;0,00000000
7,45887960;0,00000000;0,00000000
7,45898360;0,04336860;0,00000000
7,45908760;0,00000000;0,00000000
7,45919160;0,00000000;0,00000000
7,45929560;0,04336860;0,00000000
7,45939960;0,00000000;0,00000000
7,45950360;0,00000000;0,00000000
7,45960760;0,04336860;0,00000000
7,45971160;0,00000000;0,00000000
7,45981560;0,00000000;0,00000000
7,45991960;0,00000000;0,00000000
7,46002360;0,00000000;0,00000000
7,46012760;0,04336860;-0,01734744
7,46023160;0,04336860;0,00000000
7,46033560;0,00000000;0,00000000
7,46043960;0,00000000;0,00000000
7,46054360;0,00000000;0,00000000
7,46064760;0,00000000;0,00000000
7,46075160;0,00000000;0,00000000
7,46085560;0,00000000;0,00000000
7,46095960;0,04336860;0,00000000
7,46106360;0,00000000;0,00000000
7,46116760;0,00000000;0,00000000
7,46127160;0,00000000;0,00000000
7,46137560;0,00000000;0,00000000
7,46147960;0,00000000;0,00000000
7,46158360;0,00000000;0,00000000
7,46168760;0,00000000;0,00000000
7,46179160;0,00000000;0,00000000
7,46189560;0,00000000;0,00000000
7,46199960;0,00000000;0,00000000
7,46210360;0,00000000;-0,01734744
7,46220760;0,00000000;0,00000000
7,46231160;0,00000000;0,00000000
7,46241560;0,00000000;0,00000000
7,46251960;0,00000000;0,00000000
7,46262360;0,00000000;0,00000000
7,46272760;0,00000000;0,00000000
7,46283160;0,04336860;0,00000000
7,46293560;0,00000000;0,00000000
7,46303960;0,04336860;0,00000000
7,46314360;0,00000000;0,00000000
7,46324760;0,04336860;0,00000000
7,46335160;0,00000000;0,00000000
7,46345560;0,00000000;0,00000000
7,46355960;0,00000000;0,00000000
7,46366360;0,00000000;0,00000000
7,46376760;0,00000000;0,00000000
7,46387160;0,04336860;0,00000000
7,46397560;0,00000000;0,00000000
7,46407960;0,00000000;0,00000000
7,46418360;0,00000000;-0,01734744
7,46428760;0,00000000;0,00000000
7,46439160;0,00000000;0,00000000
7,46449560;0,00000000;0,00000000
7,46459960;0,00000000;0,00000000
7,46470360;0,00000000;0,00000000
7,46480760;0,04336860;0,00000000
7,46491160;0,00000000;0,00000000
7,46501560;0,00000000;0,00000000
7,46511960;0,04336860;0,00000000
7,46522360;0,00000000;0,00000000
7,46532760;0,04336860;0,00000000
7,46543160;0,00000000;0,00000000
7,46553560;0,04336860;0,00000000
7,46563960;0,00000000;0,00000000
7,46574360;0,04336860;0,00000000
7,46584760;0,04336860;0,00000000
7,46595160;0,00000000;0,00000000
7,46605560;0,00000000;0,00000000
7,46615960;0,00000000;0,00000000
7,46626360;0,00000000;0,00000000
7,46636760;0,04336860;0,00000000
7,46647160;0,00000000;0,00000000
7,46657560;0,00000000;-0,01734744
7,46667960;0,00000000;0,00000000
7,46678360;0,00000000;0,00000000
7,46688760;0,00000000;0,00000000
7,46699160;0,00000000;0,00000000
7,46709560;0,00000000;0,00000000
7,46719960;0,00000000;0,00000000
7,46730360;0,04336860;0,00000000
7,46740760;0,00000000;0,00000000
7,46751160;0,00000000;0,00000000
7,46761560;0,00000000;0,00000000
7,46771960;0,00000000;0,00000000
7,46782360;0,04336860;0,00000000
7,46792760;0,04336860;0,00000000
7,46803160;0,00000000;0,00000000
7,46813560;0,00000000;0,00000000
7,46823960;0,04336860;0,00000000
7,46834360;0,00000000;0,00000000
7,46844760;0,00000000;0,00000000
7,46855160;0,00000000;0,00000000
7,46865560;0,04336860;-0,01734744
7,46875960;0,00000000;0,00000000
7,46886360;0,00000000;0,00000000
7,46896760;0,00000000;0,00000000
7,46907160;0,00000000;0,00000000
7,46917560;0,00000000;0,00000000
7,46927960;0,04336860;-0,01734744
7,46938360;0,00000000;0,00000000
7,46948760;0,00000000;0,00000000
7,46959160;0,00000000;0,00000000
7,46969560;0,00000000;0,00000000
7,46979960;0,00000000;0,00000000
7,46990360;0,00000000;0,00000000
7,47000760;0,00000000;0,00000000
7,47011160;0,00000000;0,00000000
7,47021560;0,00000000;0,00000000
7,47031960;0,00000000;0,00000000
7,47042360;0,00000000;0,00000000
7,47052760;0,00000000;0,00000000
7,47063160;0,00000000;0,00000000
7,47073560;0,04336860;0,00000000
7,47083960;0,00000000;0,00000000
7,47094360;0,00000000;0,00000000
7,47104760;0,00000000;0,00000000
7,47115160;0,00000000;0,00000000
7,47125560;0,04336860;0,00000000
7,47135960;0,00000000;0,00000000
7,47146360;0,00000000;0,00000000
7,47156760;0,00000000;0,00000000
7,47167160;0,00000000;0,00000000
7,47177560;0,00000000;0,00000000
7,47187960;0,00000000;0,00000000
7,47198360;0,00000000;0,00000000
7,47208760;0,00000000;0,00000000
7,47219160;0,04336860;0,00000000
7,47229560;0,00000000;0,00000000
7,47239960;0,04336860;0,00000000
7,47250360;0,00000000;0,00000000
7,47260760;0,04336860;0,00000000
7,47271160;0,00000000;0,00000000
7,47281560;0,00000000;0,00000000
7,47291960;0,00000000;0,00000000
7,47302360;0,00000000;0,00000000
7,47312760;0,04336860;0,00000000
7,47323160;0,00000000;0,00000000
7,47333560;0,00000000;0,00000000
7,47343960;0,04336860;0,00000000
7,47354360;0,00000000;0,00000000
7,47364760;0,00000000;0,00000000
7,47375160;0,00000000;0,00000000
7,47385560;0,00000000;0,00000000
7,47395960;0,00000000;0,00000000
7,47406360;0,00000000;0,00000000
7,47416760;0,00000000;0,00000000
7,47427160;0,00000000;-0,01734744
7,47437560;0,00000000;0,00000000
7,47447960;0,04336860;0,00000000
7,47458360;0,00000000;0,00000000
7,47468760;0,00000000;0,00000000
7,47479160;0,00000000;0,00000000
7,47489560;0,00000000;0,00000000
7,47499960;0,00000000;0,00000000
7,47510360;0,04336860;0,00000000
7,47520760;0,00000000;0,00000000
7,47531160;0,00000000;0,00000000
7,47541560;0,00000000;0,00000000
7,47551960;0,00000000;0,00000000
7,47562360;0,00000000;0,00000000
7,47572760;0,00000000;0,00000000
7,47583160;0,00000000;0,00000000
7,47593560;0,00000000;0,00000000
7,47603960;0,00000000;0,00000000
7,47614360;0,00000000;0,00000000
7,47624760;0,00000000;0,00000000
7,47635160;0,00000000;0,00000000
7,47645560;0,00000000;0,00000000
7,47655960;0,00000000;0,00000000
7,47666360;0,00000000;0,00000000
7,47676760;0,04336860;0,00000000
7,47687160;0,00000000;0,00000000
7,47697560;0,00000000;0,00000000
7,47707960;0,00000000;0,00000000
7,47718360;0,00000000;0,00000000
7,47728760;0,00000000;0,00000000
7,47739160;0,00000000;0,00000000
7,47749560;0,00000000;0,00000000
7,47759960;0,00000000;0,00000000
7,47770360;0,00000000;0,00000000
7,47780760;0,00000000;0,00000000
7,47791160;0,00000000;0,00000000
7,47801560;0,00000000;0,00000000
7,47811960;0,00000000;0,00000000
7,47822360;0,04336860;0,00000000
7,47832760;0,00000000;0,00000000
7,47843160;0,00000000;0,00000000
7,47853560;0,00000000;0,00000000
7,47863960;0,00000000;0,00000000
7,47874360;0,00000000;0,00000000
7,47884760;0,00000000;0,00000000
7,47895160;0,00000000;-0,01734744
7,47905560;0,04336860;0,00000000
7,47915960;0,00000000;0,00000000
7,47926360;0,04336860;0,00000000
7,47936760;0,00000000;0,00000000
7,47947160;0,04336860;0,00000000
7,47957560;0,04336860;0,00000000
7,47967960;0,00000000;0,00000000
7,47978360;0,00000000;0,00000000
7,47988760;0,00000000;0,00000000
7,47999160;0,00000000;0,00000000
7,48009560;0,00000000;0,00000000
7,48019960;0,00000000;0,00000000
7,48030360;0,00000000;0,00000000
7,48040760;0,00000000;0,00000000
7,48051160;0,04336860;0,00000000
7,48061560;0,00000000;0,00000000
7,48071960;0,00000000;0,00000000
7,48082360;0,04336860;0,00000000
7,48092760;0,04336860;0,00000000
7,48103160;0,00000000;0,00000000
7,48113560;0,04336860;0,00000000
7,48123960;0,04336860;0,00000000
7,48134360;0,00000000;0,00000000
7,48144760;0,04336860;0,00000000
7,48155160;0,04336860;0,00000000
7,48165560;0,00000000;0,00000000
7,48175960;0,00000000;-0,01734744
7,48186360;0,00000000;0,00000000
7,48196760;0,00000000;0,00000000
7,48207160;0,00000000;-0,01734744
7,48217560;0,00000000;0,00000000
7,48227960;0,00000000;0,00000000
7,48238360;0,00000000;0,00000000
7,48248760;0,00000000;0,00000000
7,48259160;0,00000000;0,00000000
7,48269560;0,00000000;0,00000000
7,48279960;0,00000000;0,00000000
7,48290360;0,00000000;0,00000000
7,48300760;0,04336860;0,00000000
7,48311160;0,00000000;0,00000000
7,48321560;0,00000000;0,00000000
7,48331960;0,00000000;0,00000000
7,48342360;0,00000000;0,00000000
7,48352760;0,00000000;0,00000000
7,48363160;0,00000000;0,00000000
7,48373560;0,04336860;-0,01734744
7,48383960;0,04336860;0,00000000
7,48394360;0,04336860;0,00000000
7,48404760;0,00000000;0,00000000
7,48415160;0,00000000;0,00000000
7,48425560;0,04336860;0,00000000
7,48435960;0,00000000;0,00000000
7,48446360;0,00000000;0,00000000
7,48456760;0,00000000;0,00000000
7,48467160;0,00000000;0,00000000
7,48477560;0,00000000;0,00000000
7,48487960;0,00000000;0,00000000
7,48498360;0,00000000;0,00000000
7,48508760;0,00000000;0,00000000
7,48519160;0,00000000;0,00000000
7,48529560;0,04336860;0,00000000
7,48539960;0,00000000;0,00000000
7,48550360;0,00000000;0,00000000
7,48560760;0,00000000;0,00000000
7,48571160;0,00000000;0,00000000
7,48581560;0,04336860;0,00000000
7,48591960;0,00000000;0,00000000
7,48602360;0,00000000;0,00000000
7,48612760;0,04336860;0,00000000
7,48623160;0,04336860;0,00000000
7,48633560;0,00000000;0,00000000
7,48643960;0,00000000;-0,01734744
7,48654360;0,00000000;0,00000000
7,48664760;0,00000000;0,00000000
7,48675160;0,00000000;0,00000000
7,48685560;0,00000000;0,00000000
7,48695960;0,00000000;0,00000000
7,48706360;0,04336860;0,00000000
7,48716760;0,00000000;0,00000000
7,48727160;0,00000000;0,00000000
7,48737560;0,00000000;0,00000000
7,48747960;0,00000000;0,00000000
7,48758360;0,00000000;0,00000000
7,48768760;0,00000000;0,00000000
7,48779160;0,00000000;0,00000000
7,48789560;0,00000000;0,00000000
7,48799960;0,00000000;0,00000000
7,48810360;0,00000000;0,00000000
7,48820760;0,00000000;0,00000000
7,48831160;0,00000000;-0,01734744
7,48841560;0,00000000;0,00000000
7,48851960;0,00000000;0,00000000
7,48862360;0,00000000;0,00000000
7,48872760;0,00000000;0,00000000
7,48883160;0,00000000;0,00000000
7,48893560;0,00000000;0,00000000
7,48903960;0,00000000;0,00000000
7,48914360;0,00000000;0,00000000
7,48924760;0,04336860;0,00000000
7,48935160;0,00000000;0,00000000
7,48945560;0,00000000;0,00000000
7,48955960;0,00000000;0,00000000
7,48966360;0,00000000;0,00000000
7,48976760;0,00000000;0,00000000
7,48987160;0,04336860;0,00000000
7,48997560;0,00000000;0,00000000
7,49007960;0,04336860;0,00000000
7,49018360;0,00000000;0,00000000
7,49028760;0,00000000;0,00000000
7,49039160;0,00000000;-0,01734744
7,49049560;0,00000000;0,00000000
7,49059960;0,00000000;0,00000000
7,49070360;0,00000000;0,00000000
7,49080760;0,00000000;0,00000000
7,49091160;0,00000000;0,00000000
7,49101560;0,00000000;0,00000000
7,49111960;0,00000000;0,00000000
7,49122360;0,00000000;0,00000000
7,49132760;0,00000000;0,00000000
7,49143160;0,00000000;0,00000000
7,49153560;0,00000000;0,00000000
7,49163960;0,00000000;-0,01734744
7,49174360;0,04336860;0,00000000
7,49184760;0,00000000;0,00000000
7,49195160;0,04336860;0,00000000
7,49205560;0,00000000;0,00000000
7,49215960;0,00000000;0,00000000
7,49226360;0,00000000;0,00000000
7,49236760;0,00000000;0,00000000
7,49247160;0,00000000;0,00000000
7,49257560;0,00000000;0,00000000
7,49267960;0,04336860;0,00000000
7,49278360;0,00000000;0,00000000
7,49288760;0,00000000;0,00000000
7,49299160;0,04336860;0,00000000
7,49309560;0,00000000;0,00000000
7,49319960;0,00000000;0,00000000
7,49330360;0,04336860;0,00000000
7,49340760;0,00000000;0,00000000
7,49351160;0,00000000;0,00000000
7,49361560;0,04336860;0,00000000
7,49371960;0,00000000;0,00000000
7,49382360;0,04336860;0,00000000
7,49392760;0,00000000;0,00000000
7,49403160;0,00000000;0,00000000
7,49413560;0,04336860;0,00000000
7,49423960;0,00000000;-0,01734744
7,49434360;0,00000000;0,00000000
7,49444760;0,00000000;0,00000000
7,49455160;0,04336860;0,00000000
7,49465560;0,04336860;0,00000000
7,49475960;0,00000000;0,00000000
7,49486360;0,00000000;0,00000000
7,49496760;0,04336860;0,00000000
7,49507160;0,00000000;0,00000000
7,49517560;0,04336860;0,00000000
7,49527960;0,00000000;0,00000000
7,49538360;0,00000000;0,00000000
7,49548760;0,00000000;0,00000000
7,49559160;0,00000000;0,00000000
7,49569560;0,00000000;0,00000000
7,49579960;0,00000000;0,00000000
7,49590360;0,00000000;0,00000000
7,49600760;0,00000000;0,00000000
7,49611160;0,00000000;0,00000000
7,49621560;0,00000000;0,00000000
7,49631960;0,00000000;0,00000000
7,49642360;0,00000000;0,00000000
7,49652760;0,00000000;0,00000000
7,49663160;0,00000000;0,00000000
7,49673560;0,00000000;0,00000000
7,49683960;0,00000000;0,00000000
7,49694360;0,00000000;0,00000000
7,49704760;0,00000000;0,00000000
7,49715160;0,00000000;0,00000000
7,49725560;0,00000000;0,00000000
7,49735960;0,00000000;0,00000000
7,49746360;0,00000000;0,00000000
7,49756760;0,00000000;0,00000000
7,49767160;0,00000000;0,00000000
7,49777560;0,00000000;0,00000000
7,49787960;0,00000000;0,00000000
7,49798360;0,04336860;0,00000000
7,49808760;0,00000000;0,00000000
7,49819160;0,00000000;0,00000000
7,49829560;0,00000000;0,00000000
7,49839960;0,04336860;0,00000000
7,49850360;0,00000000;0,00000000
7,49860760;0,00000000;0,00000000
7,49871160;0,00000000;0,00000000
7,49881560;0,00000000;0,00000000
7,49891960;0,04336860;0,00000000
7,49902360;0,04336860;0,00000000
7,49912760;0,00000000;0,00000000
7,49923160;0,00000000;0,00000000
7,49933560;0,00000000;0,00000000
7,49943960;0,00000000;0,00000000
7,49954360;0,00000000;0,00000000
7,49964760;0,04336860;0,00000000
7,49975160;0,00000000;0,00000000
7,49985560;0,00000000;0,00000000
7,49995960;0,00000000;0,00000000
7,50006360;0,04336860;0,00000000
7,50016760;0,00000000;0,00000000
7,50027160;0,00000000;0,00000000
7,50037560;0,00000000;0,00000000
7,50047960;0,00000000;0,00000000
7,50058360;0,04336860;0,00000000
7,50068760;0,04336860;0,00000000
7,50079160;0,00000000;0,00000000
7,50089560;0,04336860;0,00000000
7,50099960;0,00000000;0,00000000
7,50110360;0,04336860;0,00000000
7,50120760;0,00000000;0,00000000
7,50131160;0,04336860;0,00000000
7,50141560;0,00000000;0,00000000
7,50151960;0,00000000;0,00000000
7,50162360;0,00000000;0,00000000
7,50172760;0,00000000;0,00000000
7,50183160;0,00000000;0,00000000
7,50193560;0,00000000;0,00000000
7,50203960;0,00000000;-0,01734744
7,50214360;0,04336860;0,00000000
7,50224760;0,00000000;0,00000000
7,50235160;0,04336860;0,00000000
7,50245560;0,04336860;0,00000000
7,50255960;0,00000000;0,00000000
7,50266360;0,00000000;0,00000000
7,50276760;0,04336860;0,00000000
7,50287160;0,00000000;0,00000000
7,50297560;0,00000000;0,00000000
7,50307960;0,00000000;0,00000000
7,50318360;0,00000000;0,00000000
7,50328760;0,00000000;0,00000000
7,50339160;0,04336860;0,00000000
7,50349560;0,00000000;0,00000000
7,50359960;0,00000000;0,00000000
7,50370360;0,00000000;0,00000000
7,50380760;0,00000000;0,00000000
7,50391160;0,00000000;0,00000000
7,50401560;0,00000000;-0,01734744
7,50411960;0,00000000;0,00000000
7,50422360;0,04336860;0,00000000
7,50432760;0,00000000;0,00000000
7,50443160;0,04336860;0,00000000
7,50453560;0,00000000;0,00000000
7,50463960;0,00000000;0,00000000
7,50474360;0,00000000;0,00000000
7,50484760;0,00000000;0,00000000
7,50495160;0,00000000;0,00000000
7,50505560;0,00000000;0,00000000
7,50515960;0,00000000;0,00000000
7,50526360;0,00000000;0,00000000
7,50536760;0,00000000;0,00000000
7,50547160;0,00000000;0,00000000
7,50557560;0,00000000;0,00000000
7,50567960;0,00000000;0,00000000
7,50578360;0,00000000;0,00000000
7,50588760;0,00000000;0,00000000
7,50599160;0,00000000;0,00000000
7,50609560;0,04336860;0,00000000
7,50619960;0,00000000;-0,01734744
7,50630360;0,04336860;0,00000000
7,50640760;0,04336860;0,00000000
7,50651160;0,04336860;0,00000000
7,50661560;0,00000000;0,00000000
7,50671960;0,00000000;0,00000000
7,50682360;0,00000000;0,00000000
7,50692760;0,00000000;0,00000000
7,50703160;0,00000000;0,00000000
7,50713560;0,00000000;0,00000000
7,50723960;0,00000000;0,00000000
7,50734360;0,04336860;0,00000000
7,50744760;0,00000000;0,00000000
7,50755160;0,04336860;0,00000000
7,50765560;0,00000000;0,00000000
7,50775960;0,00000000;0,00000000
7,50786360;0,00000000;0,00000000
7,50796760;0,00000000;0,00000000
7,50807160;0,00000000;0,00000000
7,50817560;0,00000000;0,00000000
7,50827960;0,00000000;-0,01734744
7,50838360;0,00000000;0,00000000
7,50848760;0,00000000;0,00000000
7,50859160;0,00000000;0,00000000
7,50869560;0,00000000;0,00000000
7,50879960;0,00000000;0,00000000
7,50890360;0,00000000;0,00000000
7,50900760;0,04336860;0,00000000
7,50911160;0,00000000;0,00000000
7,50921560;0,00000000;0,00000000
7,50931960;0,00000000;0,00000000
7,50942360;0,00000000;0,00000000
7,50952760;0,00000000;0,00000000
7,50963160;0,04336860;0,00000000
7,50973560;0,00000000;0,00000000
7,50983960;0,00000000;0,00000000
7,50994360;0,04336860;0,00000000
7,51004760;0,00000000;0,00000000
7,51015160;0,00000000;0,00000000
7,51025560;0,04336860;0,00000000
7,51035960;0,04336860;0,00000000
7,51046360;0,00000000;0,00000000
7,51056760;0,00000000;0,00000000
7,51067160;0,04336860;0,00000000
7,51077560;0,00000000;0,00000000
7,51087960;0,00000000;0,00000000
7,51098360;0,00000000;0,00000000
7,51108760;0,00000000;0,00000000
7,51119160;0,00000000;0,00000000
7,51129560;0,00000000;0,00000000
7,51139960;0,00000000;0,00000000
7,51150360;0,00000000;0,00000000
7,51160760;0,00000000;0,00000000
7,51171160;0,00000000;0,00000000
7,51181560;0,00000000;0,00000000
7,51191960;0,04336860;0,00000000
7,51202360;0,00000000;0,00000000
7,51212760;0,00000000;0,00000000
7,51223160;0,00000000;0,00000000
7,51233560;0,00000000;0,00000000
7,51243960;0,00000000;0,00000000
7,51254360;0,00000000;0,00000000
7,51264760;0,00000000;0,00000000
7,51275160;0,00000000;0,00000000
7,51285560;0,00000000;0,00000000
7,51295960;0,00000000;0,00000000
7,51306360;0,00000000;0,00000000
7,51316760;0,00000000;0,00000000
7,51327160;0,04336860;0,00000000
7,51337560;0,00000000;0,00000000
7,51347960;0,00000000;0,00000000
7,51358359;0,00000000;0,00000000
7,51368759;0,00000000;0,00000000
7,51379159;0,00000000;0,00000000
7,51389559;0,00000000;0,00000000
7,51399959;0,00000000;0,00000000
7,51410359;0,00000000;0,00000000
7,51420759;0,00000000;0,00000000
7,51431159;0,04336860;0,00000000
7,51441559;0,00000000;0,00000000
7,51451959;0,00000000;0,00000000
7,51462359;0,00000000;0,00000000
7,51472759;0,00000000;0,00000000
7,51483159;0,00000000;0,00000000
7,51493559;0,04336860;0,00000000
7,51503959;0,00000000;0,00000000
7,51514359;0,00000000;0,00000000
7,51524759;0,00000000;0,00000000
7,51535159;0,00000000;0,00000000
7,51545559;0,00000000;0,00000000
7,51555959;0,00000000;0,00000000
7,51566359;0,04336860;0,00000000
7,51576759;0,00000000;0,00000000
7,51587159;0,04336860;0,00000000
7,51597559;0,00000000;0,00000000
7,51607959;0,00000000;0,00000000
7,51618359;0,00000000;0,00000000
7,51628759;0,04336860;0,00000000
7,51639159;0,00000000;0,00000000
7,51649559;0,04336860;0,00000000
7,51659959;0,00000000;0,00000000
7,51670359;0,00000000;0,00000000
7,51680759;0,00000000;0,00000000
7,51691159;0,00000000;0,00000000
7,51701559;0,00000000;0,00000000
7,51711959;0,04336860;0,00000000
7,51722359;0,00000000;0,00000000
7,51732759;0,00000000;0,00000000
7,51743159;0,00000000;0,00000000
7,51753559;0,00000000;0,00000000
7,51763959;0,00000000;0,00000000
7,51774359;0,00000000;0,00000000
7,51784759;0,00000000;0,00000000
7,51795159;0,00000000;0,00000000
7,51805559;0,00000000;0,00000000
7,51815959;0,00000000;0,00000000
7,51826359;0,00000000;-0,01734744
7,51836759;0,00000000;0,00000000
7,51847159;0,00000000;0,00000000
7,51857559;0,00000000;0,00000000
7,51867959;0,00000000;0,00000000
7,51878359;0,00000000;0,00000000
7,51888759;0,00000000;0,00000000
7,51899159;0,00000000;0,00000000
7,51909559;0,00000000;0,00000000
7,51919959;0,00000000;0,00000000
7,51930359;0,00000000;0,00000000
7,51940759;0,00000000;0,00000000
7,51951159;0,04336860;0,00000000
7,51961559;0,04336860;0,00000000
7,51971959;0,00000000;0,00000000
7,51982359;0,00000000;0,00000000
7,51992759;0,04336860;0,00000000
7,52003159;0,00000000;0,00000000
7,52013559;0,04336860;0,00000000
7,52023959;0,00000000;0,00000000
7,52034359;0,04336860;0,00000000
7,52044759;0,00000000;0,00000000
7,52055159;0,00000000;0,00000000
7,52065559;0,00000000;0,00000000
7,52075959;0,00000000;0,00000000
7,52086359;0,00000000;0,00000000
7,52096759;0,00000000;0,00000000
7,52107159;0,00000000;0,00000000
7,52117559;0,00000000;0,00000000
7,52127959;0,04336860;0,00000000
7,52138359;0,00000000;0,00000000
7,52148759;0,00000000;0,00000000
7,52159159;0,00000000;0,00000000
7,52169559;0,04336860;0,00000000
7,52179959;0,00000000;0,00000000
7,52190359;0,04336860;0,00000000
7,52200759;0,00000000;0,00000000
7,52211159;0,00000000;0,00000000
7,52221559;0,04336860;-0,01734744
7,52231959;0,04336860;0,00000000
7,52242359;0,00000000;0,00000000
7,52252759;0,00000000;0,00000000
7,52263159;0,04336860;0,00000000
7,52273559;0,04336860;0,00000000
7,52283959;0,00000000;-0,01734744
7,52294359;0,04336860;0,00000000
7,52304759;0,04336860;0,00000000
7,52315159;0,00000000;0,00000000
7,52325559;0,04336860;0,00000000
7,52335959;0,04336860;0,00000000
7,52346359;0,00000000;0,00000000
7,52356759;0,00000000;0,00000000
7,52367159;0,04336860;0,00000000
7,52377559;0,00000000;0,00000000
7,52387959;0,00000000;0,00000000
7,52398359;0,00000000;0,00000000
7,52408759;0,04336860;0,00000000
7,52419159;0,00000000;0,00000000
7,52429559;0,00000000;0,00000000
7,52439959;0,00000000;0,00000000
7,52450359;0,00000000;-0,01734744
7,52460759;0,04336860;0,00000000
7,52471159;0,00000000;0,00000000
7,52481559;0,00000000;0,00000000
7,52491959;0,00000000;0,00000000
7,52502359;0,00000000;0,00000000
7,52512759;0,04336860;0,00000000
7,52523159;0,00000000;0,00000000
7,52533559;0,00000000;0,00000000
7,52543959;0,00000000;0,00000000
7,52554359;0,00000000;0,00000000
7,52564759;0,04336860;0,00000000
7,52575159;0,00000000;0,00000000
7,52585559;0,00000000;0,00000000
7,52595959;0,00000000;0,00000000
7,52606359;0,00000000;0,00000000
7,52616759;0,00000000;0,00000000
7,52627159;0,00000000;0,00000000
7,52637559;0,00000000;0,00000000
7,52647959;0,04336860;0,00000000
7,52658359;0,04336860;0,00000000
7,52668759;0,00000000;0,00000000
7,52679159;0,00000000;0,00000000
7,52689559;0,00000000;0,00000000
7,52699959;0,00000000;0,00000000
7,52710359;0,00000000;0,00000000
7,52720759;0,00000000;0,00000000
7,52731159;0,04336860;0,00000000
7,52741559;0,00000000;-0,01734744
7,52751959;0,04336860;0,00000000
7,52762359;0,00000000;0,00000000
7,52772759;0,04336860;0,00000000
7,52783159;0,00000000;0,00000000
7,52793559;0,00000000;-0,01734744
7,52803959;0,00000000;0,00000000
7,52814359;0,00000000;0,00000000
7,52824759;0,00000000;0,00000000
7,52835159;0,00000000;0,00000000
7,52845559;0,00000000;0,00000000
7,52855959;0,04336860;0,00000000
7,52866359;0,00000000;0,00000000
7,52876759;0,00000000;0,00000000
7,52887159;0,00000000;0,00000000
7,52897559;0,00000000;0,00000000
7,52907959;0,00000000;0,00000000
7,52918359;0,00000000;0,00000000
7,52928759;0,00000000;0,00000000
7,52939159;0,00000000;0,00000000
7,52949559;0,00000000;0,00000000
7,52959959;0,00000000;0,00000000
7,52970359;0,04336860;0,00000000
7,52980759;0,00000000;0,00000000
7,52991159;0,00000000;0,00000000
7,53001559;0,04336860;0,00000000
7,53011959;0,00000000;0,00000000
7,53022359;0,00000000;0,00000000
7,53032759;0,00000000;0,00000000
7,53043159;0,00000000;0,00000000
7,53053559;0,00000000;0,00000000
7,53063959;0,00000000;0,00000000
7,53074359;0,04336860;0,00000000
7,53084759;0,00000000;0,00000000
7,53095159;0,04336860;0,00000000
7,53105559;0,00000000;0,00000000
7,53115959;0,04336860;0,00000000
7,53126359;0,04336860;0,00000000
7,53136759;0,04336860;0,00000000
7,53147159;0,00000000;0,00000000
7,53157559;0,00000000;0,00000000
7,53167959;0,00000000;0,00000000
7,53178359;0,00000000;0,00000000
7,53188759;0,00000000;0,00000000
7,53199159;0,00000000;0,00000000
7,53209559;0,04336860;0,00000000
7,53219959;0,00000000;0,00000000
7,53230359;0,00000000;0,00000000
7,53240759;0,00000000;0,00000000
7,53251159;0,00000000;0,00000000
7,53261559;0,04336860;0,00000000
7,53271959;0,00000000;0,00000000
7,53282359;0,04336860;0,00000000
7,53292759;0,00000000;0,00000000
7,53303159;0,00000000;0,00000000
7,53313559;0,00000000;0,00000000
7,53323959;0,00000000;0,00000000
7,53334359;0,00000000;0,00000000
7,53344759;0,00000000;0,00000000
7,53355159;0,04336860;0,00000000
7,53365559;0,00000000;0,00000000
7,53375959;0,00000000;0,00000000
7,53386359;0,00000000;0,00000000
7,53396759;0,00000000;0,00000000
7,53407159;0,04336860;0,00000000
7,53417559;0,04336860;0,00000000
7,53427959;0,04336860;0,00000000
7,53438359;0,04336860;0,00000000
7,53448759;0,00000000;0,00000000
7,53459159;0,04336860;0,00000000
7,53469559;0,00000000;0,00000000
7,53479959;0,00000000;0,00000000
7,53490359;0,00000000;0,00000000
7,53500759;0,00000000;0,00000000
7,53511159;0,00000000;0,00000000
7,53521559;0,04336860;0,00000000
7,53531959;0,00000000;0,00000000
7,53542359;0,04336860;0,00000000
7,53552759;0,00000000;0,00000000
7,53563159;0,04336860;0,00000000
7,53573559;0,00000000;0,00000000
7,53583959;0,00000000;0,00000000
7,53594359;0,00000000;0,00000000
7,53604759;0,00000000;0,00000000
7,53615159;0,00000000;0,00000000
7,53625559;0,00000000;0,00000000
7,53635959;0,00000000;0,00000000
7,53646359;0,00000000;0,00000000
7,53656759;0,00000000;0,00000000
7,53667159;0,00000000;0,00000000
7,53677559;0,00000000;0,00000000
7,53687959;0,00000000;0,00000000
7,53698359;0,00000000;0,00000000
7,53708759;0,00000000;-0,01734744
7,53719159;0,00000000;0,00000000
7,53729559;0,04336860;0,00000000
7,53739959;0,00000000;0,00000000
7,53750359;0,00000000;0,00000000
7,53760759;0,04336860;0,00000000
7,53771159;0,00000000;0,00000000
7,53781559;0,00000000;0,00000000
7,53791959;0,04336860;0,00000000
7,53802359;0,00000000;0,00000000
7,53812759;0,00000000;0,00000000
7,53823159;0,00000000;0,00000000
7,53833559;0,00000000;0,00000000
7,53843959;0,00000000;0,00000000
7,53854359;0,04336860;0,00000000
7,53864759;0,00000000;0,00000000
7,53875159;0,00000000;0,00000000
7,53885559;0,00000000;-0,01734744
7,53895959;0,00000000;0,00000000
7,53906359;0,00000000;0,00000000
7,53916759;0,00000000;0,00000000
7,53927159;0,00000000;0,00000000
7,53937559;0,04336860;0,00000000
7,53947959;0,04336860;0,00000000
7,53958359;0,04336860;0,00000000
7,53968759;0,00000000;0,00000000
7,53979159;0,00000000;0,00000000
7,53989559;0,00000000;0,00000000
7,53999959;0,00000000;0,00000000
7,54010359;0,00000000;0,00000000
7,54020759;0,00000000;0,00000000
7,54031159;0,00000000;0,00000000
7,54041559;0,00000000;0,00000000
7,54051959;0,00000000;0,00000000
7,54062359;0,00000000;0,00000000
7,54072759;0,00000000;0,00000000
7,54083159;0,00000000;0,00000000
7,54093559;0,00000000;0,00000000
7,54103959;0,04336860;0,00000000
7,54114359;0,00000000;0,00000000
7,54124759;0,00000000;0,00000000
7,54135159;0,00000000;0,00000000
7,54145559;0,00000000;0,00000000
7,54155959;0,00000000;0,00000000
7,54166359;0,00000000;-0,01734744
7,54176759;0,00000000;0,00000000
7,54187159;0,00000000;0,00000000
7,54197559;0,00000000;0,00000000
7,54207959;0,00000000;0,00000000
7,54218359;0,00000000;0,00000000
7,54228759;0,00000000;0,00000000
7,54239159;0,00000000;0,00000000
7,54249559;0,00000000;0,00000000
7,54259959;0,00000000;0,00000000
7,54270359;0,04336860;0,00000000
7,54280759;0,00000000;0,00000000
7,54291159;0,04336860;0,00000000
7,54301559;0,00000000;0,00000000
7,54311959;0,00000000;0,00000000
7,54322359;0,00000000;0,00000000
7,54332759;0,04336860;0,00000000
7,54343159;0,00000000;0,00000000
7,54353559;0,00000000;0,00000000
7,54363959;0,00000000;0,00000000
7,54374359;0,00000000;0,00000000
7,54384759;0,04336860;-0,01734744
7,54395159;0,04336860;0,00000000
7,54405559;0,00000000;0,00000000
7,54415959;0,00000000;0,00000000
7,54426359;0,00000000;0,00000000
7,54436759;0,00000000;0,00000000
7,54447159;0,04336860;0,00000000
7,54457559;0,04336860;0,00000000
7,54467959;0,00000000;0,00000000
7,54478359;0,04336860;0,00000000
7,54488759;0,00000000;0,00000000
7,54499159;0,00000000;-0,01734744
7,54509559;0,00000000;0,00000000
7,54519959;0,00000000;0,00000000
7,54530359;0,00000000;0,00000000
7,54540759;0,04336860;0,00000000
7,54551159;0,04336860;0,00000000
7,54561559;0,00000000;0,00000000
7,54571959;0,00000000;0,00000000
7,54582359;0,04336860;0,00000000
7,54592759;0,00000000;0,00000000
7,54603159;0,00000000;-0,01734744
7,54613559;1,78334153;0,00000000
7,54623959;3,91470838;0,00000000
7,54634359;3,91470838;0,00000000
7,54644759;3,82781744;0,00000000
7,54655159;3,82781744;0,00000000
7,54665559;3,87133980;0,00000000
7,54675959;3,82781744;0,00000000
7,54686359;3,82781744;0,00000000
7,54696759;3,82781744;0,00000000
7,54707159;3,82781744;0,00000000
7,54717559;3,82781744;0,00000000
7,54727959;3,82781744;0,00000000
7,54738359;3,82781744;0,00000000
7,54748759;3,82781744;0,00000000
7,54759159;3,82781744;0,00000000
7,54769559;3,82781744;0,00000000
7,54779959;3,78429508;0,00000000
7,54790359;3,82781744;0,00000000
7,54800759;3,78429508;0,00000000
7,54811159;3,82781744;0,00000000
7,54821559;3,82781744;0,00000000
7,54831959;3,82781744;0,00000000
7,54842359;3,82781744;0,00000000
7,54852759;3,82781744;0,00000000
7,54863159;3,78429508;0,00000000
7,54873559;3,78429508;0,00000000
7,54883959;3,78429508;0,00000000
7,54894359;3,82781744;0,00000000
7,54904759;3,82781744;0,00000000
7,54915159;3,82781744;0,00000000
7,54925559;3,82781744;0,00000000
7,54935959;3,82781744;0,00000000
7,54946359;3,78429508;0,00000000
7,54956759;3,78429508;0,00000000
7,54967159;3,78429508;0,00000000
7,54977559;3,82781744;0,00000000
7,54987959;3,78429508;0,00000000
7,54998359;3,78429508;0,00000000
7,55008759;3,78429508;0,00000000
7,55019159;3,78429508;0,00000000
7,55029559;3,78429508;0,00000000
7,55039959;3,82781744;0,00000000
7,55050359;3,78429508;0,00000000
7,55060759;3,82781744;0,00000000
7,55071159;3,78429508;0,00000000
7,55081559;3,82781744;0,00000000
7,55091959;3,78429508;0,00000000
7,55102359;3,78429508;0,00000000
7,55112759;3,82781744;0,00000000
7,55123159;3,78429508;0,00000000
7,55133559;3,78429508;0,00000000
7,55143959;3,78429508;0,00000000
7,55154359;3,78429508;0,00000000
7,55164759;3,78429508;0,00000000
7,55175159;3,78429508;0,00000000
7,55185559;3,78429508;0,00000000
7,55195959;3,78429508;0,00000000
7,55206359;3,78429508;0,00000000
7,55216759;3,78429508;0,00000000
7,55227159;3,82781744;0,00000000
7,55237559;3,78429508;0,00000000
7,55247959;3,82781744;0,00000000
7,55258359;3,78429508;0,00000000
7,55268759;3,78429508;0,00000000
7,55279159;3,78429508;0,00000000
7,55289559;3,78429508;0,00000000
7,55299959;3,78429508;0,00000000
7,55310359;3,78429508;0,00000000
7,55320759;3,82781744;0,00000000
7,55331159;3,78429508;0,00000000
7,55341559;3,78429508;0,00000000
7,55351959;3,82781744;0,00000000
7,55362359;3,82781744;0,00000000
7,55372759;3,78429508;0,00000000
7,55383159;3,78429508;0,00000000
7,55393559;3,78429508;0,00000000
7,55403959;3,78429508;0,00000000
7,55414359;3,78429508;0,00000000
7,55424759;3,78429508;0,00000000
7,55435159;3,82781744;0,00000000
7,55445559;3,78429508;0,00000000
7,55455959;3,82781744;0,00000000
7,55466359;3,78429508;0,00000000
7,55476759;3,82781744;0,00000000
7,55487159;3,78429508;0,00000000
7,55497559;3,78429508;0,00000000
7,55507959;3,78429508;0,00000000
7,55518359;3,82781744;0,00000000
7,55528759;3,78429508;0,00000000
7,55539159;3,78429508;0,00000000
7,55549559;3,82781744;0,00000000
7,55559959;3,78429508;0,00000000
7,55570359;3,82781744;0,00000000
7,55580759;3,78429508;0,00000000
7,55591159;3,78429508;0,00000000
7,55601559;3,78429508;0,00000000
7,55611959;3,78429508;0,00000000
7,55622359;3,82781744;0,00000000
7,55632759;3,78429508;0,00000000
7,55643159;3,78429508;0,00000000
7,55653559;3,82781744;0,00000000
7,55663959;3,82781744;0,00000000
7,55674359;3,78429508;0,00000000
7,55684759;3,82781744;0,00000000
7,55695159;3,78429508;0,00000000
7,55705559;3,78429508;0,00000000
7,55715959;3,82781744;0,00000000
7,55726359;3,78429508;0,00000000
7,55736759;3,78429508;0,00000000
7,55747159;3,78429508;0,00000000
7,55757559;3,78429508;0,00000000
7,55767959;3,82781744;0,00000000
7,55778359;3,82781744;0,00000000
7,55788759;3,78429508;0,00000000
7,55799159;3,82781744;0,00000000
7,55809559;3,78429508;0,00000000
7,55819959;3,82781744;0,00000000
7,55830359;3,82781744;0,00000000
7,55840759;3,78429508;0,00000000
7,55851159;3,82781744;0,00000000
7,55861559;3,82781744;0,00000000
7,55871959;3,78429508;0,00000000
7,55882359;3,82781744;0,00000000
7,55892759;3,82781744;0,00000000
7,55903159;3,78429508;0,00000000
7,55913559;3,78429508;0,00000000
7,55923959;3,78429508;0,00000000
7,55934359;3,82781744;0,00000000
7,55944759;3,82781744;0,00000000
7,55955159;3,78429508;0,00000000
7,55965559;3,78429508;0,00000000
7,55975959;3,78429508;0,00000000
7,55986359;3,82781744;0,00000000
7,55996759;3,78429508;0,00000000
7,56007159;3,82781744;0,00000000
7,56017559;3,78429508;0,00000000
7,56027959;3,78429508;0,00000000
7,56038359;3,78429508;0,00000000
7,56048759;3,78429508;0,00000000
7,56059159;3,78429508;0,00000000
7,56069559;3,82781744;0,00000000
7,56079959;3,82781744;0,00000000
7,56090359;3,82781744;0,00000000
7,56100759;3,82781744;0,00000000
7,56111159;3,82781744;0,00000000
7,56121559;3,82781744;0,00000000
7,56131959;3,78429508;0,00000000
7,56142359;3,78429508;0,00000000
7,56152759;3,82781744;0,00000000
7,56163159;3,82781744;0,00000000
7,56173559;3,82781744;0,00000000
7,56183959;3,82781744;0,00000000
7,56194359;3,82781744;0,00000000
7,56204759;3,82781744;0,00000000
7,56215159;3,82781744;0,00000000
7,56225559;3,82781744;0,00000000
7,56235959;3,78429508;0,00000000
7,56246359;3,82781744;0,00000000
7,56256759;3,82781744;0,00000000
7,56267159;3,82781744;0,00000000
7,56277559;3,78429508;0,00000000
7,56287959;3,78429508;0,00000000
7,56298359;3,82781744;0,00000000
7,56308759;3,82781744;0,00000000
7,56319159;3,78429508;0,00000000
7,56329559;3,78429508;0,00000000
7,56339959;3,82781744;0,00000000
7,56350359;3,78429508;0,00000000
7,56360759;3,82781744;0,00000000
7,56371159;3,82781744;0,00000000
7,56381559;3,82781744;0,00000000
7,56391959;3,82781744;0,00000000
7,56402359;3,78429508;0,00000000
7,56412759;3,78429508;0,00000000
7,56423159;3,78429508;0,00000000
7,56433559;3,82781744;0,00000000
7,56443959;3,82781744;0,00000000
7,56454359;3,82781744;0,01734744
7,56464759;3,82781744;0,00000000
7,56475159;3,78429508;0,00000000
7,56485559;3,78429508;0,00000000
7,56495959;3,78429508;0,00000000
7,56506359;3,82781744;0,00000000
7,56516759;3,82781744;0,00000000
7,56527159;3,78429508;0,00000000
7,56537559;3,78429508;0,00000000
7,56547959;3,78429508;0,00000000
7,56558359;3,82781744;0,00000000
7,56568759;3,82781744;0,00000000
7,56579159;3,78429508;0,00000000
7,56589559;3,78429508;0,00000000
7,56599959;3,82781744;0,00000000
7,56610359;3,78429508;0,00000000
7,56620759;3,82781744;0,00000000
7,56631159;3,78429508;0,00000000
7,56641559;3,78429508;0,00000000
7,56651959;3,82781744;0,00000000
7,56662359;3,82781744;0,00000000
7,56672759;3,82781744;0,00000000
7,56683159;3,82781744;0,00000000
7,56693559;3,82781744;0,00000000
7,56703959;3,82781744;0,00000000
7,56714359;3,82781744;0,00000000
7,56724759;3,82781744;0,00000000
7,56735159;3,82781744;0,00000000
7,56745559;3,87133980;0,00000000
7,56755959;3,82781744;0,00000000
7,56766359;3,78429508;0,00000000
7,56776759;3,78429508;0,00000000
7,56787159;3,82781744;0,00000000
7,56797559;3,82781744;0,00000000
7,56807959;3,82781744;0,00000000
7,56818359;3,78429508;0,00000000
7,56828759;3,78429508;0,00000000
7,56839159;3,82781744;0,00000000
7,56849559;3,82781744;0,00000000
7,56859959;3,78429508;0,00000000
7,56870359;3,82781744;0,00000000
7,56880759;3,82781744;0,00000000
7,56891159;3,82781744;0,00000000
7,56901559;3,78429508;0,00000000
7,56911959;3,78429508;0,00000000
7,56922359;3,82781744;0,00000000
7,56932759;3,82781744;0,00000000
7,56943159;3,82781744;0,00000000
7,56953559;3,82781744;0,00000000
7,56963959;3,82781744;0,00000000
7,56974359;3,78429508;0,00000000
7,56984759;3,82781744;0,00000000
7,56995159;3,78429508;0,00000000
7,57005559;3,82781744;0,00000000
7,57015959;3,82781744;0,00000000
7,57026359;3,82781744;0,00000000
7,57036759;3,82781744;0,00000000
7,57047159;3,82781744;0,00000000
7,57057559;3,82781744;0,00000000
7,57067959;3,78429508;0,00000000
7,57078359;3,82781744;0,00000000
7,57088759;3,78429508;0,00000000
7,57099159;3,82781744;0,00000000
7,57109559;3,78429508;0,00000000
7,57119959;3,82781744;0,00000000
7,57130359;3,82781744;0,00000000
7,57140759;3,82781744;0,00000000
7,57151159;3,82781744;0,00000000
7,57161559;3,82781744;0,00000000
7,57171959;3,82781744;0,00000000
7,57182359;3,82781744;0,00000000
7,57192759;3,82781744;0,00000000
7,57203159;3,82781744;0,00000000
7,57213559;3,78429508;0,00000000
7,57223959;3,82781744;0,00000000
7,57234359;3,78429508;0,00000000
7,57244759;3,82781744;0,00000000
7,57255159;3,78429508;0,00000000
7,57265559;3,78429508;0,00000000
7,57275959;3,78429508;0,00000000
7,57286359;3,82781744;0,00000000
7,57296759;3,78429508;0,00000000
7,57307159;3,78429508;0,00000000
7,57317559;3,82781744;0,00000000
7,57327959;3,82781744;0,00000000
7,57338359;3,82781744;0,00000000
7,57348759;3,82781744;0,00000000
7,57359159;3,78429508;0,00000000
7,57369559;3,78429508;0,00000000
7,57379959;3,78429508;0,00000000
7,57390359;3,82781744;0,00000000
7,57400759;3,78429508;0,00000000
7,57411159;3,82781744;0,00000000
7,57421559;3,78429508;0,00000000
7,57431959;3,82781744;0,00000000
7,57442359;3,82781744;0,00000000
7,57452759;3,78429508;0,00000000
7,57463159;3,78429508;0,00000000
7,57473559;3,87133980;0,00000000
7,57483959;3,82781744;0,00000000
7,57494359;3,78429508;0,00000000
7,57504759;3,78429508;0,00000000
7,57515159;3,82781744;0,00000000
7,57525559;3,78429508;0,00000000
7,57535959;3,82781744;0,00000000
7,57546359;3,82781744;0,00000000
7,57556759;3,82781744;0,00000000
7,57567159;3,87133980;0,00000000
7,57577559;3,82781744;0,00000000
7,57587959;3,82781744;0,00000000
7,57598359;3,82781744;0,00000000
7,57608759;3,82781744;0,00000000
7,57619159;3,82781744;0,00000000
7,57629559;3,82781744;0,00000000
7,57639959;3,82781744;0,00000000
7,57650359;3,78429508;0,00000000
7,57660759;3,82781744;0,00000000
7,57671159;3,82781744;0,00000000
7,57681559;3,78429508;0,00000000
7,57691959;3,82781744;0,00000000
7,57702359;3,82781744;0,00000000
7,57712759;3,82781744;0,00000000
7,57723159;3,82781744;0,00000000
7,57733559;3,82781744;0,00000000
7,57743959;3,78429508;0,00000000
7,57754359;3,82781744;0,00000000
7,57764759;3,78429508;0,00000000
7,57775159;3,78429508;0,00000000
7,57785559;3,82781744;0,00000000
7,57795959;3,82781744;0,00000000
7,57806359;3,82781744;0,00000000
7,57816759;3,82781744;0,00000000
7,57827159;3,82781744;0,00000000
7,57837559;3,78429508;0,00000000
7,57847959;3,82781744;0,00000000
7,57858359;3,78429508;0,00000000
7,57868759;3,78429508;0,00000000
7,57879159;3,82781744;0,00000000
7,57889559;3,82781744;0,00000000
7,57899959;3,82781744;0,00000000
7,57910359;3,82781744;0,00000000
7,57920759;3,82781744;0,00000000
7,57931159;3,82781744;0,00000000
7,57941559;3,82781744;0,00000000
7,57951959;3,78429508;0,00000000
7,57962359;3,78429508;0,00000000
7,57972759;3,82781744;0,00000000
7,57983159;3,78429508;0,00000000
7,57993559;3,78429508;0,00000000
7,58003959;3,82781744;0,00000000
7,58014359;3,82781744;0,00000000
7,58024759;3,82781744;0,00000000
7,58035159;3,82781744;0,00000000
7,58045559;3,78429508;0,00000000
7,58055959;3,82781744;0,00000000
7,58066359;3,82781744;0,00000000
7,58076759;3,78429508;0,00000000
7,58087159;3,82781744;0,00000000
7,58097559;3,82781744;0,00000000
7,58107959;3,82781744;0,00000000
7,58118359;3,82781744;0,00000000
7,58128759;3,82781744;0,00000000
7,58139159;3,82781744;0,00000000
7,58149559;3,82781744;0,00000000
7,58159959;3,82781744;0,00000000
7,58170359;3,82781744;0,00000000
7,58180759;3,82781744;0,00000000
7,58191159;3,82781744;0,00000000
7,58201559;3,78429508;0,00000000
7,58211959;3,78429508;0,00000000
7,58222359;3,82781744;0,00000000
7,58232759;3,82781744;0,00000000
7,58243159;3,82781744;0,00000000
7,58253559;3,82781744;0,00000000
7,58263959;3,78429508;0,00000000
7,58274359;3,82781744;0,00000000
7,58284759;3,78429508;0,00000000
7,58295159;3,82781744;0,00000000
7,58305559;3,82781744;0,00000000
7,58315959;3,82781744;0,00000000
7,58326359;3,82781744;0,00000000
7,58336759;3,82781744;0,00000000
7,58347159;3,82781744;0,00000000
7,58357559;3,82781744;0,00000000
7,58367959;3,82781744;0,00000000
7,58378359;3,78429508;0,00000000
7,58388759;3,82781744;0,00000000
7,58399159;3,78429508;0,00000000
7,58409559;3,82781744;0,00000000
7,58419959;3,82781744;0,00000000
7,58430359;3,87133980;0,00000000
7,58440759;3,82781744;0,00000000
7,58451159;3,82781744;0,00000000
7,58461559;3,82781744;0,00000000
7,58471959;3,78429508;0,00000000
7,58482359;3,82781744;0,00000000
7,58492759;3,82781744;0,00000000
7,58503159;3,82781744;0,00000000
7,58513559;3,82781744;0,00000000
7,58523959;3,82781744;0,00000000
7,58534359;3,82781744;0,00000000
7,58544759;3,78429508;0,00000000
7,58555159;3,78429508;0,00000000
7,58565559;3,82781744;0,00000000
7,58575959;3,82781744;0,00000000
7,58586359;3,78429508;0,00000000
7,58596759;3,78429508;0,00000000
7,58607159;3,78429508;0,00000000
7,58617559;3,82781744;0,00000000
7,58627959;3,82781744;0,00000000
7,58638359;3,78429508;0,00000000
7,58648759;3,82781744;0,00000000
7,58659159;3,82781744;0,00000000
7,58669559;3,82781744;0,00000000
7,58679959;3,78429508;0,00000000
7,58690359;3,78429508;0,00000000
7,58700759;3,82781744;0,00000000
7,58711159;3,78429508;0,00000000
7,58721559;3,82781744;0,00000000
7,58731959;3,78429508;0,00000000
7,58742359;3,78429508;0,00000000
7,58752759;3,82781744;0,00000000
7,58763159;3,78429508;0,00000000
7,58773559;3,78429508;0,00000000
7,58783959;3,82781744;0,00000000
7,58794359;3,78429508;0,00000000
7,58804759;3,78429508;0,00000000
7,58815159;3,78429508;0,00000000
7,58825559;3,78429508;0,00000000
7,58835959;3,82781744;0,00000000
7,58846359;3,82781744;0,00000000
7,58856759;3,82781744;0,00000000
7,58867159;3,78429508;0,00000000
7,58877559;3,78429508;0,00000000
7,58887959;3,82781744;0,00000000
7,58898359;3,82781744;0,00000000
7,58908759;3,82781744;0,00000000
7,58919159;3,78429508;0,00000000
7,58929559;3,82781744;0,00000000
7,58939959;3,82781744;0,00000000
7,58950359;3,82781744;0,00000000
7,58960759;3,82781744;0,00000000
7,58971159;3,82781744;0,00000000
7,58981559;3,82781744;0,00000000
7,58991959;3,78429508;0,00000000
7,59002359;3,82781744;0,00000000
7,59012759;3,82781744;0,00000000
7,59023159;3,82781744;0,00000000
7,59033559;3,78429508;0,00000000
7,59043959;3,82781744;0,00000000
7,59054359;3,78429508;0,00000000
7,59064759;3,78429508;0,00000000
7,59075159;3,78429508;0,00000000
7,59085559;3,82781744;0,00000000
7,59095959;3,78429508;0,00000000
7,59106359;3,82781744;0,00000000
7,59116759;3,82781744;0,00000000
7,59127159;3,78429508;0,00000000
7,59137559;3,82781744;0,00000000
7,59147959;3,78429508;0,00000000
7,59158359;3,82781744;0,00000000
7,59168759;3,78429508;0,00000000
7,59179159;3,82781744;0,00000000
7,59189559;3,78429508;0,00000000
7,59199959;3,82781744;0,00000000
7,59210359;3,82781744;0,00000000
7,59220759;3,78429508;0,00000000
7,59231159;3,78429508;0,00000000
7,59241559;3,78429508;0,00000000
7,59251959;3,82781744;0,00000000
7,59262359;3,82781744;0,00000000
7,59272759;3,82781744;0,00000000
7,59283159;3,82781744;0,00000000
7,59293559;3,78429508;0,00000000
7,59303959;3,82781744;0,00000000
7,59314359;3,82781744;0,00000000
7,59324759;3,82781744;0,00000000
7,59335159;3,82781744;0,00000000
7,59345559;3,82781744;0,00000000
7,59355959;3,78429508;0,00000000
7,59366359;3,82781744;0,00000000
7,59376759;3,78429508;0,00000000
7,59387159;3,78429508;0,00000000
7,59397559;3,78429508;0,00000000
7,59407959;3,82781744;0,00000000
7,59418359;3,82781744;0,00000000
7,59428759;3,82781744;0,00000000
7,59439159;3,82781744;0,00000000
7,59449559;3,82781744;0,00000000
7,59459959;3,78429508;0,00000000
7,59470359;3,82781744;0,00000000
7,59480759;3,82781744;0,00000000
7,59491159;3,82781744;0,00000000
7,59501559;3,82781744;0,00000000
7,59511959;3,78429508;0,00000000
7,59522359;3,82781744;0,00000000
7,59532759;3,82781744;0,00000000
7,59543159;3,82781744;0,00000000
7,59553559;3,82781744;0,00000000
7,59563959;3,82781744;0,00000000
7,59574359;3,78429508;0,00000000
7,59584759;3,82781744;0,00000000
7,59595159;3,82781744;0,00000000
7,59605559;3,82781744;0,00000000
7,59615959;3,78429508;0,00000000
7,59626359;3,78429508;0,00000000
7,59636759;3,78429508;0,00000000
7,59647159;3,82781744;0,00000000
7,59657559;3,82781744;0,00000000
7,59667959;3,82781744;0,00000000
7,59678359;3,78429508;0,00000000
7,59688759;3,82781744;0,00000000
7,59699159;3,82781744;0,00000000
7,59709559;3,82781744;0,00000000
7,59719959;3,82781744;0,00000000
7,59730359;3,82781744;0,00000000
7,59740759;3,78429508;0,00000000
7,59751159;3,82781744;0,00000000
7,59761559;3,82781744;0,00000000
7,59771959;3,78429508;0,00000000
7,59782359;3,82781744;0,00000000
7,59792759;3,82781744;0,00000000
7,59803159;3,82781744;0,00000000
7,59813559;3,78429508;0,00000000
7,59823959;3,82781744;0,00000000
7,59834359;3,82781744;0,00000000
7,59844759;3,82781744;0,00000000
7,59855159;3,78429508;0,00000000
7,59865559;3,82781744;0,00000000
7,59875959;3,78429508;0,00000000
7,59886359;3,78429508;0,00000000
7,59896759;3,82781744;0,00000000
7,59907159;3,82781744;0,00000000
7,59917559;3,82781744;0,00000000
7,59927959;3,82781744;0,00000000
7,59938359;3,78429508;0,00000000
7,59948759;3,82781744;0,00000000
7,59959159;3,82781744;0,00000000
7,59969559;3,82781744;0,00000000
7,59979959;3,82781744;0,00000000
7,59990359;3,78429508;0,00000000
7,60000759;3,78429508;0,00000000
7,60011159;3,82781744;0,00000000
7,60021559;3,78429508;0,00000000
7,60031959;3,82781744;0,00000000
7,60042359;3,82781744;0,00000000
7,60052759;3,82781744;0,00000000
7,60063159;3,78429508;0,00000000
7,60073559;3,82781744;0,00000000
7,60083959;3,82781744;0,00000000
7,60094359;3,82781744;0,00000000
7,60104759;3,82781744;0,00000000
7,60115159;3,82781744;0,00000000
7,60125559;3,82781744;0,00000000
7,60135959;3,78429508;0,00000000
7,60146359;3,82781744;0,00000000
7,60156759;3,78429508;0,00000000
7,60167159;3,82781744;0,00000000
7,60177559;3,78429508;0,00000000
7,60187959;3,82781744;0,00000000
7,60198359;3,78429508;0,00000000
7,60208759;3,78429508;0,00000000
7,60219159;3,82781744;0,00000000
7,60229559;3,82781744;0,00000000
7,60239959;3,82781744;0,00000000
7,60250359;3,82781744;0,00000000
7,60260759;3,82781744;0,00000000
7,60271159;3,82781744;0,00000000
7,60281559;3,82781744;0,00000000
7,60291959;3,82781744;0,00000000
7,60302359;3,82781744;0,00000000
7,60312759;3,78429508;0,00000000
7,60323159;3,82781744;0,00000000
7,60333559;3,82781744;0,00000000
7,60343959;3,78429508;0,00000000
7,60354359;3,82781744;0,00000000
7,60364759;3,78429508;0,00000000
7,60375159;3,78429508;0,00000000
7,60385559;3,78429508;0,00000000
7,60395959;3,82781744;0,00000000
7,60406359;3,82781744;0,00000000
7,60416759;3,82781744;0,00000000
7,60427159;3,82781744;0,00000000
7,60437559;3,78429508;0,00000000
7,60447959;3,82781744;0,00000000
7,60458359;3,78429508;0,00000000
7,60468759;3,82781744;0,00000000
7,60479159;3,78429508;0,00000000
7,60489559;3,82781744;0,00000000
7,60499959;3,82781744;0,00000000
7,60510359;3,82781744;0,00000000
7,60520759;3,82781744;0,00000000
7,60531159;3,82781744;0,00000000
7,60541559;3,78429508;0,00000000
7,60551959;3,78429508;0,00000000
7,60562359;3,82781744;0,00000000
7,60572759;3,82781744;0,00000000
7,60583159;3,82781744;0,01734744
7,60593559;3,82781744;0,00000000
7,60603959;3,78429508;0,00000000
7,60614359;3,82781744;0,00000000
7,60624759;3,78429508;0,00000000
7,60635159;3,82781744;0,00000000
7,60645559;3,82781744;0,00000000
7,60655959;3,82781744;0,00000000
7,60666359;3,82781744;0,00000000
7,60676759;3,82781744;0,01734744
7,60687159;3,82781744;0,00000000
7,60697559;3,82781744;0,00000000
7,60707959;3,82781744;0,00000000
7,60718359;3,82781744;0,00000000
7,60728759;3,82781744;0,00000000
7,60739159;3,78429508;0,00000000
7,60749559;3,78429508;0,00000000
7,60759959;3,82781744;0,00000000
7,60770359;3,82781744;0,00000000
7,60780759;3,82781744;0,00000000
7,60791159;3,82781744;0,00000000
7,60801559;3,82781744;0,00000000
7,60811959;3,78429508;0,00000000
7,60822359;3,82781744;0,00000000
7,60832759;3,78429508;0,00000000
7,60843159;3,78429508;0,00000000
7,60853559;3,78429508;0,00000000
7,60863959;3,78429508;0,00000000
7,60874359;3,82781744;0,00000000
7,60884759;3,82781744;0,00000000
7,60895159;3,82781744;0,00000000
7,60905559;3,82781744;0,00000000
7,60915959;3,82781744;0,00000000
7,60926359;3,78429508;0,00000000
7,60936759;3,82781744;0,00000000
7,60947159;3,78429508;0,00000000
7,60957559;3,82781744;0,00000000
7,60967959;3,78429508;0,00000000
7,60978359;3,82781744;0,00000000
7,60988759;3,82781744;0,00000000
7,60999159;3,78429508;0,00000000
7,61009559;3,82781744;0,00000000
7,61019959;3,82781744;0,00000000
7,61030359;3,82781744;0,00000000
7,61040759;3,82781744;0,00000000
7,61051159;3,82781744;0,00000000
7,61061559;3,82781744;0,00000000
7,61071959;3,78429508;0,00000000
7,61082359;3,82781744;0,00000000
7,61092759;3,82781744;0,00000000
7,61103159;3,82781744;0,00000000
7,61113559;3,78429508;0,00000000
7,61123959;3,82781744;0,00000000
7,61134359;3,82781744;0,00000000
7,61144759;3,82781744;0,00000000
7,61155159;3,82781744;0,00000000
7,61165559;3,82781744;0,00000000
7,61175959;3,78429508;0,00000000
7,61186359;3,82781744;0,00000000
7,61196759;3,82781744;0,00000000
7,61207159;3,82781744;0,00000000
7,61217559;3,82781744;0,00000000
7,61227959;3,82781744;0,00000000
7,61238359;3,82781744;0,01734744
7,61248759;3,82781744;0,00000000
7,61259159;3,82781744;0,00000000
7,61269559;3,82781744;0,00000000
7,61279959;3,82781744;0,00000000
7,61290359;3,78429508;0,00000000
7,61300759;3,82781744;0,00000000
7,61311159;3,82781744;0,00000000
7,61321559;3,82781744;0,00000000
7,61331959;3,82781744;0,00000000
7,61342359;3,82781744;0,00000000
7,61352759;3,82781744;0,00000000
7,61363159;3,82781744;0,00000000
7,61373559;3,78429508;0,00000000
7,61383959;3,82781744;0,00000000
7,61394359;3,78429508;0,00000000
7,61404759;3,82781744;0,00000000
7,61415159;3,82781744;0,00000000
7,61425559;3,78429508;0,00000000
7,61435959;3,82781744;0,00000000
7,61446359;3,82781744;0,00000000
7,61456759;3,82781744;0,00000000
7,61467159;3,82781744;0,00000000
7,61477559;3,82781744;0,00000000
7,61487959;3,82781744;0,00000000
7,61498359;3,82781744;0,00000000
7,61508759;3,82781744;0,00000000
7,61519159;3,82781744;0,00000000
7,61529559;3,82781744;0,00000000
7,61539959;3,82781744;0,00000000
7,61550359;3,82781744;0,00000000
7,61560759;3,82781744;0,00000000
7,61571159;3,78429508;0,00000000
7,61581559;3,82781744;0,00000000
7,61591959;3,82781744;0,00000000
7,61602359;3,82781744;0,00000000
7,61612759;3,82781744;0,00000000
7,61623159;3,82781744;0,00000000
7,61633559;3,82781744;0,00000000
7,61643959;3,82781744;0,00000000
7,61654359;3,78429508;0,00000000
7,61664759;3,82781744;0,00000000
7,61675159;3,82781744;0,00000000
7,61685559;3,82781744;0,00000000
7,61695959;3,82781744;0,00000000
7,61706359;3,82781744;0,00000000
7,61716759;3,82781744;0,00000000
7,61727159;3,82781744;0,00000000
7,61737559;3,82781744;0,00000000
7,61747959;3,82781744;0,00000000
7,61758359;3,82781744;0,00000000
7,61768759;3,78429508;0,00000000
7,61779159;3,82781744;0,00000000
7,61789559;3,82781744;0,00000000
7,61799959;3,82781744;0,00000000
7,61810359;3,82781744;0,00000000
7,61820759;3,78429508;0,00000000
7,61831159;3,82781744;0,00000000
7,61841559;3,82781744;0,00000000
7,61851959;3,82781744;0,00000000
7,61862359;3,82781744;0,00000000
7,61872759;3,82781744;0,00000000
7,61883159;3,78429508;0,00000000
7,61893559;3,82781744;0,00000000
7,61903959;3,82781744;0,00000000
7,61914359;3,78429508;0,00000000
7,61924759;3,82781744;0,00000000
7,61935159;3,82781744;0,00000000
7,61945559;3,78429508;0,00000000
7,61955959;3,82781744;0,00000000
7,61966359;3,82781744;0,00000000
7,61976759;3,78429508;0,00000000
7,61987159;3,82781744;0,00000000
7,61997559;3,78429508;0,00000000
7,62007959;3,82781744;0,00000000
7,62018359;3,82781744;0,00000000
7,62028759;3,82781744;0,00000000
7,62039159;3,78429508;0,00000000
7,62049559;3,78429508;0,00000000
7,62059959;3,82781744;0,00000000
7,62070359;3,82781744;0,00000000
7,62080759;3,82781744;0,00000000
7,62091159;3,82781744;0,00000000
7,62101559;3,78429508;0,00000000
7,62111959;3,78429508;0,00000000
7,62122359;3,78429508;0,00000000
7,62132759;3,82781744;0,00000000
7,62143159;3,78429508;0,00000000
7,62153559;3,82781744;0,00000000
7,62163959;3,78429508;0,00000000
7,62174359;3,82781744;0,00000000
7,62184759;3,82781744;0,00000000
7,62195159;3,82781744;0,00000000
7,62205559;3,82781744;0,00000000
7,62215959;3,78429508;0,00000000
7,62226359;3,82781744;0,00000000
7,62236759;3,82781744;0,00000000
7,62247159;3,82781744;0,00000000
7,62257559;3,82781744;0,00000000
7,62267959;3,78429508;0,00000000
7,62278359;3,82781744;0,00000000
7,62288759;3,82781744;0,00000000
7,62299159;3,78429508;0,00000000
7,62309559;3,82781744;0,00000000
7,62319959;3,82781744;0,00000000
7,62330359;3,78429508;0,00000000
7,62340759;3,78429508;0,00000000
7,62351159;3,78429508;0,00000000
7,62361559;3,78429508;0,00000000
7,62371959;3,82781744;0,00000000
7,62382359;3,82781744;0,00000000
7,62392759;3,82781744;0,00000000
7,62403159;3,78429508;0,00000000
7,62413559;3,78429508;0,00000000
7,62423959;3,82781744;0,00000000
7,62434359;3,82781744;0,00000000
7,62444759;3,82781744;0,00000000
7,62455159;3,82781744;0,00000000
7,62465559;3,82781744;0,00000000
7,62475959;3,82781744;0,00000000
7,62486359;3,78429508;0,00000000
7,62496759;3,78429508;0,00000000
7,62507159;3,82781744;0,00000000
7,62517559;3,78429508;0,00000000
7,62527959;3,78429508;0,00000000
7,62538359;3,78429508;0,00000000
7,62548759;3,82781744;0,00000000
7,62559159;3,82781744;0,00000000
7,62569559;3,82781744;0,00000000
7,62579959;3,82781744;0,00000000
7,62590359;3,82781744;0,00000000
7,62600759;3,82781744;0,00000000
7,62611159;3,82781744;0,00000000
7,62621559;3,82781744;0,00000000
7,62631959;3,82781744;0,00000000
7,62642359;3,78429508;0,00000000
7,62652759;3,78429508;0,00000000
7,62663159;3,78429508;0,00000000
7,62673559;3,82781744;0,00000000
7,62683959;3,82781744;0,00000000
7,62694359;3,78429508;0,00000000
7,62704759;3,78429508;0,00000000
7,62715159;3,78429508;0,00000000
7,62725559;3,82781744;0,00000000
7,62735959;3,78429508;0,00000000
7,62746359;3,82781744;0,00000000
7,62756759;3,82781744;0,00000000
7,62767159;3,78429508;0,00000000
7,62777559;3,82781744;0,00000000
7,62787959;3,74077272;0,00000000
7,62798359;3,82781744;0,00000000
7,62808759;3,78429508;0,00000000
7,62819159;3,82781744;0,00000000
7,62829559;3,82781744;0,00000000
7,62839959;3,82781744;0,00000000
7,62850359;3,78429508;0,00000000
7,62860759;3,82781744;0,00000000
7,62871159;3,82781744;0,00000000
7,62881559;3,78429508;0,00000000
7,62891959;3,78429508;0,00000000
7,62902359;3,82781744;0,00000000
7,62912759;3,82781744;0,00000000
7,62923159;3,82781744;0,00000000
7,62933559;3,82781744;0,00000000
7,62943959;3,82781744;0,00000000
7,62954359;3,78429508;0,00000000
7,62964759;3,82781744;0,00000000
7,62975159;3,82781744;0,00000000
7,62985559;3,82781744;0,00000000
7,62995959;3,82781744;0,00000000
7,63006359;3,78429508;0,00000000
7,63016759;3,78429508;0,00000000
7,63027159;3,82781744;0,00000000
7,63037559;3,78429508;0,00000000
7,63047959;3,78429508;0,00000000
7,63058359;3,78429508;0,00000000
7,63068759;3,82781744;0,00000000
7,63079159;3,82781744;0,00000000
7,63089559;3,82781744;0,00000000
7,63099959;3,78429508;0,00000000
7,63110359;3,78429508;0,00000000
7,63120759;3,78429508;0,00000000
7,63131159;3,78429508;0,00000000
7,63141559;3,78429508;0,00000000
7,63151959;3,78429508;0,00000000
7,63162359;3,78429508;0,00000000
7,63172759;3,82781744;0,00000000
7,63183159;3,82781744;0,00000000
7,63193559;3,82781744;0,00000000
7,63203959;3,82781744;0,00000000
7,63214359;3,82781744;0,00000000
7,63224759;3,82781744;0,00000000
7,63235159;3,82781744;0,00000000
7,63245559;3,82781744;0,00000000
7,63255959;3,82781744;0,00000000
7,63266359;3,82781744;0,00000000
7,63276759;3,82781744;0,00000000
7,63287159;3,82781744;0,00000000
7,63297559;3,78429508;0,00000000
7,63307959;3,82781744;0,00000000
7,63318359;3,82781744;0,00000000
7,63328759;3,82781744;0,00000000
7,63339159;3,82781744;0,00000000
7,63349559;3,82781744;0,00000000
7,63359959;3,82781744;0,00000000
7,63370359;3,82781744;0,00000000
7,63380759;3,78429508;0,00000000
7,63391159;3,78429508;0,00000000
7,63401559;3,82781744;0,00000000
7,63411959;3,82781744;0,00000000
7,63422359;3,82781744;0,00000000
7,63432759;3,82781744;0,00000000
7,63443159;3,78429508;0,00000000
7,63453559;3,82781744;0,00000000
7,63463959;3,82781744;0,00000000
7,63474359;3,78429508;0,00000000
7,63484759;3,82781744;0,00000000
7,63495159;3,82781744;0,00000000
7,63505559;3,82781744;0,00000000
7,63515959;3,82781744;0,00000000
7,63526359;3,82781744;0,00000000
7,63536759;3,82781744;0,00000000
7,63547159;3,82781744;0,00000000
7,63557559;3,78429508;0,00000000
7,63567959;3,82781744;0,00000000
7,63578359;3,78429508;0,00000000
7,63588759;3,82781744;0,00000000
7,63599159;3,82781744;0,00000000
7,63609559;3,82781744;0,00000000
7,63619959;3,78429508;0,00000000
7,63630359;3,82781744;0,00000000
7,63640759;3,82781744;0,00000000
7,63651159;3,82781744;0,00000000
7,63661559;3,78429508;0,00000000
7,63671959;3,82781744;0,00000000
7,63682359;3,82781744;0,00000000
7,63692759;3,78429508;0,00000000
7,63703159;3,78429508;0,00000000
7,63713559;3,82781744;0,00000000
7,63723959;3,82781744;0,00000000
7,63734359;3,78429508;0,00000000
7,63744759;3,82781744;0,00000000
7,63755159;3,82781744;0,00000000
7,63765559;3,82781744;0,00000000
7,63775959;3,82781744;0,01734744
7,63786359;3,82781744;0,00000000
7,63796759;3,82781744;0,00000000
7,63807159;3,78429508;0,00000000
7,63817559;3,78429508;0,00000000
7,63827959;3,82781744;0,00000000
7,63838359;3,78429508;0,00000000
7,63848759;3,82781744;0,00000000
7,63859159;3,82781744;0,00000000
7,63869559;3,82781744;0,00000000
7,63879959;3,82781744;0,00000000
7,63890359;3,78429508;0,00000000
7,63900759;3,78429508;0,00000000
7,63911159;3,78429508;0,00000000
7,63921559;3,82781744;0,00000000
7,63931959;3,82781744;0,00000000
7,63942359;3,78429508;0,00000000
7,63952759;3,82781744;0,00000000
7,63963159;3,82781744;0,00000000
7,63973559;3,82781744;0,00000000
7,63983959;3,82781744;0,00000000
7,63994359;3,82781744;0,00000000
7,64004759;3,78429508;0,00000000
7,64015159;3,78429508;0,00000000
7,64025559;3,82781744;0,00000000
7,64035959;3,82781744;0,00000000
7,64046359;3,78429508;0,00000000
7,64056759;3,82781744;0,00000000
7,64067159;3,82781744;0,00000000
7,64077559;3,82781744;0,00000000
7,64087959;3,82781744;0,00000000
7,64098359;3,82781744;0,00000000
7,64108759;3,78429508;0,00000000
7,64119159;3,82781744;0,00000000
7,64129559;3,82781744;0,00000000
7,64139959;3,82781744;0,00000000
7,64150359;3,82781744;0,00000000
7,64160759;3,82781744;0,00000000
7,64171159;3,82781744;0,00000000
7,64181559;3,82781744;0,00000000
7,64191959;3,82781744;0,00000000
7,64202359;3,82781744;0,00000000
7,64212759;3,82781744;0,00000000
7,64223159;3,78429508;0,00000000
7,64233559;3,78429508;0,00000000
7,64243959;3,78429508;0,00000000
7,64254359;3,82781744;0,00000000
7,64264759;3,78429508;0,00000000
7,64275159;3,82781744;0,00000000
7,64285559;3,82781744;0,00000000
7,64295959;3,78429508;0,00000000
7,64306359;3,78429508;0,00000000
7,64316759;3,82781744;0,00000000
7,64327159;3,82781744;0,00000000
7,64337559;3,82781744;0,00000000
7,64347959;3,82781744;0,00000000
7,64358359;3,78429508;0,00000000
7,64368759;3,82781744;0,00000000
7,64379159;3,82781744;0,00000000
7,64389559;3,78429508;0,00000000
7,64399959;3,82781744;0,00000000
7,64410359;3,82781744;0,00000000
7,64420759;3,82781744;0,00000000
7,64431159;3,78429508;0,00000000
7,64441559;3,82781744;0,00000000
7,64451959;3,82781744;0,00000000
7,64462359;3,82781744;0,00000000
7,64472759;3,78429508;0,00000000
7,64483159;3,82781744;0,00000000
7,64493559;3,82781744;0,00000000
7,64503959;3,82781744;0,00000000
7,64514359;3,82781744;0,00000000
7,64524759;3,78429508;0,00000000
7,64535159;3,82781744;0,00000000
7,64545559;3,82781744;0,00000000
7,64555959;3,82781744;0,00000000
7,64566359;3,82781744;0,00000000
7,64576759;3,82781744;0,00000000
7,64587159;3,82781744;0,00000000
7,64597559;3,78429508;0,00000000
7,64607959;3,78429508;0,00000000
7,64618359;3,82781744;0,00000000
7,64628759;3,82781744;0,00000000
7,64639159;3,78429508;0,00000000
7,64649559;3,82781744;0,00000000
7,64659959;3,78429508;0,00000000
7,64670359;3,82781744;0,00000000
7,64680759;3,78429508;0,00000000
7,64691159;3,82781744;0,00000000
7,64701559;3,78429508;0,00000000
7,64711959;3,82781744;0,00000000
7,64722359;3,82781744;0,00000000
7,64732759;3,82781744;0,00000000
7,64743159;3,82781744;0,00000000
7,64753559;3,78429508;0,00000000
7,64763959;3,78429508;0,00000000
7,64774359;3,82781744;0,00000000
7,64784759;3,78429508;0,00000000
7,64795159;3,78429508;0,00000000
7,64805559;3,78429508;0,00000000
7,64815959;3,82781744;0,00000000
7,64826359;3,78429508;0,00000000
7,64836759;3,82781744;0,00000000
7,64847159;3,78429508;0,00000000
7,64857559;3,78429508;0,00000000
7,64867959;3,82781744;0,00000000
7,64878359;3,82781744;0,00000000
7,64888759;3,82781744;0,00000000
7,64899159;3,82781744;0,00000000
7,64909559;3,82781744;0,00000000
7,64919959;3,78429508;0,00000000
7,64930359;3,82781744;0,00000000
7,64940759;3,82781744;0,00000000
7,64951159;3,78429508;0,00000000
7,64961559;3,82781744;0,00000000
7,64971959;3,82781744;0,00000000
7,64982359;3,82781744;0,00000000
7,64992759;3,78429508;0,00000000
7,65003159;3,82781744;0,00000000
7,65013559;3,82781744;0,00000000
7,65023959;3,82781744;0,00000000
7,65034359;3,82781744;0,00000000
7,65044759;3,82781744;0,00000000
7,65055159;3,82781744;0,00000000
7,65065559;3,82781744;0,00000000
7,65075959;3,82781744;0,00000000
7,65086359;3,82781744;0,00000000
7,65096759;3,82781744;0,00000000
7,65107159;3,78429508;0,00000000
7,65117559;3,78429508;0,00000000
7,65127959;3,78429508;0,00000000
7,65138359;3,78429508;0,00000000
7,65148759;3,82781744;0,00000000
7,65159159;3,78429508;0,00000000
7,65169559;3,82781744;0,00000000
7,65179959;3,78429508;0,00000000
7,65190359;3,78429508;0,00000000
7,65200759;3,82781744;0,00000000
7,65211159;3,78429508;0,00000000
7,65221559;3,82781744;0,00000000
7,65231959;3,82781744;0,00000000
7,65242359;3,82781744;0,00000000
7,65252759;3,78429508;0,00000000
7,65263159;3,78429508;0,00000000
7,65273559;3,82781744;0,00000000
7,65283959;3,82781744;0,00000000
7,65294359;3,82781744;0,00000000
7,65304759;3,78429508;0,00000000
7,65315159;3,82781744;0,00000000
7,65325559;3,82781744;0,00000000
7,65335959;3,82781744;0,00000000
7,65346359;3,82781744;0,00000000
7,65356759;3,82781744;0,00000000
7,65367159;3,82781744;0,00000000
7,65377559;3,82781744;0,01734744
7,65387959;3,82781744;0,00000000
7,65398359;3,82781744;0,00000000
7,65408759;3,82781744;0,00000000
7,65419159;3,82781744;0,00000000
7,65429559;3,82781744;0,00000000
7,65439959;3,82781744;0,00000000
7,65450359;3,78429508;0,00000000
7,65460759;3,82781744;0,00000000
7,65471159;3,82781744;0,00000000
7,65481559;3,82781744;0,00000000
7,65491959;3,78429508;0,00000000
7,65502359;3,78429508;0,00000000
7,65512759;3,82781744;0,00000000
7,65523159;3,78429508;0,00000000
7,65533559;3,82781744;0,00000000
7,65543959;3,82781744;0,00000000
7,65554359;3,82781744;0,00000000
7,65564759;3,82781744;0,00000000
7,65575159;3,82781744;0,00000000
7,65585559;3,82781744;0,00000000
7,65595959;3,82781744;0,00000000
7,65606359;3,82781744;0,00000000
7,65616759;3,82781744;0,00000000
7,65627159;3,82781744;0,00000000
7,65637559;3,82781744;0,00000000
7,65647959;3,82781744;0,00000000
7,65658359;3,82781744;0,00000000
7,65668759;3,82781744;0,00000000
7,65679159;3,82781744;0,00000000
7,65689559;3,82781744;0,00000000
7,65699959;3,82781744;0,00000000
7,65710359;3,82781744;0,00000000
7,65720759;3,78429508;0,00000000
7,65731159;3,82781744;0,00000000
7,65741559;3,82781744;0,00000000
7,65751959;3,82781744;0,00000000
7,65762359;3,78429508;0,00000000
7,65772759;3,82781744;0,00000000
7,65783159;3,82781744;0,00000000
7,65793559;3,78429508;0,00000000
7,65803959;3,82781744;0,00000000
7,65814359;3,82781744;0,00000000
7,65824759;3,82781744;0,00000000
7,65835159;3,82781744;0,00000000
7,65845559;3,82781744;0,00000000
7,65855959;3,82781744;0,00000000
7,65866359;3,78429508;0,00000000
7,65876759;3,82781744;0,00000000
7,65887159;3,78429508;0,00000000
7,65897559;3,82781744;0,00000000
7,65907959;3,82781744;0,00000000
7,65918359;3,78429508;0,00000000
7,65928759;3,78429508;0,00000000
7,65939159;3,78429508;0,00000000
7,65949559;3,82781744;0,00000000
7,65959959;3,78429508;0,00000000
7,65970359;3,82781744;0,00000000
7,65980759;3,82781744;0,00000000
7,65991159;3,82781744;0,00000000
7,66001559;3,82781744;0,00000000
7,66011959;3,78429508;0,00000000
7,66022359;3,78429508;0,00000000
7,66032759;3,82781744;0,00000000
7,66043159;3,82781744;0,01734744
7,66053559;3,82781744;0,00000000
7,66063959;3,82781744;0,00000000
7,66074359;3,82781744;0,00000000
7,66084759;3,82781744;0,00000000
7,66095159;3,78429508;0,00000000
7,66105559;3,82781744;0,00000000
7,66115959;3,82781744;0,00000000
7,66126359;3,82781744;0,00000000
7,66136759;3,78429508;0,00000000
7,66147159;3,82781744;0,00000000
7,66157559;3,82781744;0,00000000
7,66167959;3,82781744;0,00000000
7,66178359;3,78429508;0,00000000
7,66188759;3,82781744;0,00000000
7,66199159;3,82781744;0,00000000
7,66209559;3,78429508;0,00000000
7,66219959;3,78429508;0,00000000
7,66230359;3,82781744;0,00000000
7,66240759;3,82781744;0,00000000
7,66251159;3,82781744;0,00000000
7,66261559;3,82781744;0,00000000
7,66271959;3,78429508;0,00000000
7,66282359;3,82781744;0,00000000
7,66292759;3,82781744;0,00000000
7,66303159;3,82781744;0,00000000
7,66313559;3,82781744;0,00000000
7,66323959;3,78429508;0,00000000
7,66334359;3,78429508;0,00000000
7,66344759;3,82781744;0,00000000
7,66355159;3,82781744;0,00000000
7,66365559;3,78429508;0,00000000
7,66375959;3,82781744;0,00000000
7,66386359;3,82781744;0,00000000
7,66396759;3,82781744;0,00000000
7,66407159;3,82781744;0,00000000
7,66417559;3,82781744;0,00000000
7,66427959;3,78429508;0,00000000
7,66438359;3,82781744;0,00000000
7,66448759;3,78429508;0,00000000
7,66459159;3,78429508;0,00000000
7,66469559;3,82781744;0,00000000
7,66479959;3,82781744;0,00000000
7,66490359;3,82781744;0,00000000
7,66500759;3,78429508;0,00000000
7,66511159;3,78429508;0,00000000
7,66521559;3,82781744;0,00000000
7,66531959;3,82781744;0,00000000
7,66542359;3,82781744;0,00000000
7,66552759;3,82781744;0,00000000
7,66563159;3,82781744;0,00000000
7,66573559;3,78429508;0,00000000
7,66583959;3,82781744;0,00000000
7,66594359;3,82781744;0,00000000
7,66604759;3,82781744;0,00000000
7,66615159;3,82781744;0,00000000
7,66625559;3,78429508;0,00000000
7,66635959;3,82781744;0,00000000
7,66646359;3,78429508;0,00000000
7,66656759;3,82781744;0,00000000
7,66667159;3,82781744;0,00000000
7,66677559;3,82781744;0,00000000
7,66687959;3,82781744;0,00000000
7,66698359;3,78429508;0,00000000
7,66708759;3,78429508;0,00000000
7,66719159;3,78429508;0,00000000
7,66729559;3,78429508;0,00000000
7,66739959;3,78429508;0,00000000
7,66750359;3,78429508;0,00000000
7,66760759;3,78429508;0,00000000
7,66771159;3,82781744;0,00000000
7,66781559;3,82781744;0,00000000
7,66791959;3,82781744;0,00000000
7,66802359;3,82781744;0,00000000
7,66812759;3,82781744;0,00000000
7,66823159;3,82781744;0,00000000
7,66833559;3,82781744;0,00000000
7,66843959;3,78429508;0,00000000
7,66854359;3,82781744;0,00000000
7,66864759;3,78429508;0,00000000
7,66875159;3,82781744;0,00000000
7,66885559;3,82781744;0,00000000
7,66895959;3,78429508;0,00000000
7,66906359;3,78429508;0,00000000
7,66916759;3,78429508;0,00000000
7,66927159;3,82781744;0,00000000
7,66937559;3,82781744;0,00000000
7,66947959;3,78429508;0,00000000
7,66958359;3,78429508;0,00000000
7,66968759;3,78429508;0,00000000
7,66979159;3,82781744;0,00000000
7,66989559;3,82781744;0,00000000
7,66999959;3,82781744;0,00000000
7,67010359;3,82781744;0,00000000
7,67020759;3,78429508;0,00000000
7,67031159;3,82781744;0,00000000
7,67041559;3,82781744;0,00000000
7,67051959;3,78429508;0,00000000
7,67062359;3,82781744;0,00000000
7,67072759;3,82781744;0,00000000
7,67083159;3,78429508;0,00000000
7,67093559;3,82781744;0,00000000
7,67103959;3,82781744;0,00000000
7,67114359;3,78429508;0,00000000
7,67124759;3,82781744;0,00000000
7,67135159;3,82781744;0,00000000
7,67145559;3,82781744;0,00000000
7,67155959;3,82781744;0,00000000
7,67166359;3,78429508;0,00000000
7,67176759;3,78429508;0,00000000
7,67187159;3,82781744;0,00000000
7,67197559;3,82781744;0,00000000
7,67207959;3,82781744;0,00000000
7,67218359;3,78429508;0,00000000
7,67228759;3,78429508;0,00000000
7,67239159;3,82781744;0,00000000
7,67249559;3,82781744;0,00000000
7,67259959;3,78429508;0,00000000
7,67270359;3,82781744;0,00000000
7,67280759;3,82781744;0,00000000
7,67291159;3,82781744;0,00000000
7,67301559;3,78429508;0,00000000
7,67311959;3,82781744;0,00000000
7,67322359;3,82781744;0,00000000
7,67332759;3,82781744;0,00000000
7,67343159;3,78429508;0,00000000
7,67353559;3,78429508;0,00000000
7,67363959;3,78429508;0,00000000
7,67374359;3,82781744;0,00000000
7,67384759;3,78429508;0,00000000
7,67395159;3,82781744;0,00000000
7,67405559;3,82781744;0,00000000
7,67415959;3,82781744;0,00000000
7,67426359;3,82781744;0,00000000
7,67436759;3,78429508;0,00000000
7,67447159;3,82781744;0,00000000
7,67457559;3,82781744;0,00000000
7,67467959;3,78429508;0,00000000
7,67478359;3,82781744;0,00000000
7,67488759;3,78429508;0,00000000
7,67499159;3,82781744;0,00000000
7,67509559;3,78429508;0,00000000
7,67519959;3,78429508;0,00000000
7,67530359;3,82781744;0,00000000
7,67540759;3,82781744;0,00000000
7,67551159;3,82781744;0,00000000
7,67561559;3,82781744;0,00000000
7,67571959;3,82781744;0,00000000
7,67582359;3,82781744;0,00000000
7,67592759;3,78429508;0,00000000
7,67603159;3,78429508;0,00000000
7,67613559;3,82781744;0,00000000
7,67623959;3,82781744;0,00000000
7,67634359;3,78429508;0,00000000
7,67644759;3,82781744;0,00000000
7,67655159;3,82781744;0,00000000
7,67665559;3,82781744;0,00000000
7,67675959;3,82781744;0,00000000
7,67686359;3,78429508;0,00000000
7,67696759;3,78429508;0,00000000
7,67707159;3,82781744;0,00000000
7,67717559;3,78429508;0,00000000
7,67727959;3,82781744;0,00000000
7,67738359;3,82781744;0,00000000
7,67748759;3,82781744;0,00000000
7,67759159;3,82781744;0,00000000
7,67769559;3,82781744;0,00000000
7,67779959;3,82781744;0,00000000
7,67790359;3,82781744;0,00000000
7,67800759;3,82781744;0,00000000
7,67811159;3,82781744;0,00000000
7,67821559;3,78429508;0,00000000
7,67831959;3,78429508;0,00000000
7,67842359;3,82781744;0,00000000
7,67852759;3,78429508;0,00000000
7,67863159;3,82781744;0,00000000
7,67873559;3,82781744;0,00000000
7,67883959;3,82781744;0,00000000
7,67894359;3,82781744;0,00000000
7,67904759;3,82781744;0,00000000
7,67915159;3,82781744;0,00000000
7,67925559;3,78429508;0,00000000
7,67935959;3,82781744;0,00000000
7,67946359;3,78429508;0,00000000
7,67956759;3,78429508;0,00000000
7,67967159;3,82781744;0,00000000
7,67977559;3,82781744;0,00000000
7,67987959;3,82781744;0,00000000
7,67998359;3,82781744;0,00000000
7,68008759;3,78429508;0,00000000
7,68019159;3,78429508;0,00000000
7,68029559;3,82781744;0,00000000
7,68039959;3,82781744;0,00000000
7,68050359;3,82781744;0,00000000
7,68060759;3,82781744;0,00000000
7,68071159;3,82781744;0,00000000
7,68081559;3,78429508;0,00000000
7,68091959;3,82781744;0,00000000
7,68102359;3,82781744;0,00000000
7,68112759;3,78429508;0,00000000
7,68123159;3,82781744;0,00000000
7,68133559;3,78429508;0,00000000
7,68143959;3,82781744;0,00000000
7,68154359;3,82781744;0,00000000
7,68164759;3,82781744;0,00000000
7,68175159;3,82781744;0,00000000
7,68185559;3,82781744;0,00000000
7,68195959;3,82781744;0,00000000
7,68206359;3,82781744;0,00000000
7,68216759;3,82781744;0,00000000
7,68227159;3,82781744;0,00000000
7,68237559;3,82781744;0,00000000
7,68247959;3,82781744;0,00000000
7,68258359;3,82781744;0,00000000
7,68268759;3,82781744;0,00000000
7,68279159;3,82781744;0,00000000
7,68289559;3,78429508;0,00000000
7,68299959;3,78429508;0,00000000
7,68310359;3,82781744;0,00000000
7,68320759;3,82781744;0,00000000
7,68331159;3,82781744;0,00000000
7,68341559;3,78429508;0,00000000
7,68351959;3,82781744;0,00000000
7,68362359;3,78429508;0,00000000
7,68372759;3,82781744;0,00000000
7,68383159;3,78429508;0,00000000
7,68393559;3,78429508;0,00000000
7,68403959;3,78429508;0,00000000
7,68414359;3,82781744;0,00000000
7,68424759;3,82781744;0,00000000
7,68435159;3,82781744;0,00000000
7,68445559;3,78429508;0,00000000
7,68455959;3,78429508;0,00000000
7,68466359;3,78429508;0,00000000
7,68476759;3,82781744;0,00000000
7,68487159;3,78429508;0,00000000
7,68497559;3,82781744;0,00000000
7,68507959;3,82781744;0,00000000
7,68518359;3,82781744;0,00000000
7,68528759;3,82781744;0,00000000
7,68539159;3,82781744;0,00000000
7,68549559;3,82781744;0,00000000
7,68559959;3,82781744;0,00000000
7,68570359;3,82781744;0,00000000
7,68580759;3,82781744;0,00000000
7,68591159;3,82781744;0,00000000
7,68601559;3,82781744;0,00000000
7,68611959;3,82781744;0,00000000
7,68622359;3,82781744;0,00000000
7,68632759;3,82781744;0,00000000
7,68643159;3,78429508;0,00000000
7,68653559;3,82781744;0,00000000
7,68663959;3,78429508;0,00000000
7,68674359;3,82781744;0,00000000
7,68684759;3,82781744;0,00000000
7,68695159;3,82781744;0,00000000
7,68705559;3,82781744;0,00000000
7,68715959;3,82781744;0,00000000
7,68726359;3,82781744;0,00000000
7,68736759;3,78429508;0,00000000
7,68747159;3,82781744;0,00000000
7,68757559;3,82781744;0,00000000
7,68767959;3,82781744;0,00000000
7,68778359;3,82781744;0,00000000
7,68788759;3,82781744;0,00000000
7,68799159;3,82781744;0,00000000
7,68809559;3,82781744;0,00000000
7,68819959;3,82781744;0,00000000
7,68830359;3,78429508;0,00000000
7,68840759;3,82781744;0,00000000
7,68851159;3,82781744;0,00000000
7,68861559;3,78429508;0,00000000
7,68871959;3,82781744;0,00000000
7,68882359;3,82781744;0,00000000
7,68892759;3,82781744;0,00000000
7,68903159;3,82781744;0,00000000
7,68913559;3,82781744;0,00000000
7,68923959;3,82781744;0,00000000
7,68934359;3,82781744;0,00000000
7,68944759;3,78429508;0,00000000
7,68955159;3,82781744;0,00000000
7,68965559;3,78429508;0,00000000
7,68975959;3,82781744;0,00000000
7,68986359;3,78429508;0,00000000
7,68996759;3,82781744;0,00000000
7,69007159;3,78429508;0,00000000
7,69017559;3,82781744;0,00000000
7,69027959;3,82781744;0,00000000
7,69038359;3,82781744;0,00000000
7,69048759;3,82781744;0,00000000
7,69059159;3,82781744;0,00000000
7,69069559;3,82781744;0,00000000
7,69079959;3,82781744;0,00000000
7,69090359;3,82781744;0,00000000
7,69100759;3,78429508;0,00000000
7,69111159;3,78429508;0,00000000
7,69121559;3,78429508;0,00000000
7,69131959;3,78429508;0,00000000
7,69142359;3,82781744;0,00000000
7,69152759;3,78429508;0,00000000
7,69163159;3,82781744;0,00000000
7,69173559;3,82781744;0,00000000
7,69183959;3,78429508;0,00000000
7,69194359;3,78429508;0,00000000
7,69204759;3,82781744;0,00000000
7,69215159;3,78429508;0,00000000
7,69225559;3,78429508;0,00000000
7,69235959;3,78429508;0,00000000
7,69246359;3,78429508;0,00000000
7,69256759;3,78429508;0,00000000
7,69267159;3,82781744;0,00000000
7,69277559;3,78429508;0,00000000
7,69287959;3,82781744;0,00000000
7,69298359;3,82781744;0,00000000
7,69308759;3,78429508;0,00000000
7,69319159;3,78429508;0,00000000
7,69329559;3,82781744;0,00000000
7,69339959;3,78429508;0,00000000
7,69350359;3,82781744;0,00000000
7,69360759;3,82781744;0,00000000
7,69371159;3,82781744;0,00000000
7,69381559;3,82781744;0,00000000
7,69391959;3,82781744;0,00000000
7,69402359;3,82781744;0,00000000
7,69412759;3,82781744;0,00000000
7,69423159;3,82781744;0,00000000
7,69433559;3,82781744;0,00000000
7,69443959;3,78429508;0,00000000
7,69454359;3,78429508;0,00000000
7,69464759;3,82781744;0,00000000
7,69475159;3,78429508;0,00000000
7,69485559;3,78429508;0,00000000
7,69495959;3,82781744;0,00000000
7,69506359;3,82781744;0,00000000
7,69516759;3,78429508;0,00000000
7,69527159;3,82781744;0,00000000
7,69537559;3,82781744;0,00000000
7,69547959;3,82781744;0,00000000
7,69558359;3,82781744;0,00000000
7,69568759;3,82781744;0,00000000
7,69579159;3,82781744;0,00000000
7,69589559;3,82781744;0,00000000
7,69599959;3,82781744;0,00000000
7,69610359;3,82781744;0,00000000
7,69620759;3,82781744;0,00000000
7,69631159;3,82781744;0,00000000
7,69641559;3,82781744;0,00000000
7,69651959;3,82781744;0,00000000
7,69662359;3,78429508;0,00000000
7,69672759;3,82781744;0,00000000
7,69683159;3,78429508;0,00000000
7,69693559;3,78429508;0,00000000
7,69703959;3,82781744;0,00000000
7,69714359;3,78429508;0,00000000
7,69724759;3,78429508;0,00000000
7,69735159;3,78429508;0,00000000
7,69745559;3,82781744;0,00000000
7,69755959;3,78429508;0,00000000
7,69766359;3,78429508;0,00000000
7,69776759;3,78429508;0,00000000
7,69787159;3,82781744;0,00000000
7,69797559;3,82781744;0,00000000
7,69807959;3,82781744;0,00000000
7,69818359;3,82781744;0,00000000
7,69828759;3,82781744;0,00000000
7,69839159;3,82781744;0,00000000
7,69849559;3,82781744;0,00000000
7,69859959;3,82781744;0,00000000
7,69870359;3,78429508;0,00000000
7,69880759;3,82781744;0,00000000
7,69891159;3,78429508;0,00000000
7,69901559;3,82781744;0,00000000
7,69911958;3,82781744;0,00000000
7,69922358;3,82781744;0,00000000
7,69932758;3,78429508;0,00000000
7,69943158;3,78429508;0,00000000
7,69953558;3,82781744;0,00000000
7,69963958;3,82781744;0,00000000
7,69974358;3,82781744;0,00000000
7,69984758;3,78429508;0,00000000
7,69995158;3,82781744;0,00000000
7,70005558;3,82781744;0,00000000
7,70015958;3,82781744;0,00000000
7,70026358;3,78429508;0,00000000
7,70036758;3,78429508;0,00000000
7,70047158;3,82781744;0,00000000
7,70057558;3,78429508;0,00000000
7,70067958;3,82781744;0,00000000
7,70078358;3,82781744;0,00000000
7,70088758;3,82781744;0,00000000
7,70099158;3,82781744;0,00000000
7,70109558;3,82781744;0,00000000
7,70119958;3,82781744;0,00000000
7,70130358;3,78429508;0,00000000
7,70140758;3,82781744;0,00000000
7,70151158;3,82781744;0,00000000
7,70161558;3,82781744;0,00000000
7,70171958;3,82781744;0,00000000
7,70182358;3,78429508;0,00000000
7,70192758;3,82781744;0,00000000
7,70203158;3,82781744;0,01734744
7,70213558;3,78429508;0,00000000
7,70223958;3,82781744;0,00000000
7,70234358;3,82781744;0,00000000
7,70244758;3,82781744;0,00000000
7,70255158;3,82781744;0,00000000
7,70265558;3,82781744;0,00000000
7,70275958;3,78429508;0,00000000
7,70286358;3,82781744;0,00000000
7,70296758;3,82781744;0,00000000
7,70307158;3,82781744;0,00000000
7,70317558;3,82781744;0,00000000
7,70327958;3,82781744;0,00000000
7,70338358;3,78429508;0,00000000
7,70348758;3,78429508;0,00000000
7,70359158;3,78429508;0,00000000
7,70369558;3,78429508;0,00000000
7,70379958;3,82781744;0,00000000
7,70390358;3,82781744;0,00000000
7,70400758;3,82781744;0,00000000
7,70411158;3,78429508;0,00000000
7,70421558;3,82781744;0,00000000
7,70431958;3,78429508;0,00000000
7,70442358;3,78429508;0,00000000
7,70452758;3,82781744;0,00000000
7,70463158;3,82781744;0,00000000
7,70473558;3,82781744;0,00000000
7,70483958;3,82781744;0,00000000
7,70494358;3,82781744;0,00000000
7,70504758;3,78429508;0,00000000
7,70515158;3,82781744;0,00000000
7,70525558;3,82781744;0,00000000
7,70535958;3,82781744;0,00000000
7,70546358;3,82781744;0,00000000
7,70556758;3,82781744;0,00000000
7,70567158;3,78429508;0,00000000
7,70577558;3,78429508;0,00000000
7,70587958;3,82781744;0,00000000
7,70598358;3,82781744;0,00000000
7,70608758;3,82781744;0,00000000
7,70619158;3,82781744;0,00000000
7,70629558;3,82781744;0,00000000
7,70639958;3,82781744;0,00000000
7,70650358;3,82781744;0,00000000
7,70660758;3,82781744;0,00000000
7,70671158;3,82781744;0,00000000
7,70681558;3,82781744;0,00000000
7,70691958;3,78429508;0,00000000
7,70702358;3,82781744;0,00000000
7,70712758;3,78429508;0,00000000
7,70723158;3,82781744;0,00000000
7,70733558;3,82781744;0,00000000
7,70743958;3,82781744;0,00000000
7,70754358;3,82781744;0,00000000
7,70764758;3,82781744;0,00000000
7,70775158;3,78429508;0,00000000
7,70785558;3,78429508;0,00000000
7,70795958;3,78429508;0,00000000
7,70806358;3,78429508;0,00000000
7,70816758;3,78429508;0,00000000
7,70827158;3,82781744;0,00000000
7,70837558;3,78429508;0,00000000
7,70847958;3,82781744;0,00000000
7,70858358;3,78429508;0,00000000
7,70868758;3,82781744;0,00000000
7,70879158;3,78429508;0,00000000
7,70889558;3,82781744;0,00000000
7,70899958;3,78429508;0,00000000
7,70910358;3,82781744;0,00000000
7,70920758;3,78429508;0,00000000
7,70931158;3,78429508;0,00000000
7,70941558;3,78429508;0,00000000
7,70951958;3,82781744;0,00000000
7,70962358;3,82781744;0,00000000
7,70972758;3,82781744;0,00000000
7,70983158;3,82781744;0,00000000
7,70993558;3,82781744;0,00000000
7,71003958;3,82781744;0,00000000
7,71014358;3,82781744;0,00000000
7,71024758;3,82781744;0,00000000
7,71035158;3,78429508;0,00000000
7,71045558;3,82781744;0,00000000
7,71055958;3,82781744;0,00000000
7,71066358;3,82781744;0,00000000
7,71076758;3,78429508;0,00000000
7,71087158;3,82781744;0,00000000
7,71097558;3,82781744;0,00000000
7,71107958;3,78429508;0,00000000
7,71118358;3,82781744;0,00000000
7,71128758;3,82781744;0,00000000
7,71139158;3,82781744;0,00000000
7,71149558;3,82781744;0,00000000
7,71159958;3,82781744;0,00000000
7,71170358;3,82781744;0,00000000
7,71180758;3,82781744;0,00000000
7,71191158;3,82781744;0,00000000
7,71201558;3,82781744;0,00000000
7,71211958;3,82781744;0,00000000
7,71222358;3,82781744;0,00000000
7,71232758;3,78429508;0,00000000
7,71243158;3,78429508;0,00000000
7,71253558;3,82781744;0,00000000
7,71263958;3,82781744;0,00000000
7,71274358;3,82781744;0,00000000
7,71284758;3,82781744;0,00000000
7,71295158;3,82781744;0,00000000
7,71305558;3,82781744;0,00000000
7,71315958;3,82781744;0,00000000
7,71326358;3,82781744;0,00000000
7,71336758;3,82781744;0,00000000
7,71347158;3,78429508;0,00000000
7,71357558;3,78429508;0,00000000
7,71367958;3,78429508;0,00000000
7,71378358;3,82781744;0,00000000
7,71388758;3,82781744;0,00000000
7,71399158;3,78429508;0,00000000
7,71409558;3,82781744;0,00000000
7,71419958;3,82781744;0,00000000
7,71430358;3,82781744;0,00000000
7,71440758;3,82781744;0,00000000
7,71451158;3,82781744;0,00000000
7,71461558;3,82781744;0,00000000
7,71471958;3,82781744;0,00000000
7,71482358;3,78429508;0,00000000
7,71492758;3,82781744;0,00000000
7,71503158;3,82781744;0,00000000
7,71513558;3,82781744;0,00000000
7,71523958;3,82781744;0,00000000
7,71534358;3,82781744;0,00000000
7,71544758;3,78429508;0,00000000
7,71555158;3,82781744;0,00000000
7,71565558;3,82781744;0,00000000
7,71575958;3,82781744;0,00000000
7,71586358;3,78429508;0,00000000
7,71596758;3,78429508;0,00000000
7,71607158;3,78429508;0,00000000
7,71617558;3,82781744;0,00000000
7,71627958;3,82781744;0,00000000
7,71638358;3,82781744;0,00000000
7,71648758;3,82781744;0,00000000
7,71659158;3,82781744;0,00000000
7,71669558;3,82781744;0,00000000
7,71679958;3,82781744;0,00000000
7,71690358;3,78429508;0,00000000
7,71700758;3,82781744;0,00000000
7,71711158;3,82781744;0,00000000
7,71721558;3,82781744;0,00000000
7,71731958;3,82781744;0,00000000
7,71742358;3,78429508;0,00000000
7,71752758;3,82781744;0,00000000
7,71763158;3,82781744;0,00000000
7,71773558;3,82781744;0,00000000
7,71783958;3,82781744;0,00000000
7,71794358;3,78429508;0,00000000
7,71804758;3,82781744;0,00000000
7,71815158;3,78429508;0,00000000
7,71825558;3,82781744;0,00000000
7,71835958;3,82781744;0,00000000
7,71846358;3,82781744;0,00000000
7,71856758;3,82781744;0,00000000
7,71867158;3,78429508;0,00000000
7,71877558;3,82781744;0,00000000
7,71887958;3,82781744;0,00000000
7,71898358;3,82781744;0,00000000
7,71908758;3,82781744;0,01734744
7,71919158;3,82781744;0,00000000
7,71929558;3,82781744;0,00000000
7,71939958;3,82781744;0,00000000
7,71950358;3,78429508;0,00000000
7,71960758;3,78429508;0,00000000
7,71971158;3,82781744;0,00000000
7,71981558;3,78429508;0,00000000
7,71991958;3,78429508;0,00000000
7,72002358;3,78429508;0,00000000
7,72012758;3,82781744;0,00000000
7,72023158;3,78429508;0,00000000
7,72033558;3,82781744;0,00000000
7,72043958;3,78429508;0,00000000
7,72054358;3,78429508;0,00000000
7,72064758;3,78429508;0,00000000
7,72075158;3,78429508;0,00000000
7,72085558;3,82781744;0,00000000
7,72095958;3,78429508;0,00000000
7,72106358;3,82781744;0,00000000
7,72116758;3,78429508;0,00000000
7,72127158;3,78429508;0,00000000
7,72137558;3,82781744;0,00000000
7,72147958;3,82781744;0,00000000
7,72158358;3,78429508;0,00000000
7,72168758;3,82781744;0,00000000
7,72179158;3,82781744;0,00000000
7,72189558;3,78429508;0,00000000
7,72199958;3,82781744;0,00000000
7,72210358;3,82781744;0,00000000
7,72220758;3,78429508;0,00000000
7,72231158;3,78429508;0,00000000
7,72241558;3,78429508;0,00000000
7,72251958;3,82781744;0,00000000
7,72262358;3,82781744;0,00000000
7,72272758;3,78429508;0,00000000
7,72283158;3,78429508;0,00000000
7,72293558;3,78429508;0,00000000
7,72303958;3,82781744;0,00000000
7,72314358;3,82781744;0,00000000
7,72324758;3,82781744;0,00000000
7,72335158;3,78429508;0,00000000
7,72345558;3,82781744;0,00000000
7,72355958;3,78429508;0,00000000
7,72366358;3,82781744;0,00000000
7,72376758;3,78429508;0,00000000
7,72387158;3,78429508;0,00000000
7,72397558;3,82781744;0,00000000
7,72407958;3,82781744;0,00000000
7,72418358;3,82781744;0,00000000
7,72428758;3,82781744;0,00000000
7,72439158;3,82781744;0,00000000
7,72449558;3,82781744;0,00000000
7,72459958;3,82781744;0,00000000
7,72470358;3,82781744;0,00000000
7,72480758;3,78429508;0,00000000
7,72491158;3,78429508;0,00000000
7,72501558;3,82781744;0,00000000
7,72511958;3,82781744;0,00000000
7,72522358;3,82781744;0,00000000
7,72532758;3,78429508;0,00000000
7,72543158;3,82781744;0,00000000
7,72553558;3,82781744;0,00000000
7,72563958;3,78429508;0,00000000
7,72574358;3,82781744;0,00000000
7,72584758;3,82781744;0,00000000
7,72595158;3,82781744;0,00000000
7,72605558;3,82781744;0,00000000
7,72615958;3,82781744;0,00000000
7,72626358;3,82781744;0,00000000
7,72636758;3,82781744;0,00000000
7,72647158;3,82781744;0,00000000
7,72657558;3,78429508;0,00000000
7,72667958;3,82781744;0,00000000
7,72678358;3,82781744;0,00000000
7,72688758;3,78429508;0,00000000
7,72699158;3,82781744;0,00000000
7,72709558;3,78429508;0,00000000
7,72719958;3,82781744;0,00000000
7,72730358;3,82781744;0,00000000
7,72740758;3,82781744;0,00000000
7,72751158;3,78429508;0,00000000
7,72761558;3,82781744;0,00000000
7,72771958;3,82781744;0,00000000
7,72782358;3,82781744;0,00000000
7,72792758;3,78429508;0,00000000
7,72803158;3,78429508;0,00000000
7,72813558;3,82781744;0,00000000
7,72823958;3,82781744;0,00000000
7,72834358;3,82781744;0,00000000
7,72844758;3,82781744;0,00000000
7,72855158;3,78429508;0,00000000
7,72865558;3,82781744;0,00000000
7,72875958;3,82781744;0,00000000
7,72886358;3,82781744;0,00000000
7,72896758;3,78429508;0,00000000
7,72907158;3,82781744;0,00000000
7,72917558;3,78429508;0,00000000
7,72927958;3,82781744;0,00000000
7,72938358;3,78429508;0,00000000
7,72948758;3,78429508;0,00000000
7,72959158;3,82781744;0,00000000
7,72969558;3,82781744;0,00000000
7,72979958;3,78429508;0,00000000
7,72990358;3,82781744;0,00000000
7,73000758;3,78429508;0,00000000
7,73011158;3,78429508;0,00000000
7,73021558;3,78429508;0,00000000
7,73031958;3,82781744;0,00000000
7,73042358;3,82781744;0,00000000
7,73052758;3,82781744;0,00000000
7,73063158;3,82781744;0,00000000
7,73073558;3,82781744;0,00000000
7,73083958;3,78429508;0,00000000
7,73094358;3,82781744;0,00000000
7,73104758;3,82781744;0,00000000
7,73115158;3,82781744;0,00000000
7,73125558;3,82781744;0,00000000
7,73135958;3,82781744;0,01734744
7,73146358;3,82781744;0,00000000
7,73156758;3,82781744;0,00000000
7,73167158;3,78429508;0,00000000
7,73177558;3,82781744;0,00000000
7,73187958;3,82781744;0,00000000
7,73198358;3,82781744;0,00000000
7,73208758;3,82781744;0,00000000
7,73219158;3,82781744;0,00000000
7,73229558;3,78429508;0,00000000
7,73239958;3,82781744;0,00000000
7,73250358;3,78429508;0,00000000
7,73260758;3,82781744;0,01734744
7,73271158;3,78429508;0,00000000
7,73281558;3,82781744;0,00000000
7,73291958;3,82781744;0,00000000
7,73302358;3,82781744;0,00000000
7,73312758;3,78429508;0,00000000
7,73323158;3,78429508;0,00000000
7,73333558;3,78429508;0,00000000
7,73343958;3,82781744;0,00000000
7,73354358;3,78429508;0,00000000
7,73364758;3,78429508;0,00000000
7,73375158;3,78429508;0,00000000
7,73385558;3,82781744;0,00000000
7,73395958;3,78429508;0,00000000
7,73406358;3,82781744;0,00000000
7,73416758;3,82781744;0,00000000
7,73427158;3,78429508;0,00000000
7,73437558;3,78429508;0,00000000
7,73447958;3,82781744;0,00000000
7,73458358;3,82781744;0,00000000
7,73468758;3,82781744;0,00000000
7,73479158;3,82781744;0,00000000
7,73489558;3,82781744;0,00000000
7,73499958;3,82781744;0,00000000
7,73510358;3,82781744;0,00000000
7,73520758;3,82781744;0,00000000
7,73531158;3,78429508;0,00000000
7,73541558;3,82781744;0,00000000
7,73551958;3,82781744;0,00000000
7,73562358;3,82781744;0,00000000
7,73572758;3,82781744;0,00000000
7,73583158;3,82781744;0,00000000
7,73593558;3,82781744;0,00000000
7,73603958;3,82781744;0,00000000
7,73614358;3,78429508;0,00000000
7,73624758;3,82781744;0,00000000
7,73635158;3,78429508;0,00000000
7,73645558;3,82781744;0,00000000
7,73655958;3,82781744;0,00000000
7,73666358;3,82781744;0,00000000
7,73676758;3,82781744;0,00000000
7,73687158;3,82781744;0,00000000
7,73697558;3,78429508;0,00000000
7,73707958;3,82781744;0,00000000
7,73718358;3,82781744;0,00000000
7,73728758;3,78429508;0,00000000
7,73739158;3,82781744;0,00000000
7,73749558;3,78429508;0,00000000
7,73759958;3,82781744;0,00000000
7,73770358;3,82781744;0,00000000
7,73780758;3,82781744;0,00000000
7,73791158;3,78429508;0,00000000
7,73801558;3,78429508;0,00000000
7,73811958;3,82781744;0,00000000
7,73822358;3,82781744;0,00000000
7,73832758;3,82781744;0,00000000
7,73843158;3,78429508;0,00000000
7,73853558;3,78429508;0,00000000
7,73863958;3,82781744;0,00000000
7,73874358;3,78429508;0,00000000
7,73884758;3,82781744;0,00000000
7,73895158;3,82781744;0,00000000
7,73905558;3,82781744;0,00000000
7,73915958;3,78429508;0,00000000
7,73926358;3,82781744;0,00000000
7,73936758;3,78429508;0,00000000
7,73947158;3,78429508;0,00000000
7,73957558;3,82781744;0,00000000
7,73967958;3,82781744;0,00000000
7,73978358;3,82781744;0,00000000
7,73988758;3,82781744;0,00000000
7,73999158;3,82781744;0,00000000
7,74009558;3,82781744;0,00000000
7,74019958;3,82781744;0,00000000
7,74030358;3,82781744;0,00000000
7,74040758;3,82781744;0,00000000
7,74051158;3,82781744;0,00000000
7,74061558;3,78429508;0,00000000
7,74071958;3,82781744;0,00000000
7,74082358;3,78429508;0,00000000
7,74092758;3,78429508;0,00000000
7,74103158;3,82781744;0,00000000
7,74113558;3,82781744;0,00000000
7,74123958;3,82781744;0,00000000
7,74134358;3,82781744;0,00000000
7,74144758;3,78429508;0,00000000
7,74155158;3,82781744;0,00000000
7,74165558;3,82781744;0,00000000
7,74175958;3,78429508;0,00000000
7,74186358;3,82781744;0,00000000
7,74196758;3,82781744;0,00000000
7,74207158;3,82781744;0,00000000
7,74217558;3,82781744;0,00000000
7,74227958;3,78429508;0,00000000
7,74238358;3,78429508;0,00000000
7,74248758;3,78429508;0,00000000
7,74259158;3,82781744;0,00000000
7,74269558;3,82781744;0,00000000
7,74279958;3,82781744;0,00000000
7,74290358;3,82781744;0,00000000
7,74300758;3,78429508;0,00000000
7,74311158;3,78429508;0,00000000
7,74321558;3,82781744;0,00000000
7,74331958;3,78429508;0,00000000
7,74342358;3,78429508;0,00000000
7,74352758;3,78429508;0,00000000
7,74363158;3,82781744;0,00000000
7,74373558;3,82781744;0,00000000
7,74383958;3,82781744;0,00000000
7,74394358;3,78429508;0,00000000
7,74404758;3,78429508;0,00000000
7,74415158;3,82781744;0,00000000
7,74425558;3,82781744;0,00000000
7,74435958;3,78429508;0,00000000
7,74446358;3,82781744;0,00000000
7,74456758;3,82781744;0,00000000
7,74467158;3,82781744;0,00000000
7,74477558;3,78429508;0,00000000
7,74487958;3,82781744;0,00000000
7,74498358;3,82781744;0,00000000
7,74508758;3,82781744;0,00000000
7,74519158;3,82781744;0,00000000
7,74529558;3,82781744;0,00000000
7,74539958;3,78429508;0,00000000
7,74550358;3,78429508;0,00000000
7,74560758;3,82781744;0,00000000
7,74571158;3,82781744;0,00000000
7,74581558;3,82781744;0,00000000
7,74591958;3,78429508;0,00000000
7,74602358;3,82781744;0,00000000
7,74612758;3,78429508;0,00000000
7,74623158;3,82781744;0,00000000
7,74633558;3,82781744;0,00000000
7,74643958;3,82781744;0,00000000
7,74654358;3,82781744;0,00000000
7,74664758;3,78429508;0,00000000
7,74675158;3,82781744;0,00000000
7,74685558;3,82781744;0,00000000
7,74695958;3,82781744;0,00000000
7,74706358;3,82781744;0,00000000
7,74716758;3,82781744;0,00000000
7,74727158;3,78429508;0,00000000
7,74737558;3,82781744;0,00000000
7,74747958;3,78429508;0,00000000
7,74758358;3,82781744;0,00000000
7,74768758;3,82781744;0,00000000
7,74779158;3,82781744;0,00000000
7,74789558;3,78429508;0,00000000
7,74799958;3,82781744;0,00000000
7,74810358;3,82781744;0,00000000
7,74820758;3,82781744;0,00000000
7,74831158;3,82781744;0,00000000
7,74841558;3,82781744;0,00000000
7,74851958;3,78429508;0,00000000
7,74862358;3,82781744;0,00000000
7,74872758;3,78429508;0,00000000
7,74883158;3,78429508;0,00000000
7,74893558;3,82781744;0,00000000
7,74903958;3,78429508;0,00000000
7,74914358;3,78429508;0,00000000
7,74924758;3,82781744;0,00000000
7,74935158;3,82781744;0,00000000
7,74945558;3,82781744;0,00000000
7,74955958;3,78429508;0,00000000
7,74966358;3,82781744;0,00000000
7,74976758;3,78429508;0,00000000
7,74987158;3,82781744;0,00000000
7,74997558;3,82781744;0,00000000
7,75007958;3,82781744;0,00000000
7,75018358;3,82781744;0,00000000
7,75028758;3,82781744;0,00000000
7,75039158;3,82781744;0,00000000
7,75049558;3,78429508;0,00000000
7,75059958;3,82781744;0,00000000
7,75070358;3,82781744;0,00000000
7,75080758;3,82781744;0,00000000
7,75091158;3,82781744;0,00000000
7,75101558;3,82781744;0,00000000
7,75111958;3,82781744;0,00000000
7,75122358;3,82781744;0,00000000
7,75132758;3,82781744;0,00000000
7,75143158;3,82781744;0,00000000
7,75153558;3,82781744;0,00000000
7,75163958;3,78429508;0,00000000
7,75174358;3,82781744;0,00000000
7,75184758;3,82781744;0,00000000
7,75195158;3,82781744;0,00000000
7,75205558;3,78429508;0,00000000
7,75215958;3,82781744;0,00000000
7,75226358;3,82781744;0,00000000
7,75236758;3,78429508;0,00000000
7,75247158;3,82781744;0,00000000
7,75257558;3,78429508;0,00000000
7,75267958;3,78429508;0,00000000
7,75278358;3,82781744;0,00000000
7,75288758;3,82781744;0,00000000
7,75299158;3,78429508;0,00000000
7,75309558;3,82781744;0,00000000
7,75319958;3,82781744;0,00000000
7,75330358;3,82781744;0,00000000
7,75340758;3,82781744;0,00000000
7,75351158;3,82781744;0,00000000
7,75361558;3,82781744;0,00000000
7,75371958;3,82781744;0,00000000
7,75382358;3,82781744;0,00000000
7,75392758;3,82781744;0,00000000
7,75403158;3,82781744;0,00000000
7,75413558;3,78429508;0,00000000
7,75423958;3,82781744;0,00000000
7,75434358;3,82781744;0,00000000
7,75444758;3,78429508;0,00000000
7,75455158;3,78429508;0,00000000
7,75465558;3,78429508;0,00000000
7,75475958;3,82781744;0,00000000
7,75486358;3,82781744;0,00000000
7,75496758;3,78429508;0,00000000
7,75507158;3,82781744;0,00000000
7,75517558;3,82781744;0,00000000
7,75527958;3,78429508;0,00000000
7,75538358;3,78429508;0,00000000
7,75548758;3,82781744;0,00000000
7,75559158;3,82781744;0,00000000
7,75569558;3,82781744;0,01734744
7,75579958;3,82781744;0,00000000
7,75590358;3,82781744;0,00000000
7,75600758;3,82781744;0,00000000
7,75611158;3,78429508;0,00000000
7,75621558;3,82781744;0,00000000
7,75631958;3,78429508;0,00000000
7,75642358;3,82781744;0,00000000
7,75652758;3,78429508;0,00000000
7,75663158;3,78429508;0,00000000
7,75673558;3,82781744;0,00000000
7,75683958;3,78429508;0,00000000
7,75694358;3,82781744;0,00000000
7,75704758;3,82781744;0,00000000
7,75715158;3,78429508;0,00000000
7,75725558;3,82781744;0,00000000
7,75735958;3,82781744;0,00000000
7,75746358;3,78429508;0,00000000
7,75756758;3,82781744;0,00000000
7,75767158;3,82781744;0,00000000
7,75777558;3,82781744;0,00000000
7,75787958;3,82781744;0,00000000
7,75798358;3,82781744;0,00000000
7,75808758;3,82781744;0,00000000
7,75819158;3,82781744;0,00000000
7,75829558;3,82781744;0,00000000
7,75839958;3,82781744;0,00000000
7,75850358;3,82781744;0,00000000
7,75860758;3,82781744;0,00000000
7,75871158;3,82781744;0,00000000
7,75881558;3,82781744;0,00000000
7,75891958;3,78429508;0,00000000
7,75902358;3,78429508;0,00000000
7,75912758;3,82781744;0,00000000
7,75923158;3,78429508;0,00000000
7,75933558;3,82781744;0,00000000
7,75943958;3,78429508;0,00000000
7,75954358;3,78429508;0,00000000
7,75964758;3,82781744;0,00000000
7,75975158;3,82781744;0,00000000
7,75985558;3,78429508;0,00000000
7,75995958;3,78429508;0,00000000
7,76006358;3,78429508;0,00000000
7,76016758;3,82781744;0,00000000
7,76027158;3,78429508;0,00000000
7,76037558;3,78429508;0,00000000
7,76047958;3,82781744;0,00000000
7,76058358;3,82781744;0,00000000
7,76068758;3,82781744;0,00000000
7,76079158;3,82781744;0,00000000
7,76089558;3,82781744;0,00000000
7,76099958;3,82781744;0,00000000
7,76110358;3,82781744;0,00000000
7,76120758;3,78429508;0,00000000
7,76131158;3,82781744;0,00000000
7,76141558;3,78429508;0,00000000
7,76151958;3,78429508;0,00000000
7,76162358;3,82781744;0,00000000
7,76172758;3,78429508;0,00000000
7,76183158;3,82781744;0,00000000
7,76193558;3,78429508;0,00000000
7,76203958;3,78429508;0,00000000
7,76214358;3,82781744;0,00000000
7,76224758;3,78429508;0,00000000
7,76235158;3,78429508;0,00000000
7,76245558;3,82781744;0,00000000
7,76255958;3,82781744;0,00000000
7,76266358;3,78429508;0,00000000
7,76276758;3,78429508;0,00000000
7,76287158;3,78429508;0,00000000
7,76297558;3,82781744;0,00000000
7,76307958;3,82781744;0,00000000
7,76318358;3,78429508;0,00000000
7,76328758;3,82781744;0,00000000
7,76339158;3,82781744;0,00000000
7,76349558;3,78429508;0,00000000
7,76359958;3,78429508;0,00000000
7,76370358;3,78429508;0,00000000
7,76380758;3,82781744;0,00000000
7,76391158;3,82781744;0,00000000
7,76401558;3,78429508;0,00000000
7,76411958;3,82781744;0,00000000
7,76422358;3,82781744;0,00000000
7,76432758;3,78429508;0,00000000
7,76443158;3,82781744;0,00000000
7,76453558;3,78429508;0,00000000
7,76463958;3,78429508;0,00000000
7,76474358;3,82781744;0,00000000
7,76484758;3,82781744;0,00000000
7,76495158;3,82781744;0,00000000
7,76505558;3,82781744;0,00000000
7,76515958;3,78429508;0,00000000
7,76526358;3,82781744;0,00000000
7,76536758;3,78429508;0,00000000
7,76547158;3,82781744;0,00000000
7,76557558;3,82781744;0,00000000
7,76567958;3,82781744;0,00000000
7,76578358;3,78429508;0,00000000
7,76588758;3,82781744;0,00000000
7,76599158;3,82781744;0,00000000
7,76609558;3,82781744;0,00000000
7,76619958;3,82781744;0,00000000
7,76630358;3,82781744;0,00000000
7,76640758;3,82781744;0,00000000
7,76651158;3,78429508;0,00000000
7,76661558;3,82781744;0,00000000
7,76671958;3,78429508;0,00000000
7,76682358;3,78429508;0,00000000
7,76692758;3,82781744;0,00000000
7,76703158;3,82781744;0,00000000
7,76713558;3,82781744;0,00000000
7,76723958;3,78429508;0,00000000
7,76734358;3,78429508;0,00000000
7,76744758;3,78429508;0,00000000
7,76755158;3,78429508;0,00000000
7,76765558;3,78429508;0,00000000
7,76775958;3,82781744;0,00000000
7,76786358;3,82781744;0,00000000
7,76796758;3,82781744;0,00000000
7,76807158;3,82781744;0,00000000
7,76817558;3,82781744;0,00000000
7,76827958;3,82781744;0,00000000
7,76838358;3,82781744;0,00000000
7,76848758;3,82781744;0,00000000
7,76859158;3,82781744;0,00000000
7,76869558;3,82781744;0,00000000
7,76879958;3,82781744;0,00000000
7,76890358;3,82781744;0,00000000
7,76900758;3,82781744;0,00000000
7,76911158;3,82781744;0,00000000
7,76921558;3,82781744;0,00000000
7,76931958;3,82781744;0,00000000
7,76942358;3,78429508;0,00000000
7,76952758;3,78429508;0,00000000
7,76963158;3,82781744;0,00000000
7,76973558;3,82781744;0,00000000
7,76983958;3,78429508;0,00000000
7,76994358;3,82781744;0,00000000
7,77004758;3,82781744;0,00000000
7,77015158;3,82781744;0,00000000
7,77025558;3,82781744;0,00000000
7,77035958;3,82781744;0,00000000
7,77046358;3,82781744;0,00000000
7,77056758;3,82781744;0,00000000
7,77067158;3,82781744;0,00000000
7,77077558;3,82781744;0,00000000
7,77087958;3,82781744;0,00000000
7,77098358;3,78429508;0,00000000
7,77108758;3,78429508;0,00000000
7,77119158;3,82781744;0,00000000
7,77129558;3,78429508;0,00000000
7,77139958;3,78429508;0,00000000
7,77150358;3,82781744;0,00000000
7,77160758;3,82781744;0,00000000
7,77171158;3,82781744;0,00000000
7,77181558;3,78429508;0,00000000
7,77191958;3,82781744;0,00000000
7,77202358;3,78429508;0,00000000
7,77212758;3,82781744;0,00000000
7,77223158;3,82781744;0,00000000
7,77233558;3,82781744;0,00000000
7,77243958;3,82781744;0,00000000
7,77254358;3,82781744;0,00000000
7,77264758;3,82781744;0,00000000
7,77275158;3,78429508;0,00000000
7,77285558;3,78429508;0,00000000
7,77295958;3,82781744;0,00000000
7,77306358;3,82781744;0,00000000
7,77316758;3,78429508;0,00000000
7,77327158;3,82781744;0,00000000
7,77337558;3,78429508;0,00000000
7,77347958;3,78429508;0,00000000
7,77358358;3,78429508;0,00000000
7,77368758;3,78429508;0,00000000
7,77379158;3,82781744;0,00000000
7,77389558;3,82781744;0,00000000
7,77399958;3,82781744;0,00000000
7,77410358;3,82781744;0,00000000
7,77420758;3,82781744;0,00000000
7,77431158;3,82781744;0,00000000
7,77441558;3,78429508;0,00000000
7,77451958;3,78429508;0,00000000
7,77462358;3,82781744;0,00000000
7,77472758;3,82781744;0,00000000
7,77483158;3,82781744;0,00000000
7,77493558;3,78429508;0,00000000
7,77503958;3,82781744;0,00000000
7,77514358;3,82781744;0,00000000
7,77524758;3,82781744;0,00000000
7,77535158;3,82781744;0,00000000
7,77545558;3,78429508;0,00000000
7,77555958;3,82781744;0,00000000
7,77566358;3,82781744;0,00000000
7,77576758;3,82781744;0,00000000
7,77587158;3,82781744;0,00000000
7,77597558;3,82781744;0,00000000
7,77607958;3,82781744;0,00000000
7,77618358;3,82781744;0,00000000
7,77628758;3,82781744;0,00000000
7,77639158;3,82781744;0,00000000
7,77649558;3,78429508;0,00000000
7,77659958;3,82781744;0,00000000
7,77670358;3,82781744;0,00000000
7,77680758;3,78429508;0,00000000
7,77691158;3,82781744;0,00000000
7,77701558;3,82781744;0,00000000
7,77711958;3,82781744;0,00000000
7,77722358;3,82781744;0,00000000
7,77732758;3,82781744;0,00000000
7,77743158;3,78429508;0,00000000
7,77753558;3,82781744;0,00000000
7,77763958;3,78429508;0,00000000
7,77774358;3,78429508;0,00000000
7,77784758;3,78429508;0,00000000
7,77795158;3,78429508;0,00000000
7,77805558;3,82781744;0,00000000
7,77815958;3,82781744;0,00000000
7,77826358;3,82781744;0,00000000
7,77836758;3,82781744;0,00000000
7,77847158;3,82781744;0,00000000
7,77857558;3,78429508;0,00000000
7,77867958;3,82781744;0,00000000
7,77878358;3,78429508;0,00000000
7,77888758;3,82781744;0,00000000
7,77899158;3,82781744;0,00000000
7,77909558;3,78429508;0,00000000
7,77919958;3,82781744;0,00000000
7,77930358;3,82781744;0,00000000
7,77940758;3,82781744;0,00000000
7,77951158;3,82781744;0,00000000
7,77961558;3,82781744;0,00000000
7,77971958;3,82781744;0,00000000
7,77982358;3,82781744;0,00000000
7,77992758;3,82781744;0,00000000
7,78003158;3,82781744;0,00000000
7,78013558;3,82781744;0,00000000
7,78023958;3,82781744;0,00000000
7,78034358;3,82781744;0,00000000
7,78044758;3,82781744;0,00000000
7,78055158;3,82781744;0,00000000
7,78065558;3,82781744;0,00000000
7,78075958;3,78429508;0,00000000
7,78086358;3,78429508;0,00000000
7,78096758;3,82781744;0,00000000
7,78107158;3,82781744;0,00000000
7,78117558;3,82781744;0,00000000
7,78127958;3,78429508;0,00000000
7,78138358;3,78429508;0,00000000
7,78148758;3,78429508;0,00000000
7,78159158;3,82781744;0,00000000
7,78169558;3,82781744;0,00000000
7,78179958;3,82781744;0,00000000
7,78190358;3,82781744;0,00000000
7,78200758;3,82781744;0,00000000
7,78211158;3,82781744;0,00000000
7,78221558;3,82781744;0,00000000
7,78231958;3,87133980;0,00000000
7,78242358;3,82781744;0,00000000
7,78252758;3,82781744;0,00000000
7,78263158;3,82781744;0,00000000
7,78273558;3,78429508;0,00000000
7,78283958;3,78429508;0,00000000
7,78294358;3,82781744;0,00000000
7,78304758;3,78429508;0,00000000
7,78315158;3,82781744;0,00000000
7,78325558;3,82781744;0,00000000
7,78335958;3,78429508;0,00000000
7,78346358;3,82781744;0,00000000
7,78356758;3,82781744;0,00000000
7,78367158;3,82781744;0,00000000
7,78377558;3,78429508;0,00000000
7,78387958;3,78429508;0,00000000
7,78398358;3,82781744;0,00000000
7,78408758;3,82781744;0,00000000
7,78419158;3,82781744;0,00000000
7,78429558;3,82781744;0,00000000
7,78439958;3,78429508;0,00000000
7,78450358;3,82781744;0,00000000
7,78460758;3,78429508;0,00000000
7,78471158;3,82781744;0,00000000
7,78481558;3,82781744;0,00000000
7,78491958;3,78429508;0,00000000
7,78502358;3,82781744;0,00000000
7,78512758;3,78429508;0,00000000
7,78523158;3,82781744;0,00000000
7,78533558;3,82781744;0,00000000
7,78543958;3,82781744;0,00000000
7,78554358;3,82781744;0,00000000
7,78564758;3,82781744;0,00000000
7,78575158;3,82781744;0,00000000
7,78585558;3,82781744;0,00000000
7,78595958;3,78429508;0,00000000
7,78606358;3,82781744;0,00000000
7,78616758;3,82781744;0,00000000
7,78627158;3,82781744;0,00000000
7,78637558;3,78429508;0,00000000
7,78647958;3,82781744;0,00000000
7,78658358;3,78429508;0,00000000
7,78668758;3,82781744;0,00000000
7,78679158;3,82781744;0,00000000
7,78689558;3,82781744;0,00000000
7,78699958;3,82781744;0,00000000
7,78710358;3,82781744;0,00000000
7,78720758;3,82781744;0,00000000
7,78731158;3,82781744;0,00000000
7,78741558;3,78429508;0,00000000
7,78751958;3,82781744;0,00000000
7,78762358;3,78429508;0,00000000
7,78772758;3,82781744;0,00000000
7,78783158;3,78429508;0,00000000
7,78793558;3,82781744;0,00000000
7,78803958;3,82781744;0,00000000
7,78814358;3,82781744;0,01734744
7,78824758;3,82781744;0,00000000
7,78835158;3,78429508;0,00000000
7,78845558;3,82781744;0,00000000
7,78855958;3,78429508;0,00000000
7,78866358;3,82781744;0,00000000
7,78876758;3,82781744;0,00000000
7,78887158;3,82781744;0,00000000
7,78897558;3,82781744;0,00000000
7,78907958;3,82781744;0,00000000
7,78918358;3,82781744;0,00000000
7,78928758;3,82781744;0,00000000
7,78939158;3,82781744;0,00000000
7,78949558;3,82781744;0,00000000
7,78959958;3,78429508;0,00000000
7,78970358;3,82781744;0,00000000
7,78980758;3,82781744;0,00000000
7,78991158;3,82781744;0,00000000
7,79001558;3,78429508;0,00000000
7,79011958;3,82781744;0,00000000
7,79022358;3,82781744;0,00000000
7,79032758;3,78429508;0,00000000
7,79043158;3,82781744;0,00000000
7,79053558;3,82781744;0,00000000
7,79063958;3,78429508;0,00000000
7,79074358;3,82781744;0,00000000
7,79084758;3,82781744;0,00000000
7,79095158;3,78429508;0,00000000
7,79105558;3,82781744;0,00000000
7,79115958;3,82781744;0,00000000
7,79126358;3,78429508;0,00000000
7,79136758;3,78429508;0,00000000
7,79147158;3,78429508;0,00000000
7,79157558;3,82781744;0,00000000
7,79167958;3,82781744;0,00000000
7,79178358;3,82781744;0,00000000
7,79188758;3,82781744;0,00000000
7,79199158;3,82781744;0,00000000
7,79209558;3,78429508;0,00000000
7,79219958;3,78429508;0,00000000
7,79230358;3,78429508;0,00000000
7,79240758;3,82781744;0,00000000
7,79251158;3,82781744;0,00000000
7,79261558;3,78429508;0,00000000
7,79271958;3,82781744;0,00000000
7,79282358;3,82781744;0,00000000
7,79292758;3,82781744;0,00000000
7,79303158;3,78429508;0,00000000
7,79313558;3,82781744;0,00000000
7,79323958;3,82781744;0,00000000
7,79334358;3,82781744;0,00000000
7,79344758;3,78429508;0,00000000
7,79355158;3,82781744;0,00000000
7,79365558;3,82781744;0,00000000
7,79375958;3,82781744;0,00000000
7,79386358;3,78429508;0,00000000
7,79396758;3,82781744;0,00000000
7,79407158;3,78429508;0,00000000
7,79417558;3,82781744;0,00000000
7,79427958;3,82781744;0,00000000
7,79438358;3,78429508;0,00000000
7,79448758;3,78429508;0,00000000
7,79459158;3,78429508;0,00000000
7,79469558;3,82781744;0,00000000
7,79479958;3,82781744;0,00000000
7,79490358;3,82781744;0,00000000
7,79500758;3,82781744;0,00000000
7,79511158;3,78429508;0,00000000
7,79521558;3,82781744;0,00000000
7,79531958;3,82781744;0,00000000
7,79542358;3,82781744;0,00000000
7,79552758;3,82781744;0,00000000
7,79563158;3,78429508;0,00000000
7,79573558;3,82781744;0,00000000
7,79583958;3,82781744;0,00000000
7,79594358;3,82781744;0,00000000
7,79604758;3,82781744;0,00000000
7,79615158;3,78429508;0,00000000
7,79625558;3,82781744;0,00000000
7,79635958;3,82781744;0,00000000
7,79646358;3,82781744;0,00000000
7,79656758;3,82781744;0,00000000
7,79667158;3,82781744;0,00000000
7,79677558;3,82781744;0,00000000
7,79687958;3,82781744;0,00000000
7,79698358;3,82781744;0,00000000
7,79708758;3,82781744;0,00000000
7,79719158;3,82781744;0,00000000
7,79729558;3,82781744;0,00000000
7,79739958;3,78429508;0,00000000
7,79750358;3,82781744;0,00000000
7,79760758;3,82781744;0,00000000
7,79771158;3,82781744;0,00000000
7,79781558;3,78429508;0,00000000
7,79791958;3,82781744;0,00000000
7,79802358;3,82781744;0,00000000
7,79812758;3,82781744;0,00000000
7,79823158;3,82781744;0,00000000
7,79833558;3,82781744;0,00000000
7,79843958;3,78429508;0,00000000
7,79854358;3,82781744;0,00000000
7,79864758;3,78429508;0,00000000
7,79875158;3,82781744;0,00000000
7,79885558;3,82781744;0,00000000
7,79895958;3,82781744;0,00000000
7,79906358;3,82781744;0,00000000
7,79916758;3,78429508;0,00000000
7,79927158;3,82781744;0,00000000
7,79937558;3,82781744;0,00000000
7,79947958;3,78429508;0,00000000
7,79958358;3,82781744;0,00000000
7,79968758;3,82781744;0,00000000
7,79979158;3,78429508;0,00000000
7,79989558;3,78429508;0,00000000
7,79999958;3,82781744;0,00000000
7,80010358;3,82781744;0,00000000
7,80020758;3,82781744;0,00000000
7,80031158;3,82781744;0,00000000
7,80041558;3,82781744;0,00000000
7,80051958;3,82781744;0,00000000
7,80062358;3,78429508;0,00000000
7,80072758;3,78429508;0,00000000
7,80083158;3,78429508;0,00000000
7,80093558;3,78429508;0,00000000
7,80103958;3,82781744;0,00000000
7,80114358;3,78429508;0,00000000
7,80124758;3,82781744;0,00000000
7,80135158;3,82781744;0,00000000
7,80145558;3,78429508;0,00000000
7,80155958;3,82781744;0,00000000
7,80166358;3,82781744;0,00000000
7,80176758;3,82781744;0,00000000
7,80187158;3,78429508;0,00000000
7,80197558;3,87133980;0,00000000
7,80207958;3,82781744;0,00000000
7,80218358;3,78429508;0,00000000
7,80228758;3,78429508;0,00000000
7,80239158;3,78429508;0,00000000
7,80249558;3,78429508;0,00000000
7,80259958;3,82781744;0,00000000
7,80270358;3,82781744;0,00000000
7,80280758;3,82781744;0,00000000
7,80291158;3,78429508;0,00000000
7,80301558;3,82781744;0,00000000
7,80311958;3,78429508;0,00000000
7,80322358;3,82781744;0,00000000
7,80332758;3,82781744;0,00000000
7,80343158;3,82781744;0,00000000
7,80353558;3,78429508;0,00000000
7,80363958;3,82781744;0,00000000
7,80374358;3,82781744;0,00000000
7,80384758;3,78429508;0,00000000
7,80395158;3,82781744;0,00000000
7,80405558;3,78429508;0,00000000
7,80415958;3,82781744;0,00000000
7,80426358;3,82781744;0,00000000
7,80436758;3,82781744;0,00000000
7,80447158;3,78429508;0,00000000
7,80457558;3,78429508;0,00000000
7,80467958;3,82781744;0,00000000
7,80478358;3,82781744;0,00000000
7,80488758;3,78429508;0,00000000
7,80499158;3,78429508;0,00000000
7,80509558;3,82781744;0,00000000
7,80519958;3,78429508;0,00000000
7,80530358;3,82781744;0,00000000
7,80540758;3,78429508;0,00000000
7,80551158;3,82781744;0,00000000
7,80561558;3,78429508;0,00000000
7,80571958;3,82781744;0,00000000
7,80582358;3,78429508;0,00000000
7,80592758;3,82781744;0,00000000
7,80603158;3,82781744;0,00000000
7,80613558;3,78429508;0,00000000
7,80623958;3,82781744;0,00000000
7,80634358;3,82781744;0,00000000
7,80644758;3,82781744;0,00000000
7,80655158;3,78429508;0,00000000
7,80665558;3,82781744;0,00000000
7,80675958;3,82781744;0,00000000
7,80686358;3,82781744;0,00000000
7,80696758;3,82781744;0,00000000
7,80707158;3,78429508;0,00000000
7,80717558;3,78429508;0,00000000
7,80727958;3,82781744;0,00000000
7,80738358;3,82781744;0,00000000
7,80748758;3,78429508;0,00000000
7,80759158;3,82781744;0,00000000
7,80769558;3,82781744;0,00000000
7,80779958;3,78429508;0,00000000
7,80790358;3,82781744;0,00000000
7,80800758;3,82781744;0,00000000
7,80811158;3,78429508;0,00000000
7,80821558;3,78429508;0,00000000
7,80831958;3,82781744;0,00000000
7,80842358;3,82781744;0,00000000
7,80852758;3,82781744;0,00000000
7,80863158;3,82781744;0,00000000
7,80873558;3,82781744;0,00000000
7,80883958;3,82781744;0,00000000
7,80894358;3,82781744;0,00000000
7,80904758;3,82781744;0,00000000
7,80915158;3,78429508;0,00000000
7,80925558;3,82781744;0,00000000
7,80935958;3,82781744;0,00000000
7,80946358;3,78429508;0,00000000
7,80956758;3,78429508;0,00000000
7,80967158;3,82781744;0,00000000
7,80977558;3,82781744;0,00000000
7,80987958;3,78429508;0,00000000
7,80998358;3,82781744;0,00000000
7,81008758;3,82781744;0,00000000
7,81019158;3,82781744;0,00000000
7,81029558;3,78429508;0,00000000
7,81039958;3,82781744;0,00000000
7,81050358;3,82781744;0,00000000
7,81060758;3,82781744;0,00000000
7,81071158;3,82781744;0,00000000
7,81081558;3,82781744;0,00000000
7,81091958;3,82781744;0,00000000
7,81102358;3,82781744;0,00000000
7,81112758;3,82781744;0,00000000
7,81123158;3,82781744;0,00000000
7,81133558;3,82781744;0,00000000
7,81143958;3,82781744;0,00000000
7,81154358;3,78429508;0,00000000
7,81164758;3,82781744;0,00000000
7,81175158;3,82781744;0,00000000
7,81185558;3,82781744;0,00000000
7,81195958;3,82781744;0,00000000
7,81206358;3,78429508;0,00000000
7,81216758;3,78429508;0,00000000
7,81227158;3,82781744;0,00000000
7,81237558;3,78429508;0,00000000
7,81247958;3,82781744;0,00000000
7,81258358;3,82781744;0,00000000
7,81268758;3,78429508;0,00000000
7,81279158;3,82781744;0,00000000
7,81289558;3,78429508;0,00000000
7,81299958;3,82781744;0,00000000
7,81310358;3,82781744;0,00000000
7,81320758;3,82781744;0,00000000
7,81331158;3,78429508;0,00000000
7,81341558;3,78429508;0,00000000
7,81351958;3,78429508;0,00000000
7,81362358;3,82781744;0,00000000
7,81372758;3,82781744;0,00000000
7,81383158;3,82781744;0,00000000
7,81393558;3,78429508;0,00000000
7,81403958;3,78429508;0,00000000
7,81414358;3,78429508;0,00000000
7,81424758;3,82781744;0,00000000
7,81435158;3,82781744;0,00000000
7,81445558;3,78429508;0,00000000
7,81455958;3,82781744;0,00000000
7,81466358;3,82781744;0,00000000
7,81476758;3,78429508;0,00000000
7,81487158;3,82781744;0,00000000
7,81497558;3,82781744;0,00000000
7,81507958;3,82781744;0,00000000
7,81518358;3,82781744;0,00000000
7,81528758;3,78429508;0,00000000
7,81539158;3,78429508;0,00000000
7,81549558;3,82781744;0,00000000
7,81559958;3,82781744;0,00000000
7,81570358;3,78429508;0,00000000
7,81580758;3,82781744;0,00000000
7,81591158;3,78429508;0,00000000
7,81601558;3,82781744;0,00000000
7,81611958;3,78429508;0,00000000
7,81622358;3,82781744;0,00000000
7,81632758;3,82781744;0,00000000
7,81643158;3,82781744;0,00000000
7,81653558;3,82781744;0,00000000
7,81663958;3,82781744;0,00000000
7,81674358;3,82781744;0,00000000
7,81684758;3,82781744;0,00000000
7,81695158;3,82781744;0,00000000
7,81705558;3,82781744;0,00000000
7,81715958;3,78429508;0,00000000
7,81726358;3,78429508;0,00000000
7,81736758;3,82781744;0,00000000
7,81747158;3,78429508;0,00000000
7,81757558;3,78429508;0,00000000
7,81767958;3,82781744;0,00000000
7,81778358;3,78429508;0,00000000
7,81788758;3,82781744;0,00000000
7,81799158;3,82781744;0,00000000
7,81809558;3,82781744;0,00000000
7,81819958;3,82781744;0,00000000
7,81830358;3,82781744;0,00000000
7,81840758;3,82781744;0,00000000
7,81851158;3,82781744;0,00000000
7,81861558;3,82781744;0,00000000
7,81871958;3,82781744;0,00000000
7,81882358;3,82781744;0,00000000
7,81892758;3,82781744;0,00000000
7,81903158;3,74077272;0,00000000
7,81913558;3,78429508;0,00000000
7,81923958;3,78429508;0,00000000
7,81934358;3,82781744;0,00000000
7,81944758;3,82781744;0,00000000
7,81955158;3,82781744;0,00000000
7,81965558;3,82781744;0,00000000
7,81975958;3,82781744;0,00000000
7,81986358;3,78429508;0,00000000
7,81996758;3,82781744;0,00000000
7,82007158;3,82781744;0,00000000
7,82017558;3,82781744;0,00000000
7,82027958;3,82781744;0,00000000
7,82038358;3,82781744;0,00000000
7,82048758;3,82781744;0,00000000
7,82059158;3,82781744;0,00000000
7,82069558;3,82781744;0,00000000
7,82079958;3,78429508;0,00000000
7,82090358;3,82781744;0,00000000
7,82100758;3,82781744;0,00000000
7,82111158;3,78429508;0,00000000
7,82121558;3,78429508;0,00000000
7,82131958;3,82781744;0,00000000
7,82142358;3,82781744;0,00000000
7,82152758;3,82781744;0,00000000
7,82163158;3,82781744;0,00000000
7,82173558;3,82781744;0,00000000
7,82183958;3,78429508;0,00000000
7,82194358;3,78429508;0,00000000
7,82204758;3,82781744;0,00000000
7,82215158;3,82781744;0,00000000
7,82225558;3,82781744;0,00000000
7,82235958;3,82781744;0,00000000
7,82246358;3,82781744;0,00000000
7,82256758;3,78429508;0,00000000
7,82267158;3,82781744;0,00000000
7,82277558;3,82781744;0,00000000
7,82287958;3,82781744;0,00000000
7,82298358;3,78429508;0,00000000
7,82308758;3,78429508;0,00000000
7,82319158;3,78429508;0,00000000
7,82329558;3,82781744;0,00000000
7,82339958;3,82781744;0,00000000
7,82350358;3,82781744;0,00000000
7,82360758;3,78429508;0,00000000
7,82371158;3,82781744;0,00000000
7,82381558;3,82781744;0,00000000
7,82391958;3,82781744;0,00000000
7,82402358;3,82781744;0,00000000
7,82412758;3,82781744;0,00000000
7,82423158;3,82781744;0,00000000
7,82433558;3,82781744;0,00000000
7,82443958;3,82781744;0,00000000
7,82454358;3,82781744;0,00000000
7,82464758;3,78429508;0,00000000
7,82475158;3,82781744;0,00000000
7,82485558;3,82781744;0,00000000
7,82495958;3,82781744;0,00000000
7,82506358;3,82781744;0,00000000
7,82516758;3,82781744;0,00000000
7,82527158;3,82781744;0,00000000
7,82537558;3,82781744;0,00000000
7,82547958;3,82781744;0,00000000
7,82558358;3,78429508;0,00000000
7,82568758;3,78429508;0,00000000
7,82579158;3,82781744;0,00000000
7,82589558;3,78429508;0,00000000
7,82599958;3,78429508;0,00000000
7,82610358;3,78429508;0,00000000
7,82620758;3,87133980;0,00000000
7,82631158;3,82781744;0,00000000
7,82641558;3,82781744;0,00000000
7,82651958;3,78429508;0,00000000
7,82662358;3,82781744;0,00000000
7,82672758;3,82781744;0,00000000
7,82683158;3,82781744;0,00000000
7,82693558;3,78429508;0,00000000
7,82703958;3,82781744;0,00000000
7,82714358;3,82781744;0,00000000
7,82724758;3,82781744;0,00000000
7,82735158;3,82781744;0,00000000
7,82745558;3,78429508;0,00000000
7,82755958;3,82781744;0,00000000
7,82766358;3,78429508;0,00000000
7,82776758;3,82781744;0,00000000
7,82787158;3,78429508;0,00000000
7,82797558;3,78429508;0,00000000
7,82807958;3,82781744;0,00000000
7,82818358;3,82781744;0,00000000
7,82828758;3,82781744;0,00000000
7,82839158;3,82781744;0,00000000
7,82849558;3,82781744;0,00000000
7,82859958;3,78429508;0,00000000
7,82870358;3,82781744;0,00000000
7,82880758;3,82781744;0,00000000
7,82891158;3,82781744;0,00000000
7,82901558;3,82781744;0,00000000
7,82911958;3,78429508;0,00000000
7,82922358;3,78429508;0,00000000
7,82932758;3,78429508;0,00000000
7,82943158;3,78429508;0,00000000
7,82953558;3,82781744;0,00000000
7,82963958;3,78429508;0,00000000
7,82974358;3,82781744;0,00000000
7,82984758;3,82781744;0,00000000
7,82995158;3,82781744;0,00000000
7,83005558;3,78429508;0,01734744
7,83015958;3,82781744;0,00000000
7,83026358;3,78429508;0,00000000
7,83036758;3,82781744;0,00000000
7,83047158;3,82781744;0,00000000
7,83057558;3,78429508;0,00000000
7,83067958;3,82781744;0,00000000
7,83078358;3,82781744;0,00000000
7,83088758;3,78429508;0,00000000
7,83099158;3,82781744;0,00000000
7,83109558;3,82781744;0,00000000
7,83119958;3,78429508;0,00000000
7,83130358;3,82781744;0,00000000
7,83140758;3,78429508;0,00000000
7,83151158;3,82781744;0,00000000
7,83161558;3,82781744;0,00000000
7,83171958;3,82781744;0,00000000
7,83182358;3,78429508;0,00000000
7,83192758;3,78429508;0,00000000
7,83203158;3,82781744;0,00000000
7,83213558;3,82781744;0,00000000
7,83223958;3,78429508;0,00000000
7,83234358;3,78429508;0,00000000
7,83244758;3,82781744;0,00000000
7,83255158;3,82781744;0,00000000
7,83265558;3,82781744;0,00000000
7,83275958;3,82781744;0,00000000
7,83286358;3,82781744;0,00000000
7,83296758;3,78429508;0,00000000
7,83307158;3,82781744;0,00000000
7,83317558;3,78429508;0,00000000
7,83327958;3,82781744;0,00000000
7,83338358;3,78429508;0,00000000
7,83348758;3,78429508;0,00000000
7,83359158;3,82781744;0,00000000
7,83369558;3,78429508;0,00000000
7,83379958;3,82781744;0,00000000
7,83390358;3,78429508;0,00000000
7,83400758;3,82781744;0,00000000
7,83411158;3,82781744;0,00000000
7,83421558;3,78429508;0,00000000
7,83431958;3,82781744;0,00000000
7,83442358;3,82781744;0,00000000
7,83452758;3,82781744;0,00000000
7,83463158;3,78429508;0,00000000
7,83473558;3,78429508;0,00000000
7,83483958;3,82781744;0,00000000
7,83494358;3,78429508;0,00000000
7,83504758;3,82781744;0,00000000
7,83515158;3,82781744;0,00000000
7,83525558;3,78429508;0,00000000
7,83535958;3,82781744;0,00000000
7,83546358;3,82781744;0,00000000
7,83556758;3,78429508;0,00000000
7,83567158;3,82781744;0,00000000
7,83577558;3,82781744;0,00000000
7,83587958;3,78429508;0,00000000
7,83598358;3,82781744;0,00000000
7,83608758;3,82781744;0,00000000
7,83619158;3,82781744;0,00000000
7,83629558;3,82781744;0,00000000
7,83639958;3,82781744;0,00000000
7,83650358;3,78429508;0,00000000
7,83660758;3,82781744;0,00000000
7,83671158;3,82781744;0,00000000
7,83681558;3,82781744;0,00000000
7,83691958;3,82781744;0,00000000
7,83702358;3,78429508;0,00000000
7,83712758;3,82781744;0,00000000
7,83723158;3,78429508;0,00000000
7,83733558;3,78429508;0,00000000
7,83743958;3,82781744;0,00000000
7,83754358;3,78429508;0,00000000
7,83764758;3,78429508;0,00000000
7,83775158;3,82781744;0,00000000
7,83785558;3,78429508;0,00000000
7,83795958;3,82781744;0,00000000
7,83806358;3,82781744;0,00000000
7,83816758;3,82781744;0,00000000
7,83827158;3,82781744;0,00000000
7,83837558;3,82781744;0,00000000
7,83847958;3,78429508;0,00000000
7,83858358;3,78429508;0,00000000
7,83868758;3,78429508;0,00000000
7,83879158;3,82781744;0,00000000
7,83889558;3,82781744;0,00000000
7,83899958;3,82781744;0,00000000
7,83910358;3,82781744;0,00000000
7,83920758;3,82781744;0,00000000
7,83931158;3,82781744;0,00000000
7,83941558;3,78429508;0,00000000
7,83951958;3,82781744;0,00000000
7,83962358;3,82781744;0,00000000
7,83972758;3,82781744;0,00000000
7,83983158;3,82781744;0,00000000
7,83993558;3,82781744;0,00000000
7,84003958;3,78429508;0,00000000
7,84014358;3,82781744;0,00000000
7,84024758;3,82781744;0,00000000
7,84035158;3,82781744;0,00000000
7,84045558;3,82781744;0,00000000
7,84055958;3,82781744;0,00000000
7,84066358;3,82781744;0,00000000
7,84076758;3,78429508;0,00000000
7,84087158;3,82781744;0,00000000
7,84097558;3,82781744;0,00000000
7,84107958;3,78429508;0,00000000
7,84118358;3,78429508;0,00000000
7,84128758;3,78429508;0,00000000
7,84139158;3,82781744;0,00000000
7,84149558;3,78429508;0,00000000
7,84159958;3,82781744;0,00000000
7,84170358;3,82781744;0,00000000
7,84180758;3,78429508;0,00000000
7,84191158;3,82781744;0,00000000
7,84201558;3,78429508;0,00000000
7,84211958;3,78429508;0,00000000
7,84222358;3,82781744;0,00000000
7,84232758;3,78429508;0,00000000
7,84243158;3,78429508;0,00000000
7,84253558;3,87133980;0,00000000
7,84263958;3,82781744;0,00000000
7,84274358;3,82781744;0,00000000
7,84284758;3,82781744;0,00000000
7,84295158;3,82781744;0,00000000
7,84305558;3,82781744;0,00000000
7,84315958;3,82781744;0,00000000
7,84326358;3,78429508;0,00000000
7,84336758;3,82781744;0,00000000
7,84347158;3,82781744;0,00000000
7,84357558;3,82781744;0,00000000
7,84367958;3,82781744;0,00000000
7,84378358;3,78429508;0,00000000
7,84388758;3,82781744;0,00000000
7,84399158;3,78429508;0,00000000
7,84409558;3,82781744;0,00000000
7,84419958;3,82781744;0,00000000
7,84430358;3,82781744;0,00000000
7,84440758;3,82781744;0,00000000
7,84451158;3,82781744;0,00000000
7,84461558;3,78429508;0,00000000
7,84471958;3,82781744;0,00000000
7,84482358;3,82781744;0,00000000
7,84492758;3,78429508;0,00000000
7,84503158;3,78429508;0,00000000
7,84513558;3,82781744;0,00000000
7,84523958;3,87133980;0,00000000
7,84534358;3,82781744;0,00000000
7,84544758;3,78429508;0,00000000
7,84555158;3,78429508;0,00000000
7,84565558;3,78429508;0,00000000
7,84575958;3,78429508;0,00000000
7,84586358;3,78429508;0,00000000
7,84596758;3,82781744;0,00000000
7,84607158;3,82781744;0,00000000
7,84617558;3,82781744;0,00000000
7,84627958;3,78429508;0,00000000
7,84638358;3,82781744;0,00000000
7,84648758;3,82781744;0,00000000
7,84659158;3,82781744;0,00000000
7,84669558;3,78429508;0,00000000
7,84679958;3,78429508;0,00000000
7,84690358;3,82781744;0,00000000
7,84700758;3,82781744;0,00000000
7,84711158;3,78429508;0,00000000
7,84721558;3,78429508;0,00000000
7,84731958;3,82781744;0,00000000
7,84742358;3,82781744;0,00000000
7,84752758;3,82781744;0,00000000
7,84763158;3,82781744;0,00000000
7,84773558;3,82781744;0,00000000
7,84783958;3,82781744;0,00000000
7,84794358;3,82781744;0,00000000
7,84804758;3,78429508;0,00000000
7,84815158;3,82781744;0,00000000
7,84825558;3,82781744;0,00000000
7,84835958;3,78429508;0,00000000
7,84846358;3,82781744;0,00000000
7,84856758;3,82781744;0,00000000
7,84867158;3,82781744;0,00000000
7,84877558;3,82781744;0,00000000
7,84887958;3,82781744;0,00000000
7,84898358;3,78429508;0,00000000
7,84908758;3,78429508;0,00000000
7,84919158;3,78429508;0,00000000
7,84929558;3,82781744;0,00000000
7,84939958;3,78429508;0,00000000
7,84950358;3,78429508;0,00000000
7,84960758;3,78429508;0,00000000
7,84971158;3,82781744;0,00000000
7,84981558;3,78429508;0,00000000
7,84991958;3,82781744;0,00000000
7,85002358;3,78429508;0,00000000
7,85012758;3,82781744;0,00000000
7,85023158;3,78429508;0,00000000
7,85033558;3,82781744;0,00000000
7,85043958;3,82781744;0,00000000
7,85054358;3,82781744;0,00000000
7,85064758;3,82781744;0,00000000
7,85075158;3,78429508;0,00000000
7,85085558;3,78429508;0,00000000
7,85095958;3,82781744;0,00000000
7,85106358;3,82781744;0,00000000
7,85116758;3,78429508;0,00000000
7,85127158;3,82781744;0,00000000
7,85137558;3,82781744;0,00000000
7,85147958;3,78429508;0,00000000
7,85158358;3,82781744;0,00000000
7,85168758;3,78429508;0,00000000
7,85179158;3,78429508;0,00000000
7,85189558;3,82781744;0,00000000
7,85199958;3,78429508;0,00000000
7,85210358;3,82781744;0,00000000
7,85220758;3,82781744;0,00000000
7,85231158;3,82781744;0,00000000
7,85241558;3,82781744;0,00000000
7,85251958;3,82781744;0,00000000
7,85262358;3,82781744;0,00000000
7,85272758;3,82781744;0,00000000
7,85283158;3,78429508;0,00000000
7,85293558;3,82781744;0,00000000
7,85303958;3,82781744;0,00000000
7,85314358;3,82781744;0,00000000
7,85324758;3,82781744;0,00000000
7,85335158;3,82781744;0,00000000
7,85345558;3,82781744;0,00000000
7,85355958;3,78429508;0,00000000
7,85366358;3,82781744;0,00000000
7,85376758;3,82781744;0,00000000
7,85387158;3,82781744;0,00000000
7,85397558;3,82781744;0,00000000
7,85407958;3,82781744;0,00000000
7,85418358;3,82781744;0,00000000
7,85428758;3,82781744;0,00000000
7,85439158;3,78429508;0,00000000
7,85449558;3,82781744;0,00000000
7,85459958;3,82781744;0,00000000
7,85470358;3,82781744;0,00000000
7,85480758;3,82781744;0,00000000
7,85491158;3,82781744;0,00000000
7,85501558;3,82781744;0,00000000
7,85511958;3,78429508;0,00000000
7,85522358;3,82781744;0,00000000
7,85532758;3,82781744;0,00000000
7,85543158;3,78429508;0,00000000
7,85553558;3,78429508;0,00000000
7,85563958;3,82781744;0,00000000
7,85574358;3,82781744;0,00000000
7,85584758;3,78429508;0,00000000
7,85595158;3,82781744;0,00000000
7,85605558;3,82781744;0,00000000
7,85615958;3,82781744;0,00000000
7,85626358;3,82781744;0,00000000
7,85636758;3,82781744;0,00000000
7,85647158;3,78429508;0,00000000
7,85657558;3,82781744;0,00000000
7,85667958;3,78429508;0,00000000
7,85678358;3,82781744;0,00000000
7,85688758;3,78429508;0,00000000
7,85699158;3,82781744;0,00000000
7,85709558;3,82781744;0,00000000
7,85719958;3,82781744;0,00000000
7,85730358;3,78429508;0,00000000
7,85740758;3,82781744;0,00000000
7,85751158;3,82781744;0,00000000
7,85761558;3,82781744;0,00000000
7,85771958;3,78429508;0,00000000
7,85782358;3,82781744;0,00000000
7,85792758;3,78429508;0,00000000
7,85803158;3,82781744;0,00000000
7,85813558;3,82781744;0,00000000
7,85823958;3,82781744;0,00000000
7,85834358;3,82781744;0,00000000
7,85844758;3,82781744;0,00000000
7,85855158;3,82781744;0,00000000
7,85865558;3,78429508;0,00000000
7,85875958;3,82781744;0,00000000
7,85886358;3,82781744;0,00000000
7,85896758;3,78429508;0,00000000
7,85907158;3,78429508;0,00000000
7,85917558;3,78429508;0,00000000
7,85927958;3,82781744;0,00000000
7,85938358;3,82781744;0,00000000
7,85948758;3,78429508;0,00000000
7,85959158;3,78429508;0,00000000
7,85969558;3,78429508;0,00000000
7,85979958;3,82781744;0,00000000
7,85990358;3,82781744;0,00000000
7,86000758;3,82781744;0,00000000
7,86011158;3,82781744;0,00000000
7,86021558;3,82781744;0,00000000
7,86031958;3,78429508;0,00000000
7,86042358;3,82781744;0,00000000
7,86052758;3,82781744;0,00000000
7,86063158;3,78429508;0,00000000
7,86073558;3,78429508;0,00000000
7,86083958;3,78429508;0,00000000
7,86094358;3,82781744;0,00000000
7,86104758;3,82781744;0,00000000
7,86115158;3,82781744;0,00000000
7,86125558;3,78429508;0,00000000
7,86135958;3,82781744;0,00000000
7,86146358;3,82781744;0,00000000
7,86156758;3,78429508;0,00000000
7,86167158;3,78429508;0,00000000
7,86177558;3,82781744;0,00000000
7,86187958;3,78429508;0,00000000
7,86198358;3,82781744;0,00000000
7,86208758;3,82781744;0,00000000
7,86219158;3,82781744;0,00000000
7,86229558;3,82781744;0,00000000
7,86239958;3,82781744;0,00000000
7,86250358;3,82781744;0,00000000
7,86260758;3,82781744;0,00000000
7,86271158;3,82781744;0,00000000
7,86281558;3,82781744;0,00000000
7,86291958;3,78429508;0,00000000
7,86302358;3,82781744;0,00000000
7,86312758;3,78429508;0,00000000
7,86323158;3,82781744;0,00000000
7,86333558;3,78429508;0,00000000
7,86343958;3,82781744;0,00000000
7,86354358;3,82781744;0,00000000
7,86364758;3,82781744;0,00000000
7,86375158;3,78429508;0,00000000
7,86385558;3,82781744;0,00000000
7,86395958;3,82781744;0,00000000
7,86406358;3,82781744;0,00000000
7,86416758;3,82781744;0,00000000
7,86427158;3,82781744;0,00000000
7,86437558;3,82781744;0,00000000
7,86447958;3,82781744;0,00000000
7,86458358;3,82781744;0,00000000
7,86468758;3,82781744;0,00000000
7,86479158;3,78429508;0,00000000
7,86489558;3,82781744;0,00000000
7,86499958;3,82781744;0,00000000
7,86510358;3,82781744;0,00000000
7,86520758;3,78429508;0,00000000
7,86531158;3,82781744;0,00000000
7,86541558;3,82781744;0,00000000
7,86551958;3,82781744;0,00000000
7,86562358;3,82781744;0,00000000
7,86572758;3,78429508;0,00000000
7,86583158;3,82781744;0,00000000
7,86593558;3,82781744;0,00000000
7,86603958;3,78429508;0,00000000
7,86614358;3,78429508;0,00000000
7,86624758;3,82781744;0,00000000
7,86635158;3,82781744;0,00000000
7,86645558;3,82781744;0,00000000
7,86655958;3,82781744;0,00000000
7,86666358;3,78429508;0,00000000
7,86676758;3,82781744;0,00000000
7,86687158;3,78429508;0,00000000
7,86697558;3,82781744;0,00000000
7,86707958;3,82781744;0,00000000
7,86718358;3,82781744;0,00000000
7,86728758;3,82781744;0,00000000
7,86739158;3,82781744;0,00000000
7,86749558;3,78429508;0,00000000
7,86759958;3,78429508;0,00000000
7,86770358;3,82781744;0,00000000
7,86780758;3,78429508;0,00000000
7,86791158;3,78429508;0,00000000
7,86801558;3,78429508;0,00000000
7,86811958;3,78429508;0,00000000
7,86822358;3,82781744;0,00000000
7,86832758;3,82781744;0,00000000
7,86843158;3,82781744;0,00000000
7,86853558;3,82781744;0,00000000
7,86863958;3,78429508;0,00000000
7,86874358;3,82781744;0,00000000
7,86884758;3,78429508;0,00000000
7,86895158;3,82781744;0,00000000
7,86905558;3,78429508;0,00000000
7,86915958;3,82781744;0,00000000
7,86926358;3,82781744;0,00000000
7,86936758;3,82781744;0,00000000
7,86947158;3,82781744;0,00000000
7,86957558;3,78429508;0,00000000
7,86967958;3,82781744;0,00000000
7,86978358;3,82781744;0,00000000
7,86988758;3,82781744;0,00000000
7,86999158;3,82781744;0,00000000
7,87009558;3,82781744;0,00000000
7,87019958;3,78429508;0,00000000
7,87030358;3,82781744;0,00000000
7,87040758;3,78429508;0,00000000
7,87051158;3,82781744;0,00000000
7,87061558;3,78429508;0,00000000
7,87071958;3,78429508;0,00000000
7,87082358;3,78429508;0,00000000
7,87092758;3,82781744;0,00000000
7,87103158;3,78429508;0,00000000
7,87113558;3,82781744;0,00000000
7,87123958;3,82781744;0,00000000
7,87134358;3,82781744;0,00000000
7,87144758;3,78429508;0,00000000
7,87155158;3,78429508;0,00000000
7,87165558;3,78429508;0,00000000
7,87175958;3,82781744;0,00000000
7,87186358;3,82781744;0,00000000
7,87196758;3,82781744;0,00000000
7,87207158;3,82781744;0,00000000
7,87217558;3,82781744;0,00000000
7,87227958;3,78429508;0,00000000
7,87238358;3,78429508;0,00000000
7,87248758;3,82781744;0,00000000
7,87259158;3,82781744;0,00000000
7,87269558;3,82781744;0,00000000
7,87279958;3,78429508;0,00000000
7,87290358;3,78429508;0,00000000
7,87300758;3,82781744;0,00000000
7,87311158;3,82781744;0,00000000
7,87321558;3,82781744;0,00000000
7,87331958;3,82781744;0,00000000
7,87342358;3,82781744;0,00000000
7,87352758;3,82781744;0,00000000
7,87363158;3,78429508;0,00000000
7,87373558;3,82781744;0,00000000
7,87383958;3,82781744;0,00000000
7,87394358;3,78429508;0,00000000
7,87404758;3,78429508;0,00000000
7,87415158;3,78429508;0,00000000
7,87425558;3,82781744;0,00000000
7,87435958;3,78429508;0,00000000
7,87446358;3,82781744;0,00000000
7,87456758;3,78429508;0,00000000
7,87467158;3,82781744;0,00000000
7,87477558;3,82781744;0,00000000
7,87487958;3,82781744;0,00000000
7,87498358;3,82781744;0,00000000
7,87508758;3,82781744;0,00000000
7,87519158;3,82781744;0,00000000
7,87529558;3,78429508;0,00000000
7,87539958;3,78429508;0,00000000
7,87550358;3,82781744;0,00000000
7,87560758;3,82781744;0,00000000
7,87571158;3,82781744;0,00000000
7,87581558;3,82781744;0,00000000
7,87591958;3,82781744;0,00000000
7,87602358;3,78429508;0,00000000
7,87612758;3,82781744;0,00000000
7,87623158;3,78429508;0,00000000
7,87633558;3,82781744;0,00000000
7,87643958;3,78429508;0,00000000
7,87654358;3,78429508;0,00000000
7,87664758;3,82781744;0,00000000
7,87675158;3,78429508;0,00000000
7,87685558;3,82781744;0,00000000
7,87695958;3,82781744;0,00000000
7,87706358;3,78429508;0,00000000
7,87716758;3,82781744;0,00000000
7,87727158;3,78429508;0,00000000
7,87737558;3,82781744;0,00000000
7,87747958;3,82781744;0,00000000
7,87758358;3,82781744;0,00000000
7,87768758;3,82781744;0,00000000
7,87779158;3,82781744;0,00000000
7,87789558;3,78429508;0,00000000
7,87799958;3,82781744;0,00000000
7,87810358;3,82781744;0,00000000
7,87820758;3,82781744;0,00000000
7,87831158;3,82781744;0,00000000
7,87841558;3,82781744;0,00000000
7,87851958;3,82781744;0,00000000
7,87862358;3,82781744;0,00000000
7,87872758;3,82781744;0,00000000
7,87883158;3,78429508;0,00000000
7,87893558;3,82781744;0,00000000
7,87903958;3,82781744;0,00000000
7,87914358;3,78429508;0,00000000
7,87924758;3,82781744;0,00000000
7,87935158;3,78429508;0,00000000
7,87945558;3,82781744;0,00000000
7,87955958;3,82781744;0,00000000
7,87966358;3,78429508;0,00000000
7,87976758;3,82781744;0,00000000
7,87987158;3,78429508;0,00000000
7,87997558;3,82781744;0,00000000
7,88007958;3,82781744;0,00000000
7,88018358;3,78429508;0,00000000
7,88028758;3,82781744;0,00000000
7,88039158;3,78429508;0,00000000
7,88049558;3,82781744;0,00000000
7,88059958;3,78429508;0,00000000
7,88070358;3,78429508;0,00000000
7,88080758;3,82781744;0,00000000
7,88091158;3,78429508;0,00000000
7,88101558;3,82781744;0,00000000
7,88111958;3,82781744;0,00000000
7,88122358;3,78429508;0,00000000
7,88132758;3,82781744;0,00000000
7,88143158;3,78429508;0,00000000
7,88153558;3,82781744;0,00000000
7,88163958;3,82781744;0,00000000
7,88174358;3,82781744;0,00000000
7,88184758;3,78429508;0,00000000
7,88195158;3,78429508;0,00000000
7,88205558;3,82781744;0,00000000
7,88215958;3,82781744;0,00000000
7,88226358;3,82781744;0,00000000
7,88236758;3,82781744;0,00000000
7,88247158;3,82781744;0,00000000
7,88257558;3,78429508;0,00000000
7,88267958;3,82781744;0,00000000
7,88278358;3,82781744;0,00000000
7,88288758;3,78429508;0,00000000
7,88299158;3,82781744;0,00000000
7,88309558;3,82781744;0,00000000
7,88319958;3,82781744;0,00000000
7,88330358;3,78429508;0,00000000
7,88340758;3,82781744;0,00000000
7,88351158;3,82781744;0,00000000
7,88361558;3,82781744;0,00000000
7,88371958;3,82781744;0,00000000
7,88382358;3,78429508;0,00000000
7,88392758;3,82781744;0,00000000
7,88403158;3,82781744;0,00000000
7,88413558;3,82781744;0,00000000
7,88423958;3,82781744;0,00000000
7,88434358;3,82781744;0,00000000
7,88444758;3,82781744;0,00000000
7,88455158;3,82781744;0,00000000
7,88465557;3,82781744;0,00000000
7,88475957;3,82781744;0,00000000
7,88486357;3,78429508;0,00000000
7,88496757;3,82781744;0,00000000
7,88507157;3,82781744;0,00000000
7,88517557;3,82781744;0,00000000
7,88527957;3,82781744;0,00000000
7,88538357;3,82781744;0,00000000
7,88548757;3,82781744;0,00000000
7,88559157;3,82781744;0,00000000
7,88569557;3,82781744;0,00000000
7,88579957;3,82781744;0,00000000
7,88590357;3,82781744;0,00000000
7,88600757;3,78429508;0,00000000
7,88611157;3,82781744;0,00000000
7,88621557;3,82781744;0,00000000
7,88631957;3,78429508;0,00000000
7,88642357;3,82781744;0,00000000
7,88652757;3,82781744;0,00000000
7,88663157;3,82781744;0,00000000
7,88673557;3,82781744;0,00000000
7,88683957;3,78429508;0,00000000
7,88694357;3,82781744;0,00000000
7,88704757;3,78429508;0,00000000
7,88715157;3,82781744;0,00000000
7,88725557;3,78429508;0,00000000
7,88735957;3,82781744;0,00000000
7,88746357;3,82781744;0,00000000
7,88756757;3,82781744;0,00000000
7,88767157;3,82781744;0,00000000
7,88777557;3,82781744;0,00000000
7,88787957;3,78429508;0,00000000
7,88798357;3,78429508;0,00000000
7,88808757;3,82781744;0,00000000
7,88819157;3,82781744;0,00000000
7,88829557;3,82781744;0,00000000
7,88839957;3,82781744;0,00000000
7,88850357;3,78429508;0,00000000
7,88860757;3,82781744;0,00000000
7,88871157;3,78429508;0,00000000
7,88881557;3,82781744;0,00000000
7,88891957;3,82781744;0,00000000
7,88902357;3,82781744;0,00000000
7,88912757;3,82781744;0,00000000
7,88923157;3,82781744;0,00000000
7,88933557;3,78429508;0,00000000
7,88943957;3,78429508;0,00000000
7,88954357;3,78429508;0,00000000
7,88964757;3,82781744;0,00000000
7,88975157;3,78429508;0,00000000
7,88985557;3,82781744;0,00000000
7,88995957;3,82781744;0,00000000
7,89006357;3,82781744;0,00000000
7,89016757;3,78429508;0,00000000
7,89027157;3,78429508;0,00000000
7,89037557;3,82781744;0,00000000
7,89047957;3,82781744;0,00000000
7,89058357;3,82781744;0,00000000
7,89068757;3,78429508;0,00000000
7,89079157;3,82781744;0,00000000
7,89089557;3,82781744;0,00000000
7,89099957;3,82781744;0,00000000
7,89110357;3,87133980;0,00000000
7,89120757;3,82781744;0,00000000
7,89131157;3,78429508;0,00000000
7,89141557;3,82781744;0,00000000
7,89151957;3,82781744;0,00000000
7,89162357;3,82781744;0,00000000
7,89172757;3,82781744;0,00000000
7,89183157;3,78429508;0,00000000
7,89193557;3,82781744;0,00000000
7,89203957;3,78429508;0,00000000
7,89214357;3,82781744;0,00000000
7,89224757;3,78429508;0,00000000
7,89235157;3,78429508;0,00000000
7,89245557;3,78429508;0,00000000
7,89255957;3,82781744;0,00000000
7,89266357;3,78429508;0,00000000
7,89276757;3,82781744;0,00000000
7,89287157;3,82781744;0,00000000
7,89297557;3,78429508;0,00000000
7,89307957;3,78429508;0,00000000
7,89318357;3,78429508;0,00000000
7,89328757;3,78429508;0,00000000
7,89339157;3,82781744;0,00000000
7,89349557;3,78429508;0,00000000
7,89359957;3,82781744;0,00000000
7,89370357;3,82781744;0,00000000
7,89380757;3,78429508;0,00000000
7,89391157;3,78429508;0,00000000
7,89401557;3,82781744;0,00000000
7,89411957;3,78429508;0,00000000
7,89422357;3,78429508;0,00000000
7,89432757;3,78429508;0,00000000
7,89443157;3,82781744;0,00000000
7,89453557;3,82781744;0,00000000
7,89463957;3,82781744;0,00000000
7,89474357;3,82781744;0,00000000
7,89484757;3,82781744;0,00000000
7,89495157;3,82781744;0,00000000
7,89505557;3,82781744;0,00000000
7,89515957;3,82781744;0,00000000
7,89526357;3,78429508;0,00000000
7,89536757;3,78429508;0,00000000
7,89547157;3,78429508;0,00000000
7,89557557;3,78429508;0,00000000
7,89567957;3,82781744;0,00000000
7,89578357;3,82781744;0,00000000
7,89588757;3,82781744;0,00000000
7,89599157;3,82781744;0,00000000
7,89609557;3,82781744;0,00000000
7,89619957;3,78429508;0,00000000
7,89630357;3,82781744;0,00000000
7,89640757;3,82781744;0,00000000
7,89651157;3,82781744;0,00000000
7,89661557;3,82781744;0,00000000
7,89671957;3,78429508;0,00000000
7,89682357;3,82781744;0,00000000
7,89692757;3,82781744;0,00000000
7,89703157;3,78429508;0,00000000
7,89713557;3,82781744;0,00000000
7,89723957;3,78429508;0,00000000
7,89734357;3,82781744;0,00000000
7,89744757;3,82781744;0,00000000
7,89755157;3,82781744;0,00000000
7,89765557;3,82781744;0,00000000
7,89775957;3,82781744;0,00000000
7,89786357;3,78429508;0,00000000
7,89796757;3,82781744;0,00000000
7,89807157;3,82781744;0,00000000
7,89817557;3,78429508;0,00000000
7,89827957;3,78429508;0,00000000
7,89838357;3,82781744;0,00000000
7,89848757;3,78429508;0,00000000
7,89859157;3,78429508;0,00000000
7,89869557;3,78429508;0,00000000
7,89879957;3,78429508;0,00000000
7,89890357;3,82781744;0,00000000
7,89900757;3,82781744;0,00000000
7,89911157;3,82781744;0,00000000
7,89921557;3,82781744;0,00000000
7,89931957;3,82781744;0,00000000
7,89942357;3,78429508;0,00000000
7,89952757;3,78429508;0,00000000
7,89963157;3,82781744;0,00000000
7,89973557;3,82781744;0,00000000
7,89983957;3,82781744;0,00000000
7,89994357;3,82781744;0,00000000
7,90004757;3,82781744;0,00000000
7,90015157;3,82781744;0,00000000
7,90025557;3,82781744;0,00000000
7,90035957;3,82781744;0,00000000
7,90046357;3,78429508;0,00000000
7,90056757;3,78429508;0,00000000
7,90067157;3,82781744;0,00000000
7,90077557;3,82781744;0,00000000
7,90087957;3,82781744;0,00000000
7,90098357;3,82781744;0,00000000
7,90108757;3,82781744;0,00000000
7,90119157;3,82781744;0,00000000
7,90129557;3,82781744;0,00000000
7,90139957;3,82781744;0,00000000
7,90150357;3,78429508;0,00000000
7,90160757;3,82781744;0,00000000
7,90171157;3,78429508;0,00000000
7,90181557;3,82781744;0,00000000
7,90191957;3,78429508;0,00000000
7,90202357;3,82781744;0,00000000
7,90212757;3,82781744;0,00000000
7,90223157;3,82781744;0,00000000
7,90233557;3,82781744;0,00000000
7,90243957;3,78429508;0,00000000
7,90254357;3,82781744;0,00000000
7,90264757;3,82781744;0,00000000
7,90275157;3,78429508;0,00000000
7,90285557;3,82781744;0,00000000
7,90295957;3,82781744;0,00000000
7,90306357;3,78429508;0,00000000
7,90316757;3,78429508;0,00000000
7,90327157;3,78429508;0,00000000
7,90337557;3,78429508;0,00000000
7,90347957;3,78429508;0,00000000
7,90358357;3,78429508;0,00000000
7,90368757;3,82781744;0,00000000
7,90379157;3,82781744;0,00000000
7,90389557;3,78429508;0,00000000
7,90399957;3,82781744;0,00000000
7,90410357;3,82781744;0,00000000
7,90420757;3,82781744;0,00000000
7,90431157;3,82781744;0,00000000
7,90441557;3,82781744;0,00000000
7,90451957;3,82781744;0,00000000
7,90462357;3,82781744;0,00000000
7,90472757;3,78429508;0,00000000
7,90483157;3,82781744;0,00000000
7,90493557;3,87133980;0,00000000
7,90503957;3,78429508;0,00000000
7,90514357;3,82781744;0,00000000
7,90524757;3,78429508;0,00000000
7,90535157;3,82781744;0,00000000
7,90545557;3,82781744;0,00000000
7,90555957;3,82781744;0,00000000
7,90566357;3,82781744;0,00000000
7,90576757;3,82781744;0,00000000
7,90587157;3,82781744;0,00000000
7,90597557;3,82781744;0,00000000
7,90607957;3,82781744;0,00000000
7,90618357;3,78429508;0,00000000
7,90628757;3,82781744;0,00000000
7,90639157;3,82781744;0,00000000
7,90649557;3,78429508;0,00000000
7,90659957;3,78429508;0,00000000
7,90670357;3,82781744;0,00000000
7,90680757;3,78429508;0,00000000
7,90691157;3,82781744;0,00000000
7,90701557;3,78429508;0,00000000
7,90711957;3,82781744;0,00000000
7,90722357;3,82781744;0,00000000
7,90732757;3,82781744;0,00000000
7,90743157;3,82781744;0,00000000
7,90753557;3,82781744;0,00000000
7,90763957;3,78429508;0,00000000
7,90774357;3,82781744;0,00000000
7,90784757;3,82781744;0,00000000
7,90795157;3,82781744;0,00000000
7,90805557;3,82781744;0,00000000
7,90815957;3,82781744;0,00000000
7,90826357;3,82781744;0,00000000
7,90836757;3,82781744;0,00000000
7,90847157;3,78429508;0,00000000
7,90857557;3,82781744;0,00000000
7,90867957;3,82781744;0,00000000
7,90878357;3,82781744;0,00000000
7,90888757;3,82781744;0,00000000
7,90899157;3,82781744;0,00000000
7,90909557;3,82781744;0,00000000
7,90919957;3,78429508;0,00000000
7,90930357;3,82781744;0,00000000
7,90940757;3,82781744;0,00000000
7,90951157;3,78429508;0,00000000
7,90961557;3,82781744;0,00000000
7,90971957;3,82781744;0,00000000
7,90982357;3,82781744;0,00000000
7,90992757;3,78429508;0,00000000
7,91003157;3,82781744;0,00000000
7,91013557;3,82781744;0,00000000
7,91023957;3,82781744;0,00000000
7,91034357;3,82781744;0,00000000
7,91044757;3,82781744;0,00000000
7,91055157;3,78429508;0,00000000
7,91065557;3,82781744;0,00000000
7,91075957;3,78429508;0,00000000
7,91086357;3,82781744;0,00000000
7,91096757;3,78429508;0,00000000
7,91107157;3,78429508;0,00000000
7,91117557;3,78429508;0,00000000
7,91127957;3,82781744;0,00000000
7,91138357;3,78429508;0,00000000
7,91148757;3,82781744;0,00000000
7,91159157;3,82781744;0,00000000
7,91169557;3,82781744;0,00000000
7,91179957;3,82781744;0,00000000
7,91190357;3,82781744;0,00000000
7,91200757;3,82781744;0,00000000
7,91211157;3,78429508;0,00000000
7,91221557;3,78429508;0,00000000
7,91231957;3,82781744;0,00000000
7,91242357;3,82781744;0,00000000
7,91252757;3,82781744;0,00000000
7,91263157;3,78429508;0,00000000
7,91273557;3,82781744;0,00000000
7,91283957;3,82781744;0,00000000
7,91294357;3,78429508;0,00000000
7,91304757;3,82781744;0,00000000
7,91315157;3,78429508;0,00000000
7,91325557;3,82781744;0,00000000
7,91335957;3,82781744;0,00000000
7,91346357;3,82781744;0,00000000
7,91356757;3,82781744;0,00000000
7,91367157;3,78429508;0,00000000
7,91377557;3,78429508;0,00000000
7,91387957;3,82781744;0,00000000
7,91398357;3,82781744;0,00000000
7,91408757;3,82781744;0,00000000
7,91419157;3,82781744;0,00000000
7,91429557;3,82781744;0,00000000
7,91439957;3,78429508;0,00000000
7,91450357;3,78429508;0,00000000
7,91460757;3,82781744;0,00000000
7,91471157;3,78429508;0,00000000
7,91481557;3,78429508;0,00000000
7,91491957;3,82781744;0,00000000
7,91502357;3,78429508;0,00000000
7,91512757;3,82781744;0,00000000
7,91523157;3,78429508;0,00000000
7,91533557;3,82781744;0,00000000
7,91543957;3,78429508;0,00000000
7,91554357;3,78429508;0,00000000
7,91564757;3,78429508;0,00000000
7,91575157;3,82781744;0,00000000
7,91585557;3,82781744;0,00000000
7,91595957;3,82781744;0,00000000
7,91606357;3,82781744;0,00000000
7,91616757;3,78429508;0,00000000
7,91627157;3,78429508;0,00000000
7,91637557;3,82781744;0,00000000
7,91647957;3,82781744;0,00000000
7,91658357;3,82781744;0,00000000
7,91668757;3,82781744;0,00000000
7,91679157;3,82781744;0,00000000
7,91689557;3,82781744;0,00000000
7,91699957;3,78429508;0,00000000
7,91710357;3,82781744;0,00000000
7,91720757;3,82781744;0,00000000
7,91731157;3,78429508;0,00000000
7,91741557;3,78429508;0,00000000
7,91751957;3,82781744;0,00000000
7,91762357;3,78429508;0,00000000
7,91772757;3,82781744;0,00000000
7,91783157;3,78429508;0,00000000
7,91793557;3,78429508;0,00000000
7,91803957;3,78429508;0,00000000
7,91814357;3,82781744;0,00000000
7,91824757;3,82781744;0,00000000
7,91835157;3,78429508;0,00000000
7,91845557;3,82781744;0,00000000
7,91855957;3,82781744;0,00000000
7,91866357;3,78429508;0,00000000
7,91876757;3,78429508;0,00000000
7,91887157;3,78429508;0,00000000
7,91897557;3,78429508;0,00000000
7,91907957;3,82781744;0,00000000
7,91918357;3,82781744;0,00000000
7,91928757;3,82781744;0,00000000
7,91939157;3,82781744;0,00000000
7,91949557;3,82781744;0,00000000
7,91959957;3,82781744;0,00000000
7,91970357;3,82781744;0,00000000
7,91980757;3,82781744;0,00000000
7,91991157;3,82781744;0,00000000
7,92001557;3,82781744;0,00000000
7,92011957;3,82781744;0,00000000
7,92022357;3,82781744;0,00000000
7,92032757;3,82781744;0,00000000
7,92043157;3,82781744;0,00000000
7,92053557;3,78429508;0,00000000
7,92063957;3,82781744;0,00000000
7,92074357;3,82781744;0,00000000
7,92084757;3,82781744;0,00000000
7,92095157;3,82781744;0,00000000
7,92105557;3,82781744;0,00000000
7,92115957;3,78429508;0,00000000
7,92126357;3,82781744;0,00000000
7,92136757;3,82781744;0,00000000
7,92147157;3,82781744;0,00000000
7,92157557;3,82781744;0,00000000
7,92167957;3,82781744;0,00000000
7,92178357;3,82781744;0,00000000
7,92188757;3,82781744;0,00000000
7,92199157;3,78429508;0,00000000
7,92209557;3,82781744;0,00000000
7,92219957;3,82781744;0,00000000
7,92230357;3,78429508;0,00000000
7,92240757;3,87133980;0,00000000
7,92251157;3,78429508;0,00000000
7,92261557;3,78429508;0,00000000
7,92271957;3,82781744;0,00000000
7,92282357;3,82781744;0,00000000
7,92292757;3,78429508;0,00000000
7,92303157;3,82781744;0,00000000
7,92313557;3,82781744;0,00000000
7,92323957;3,82781744;0,00000000
7,92334357;3,78429508;0,00000000
7,92344757;3,78429508;0,00000000
7,92355157;3,78429508;0,00000000
7,92365557;3,82781744;0,00000000
7,92375957;3,82781744;0,00000000
7,92386357;3,82781744;0,00000000
7,92396757;3,82781744;0,00000000
7,92407157;3,82781744;0,00000000
7,92417557;3,82781744;0,00000000
7,92427957;3,82781744;0,00000000
7,92438357;3,82781744;0,00000000
7,92448757;3,82781744;0,00000000
7,92459157;3,82781744;0,00000000
7,92469557;3,82781744;0,00000000
7,92479957;3,82781744;0,00000000
7,92490357;3,78429508;0,00000000
7,92500757;3,82781744;0,00000000
7,92511157;3,82781744;0,00000000
7,92521557;3,82781744;0,00000000
7,92531957;3,82781744;0,00000000
7,92542357;3,78429508;0,00000000
7,92552757;3,82781744;0,00000000
7,92563157;3,82781744;0,00000000
7,92573557;3,82781744;0,00000000
7,92583957;3,78429508;0,00000000
7,92594357;3,82781744;0,00000000
7,92604757;3,82781744;0,00000000
7,92615157;3,82781744;0,00000000
7,92625557;3,82781744;0,00000000
7,92635957;3,78429508;0,00000000
7,92646357;3,82781744;0,00000000
7,92656757;3,82781744;0,00000000
7,92667157;3,82781744;0,00000000
7,92677557;3,82781744;0,00000000
7,92687957;3,82781744;0,00000000
7,92698357;3,82781744;0,00000000
7,92708757;3,82781744;0,00000000
7,92719157;3,82781744;0,00000000
7,92729557;3,82781744;0,00000000
7,92739957;3,82781744;0,00000000
7,92750357;3,82781744;0,00000000
7,92760757;3,82781744;0,00000000
7,92771157;3,82781744;0,00000000
7,92781557;3,82781744;0,00000000
7,92791957;3,82781744;0,00000000
7,92802357;3,82781744;0,00000000
7,92812757;3,82781744;0,00000000
7,92823157;3,78429508;0,00000000
7,92833557;3,78429508;0,00000000
7,92843957;3,82781744;0,00000000
7,92854357;3,82781744;0,00000000
7,92864757;3,82781744;0,00000000
7,92875157;3,78429508;0,00000000
7,92885557;3,82781744;0,00000000
7,92895957;3,82781744;0,00000000
7,92906357;3,78429508;0,00000000
7,92916757;3,78429508;0,00000000
7,92927157;3,82781744;0,00000000
7,92937557;3,82781744;0,00000000
7,92947957;3,82781744;0,00000000
7,92958357;3,82781744;0,00000000
7,92968757;3,82781744;0,00000000
7,92979157;3,82781744;0,00000000
7,92989557;3,78429508;0,00000000
7,92999957;3,82781744;0,00000000
7,93010357;3,82781744;0,00000000
7,93020757;3,82781744;0,00000000
7,93031157;3,82781744;0,00000000
7,93041557;3,78429508;0,00000000
7,93051957;3,82781744;0,00000000
7,93062357;3,82781744;0,00000000
7,93072757;3,82781744;0,00000000
7,93083157;3,82781744;0,00000000
7,93093557;3,82781744;0,00000000
7,93103957;3,78429508;0,00000000
7,93114357;3,82781744;0,00000000
7,93124757;3,78429508;0,00000000
7,93135157;3,82781744;0,00000000
7,93145557;3,82781744;0,00000000
7,93155957;3,82781744;0,00000000
7,93166357;3,82781744;0,00000000
7,93176757;3,82781744;0,00000000
7,93187157;3,82781744;0,00000000
7,93197557;3,82781744;0,00000000
7,93207957;3,82781744;0,00000000
7,93218357;3,82781744;0,00000000
7,93228757;3,82781744;0,00000000
7,93239157;3,82781744;0,00000000
7,93249557;3,82781744;0,00000000
7,93259957;3,82781744;0,00000000
7,93270357;3,82781744;0,00000000
7,93280757;3,82781744;0,00000000
7,93291157;3,82781744;0,00000000
7,93301557;3,78429508;0,00000000
7,93311957;3,82781744;0,00000000
7,93322357;3,82781744;0,00000000
7,93332757;3,82781744;0,00000000
7,93343157;3,78429508;0,00000000
7,93353557;3,82781744;0,00000000
7,93363957;3,78429508;0,00000000
7,93374357;3,78429508;0,00000000
7,93384757;3,82781744;0,00000000
7,93395157;3,82781744;0,00000000
7,93405557;3,78429508;0,00000000
7,93415957;3,82781744;0,00000000
7,93426357;3,82781744;0,00000000
7,93436757;3,82781744;0,00000000
7,93447157;3,82781744;0,00000000
7,93457557;3,82781744;0,00000000
7,93467957;3,82781744;0,00000000
7,93478357;3,78429508;0,01734744
7,93488757;3,78429508;0,00000000
7,93499157;3,82781744;0,00000000
7,93509557;3,82781744;0,00000000
7,93519957;3,82781744;0,00000000
7,93530357;3,78429508;0,00000000
7,93540757;3,82781744;0,00000000
7,93551157;3,78429508;0,00000000
7,93561557;3,82781744;0,00000000
7,93571957;3,82781744;0,00000000
7,93582357;3,82781744;0,00000000
7,93592757;3,78429508;0,00000000
7,93603157;3,82781744;0,00000000
7,93613557;3,82781744;0,00000000
7,93623957;3,82781744;0,00000000
7,93634357;3,82781744;0,00000000
7,93644757;3,82781744;0,00000000
7,93655157;3,82781744;0,00000000
7,93665557;3,82781744;0,00000000
7,93675957;3,82781744;0,00000000
7,93686357;3,82781744;0,00000000
7,93696757;3,82781744;0,00000000
7,93707157;3,82781744;0,00000000
7,93717557;3,82781744;0,00000000
7,93727957;3,78429508;0,00000000
7,93738357;3,82781744;0,00000000
7,93748757;3,82781744;0,00000000
7,93759157;3,82781744;0,00000000
7,93769557;3,82781744;0,00000000
7,93779957;3,82781744;0,00000000
7,93790357;3,82781744;0,00000000
7,93800757;3,78429508;0,00000000
7,93811157;3,82781744;0,00000000
7,93821557;3,78429508;0,00000000
7,93831957;3,82781744;0,00000000
7,93842357;3,82781744;0,00000000
7,93852757;3,82781744;0,00000000
7,93863157;3,82781744;0,00000000
7,93873557;3,82781744;0,00000000
7,93883957;3,82781744;0,00000000
7,93894357;3,78429508;0,00000000
7,93904757;3,82781744;0,00000000
7,93915157;3,78429508;0,00000000
7,93925557;3,82781744;0,00000000
7,93935957;3,82781744;0,00000000
7,93946357;3,82781744;0,00000000
7,93956757;3,82781744;0,00000000
7,93967157;3,78429508;0,00000000
7,93977557;3,82781744;0,00000000
7,93987957;3,78429508;0,00000000
7,93998357;3,82781744;0,00000000
7,94008757;3,82781744;0,00000000
7,94019157;3,78429508;0,00000000
7,94029557;3,78429508;0,00000000
7,94039957;3,78429508;0,00000000
7,94050357;3,82781744;0,00000000
7,94060757;3,82781744;0,00000000
7,94071157;3,82781744;0,00000000
7,94081557;3,82781744;0,00000000
7,94091957;3,82781744;0,00000000
7,94102357;3,82781744;0,00000000
7,94112757;3,78429508;0,00000000
7,94123157;3,82781744;0,00000000
7,94133557;3,82781744;0,00000000
7,94143957;3,82781744;0,00000000
7,94154357;3,82781744;0,00000000
7,94164757;3,82781744;0,00000000
7,94175157;3,78429508;0,00000000
7,94185557;3,82781744;0,00000000
7,94195957;3,82781744;0,00000000
7,94206357;3,78429508;0,00000000
7,94216757;3,82781744;0,00000000
7,94227157;3,82781744;0,00000000
7,94237557;3,78429508;0,00000000
7,94247957;3,78429508;0,00000000
7,94258357;3,82781744;0,00000000
7,94268757;3,82781744;0,00000000
7,94279157;3,82781744;0,00000000
7,94289557;3,78429508;0,00000000
7,94299957;3,82781744;0,00000000
7,94310357;3,78429508;0,00000000
7,94320757;3,82781744;0,00000000
7,94331157;3,82781744;0,00000000
7,94341557;3,78429508;0,00000000
7,94351957;3,78429508;0,00000000
7,94362357;3,82781744;0,00000000
7,94372757;3,82781744;0,00000000
7,94383157;3,82781744;0,00000000
7,94393557;3,82781744;0,00000000
7,94403957;3,82781744;0,00000000
7,94414357;3,82781744;0,00000000
7,94424757;3,78429508;0,00000000
7,94435157;3,82781744;0,00000000
7,94445557;3,78429508;0,00000000
7,94455957;3,82781744;0,00000000
7,94466357;3,82781744;0,00000000
7,94476757;3,78429508;0,00000000
7,94487157;3,82781744;0,00000000
7,94497557;3,82781744;0,00000000
7,94507957;3,82781744;0,00000000
7,94518357;3,82781744;0,00000000
7,94528757;3,82781744;0,00000000
7,94539157;3,82781744;0,00000000
7,94549557;3,82781744;0,00000000
7,94559957;3,82781744;0,00000000
7,94570357;3,78429508;0,00000000
7,94580757;3,82781744;0,00000000
7,94591157;3,78429508;0,00000000
7,94601557;3,78429508;0,00000000
7,94611957;3,78429508;0,00000000
7,94622357;3,82781744;0,00000000
7,94632757;3,82781744;0,00000000
7,94643157;3,78429508;0,00000000
7,94653557;3,82781744;0,00000000
7,94663957;3,82781744;0,00000000
7,94674357;3,82781744;0,00000000
7,94684757;3,82781744;0,00000000
7,94695157;3,82781744;0,00000000
7,94705557;3,82781744;0,00000000
7,94715957;3,82781744;0,00000000
7,94726357;3,82781744;0,00000000
7,94736757;3,78429508;0,00000000
7,94747157;3,82781744;0,00000000
7,94757557;3,82781744;0,00000000
7,94767957;3,82781744;0,00000000
7,94778357;3,82781744;0,00000000
7,94788757;3,82781744;0,00000000
7,94799157;3,82781744;0,00000000
7,94809557;3,82781744;0,00000000
7,94819957;3,82781744;0,00000000
7,94830357;3,82781744;0,00000000
7,94840757;3,82781744;0,00000000
7,94851157;3,82781744;0,00000000
7,94861557;3,82781744;0,00000000
7,94871957;3,82781744;0,00000000
7,94882357;3,78429508;0,00000000
7,94892757;3,78429508;0,00000000
7,94903157;3,82781744;0,00000000
7,94913557;3,78429508;0,00000000
7,94923957;3,78429508;0,00000000
7,94934357;3,82781744;0,00000000
7,94944757;3,82781744;0,00000000
7,94955157;3,82781744;0,00000000
7,94965557;3,82781744;0,00000000
7,94975957;3,82781744;0,00000000
7,94986357;3,82781744;0,00000000
7,94996757;3,82781744;0,00000000
7,95007157;3,82781744;0,00000000
7,95017557;3,82781744;0,00000000
7,95027957;3,82781744;0,00000000
7,95038357;3,82781744;0,00000000
7,95048757;3,78429508;0,00000000
7,95059157;3,82781744;0,00000000
7,95069557;3,82781744;0,00000000
7,95079957;3,78429508;0,00000000
7,95090357;3,78429508;0,00000000
7,95100757;3,82781744;0,00000000
7,95111157;3,78429508;0,00000000
7,95121557;3,78429508;0,00000000
7,95131957;3,82781744;0,00000000
7,95142357;3,82781744;0,00000000
7,95152757;3,78429508;0,00000000
7,95163157;3,82781744;0,00000000
7,95173557;3,78429508;0,00000000
7,95183957;3,78429508;0,00000000
7,95194357;3,82781744;0,00000000
7,95204757;3,82781744;0,00000000
7,95215157;3,82781744;0,00000000
7,95225557;3,82781744;0,00000000
7,95235957;3,78429508;0,00000000
7,95246357;3,78429508;0,00000000
7,95256757;3,82781744;0,00000000
7,95267157;3,82781744;0,00000000
7,95277557;3,82781744;0,00000000
7,95287957;3,78429508;0,00000000
7,95298357;3,78429508;0,00000000
7,95308757;3,82781744;0,00000000
7,95319157;3,78429508;0,00000000
7,95329557;3,82781744;0,00000000
7,95339957;3,78429508;0,00000000
7,95350357;3,78429508;0,00000000
7,95360757;3,82781744;0,00000000
7,95371157;3,82781744;0,00000000
7,95381557;3,78429508;0,00000000
7,95391957;3,82781744;0,00000000
7,95402357;3,78429508;0,00000000
7,95412757;3,82781744;0,00000000
7,95423157;3,82781744;0,00000000
7,95433557;3,82781744;0,00000000
7,95443957;3,82781744;0,00000000
7,95454357;3,78429508;0,00000000
7,95464757;3,82781744;0,00000000
7,95475157;3,82781744;0,00000000
7,95485557;3,82781744;0,00000000
7,95495957;3,82781744;0,00000000
7,95506357;3,82781744;0,00000000
7,95516757;3,82781744;0,00000000
7,95527157;3,82781744;0,00000000
7,95537557;3,78429508;0,00000000
7,95547957;3,78429508;0,00000000
7,95558357;3,78429508;0,00000000
7,95568757;3,82781744;0,00000000
7,95579157;3,82781744;0,00000000
7,95589557;3,82781744;0,00000000
7,95599957;3,82781744;0,00000000
7,95610357;3,78429508;0,00000000
7,95620757;3,82781744;0,00000000
7,95631157;3,78429508;0,00000000
7,95641557;3,82781744;0,00000000
7,95651957;3,82781744;0,00000000
7,95662357;3,82781744;0,00000000
7,95672757;3,78429508;0,00000000
7,95683157;3,82781744;0,00000000
7,95693557;3,82781744;0,00000000
7,95703957;3,78429508;0,00000000
7,95714357;3,82781744;0,00000000
7,95724757;3,82781744;0,00000000
7,95735157;3,78429508;0,00000000
7,95745557;3,82781744;0,00000000
7,95755957;3,82781744;0,00000000
7,95766357;3,78429508;0,00000000
7,95776757;3,82781744;0,00000000
7,95787157;3,82781744;0,00000000
7,95797557;3,82781744;0,00000000
7,95807957;3,78429508;0,00000000
7,95818357;3,78429508;0,00000000
7,95828757;3,82781744;0,00000000
7,95839157;3,78429508;0,00000000
7,95849557;3,82781744;0,00000000
7,95859957;3,82781744;0,00000000
7,95870357;3,82781744;0,00000000
7,95880757;3,82781744;0,00000000
7,95891157;3,78429508;0,00000000
7,95901557;3,82781744;0,00000000
7,95911957;3,78429508;0,00000000
7,95922357;3,82781744;0,00000000
7,95932757;3,82781744;0,00000000
7,95943157;3,78429508;0,00000000
7,95953557;3,82781744;0,00000000
7,95963957;3,78429508;0,00000000
7,95974357;3,82781744;0,00000000
7,95984757;3,78429508;0,00000000
7,95995157;3,78429508;0,00000000
7,96005557;3,82781744;0,00000000
7,96015957;3,82781744;0,00000000
7,96026357;3,78429508;0,00000000
7,96036757;3,82781744;0,00000000
7,96047157;3,78429508;0,00000000
7,96057557;3,82781744;0,00000000
7,96067957;3,78429508;0,00000000
7,96078357;3,82781744;0,00000000
7,96088757;3,82781744;0,00000000
7,96099157;3,82781744;0,00000000
7,96109557;3,78429508;0,00000000
7,96119957;3,78429508;0,00000000
7,96130357;3,78429508;0,00000000
7,96140757;3,82781744;0,00000000
7,96151157;3,78429508;0,00000000
7,96161557;3,82781744;0,00000000
7,96171957;3,82781744;0,00000000
7,96182357;3,82781744;0,00000000
7,96192757;3,82781744;0,00000000
7,96203157;3,82781744;0,00000000
7,96213557;3,78429508;0,00000000
7,96223957;3,82781744;0,00000000
7,96234357;3,82781744;0,00000000
7,96244757;3,82781744;0,00000000
7,96255157;3,78429508;0,00000000
7,96265557;3,82781744;0,00000000
7,96275957;3,78429508;0,00000000
7,96286357;3,82781744;0,00000000
7,96296757;3,78429508;0,00000000
7,96307157;3,82781744;0,00000000
7,96317557;3,82781744;0,00000000
7,96327957;3,82781744;0,00000000
7,96338357;3,82781744;0,00000000
7,96348757;3,78429508;0,00000000
7,96359157;3,82781744;0,00000000
7,96369557;3,82781744;0,00000000
7,96379957;3,82781744;0,00000000
7,96390357;3,78429508;0,00000000
7,96400757;3,82781744;0,00000000
7,96411157;3,78429508;0,00000000
7,96421557;3,82781744;0,00000000
7,96431957;3,78429508;0,00000000
7,96442357;3,78429508;0,00000000
7,96452757;3,78429508;0,00000000
7,96463157;3,78429508;0,00000000
7,96473557;3,82781744;0,00000000
7,96483957;3,82781744;0,00000000
7,96494357;3,82781744;0,00000000
7,96504757;3,82781744;0,00000000
7,96515157;3,78429508;0,00000000
7,96525557;3,82781744;0,00000000
7,96535957;3,82781744;0,00000000
7,96546357;3,82781744;0,00000000
7,96556757;3,82781744;0,00000000
7,96567157;3,82781744;0,00000000
7,96577557;3,82781744;0,00000000
7,96587957;3,78429508;0,00000000
7,96598357;3,82781744;0,00000000
7,96608757;3,82781744;0,00000000
7,96619157;3,82781744;0,00000000
7,96629557;3,82781744;0,00000000
7,96639957;3,82781744;0,00000000
7,96650357;3,78429508;0,00000000
7,96660757;3,82781744;0,00000000
7,96671157;3,82781744;0,00000000
7,96681557;3,78429508;0,00000000
7,96691957;3,82781744;0,00000000
7,96702357;3,82781744;0,00000000
7,96712757;3,82781744;0,00000000
7,96723157;3,82781744;0,00000000
7,96733557;3,82781744;0,00000000
7,96743957;3,82781744;0,00000000
7,96754357;3,82781744;0,00000000
7,96764757;3,82781744;0,00000000
7,96775157;3,82781744;0,00000000
7,96785557;3,82781744;0,00000000
7,96795957;3,82781744;0,00000000
7,96806357;3,82781744;0,00000000
7,96816757;3,82781744;0,00000000
7,96827157;3,82781744;0,00000000
7,96837557;3,78429508;0,00000000
7,96847957;3,82781744;0,00000000
7,96858357;3,78429508;0,00000000
7,96868757;3,82781744;0,00000000
7,96879157;3,78429508;0,00000000
7,96889557;3,82781744;0,00000000
7,96899957;3,78429508;0,00000000
7,96910357;3,82781744;0,00000000
7,96920757;3,82781744;0,00000000
7,96931157;3,82781744;0,00000000
7,96941557;3,78429508;0,00000000
7,96951957;3,82781744;0,00000000
7,96962357;3,82781744;0,00000000
7,96972757;3,82781744;0,00000000
7,96983157;3,82781744;0,00000000
7,96993557;3,82781744;0,00000000
7,97003957;3,78429508;0,00000000
7,97014357;3,82781744;0,00000000
7,97024757;3,82781744;0,00000000
7,97035157;3,82781744;0,00000000
7,97045557;3,82781744;0,00000000
7,97055957;3,82781744;0,00000000
7,97066357;3,82781744;0,00000000
7,97076757;3,78429508;0,00000000
7,97087157;3,82781744;0,00000000
7,97097557;3,82781744;0,00000000
7,97107957;3,82781744;0,00000000
7,97118357;3,78429508;0,00000000
7,97128757;3,78429508;0,00000000
7,97139157;3,82781744;0,00000000
7,97149557;3,82781744;0,00000000
7,97159957;3,78429508;0,00000000
7,97170357;3,78429508;0,00000000
7,97180757;3,82781744;0,00000000
7,97191157;3,82781744;0,00000000
7,97201557;3,82781744;0,00000000
7,97211957;3,82781744;0,00000000
7,97222357;3,78429508;0,00000000
7,97232757;3,82781744;0,00000000
7,97243157;3,82781744;0,00000000
7,97253557;3,82781744;0,00000000
7,97263957;3,82781744;0,00000000
7,97274357;3,78429508;0,00000000
7,97284757;3,82781744;0,00000000
7,97295157;3,82781744;0,00000000
7,97305557;3,82781744;0,00000000
7,97315957;3,82781744;0,00000000
7,97326357;3,82781744;0,00000000
7,97336757;3,82781744;0,00000000
7,97347157;3,87133980;0,00000000
7,97357557;3,82781744;0,00000000
7,97367957;3,82781744;0,00000000
7,97378357;3,82781744;0,00000000
7,97388757;3,87133980;0,00000000
7,97399157;3,82781744;0,00000000
7,97409557;3,82781744;0,00000000
7,97419957;3,82781744;0,00000000
7,97430357;3,82781744;0,00000000
7,97440757;3,82781744;0,00000000
7,97451157;3,82781744;0,00000000
7,97461557;3,78429508;0,00000000
7,97471957;3,78429508;0,00000000
7,97482357;3,82781744;0,00000000
7,97492757;3,82781744;0,00000000
7,97503157;3,82781744;0,00000000
7,97513557;3,82781744;0,00000000
7,97523957;3,82781744;0,00000000
7,97534357;3,82781744;0,00000000
7,97544757;3,82781744;0,00000000
7,97555157;3,82781744;0,00000000
7,97565557;3,82781744;0,00000000
7,97575957;3,82781744;0,00000000
7,97586357;3,78429508;0,00000000
7,97596757;3,82781744;0,00000000
7,97607157;3,82781744;0,00000000
7,97617557;3,82781744;0,00000000
7,97627957;3,82781744;0,00000000
7,97638357;3,78429508;0,00000000
7,97648757;3,82781744;0,00000000
7,97659157;3,78429508;0,00000000
7,97669557;3,82781744;0,00000000
7,97679957;3,82781744;0,00000000
7,97690357;3,82781744;0,00000000
7,97700757;3,78429508;0,00000000
7,97711157;3,78429508;0,00000000
7,97721557;3,82781744;0,00000000
7,97731957;3,82781744;0,00000000
7,97742357;3,82781744;0,00000000
7,97752757;3,82781744;0,00000000
7,97763157;3,82781744;0,00000000
7,97773557;3,82781744;0,00000000
7,97783957;3,82781744;0,00000000
7,97794357;3,82781744;0,00000000
7,97804757;3,82781744;0,00000000
7,97815157;3,82781744;0,00000000
7,97825557;3,82781744;0,00000000
7,97835957;3,82781744;0,00000000
7,97846357;3,82781744;0,00000000
7,97856757;3,78429508;0,00000000
7,97867157;3,78429508;0,00000000
7,97877557;3,78429508;0,00000000
7,97887957;3,78429508;0,00000000
7,97898357;3,82781744;0,00000000
7,97908757;3,82781744;0,00000000
7,97919157;3,82781744;0,00000000
7,97929557;3,78429508;0,00000000
7,97939957;3,78429508;0,00000000
7,97950357;3,82781744;0,00000000
7,97960757;3,82781744;0,00000000
7,97971157;3,78429508;0,00000000
7,97981557;3,82781744;0,00000000
7,97991957;3,78429508;0,00000000
7,98002357;3,82781744;0,00000000
7,98012757;3,82781744;0,00000000
7,98023157;3,82781744;0,00000000
7,98033557;3,82781744;0,00000000
7,98043957;3,82781744;0,00000000
7,98054357;3,82781744;0,00000000
7,98064757;3,78429508;0,00000000
7,98075157;3,82781744;0,00000000
7,98085557;3,78429508;0,00000000
7,98095957;3,82781744;0,00000000
7,98106357;3,82781744;0,00000000
7,98116757;3,87133980;0,00000000
7,98127157;3,78429508;0,00000000
7,98137557;3,78429508;0,00000000
7,98147957;3,82781744;0,00000000
7,98158357;3,82781744;0,00000000
7,98168757;3,82781744;0,00000000
7,98179157;3,82781744;0,00000000
7,98189557;3,82781744;0,00000000
7,98199957;3,82781744;0,00000000
7,98210357;3,78429508;0,00000000
7,98220757;3,82781744;0,00000000
7,98231157;3,78429508;0,00000000
7,98241557;3,82781744;0,00000000
7,98251957;3,82781744;0,00000000
7,98262357;3,78429508;0,00000000
7,98272757;3,82781744;0,00000000
7,98283157;3,87133980;0,00000000
7,98293557;3,82781744;0,00000000
7,98303957;3,82781744;0,00000000
7,98314357;3,78429508;0,00000000
7,98324757;3,82781744;0,00000000
7,98335157;3,78429508;0,00000000
7,98345557;3,82781744;0,00000000
7,98355957;3,82781744;0,00000000
7,98366357;3,82781744;0,00000000
7,98376757;3,82781744;0,00000000
7,98387157;3,82781744;0,00000000
7,98397557;3,82781744;0,01734744
7,98407957;3,82781744;0,00000000
7,98418357;3,82781744;0,00000000
7,98428757;3,78429508;0,00000000
7,98439157;3,82781744;0,00000000
7,98449557;3,82781744;0,00000000
7,98459957;3,78429508;0,00000000
7,98470357;3,82781744;0,00000000
7,98480757;3,78429508;0,00000000
7,98491157;3,78429508;0,00000000
7,98501557;3,78429508;0,00000000
7,98511957;3,82781744;0,00000000
7,98522357;3,82781744;0,00000000
7,98532757;3,82781744;0,00000000
7,98543157;3,78429508;0,00000000
7,98553557;3,78429508;0,00000000
7,98563957;3,82781744;0,00000000
7,98574357;3,82781744;0,00000000
7,98584757;3,82781744;0,00000000
7,98595157;3,82781744;0,00000000
7,98605557;3,82781744;0,00000000
7,98615957;3,82781744;0,00000000
7,98626357;3,82781744;0,00000000
7,98636757;3,82781744;0,00000000
7,98647157;3,82781744;0,00000000
7,98657557;3,82781744;0,00000000
7,98667957;3,78429508;0,00000000
7,98678357;3,82781744;0,00000000
7,98688757;3,78429508;0,00000000
7,98699157;3,78429508;0,00000000
7,98709557;3,82781744;0,00000000
7,98719957;3,78429508;0,00000000
7,98730357;3,78429508;0,00000000
7,98740757;3,82781744;0,00000000
7,98751157;3,82781744;0,00000000
7,98761557;3,78429508;0,00000000
7,98771957;3,82781744;0,00000000
7,98782357;3,82781744;0,00000000
7,98792757;3,82781744;0,00000000
7,98803157;3,78429508;0,00000000
7,98813557;3,82781744;0,00000000
7,98823957;3,78429508;0,00000000
7,98834357;3,78429508;0,00000000
7,98844757;3,78429508;0,00000000
7,98855157;3,82781744;0,00000000
7,98865557;3,82781744;0,00000000
7,98875957;3,82781744;0,00000000
7,98886357;3,78429508;0,00000000
7,98896757;3,78429508;0,00000000
7,98907157;3,82781744;0,00000000
7,98917557;3,82781744;0,00000000
7,98927957;3,82781744;0,00000000
7,98938357;3,78429508;0,00000000
7,98948757;3,82781744;0,00000000
7,98959157;3,78429508;0,00000000
7,98969557;3,82781744;0,00000000
7,98979957;3,78429508;0,00000000
7,98990357;3,82781744;0,00000000
7,99000757;3,82781744;0,00000000
7,99011157;3,78429508;0,00000000
7,99021557;3,78429508;0,00000000
7,99031957;3,78429508;0,00000000
7,99042357;3,78429508;0,00000000
7,99052757;3,78429508;0,00000000
7,99063157;3,82781744;0,00000000
7,99073557;3,82781744;0,00000000
7,99083957;3,82781744;0,00000000
7,99094357;3,82781744;0,00000000
7,99104757;3,82781744;0,00000000
7,99115157;3,78429508;0,00000000
7,99125557;3,82781744;0,00000000
7,99135957;3,82781744;0,00000000
7,99146357;3,82781744;0,00000000
7,99156757;3,82781744;0,00000000
7,99167157;3,82781744;0,00000000
7,99177557;3,78429508;0,00000000
7,99187957;3,78429508;0,00000000
7,99198357;3,82781744;0,00000000
7,99208757;3,82781744;0,00000000
7,99219157;3,82781744;0,00000000
7,99229557;3,78429508;0,00000000
7,99239957;3,82781744;0,00000000
7,99250357;3,82781744;0,00000000
7,99260757;3,82781744;0,00000000
7,99271157;3,82781744;0,00000000
7,99281557;3,82781744;0,00000000
7,99291957;3,78429508;0,00000000
7,99302357;3,82781744;0,00000000
7,99312757;3,82781744;0,00000000
7,99323157;3,82781744;0,00000000
7,99333557;3,82781744;0,00000000
7,99343957;3,82781744;0,00000000
7,99354357;3,82781744;0,00000000
7,99364757;3,82781744;0,00000000
7,99375157;3,82781744;0,00000000
7,99385557;3,82781744;0,00000000
7,99395957;3,82781744;0,00000000
7,99406357;3,78429508;0,00000000
7,99416757;3,78429508;0,00000000
7,99427157;3,82781744;0,00000000
7,99437557;3,78429508;0,00000000
7,99447957;3,78429508;0,00000000
7,99458357;3,82781744;0,00000000
7,99468757;3,78429508;0,00000000
7,99479157;3,82781744;0,00000000
7,99489557;3,82781744;0,00000000
7,99499957;3,78429508;0,00000000
7,99510357;3,78429508;0,00000000
7,99520757;3,82781744;0,00000000
7,99531157;3,82781744;0,00000000
7,99541557;3,78429508;0,00000000
7,99551957;3,78429508;0,00000000
7,99562357;3,82781744;0,00000000
7,99572757;3,82781744;0,00000000
7,99583157;3,82781744;0,00000000
7,99593557;3,82781744;0,00000000
7,99603957;3,82781744;0,00000000
7,99614357;3,78429508;0,00000000
7,99624757;3,82781744;0,00000000
7,99635157;3,82781744;0,00000000
7,99645557;3,78429508;0,00000000
7,99655957;3,82781744;0,00000000
7,99666357;3,82781744;0,00000000
7,99676757;3,82781744;0,00000000
7,99687157;3,82781744;0,00000000
7,99697557;3,82781744;0,00000000
7,99707957;3,78429508;0,00000000
7,99718357;3,82781744;0,00000000
7,99728757;3,78429508;0,00000000
7,99739157;3,78429508;0,00000000
7,99749557;3,82781744;0,00000000
7,99759957;3,82781744;0,00000000
7,99770357;3,78429508;0,00000000
7,99780757;3,82781744;0,00000000
7,99791157;3,82781744;0,00000000
7,99801557;3,78429508;0,00000000
7,99811957;3,78429508;0,00000000
7,99822357;3,78429508;0,00000000
7,99832757;3,78429508;0,00000000
7,99843157;3,78429508;0,00000000
7,99853557;3,78429508;0,00000000
7,99863957;3,82781744;0,00000000
7,99874357;3,78429508;0,00000000
7,99884757;3,82781744;0,00000000
7,99895157;3,78429508;0,00000000
7,99905557;3,82781744;0,00000000
7,99915957;3,82781744;0,00000000
7,99926357;3,82781744;0,00000000
7,99936757;3,78429508;0,00000000
7,99947157;3,82781744;0,00000000
7,99957557;3,82781744;0,00000000
7,99967957;3,82781744;0,00000000
7,99978357;3,82781744;0,00000000
7,99988757;3,82781744;0,00000000
7,99999157;3,78429508;0,00000000
8,00009557;3,82781744;0,00000000
8,00019957;3,82781744;0,00000000
8,00030357;3,82781744;0,00000000
8,00040757;3,82781744;0,00000000
8,00051157;3,82781744;0,00000000
8,00061557;3,78429508;0,00000000
8,00071957;3,78429508;0,00000000
8,00082357;3,82781744;0,00000000
8,00092757;3,78429508;0,00000000
8,00103157;3,78429508;0,00000000
8,00113557;3,78429508;0,00000000
8,00123957;3,82781744;0,00000000
8,00134357;3,78429508;0,00000000
8,00144757;3,82781744;0,00000000
8,00155157;3,82781744;0,00000000
8,00165557;3,82781744;0,00000000
8,00175957;3,82781744;0,00000000
8,00186357;3,82781744;0,00000000
8,00196757;3,82781744;0,00000000
8,00207157;3,82781744;0,00000000
8,00217557;3,82781744;0,00000000
8,00227957;3,82781744;0,00000000
8,00238357;3,82781744;0,00000000
8,00248757;3,78429508;0,00000000
8,00259157;3,82781744;0,00000000
8,00269557;3,82781744;0,00000000
8,00279957;3,82781744;0,00000000
8,00290357;3,82781744;0,00000000
8,00300757;3,82781744;0,00000000
8,00311157;3,78429508;0,00000000
8,00321557;3,82781744;0,00000000
8,00331957;3,82781744;0,00000000
8,00342357;3,78429508;0,00000000
8,00352757;3,82781744;0,00000000
8,00363157;3,82781744;0,00000000
8,00373557;3,78429508;0,00000000
8,00383957;3,82781744;0,00000000
8,00394357;3,78429508;0,00000000
8,00404757;3,82781744;0,00000000
8,00415157;3,82781744;0,00000000
8,00425557;3,78429508;0,00000000
8,00435957;3,82781744;0,00000000
8,00446357;3,82781744;0,00000000
8,00456757;3,82781744;0,00000000
8,00467157;3,82781744;0,00000000
8,00477557;3,82781744;0,00000000
8,00487957;3,82781744;0,00000000
8,00498357;3,78429508;0,00000000
8,00508757;3,82781744;0,00000000
8,00519157;3,82781744;0,00000000
8,00529557;3,82781744;0,00000000
8,00539957;3,82781744;0,00000000
8,00550357;3,78429508;0,00000000
8,00560757;3,82781744;0,00000000
8,00571157;3,82781744;0,00000000
8,00581557;3,78429508;0,00000000
8,00591957;3,78429508;0,00000000
8,00602357;3,82781744;0,00000000
8,00612757;3,78429508;0,00000000
8,00623157;3,82781744;0,00000000
8,00633557;3,82781744;0,00000000
8,00643957;3,82781744;0,00000000
8,00654357;3,82781744;0,00000000
8,00664757;3,78429508;0,00000000
8,00675157;3,82781744;0,00000000
8,00685557;3,78429508;0,00000000
8,00695957;3,82781744;0,00000000
8,00706357;3,78429508;0,00000000
8,00716757;3,78429508;0,00000000
8,00727157;3,78429508;0,00000000
8,00737557;3,82781744;0,00000000
8,00747957;3,82781744;0,00000000
8,00758357;3,78429508;0,00000000
8,00768757;3,82781744;0,00000000
8,00779157;3,82781744;0,00000000
8,00789557;3,78429508;0,00000000
8,00799957;3,82781744;0,00000000
8,00810357;3,78429508;0,00000000
8,00820757;3,82781744;0,00000000
8,00831157;3,82781744;0,00000000
8,00841557;3,82781744;0,00000000
8,00851957;3,82781744;0,00000000
8,00862357;3,78429508;0,00000000
8,00872757;3,82781744;0,00000000
8,00883157;3,82781744;0,00000000
8,00893557;3,78429508;0,00000000
8,00903957;3,87133980;0,00000000
8,00914357;3,82781744;0,00000000
8,00924757;3,82781744;0,00000000
8,00935157;3,82781744;0,00000000
8,00945557;3,82781744;0,00000000
8,00955957;3,82781744;0,00000000
8,00966357;3,82781744;0,00000000
8,00976757;3,78429508;0,00000000
8,00987157;3,82781744;0,00000000
8,00997557;3,82781744;0,00000000
8,01007957;3,78429508;0,00000000
8,01018357;3,82781744;0,00000000
8,01028757;3,78429508;0,00000000
8,01039157;3,82781744;0,00000000
8,01049557;3,82781744;0,00000000
8,01059957;3,78429508;0,00000000
8,01070357;3,82781744;0,00000000
8,01080757;3,82781744;0,00000000
8,01091157;3,78429508;0,00000000
8,01101557;3,82781744;0,00000000
8,01111957;3,82781744;0,00000000
8,01122357;3,82781744;0,00000000
8,01132757;3,78429508;0,00000000
8,01143157;3,82781744;0,00000000
8,01153557;3,82781744;0,00000000
8,01163957;3,82781744;0,00000000
8,01174357;3,82781744;0,00000000
8,01184757;3,78429508;0,00000000
8,01195157;3,87133980;0,00000000
8,01205557;3,82781744;0,00000000
8,01215957;3,82781744;0,00000000
8,01226357;3,82781744;0,00000000
8,01236757;3,82781744;0,00000000
8,01247157;3,82781744;0,00000000
8,01257557;3,82781744;0,00000000
8,01267957;3,82781744;0,00000000
8,01278357;3,82781744;0,00000000
8,01288757;3,82781744;0,00000000
8,01299157;3,82781744;0,00000000
8,01309557;3,78429508;0,00000000
8,01319957;3,82781744;0,00000000
8,01330357;3,78429508;0,00000000
8,01340757;3,82781744;0,00000000
8,01351157;3,78429508;0,00000000
8,01361557;3,82781744;0,00000000
8,01371957;3,82781744;0,00000000
8,01382357;3,78429508;0,00000000
8,01392757;3,78429508;0,00000000
8,01403157;3,82781744;0,00000000
8,01413557;3,82781744;0,00000000
8,01423957;3,82781744;0,00000000
8,01434357;3,78429508;0,00000000
8,01444757;3,82781744;0,00000000
8,01455157;3,78429508;0,00000000
8,01465557;3,82781744;0,00000000
8,01475957;3,82781744;0,00000000
8,01486357;3,82781744;0,00000000
8,01496757;3,78429508;0,00000000
8,01507157;3,78429508;0,00000000
8,01517557;3,78429508;0,00000000
8,01527957;3,82781744;0,00000000
8,01538357;3,82781744;0,00000000
8,01548757;3,82781744;0,00000000
8,01559157;3,82781744;0,00000000
8,01569557;3,82781744;0,01734744
8,01579957;3,82781744;0,00000000
8,01590357;3,82781744;0,00000000
8,01600757;3,82781744;0,00000000
8,01611157;3,82781744;0,00000000
8,01621557;3,78429508;0,00000000
8,01631957;3,82781744;0,00000000
8,01642357;3,78429508;0,00000000
8,01652757;3,82781744;0,00000000
8,01663157;3,82781744;0,00000000
8,01673557;3,82781744;0,00000000
8,01683957;3,82781744;0,00000000
8,01694357;3,82781744;0,00000000
8,01704757;3,78429508;0,00000000
8,01715157;3,82781744;0,00000000
8,01725557;3,82781744;0,00000000
8,01735957;3,82781744;0,00000000
8,01746357;3,82781744;0,00000000
8,01756757;3,82781744;0,00000000
8,01767157;3,82781744;0,00000000
8,01777557;3,82781744;0,00000000
8,01787957;3,82781744;0,00000000
8,01798357;3,78429508;0,00000000
8,01808757;3,82781744;0,00000000
8,01819157;3,78429508;0,00000000
8,01829557;3,82781744;0,00000000
8,01839957;3,82781744;0,00000000
8,01850357;3,82781744;0,00000000
8,01860757;3,78429508;0,00000000
8,01871157;3,82781744;0,00000000
8,01881557;3,82781744;0,00000000
8,01891957;3,82781744;0,00000000
8,01902357;3,78429508;0,00000000
8,01912757;3,82781744;0,00000000
8,01923157;3,82781744;0,00000000
8,01933557;3,82781744;0,00000000
8,01943957;3,82781744;0,00000000
8,01954357;3,78429508;0,00000000
8,01964757;3,82781744;0,00000000
8,01975157;3,82781744;0,00000000
8,01985557;3,82781744;0,00000000
8,01995957;3,78429508;0,00000000
8,02006357;3,82781744;0,00000000
8,02016757;3,78429508;0,00000000
8,02027157;3,78429508;0,00000000
8,02037557;3,78429508;0,00000000
8,02047957;3,82781744;0,00000000
8,02058357;3,78429508;0,00000000
8,02068757;3,82781744;0,00000000
8,02079157;3,82781744;0,00000000
8,02089557;3,78429508;0,00000000
8,02099957;3,82781744;0,00000000
8,02110357;3,82781744;0,00000000
8,02120757;3,78429508;0,00000000
8,02131157;3,82781744;0,00000000
8,02141557;3,82781744;0,00000000
8,02151957;3,82781744;0,00000000
8,02162357;3,82781744;0,00000000
8,02172757;3,78429508;0,00000000
8,02183157;3,82781744;0,00000000
8,02193557;3,82781744;0,00000000
8,02203957;3,78429508;0,00000000
8,02214357;3,82781744;0,00000000
8,02224757;3,82781744;0,00000000
8,02235157;3,78429508;0,00000000
8,02245557;3,78429508;0,00000000
8,02255957;3,82781744;0,00000000
8,02266357;3,82781744;0,00000000
8,02276757;3,78429508;0,00000000
8,02287157;3,82781744;0,00000000
8,02297557;3,82781744;0,00000000
8,02307957;3,82781744;0,00000000
8,02318357;3,78429508;0,00000000
8,02328757;3,82781744;0,00000000
8,02339157;3,82781744;0,00000000
8,02349557;3,82781744;0,00000000
8,02359957;3,82781744;0,00000000
8,02370357;3,78429508;0,00000000
8,02380757;3,82781744;0,00000000
8,02391157;3,78429508;0,00000000
8,02401557;3,78429508;0,00000000
8,02411957;3,82781744;0,00000000
8,02422357;3,82781744;0,00000000
8,02432757;3,78429508;0,00000000
8,02443157;3,78429508;0,00000000
8,02453557;3,82781744;0,00000000
8,02463957;3,78429508;0,00000000
8,02474357;3,82781744;0,00000000
8,02484757;3,78429508;0,00000000
8,02495157;3,82781744;0,00000000
8,02505557;3,82781744;0,00000000
8,02515957;3,78429508;0,00000000
8,02526357;3,82781744;0,00000000
8,02536757;3,78429508;0,00000000
8,02547157;3,82781744;0,00000000
8,02557557;3,82781744;0,00000000
8,02567957;3,82781744;0,00000000
8,02578357;3,82781744;0,00000000
8,02588757;3,82781744;0,00000000
8,02599157;3,82781744;0,00000000
8,02609557;3,82781744;0,00000000
8,02619957;3,78429508;0,00000000
8,02630357;3,82781744;0,00000000
8,02640757;3,78429508;0,00000000
8,02651157;3,82781744;0,00000000
8,02661557;3,82781744;0,00000000
8,02671957;3,82781744;0,00000000
8,02682357;3,82781744;0,00000000
8,02692757;3,82781744;0,00000000
8,02703157;3,82781744;0,00000000
8,02713557;3,78429508;0,00000000
8,02723957;3,78429508;0,00000000
8,02734357;3,82781744;0,00000000
8,02744757;3,82781744;0,00000000
8,02755157;3,82781744;0,00000000
8,02765557;3,82781744;0,00000000
8,02775957;3,82781744;0,00000000
8,02786357;3,82781744;0,00000000
8,02796757;3,82781744;0,00000000
8,02807157;3,82781744;0,00000000
8,02817557;3,82781744;0,00000000
8,02827957;3,82781744;0,00000000
8,02838357;3,82781744;0,00000000
8,02848757;3,82781744;0,00000000
8,02859157;3,82781744;0,00000000
8,02869557;3,82781744;0,00000000
8,02879957;3,82781744;0,00000000
8,02890357;3,82781744;0,00000000
8,02900757;3,82781744;0,00000000
8,02911157;3,82781744;0,00000000
8,02921557;3,82781744;0,00000000
8,02931957;3,82781744;0,00000000
8,02942357;3,82781744;0,00000000
8,02952757;3,82781744;0,00000000
8,02963157;3,82781744;0,00000000
8,02973557;3,82781744;0,00000000
8,02983957;3,82781744;0,00000000
8,02994357;3,82781744;0,00000000
8,03004757;3,82781744;0,00000000
8,03015157;3,82781744;0,00000000
8,03025557;3,82781744;0,00000000
8,03035957;3,82781744;0,00000000
8,03046357;3,82781744;0,00000000
8,03056757;3,82781744;0,00000000
8,03067157;3,82781744;0,00000000
8,03077557;3,82781744;0,00000000
8,03087957;3,78429508;0,00000000
8,03098357;3,82781744;0,00000000
8,03108757;3,82781744;0,00000000
8,03119157;3,82781744;0,00000000
8,03129557;3,82781744;0,00000000
8,03139957;3,82781744;0,00000000
8,03150357;3,82781744;0,00000000
8,03160757;3,82781744;0,00000000
8,03171157;3,78429508;0,00000000
8,03181557;3,78429508;0,00000000
8,03191957;3,78429508;0,00000000
8,03202357;3,82781744;0,00000000
8,03212757;3,78429508;0,00000000
8,03223157;3,82781744;0,00000000
8,03233557;3,82781744;0,00000000
8,03243957;3,78429508;0,00000000
8,03254357;3,78429508;0,00000000
8,03264757;3,78429508;0,00000000
8,03275157;3,82781744;0,00000000
8,03285557;3,78429508;0,00000000
8,03295957;3,82781744;0,00000000
8,03306357;3,82781744;0,00000000
8,03316757;3,82781744;0,00000000
8,03327157;3,82781744;0,00000000
8,03337557;3,82781744;0,00000000
8,03347957;3,82781744;0,00000000
8,03358357;3,82781744;0,00000000
8,03368757;3,82781744;0,00000000
8,03379157;3,82781744;0,00000000
8,03389557;3,82781744;0,00000000
8,03399957;3,82781744;0,00000000
8,03410357;3,82781744;0,00000000
8,03420757;3,78429508;0,00000000
8,03431157;3,78429508;0,00000000
8,03441557;3,82781744;0,00000000
8,03451957;3,82781744;0,00000000
8,03462357;3,82781744;0,00000000
8,03472757;3,82781744;0,00000000
8,03483157;3,82781744;0,00000000
8,03493557;3,82781744;0,00000000
8,03503957;3,82781744;0,00000000
8,03514357;3,78429508;0,00000000
8,03524757;3,82781744;0,00000000
8,03535157;3,82781744;0,00000000
8,03545557;3,82781744;0,00000000
8,03555957;3,78429508;0,00000000
8,03566357;3,82781744;0,00000000
8,03576757;3,82781744;0,00000000
8,03587157;3,78429508;0,00000000
8,03597557;3,82781744;0,00000000
8,03607957;3,82781744;0,00000000
8,03618357;3,82781744;0,00000000
8,03628757;3,82781744;0,00000000
8,03639157;3,82781744;0,00000000
8,03649557;3,82781744;0,00000000
8,03659957;3,82781744;0,00000000
8,03670357;3,82781744;0,00000000
8,03680757;3,82781744;0,00000000
8,03691157;3,82781744;0,00000000
8,03701557;3,82781744;0,00000000
8,03711957;3,82781744;0,00000000
8,03722357;3,82781744;0,00000000
8,03732757;3,78429508;0,00000000
8,03743157;3,82781744;0,00000000
8,03753557;3,82781744;0,00000000
8,03763957;3,82781744;0,00000000
8,03774357;3,82781744;0,00000000
8,03784757;3,78429508;0,00000000
8,03795157;3,82781744;0,00000000
8,03805557;3,82781744;0,00000000
8,03815957;3,82781744;0,00000000
8,03826357;3,82781744;0,00000000
8,03836757;3,82781744;0,00000000
8,03847157;3,82781744;0,00000000
8,03857557;3,78429508;0,00000000
8,03867957;3,78429508;0,00000000
8,03878357;3,82781744;0,00000000
8,03888757;3,78429508;0,00000000
8,03899157;3,82781744;0,00000000
8,03909557;3,78429508;0,00000000
8,03919957;3,82781744;0,00000000
8,03930357;3,78429508;0,00000000
8,03940757;3,82781744;0,00000000
8,03951157;3,82781744;0,00000000
8,03961557;3,78429508;0,00000000
8,03971957;3,82781744;0,00000000
8,03982357;3,78429508;0,00000000
8,03992757;3,78429508;0,00000000
8,04003157;3,82781744;0,00000000
8,04013557;3,82781744;0,00000000
8,04023957;3,82781744;0,00000000
8,04034357;3,82781744;0,00000000
8,04044757;3,82781744;0,00000000
8,04055157;3,82781744;0,00000000
8,04065557;3,82781744;0,00000000
8,04075957;3,82781744;0,00000000
8,04086357;3,82781744;0,00000000
8,04096757;3,82781744;0,00000000
8,04107157;3,82781744;0,00000000
8,04117557;3,82781744;0,00000000
8,04127957;3,82781744;0,00000000
8,04138357;3,78429508;0,00000000
8,04148757;3,82781744;0,00000000
8,04159157;3,82781744;0,00000000
8,04169557;3,82781744;0,00000000
8,04179957;3,78429508;0,00000000
8,04190357;3,82781744;0,00000000
8,04200757;3,82781744;0,00000000
8,04211157;3,82781744;0,00000000
8,04221557;3,82781744;0,00000000
8,04231957;3,82781744;0,00000000
8,04242357;3,82781744;0,00000000
8,04252757;3,82781744;0,00000000
8,04263157;3,82781744;0,00000000
8,04273557;3,82781744;0,00000000
8,04283957;3,82781744;0,00000000
8,04294357;3,82781744;0,00000000
8,04304757;3,82781744;0,00000000
8,04315157;3,82781744;0,00000000
8,04325557;3,82781744;0,00000000
8,04335957;3,82781744;0,00000000
8,04346357;3,82781744;0,00000000
8,04356757;3,82781744;0,00000000
8,04367157;3,82781744;0,00000000
8,04377557;3,82781744;0,00000000
8,04387957;3,82781744;0,00000000
8,04398357;3,82781744;0,00000000
8,04408757;3,78429508;0,00000000
8,04419157;3,78429508;0,00000000
8,04429557;3,82781744;0,00000000
8,04439957;3,82781744;0,00000000
8,04450357;3,78429508;0,00000000
8,04460757;3,82781744;0,00000000
8,04471157;3,78429508;0,00000000
8,04481557;3,82781744;0,00000000
8,04491957;3,78429508;0,00000000
8,04502357;3,82781744;0,00000000
8,04512757;3,78429508;0,00000000
8,04523157;3,78429508;0,00000000
8,04533557;3,82781744;0,00000000
8,04543957;3,78429508;0,00000000
8,04554357;3,78429508;0,00000000
8,04564757;3,82781744;0,00000000
8,04575157;3,82781744;0,00000000
8,04585557;3,82781744;0,00000000
8,04595957;3,82781744;0,00000000
8,04606357;3,78429508;0,00000000
8,04616757;0,34787154;0,00000000
8,04627157;-0,21745817;0,00000000
8,04637557;0,00000000;0,00000000
8,04647957;0,04336860;0,00000000
8,04658357;-0,04336860;0,00000000
8,04668757;0,00000000;0,00000000
8,04679157;0,00000000;0,00000000
8,04689557;0,00000000;0,00000000
8,04699957;0,00000000;0,00000000
8,04710357;0,00000000;0,00000000
8,04720757;0,00000000;0,00000000
8,04731157;0,00000000;0,00000000
8,04741557;0,00000000;0,00000000
8,04751957;0,00000000;0,00000000
8,04762357;0,00000000;0,00000000
8,04772757;0,04336860;0,00000000
8,04783157;0,00000000;0,00000000
8,04793557;0,00000000;0,00000000
8,04803957;0,04336860;0,00000000
8,04814357;0,04336860;0,00000000
8,04824757;0,00000000;0,00000000
8,04835157;0,00000000;0,00000000
8,04845557;0,00000000;0,00000000
8,04855957;0,00000000;0,00000000
8,04866357;0,04336860;0,00000000
8,04876757;0,00000000;0,00000000
8,04887157;0,00000000;0,00000000
8,04897557;0,04336860;0,00000000
8,04907957;0,04336860;0,00000000
8,04918357;0,00000000;0,00000000
8,04928757;0,00000000;0,00000000
8,04939157;0,04336860;0,00000000
8,04949557;0,00000000;-0,01734744
8,04959957;0,04336860;0,00000000
8,04970357;0,04336860;0,00000000
8,04980757;0,04336860;0,00000000
8,04991157;0,00000000;0,00000000
8,05001557;0,00000000;0,00000000
8,05011957;0,00000000;0,00000000
8,05022357;0,04336860;0,00000000
8,05032757;0,00000000;0,00000000
8,05043157;0,00000000;0,00000000
8,05053557;0,00000000;0,00000000
8,05063957;0,04336860;0,00000000
8,05074357;0,04336860;0,00000000
8,05084757;0,04336860;0,00000000
8,05095157;0,00000000;0,00000000
8,05105557;0,04336860;0,00000000
8,05115957;0,00000000;0,00000000
8,05126357;0,04336860;0,00000000
8,05136757;0,00000000;0,00000000
8,05147157;0,00000000;0,00000000
8,05157557;0,04336860;0,00000000
8,05167957;0,00000000;0,00000000
8,05178357;0,00000000;0,00000000
8,05188757;0,04336860;0,00000000
8,05199157;0,00000000;0,00000000
8,05209557;0,04336860;0,00000000
8,05219957;0,00000000;0,00000000
8,05230357;0,00000000;0,00000000
8,05240757;0,04336860;0,00000000
8,05251157;0,04336860;0,00000000
8,05261557;0,04336860;0,00000000
8,05271957;0,04336860;0,00000000
8,05282357;0,04336860;0,00000000
8,05292757;0,04336860;0,00000000
8,05303157;0,00000000;0,00000000
8,05313557;0,04336860;-0,01734744
8,05323957;0,00000000;0,00000000
8,05334357;0,00000000;-0,01734744
8,05344757;0,00000000;0,00000000
8,05355157;0,04336860;0,00000000
8,05365557;0,04336860;0,00000000
8,05375957;0,00000000;0,00000000
8,05386357;0,00000000;0,00000000
8,05396757;0,04336860;0,00000000
8,05407157;0,00000000;0,00000000
8,05417557;0,04336860;0,00000000
8,05427957;0,00000000;0,00000000
8,05438357;0,00000000;0,00000000
8,05448757;0,00000000;0,00000000
8,05459157;0,04336860;0,00000000
8,05469557;0,04336860;0,00000000
8,05479957;0,00000000;0,00000000
8,05490357;0,00000000;0,00000000
8,05500757;0,04336860;0,00000000
8,05511157;0,00000000;0,00000000
8,05521557;0,00000000;0,00000000
8,05531957;0,04336860;0,00000000
8,05542357;0,00000000;0,00000000
8,05552757;0,00000000;0,00000000
8,05563157;0,04336860;0,00000000
8,05573557;0,04336860;0,00000000
8,05583957;0,00000000;0,00000000
8,05594357;0,04336860;0,00000000
8,05604757;0,00000000;0,00000000
8,05615157;0,00000000;0,00000000
8,05625557;0,04336860;0,00000000
8,05635957;0,00000000;0,00000000
8,05646357;0,04336860;0,00000000
8,05656757;0,00000000;-0,01734744
8,05667157;0,04336860;0,00000000
8,05677557;0,00000000;0,00000000
8,05687957;0,04336860;0,00000000
8,05698357;0,00000000;0,00000000
8,05708757;0,00000000;0,00000000
8,05719157;0,04336860;0,00000000
8,05729557;0,00000000;0,00000000
8,05739957;0,00000000;-0,01734744
8,05750357;0,00000000;0,00000000
8,05760757;0,04336860;0,00000000
8,05771157;0,00000000;0,00000000
8,05781557;0,04336860;0,00000000
8,05791957;0,04336860;0,00000000
8,05802357;0,00000000;0,00000000
8,05812757;0,04336860;0,00000000
8,05823157;0,00000000;0,00000000
8,05833557;0,00000000;0,00000000
8,05843957;0,00000000;0,00000000
8,05854357;0,00000000;0,00000000
8,05864757;0,00000000;0,00000000
8,05875157;0,04336860;0,00000000
8,05885557;0,00000000;0,00000000
8,05895957;0,00000000;0,00000000
8,05906357;0,00000000;0,00000000
8,05916757;0,00000000;0,00000000
8,05927157;0,00000000;0,00000000
8,05937557;0,04336860;0,00000000
8,05947957;0,00000000;0,00000000
8,05958357;0,00000000;0,00000000
8,05968757;0,00000000;0,00000000
8,05979157;0,04336860;0,00000000
8,05989557;0,00000000;0,00000000
8,05999957;0,04336860;0,00000000
8,06010357;0,00000000;0,00000000
8,06020757;0,00000000;0,00000000
8,06031157;0,00000000;0,00000000
8,06041557;0,04336860;0,00000000
8,06051957;0,00000000;0,00000000
8,06062357;0,00000000;0,00000000
8,06072757;0,00000000;0,00000000
8,06083157;0,00000000;0,00000000
8,06093557;0,00000000;0,00000000
8,06103957;0,00000000;0,00000000
8,06114357;0,00000000;0,00000000
8,06124757;0,04336860;0,00000000
8,06135157;0,04336860;0,00000000
8,06145557;0,00000000;0,00000000
8,06155957;0,00000000;0,00000000
8,06166357;0,04336860;0,00000000
8,06176757;0,00000000;0,00000000
8,06187157;0,04336860;-0,01734744
8,06197557;0,04336860;0,00000000
8,06207957;0,04336860;-0,01734744
8,06218357;0,00000000;0,00000000
8,06228757;0,00000000;0,00000000
8,06239157;0,00000000;0,00000000
8,06249557;0,00000000;0,00000000
8,06259957;0,00000000;0,00000000
8,06270357;0,04336860;0,00000000
8,06280757;0,00000000;0,00000000
8,06291157;0,00000000;0,00000000
8,06301557;0,04336860;0,00000000
8,06311957;0,00000000;0,00000000
8,06322357;0,00000000;0,00000000
8,06332757;0,00000000;0,00000000
8,06343157;0,04336860;0,00000000
8,06353557;0,00000000;0,00000000
8,06363957;0,00000000;0,00000000
8,06374357;0,00000000;0,00000000
8,06384757;0,00000000;-0,01734744
8,06395157;0,00000000;0,00000000
8,06405557;0,00000000;0,00000000
8,06415957;0,00000000;0,00000000
8,06426357;0,00000000;0,00000000
8,06436757;0,00000000;0,00000000
8,06447157;0,04336860;0,00000000
8,06457557;0,00000000;0,00000000
8,06467957;0,04336860;0,00000000
8,06478357;0,00000000;0,00000000
8,06488757;0,00000000;-0,01734744
8,06499157;0,04336860;0,00000000
8,06509557;0,04336860;0,00000000
8,06519957;0,00000000;0,00000000
8,06530357;0,00000000;0,00000000
8,06540757;0,00000000;0,00000000
8,06551157;0,00000000;0,00000000
8,06561557;0,00000000;0,00000000
8,06571957;0,00000000;0,00000000
8,06582357;0,00000000;0,00000000
8,06592757;0,00000000;0,00000000
8,06603157;0,04336860;0,00000000
8,06613557;0,04336860;0,00000000
8,06623957;0,00000000;0,00000000
8,06634357;0,00000000;0,00000000
8,06644757;0,04336860;0,00000000
8,06655157;0,04336860;0,00000000
8,06665557;0,00000000;0,00000000
8,06675957;0,00000000;0,00000000
8,06686357;0,00000000;0,00000000
8,06696757;0,00000000;0,00000000
8,06707157;0,04336860;0,00000000
8,06717557;0,00000000;0,00000000
8,06727957;0,04336860;0,00000000
8,06738357;0,00000000;0,00000000
8,06748757;0,00000000;0,00000000
8,06759157;0,00000000;0,00000000
8,06769557;0,00000000;0,00000000
8,06779957;0,00000000;0,00000000
8,06790357;0,04336860;0,00000000
8,06800757;0,00000000;0,00000000
8,06811157;0,04336860;0,00000000
8,06821557;0,04336860;0,00000000
8,06831957;0,00000000;0,00000000
8,06842357;0,00000000;-0,01734744
8,06852757;0,00000000;0,00000000
8,06863157;0,04336860;0,00000000
8,06873557;0,00000000;0,00000000
8,06883957;0,04336860;0,00000000
8,06894357;0,00000000;0,00000000
8,06904757;0,04336860;0,00000000
8,06915157;0,00000000;0,00000000
8,06925557;0,00000000;0,00000000
8,06935957;0,04336860;0,00000000
8,06946357;0,04336860;0,00000000
8,06956757;0,00000000;0,00000000
8,06967157;0,00000000;0,00000000
8,06977557;0,00000000;0,00000000
8,06987957;0,00000000;0,00000000
8,06998357;0,04336860;0,00000000
8,07008757;0,00000000;0,00000000
8,07019156;0,00000000;0,00000000
8,07029556;0,00000000;0,00000000
8,07039956;0,00000000;0,00000000
8,07050356;0,00000000;0,00000000
8,07060756;0,04336860;0,00000000
8,07071156;0,04336860;0,00000000
8,07081556;0,04336860;0,00000000
8,07091956;0,00000000;0,00000000
8,07102356;0,00000000;0,00000000
8,07112756;0,04336860;0,00000000
8,07123156;0,00000000;0,00000000
8,07133556;0,00000000;0,00000000
8,07143956;0,00000000;0,00000000
8,07154356;0,00000000;0,00000000
8,07164756;0,00000000;0,00000000
8,07175156;0,04336860;0,00000000
8,07185556;0,04336860;0,00000000
8,07195956;0,00000000;0,00000000
8,07206356;0,00000000;0,00000000
8,07216756;0,04336860;0,00000000
8,07227156;0,00000000;0,00000000
8,07237556;0,00000000;0,00000000
8,07247956;0,00000000;0,00000000
8,07258356;0,00000000;0,00000000
8,07268756;0,00000000;0,00000000
8,07279156;0,00000000;0,00000000
8,07289556;0,00000000;0,00000000
8,07299956;0,00000000;0,00000000
8,07310356;0,00000000;0,00000000
8,07320756;0,00000000;0,00000000
8,07331156;0,00000000;0,00000000
8,07341556;0,00000000;0,00000000
8,07351956;0,00000000;0,00000000
8,07362356;0,00000000;0,00000000
8,07372756;0,00000000;0,00000000
8,07383156;0,04336860;0,00000000
8,07393556;0,00000000;0,00000000
8,07403956;0,04336860;0,00000000
8,07414356;0,00000000;0,00000000
8,07424756;0,04336860;0,00000000
8,07435156;0,00000000;0,00000000
8,07445556;0,00000000;0,00000000
8,07455956;0,04336860;0,00000000
8,07466356;0,04336860;0,00000000
8,07476756;0,04336860;0,00000000
8,07487156;0,00000000;0,00000000
8,07497556;0,00000000;0,00000000
8,07507956;0,04336860;0,00000000
8,07518356;0,00000000;0,00000000
8,07528756;0,04336860;0,00000000
8,07539156;0,04336860;0,00000000
8,07549556;0,00000000;0,00000000
8,07559956;0,00000000;0,00000000
8,07570356;0,04336860;0,00000000
8,07580756;0,00000000;0,00000000
8,07591156;0,00000000;0,00000000
8,07601556;0,00000000;0,00000000
8,07611956;0,04336860;0,00000000
8,07622356;0,00000000;0,00000000
8,07632756;0,00000000;0,00000000
8,07643156;0,00000000;0,00000000
8,07653556;0,00000000;0,00000000
8,07663956;0,00000000;0,00000000
8,07674356;0,00000000;0,00000000
8,07684756;0,00000000;0,00000000
8,07695156;0,00000000;0,00000000
8,07705556;0,00000000;0,00000000
8,07715956;0,00000000;0,00000000
8,07726356;0,00000000;0,00000000
8,07736756;0,00000000;0,00000000
8,07747156;0,00000000;0,00000000
8,07757556;0,04336860;0,00000000
8,07767956;0,00000000;0,00000000
8,07778356;0,04336860;0,00000000
8,07788756;0,00000000;0,00000000
8,07799156;0,00000000;0,00000000
8,07809556;0,00000000;0,00000000
8,07819956;0,00000000;0,00000000
8,07830356;0,00000000;0,00000000
8,07840756;0,04336860;0,00000000
8,07851156;0,00000000;0,00000000
8,07861556;0,00000000;0,00000000
8,07871956;0,04336860;0,00000000
8,07882356;0,00000000;0,00000000
8,07892756;0,04336860;0,00000000
8,07903156;0,00000000;0,00000000
8,07913556;0,00000000;0,00000000
8,07923956;0,00000000;0,00000000
8,07934356;0,00000000;0,00000000
8,07944756;0,00000000;0,00000000
8,07955156;0,00000000;0,00000000
8,07965556;0,00000000;0,00000000
8,07975956;0,00000000;0,00000000
8,07986356;0,00000000;0,00000000
8,07996756;0,04336860;0,00000000
8,08007156;0,00000000;0,00000000
8,08017556;0,04336860;0,00000000
8,08027956;0,00000000;0,00000000
8,08038356;0,00000000;0,00000000
8,08048756;0,00000000;0,00000000
8,08059156;0,00000000;0,00000000
8,08069556;0,00000000;0,00000000
8,08079956;0,00000000;0,00000000
8,08090356;0,00000000;0,00000000
8,08100756;0,00000000;0,00000000
8,08111156;0,00000000;0,00000000
8,08121556;0,00000000;0,00000000
8,08131956;0,04336860;0,00000000
8,08142356;0,00000000;0,00000000
8,08152756;0,00000000;0,00000000
8,08163156;0,04336860;0,00000000
8,08173556;0,00000000;0,00000000
8,08183956;0,00000000;0,00000000
8,08194356;0,00000000;0,00000000
8,08204756;0,00000000;0,00000000
8,08215156;0,04336860;0,00000000
8,08225556;0,00000000;0,00000000
8,08235956;0,00000000;0,00000000
8,08246356;0,04336860;0,00000000
8,08256756;0,04336860;0,00000000
8,08267156;0,00000000;0,00000000
8,08277556;0,00000000;0,00000000
8,08287956;0,00000000;0,00000000
8,08298356;0,00000000;0,00000000
8,08308756;0,00000000;0,00000000
8,08319156;0,00000000;0,00000000
8,08329556;0,04336860;0,00000000
8,08339956;0,00000000;0,00000000
8,08350356;0,00000000;0,00000000
8,08360756;0,00000000;0,00000000
8,08371156;0,00000000;0,00000000
8,08381556;0,00000000;0,00000000
8,08391956;0,00000000;0,00000000
8,08402356;0,04336860;0,00000000
8,08412756;0,04336860;0,00000000
8,08423156;0,04336860;0,00000000
8,08433556;0,00000000;0,00000000
8,08443956;0,00000000;0,00000000
8,08454356;0,04336860;0,00000000
8,08464756;0,00000000;0,00000000
8,08475156;0,00000000;0,00000000
8,08485556;0,00000000;0,00000000
8,08495956;0,00000000;0,00000000
8,08506356;0,00000000;0,00000000
8,08516756;0,00000000;0,00000000
8,08527156;0,00000000;0,00000000
8,08537556;0,00000000;0,00000000
8,08547956;0,00000000;0,00000000
8,08558356;0,04336860;0,00000000
8,08568756;0,04336860;0,00000000
8,08579156;0,04336860;0,00000000
8,08589556;0,00000000;0,00000000
8,08599956;0,00000000;0,00000000
8,08610356;0,00000000;0,00000000
8,08620756;0,04336860;0,00000000
8,08631156;0,00000000;0,00000000
8,08641556;0,04336860;0,00000000
8,08651956;0,00000000;0,00000000
8,08662356;0,00000000;0,00000000
8,08672756;0,04336860;0,00000000
8,08683156;0,00000000;0,00000000
8,08693556;0,04336860;0,00000000
8,08703956;0,04336860;0,00000000
8,08714356;0,00000000;0,00000000
8,08724756;0,00000000;0,00000000
8,08735156;0,00000000;0,00000000
8,08745556;0,00000000;0,00000000
8,08755956;0,00000000;0,00000000
8,08766356;0,00000000;0,00000000
8,08776756;0,00000000;0,00000000
8,08787156;0,00000000;0,00000000
8,08797556;0,00000000;0,00000000
8,08807956;0,04336860;0,00000000
8,08818356;0,00000000;0,00000000
8,08828756;0,00000000;-0,01734744
8,08839156;0,00000000;-0,01734744
8,08849556;0,00000000;0,00000000
8,08859956;0,00000000;0,00000000
8,08870356;0,00000000;0,00000000
8,08880756;0,00000000;0,00000000
8,08891156;0,04336860;0,00000000
8,08901556;0,00000000;0,00000000
8,08911956;0,00000000;0,00000000
8,08922356;0,04336860;0,00000000
8,08932756;0,00000000;0,00000000
8,08943156;0,04336860;0,00000000
8,08953556;0,04336860;0,00000000
8,08963956;0,04336860;0,00000000
8,08974356;0,00000000;0,00000000
8,08984756;0,04336860;-0,01734744
8,08995156;0,04336860;0,00000000
8,09005556;0,00000000;0,00000000
8,09015956;0,00000000;0,00000000
8,09026356;0,00000000;0,00000000
8,09036756;0,04336860;0,00000000
8,09047156;0,00000000;-0,01734744
8,09057556;0,00000000;0,00000000
8,09067956;0,00000000;0,00000000
8,09078356;0,00000000;0,00000000
8,09088756;0,04336860;0,00000000
8,09099156;0,00000000;0,00000000
8,09109556;0,04336860;0,00000000
8,09119956;0,00000000;0,00000000
8,09130356;0,04336860;0,00000000
8,09140756;0,00000000;0,00000000
8,09151156;0,00000000;0,00000000
8,09161556;0,00000000;0,00000000
8,09171956;0,00000000;0,00000000
8,09182356;0,00000000;0,00000000
8,09192756;0,00000000;-0,01734744
8,09203156;0,00000000;0,00000000
8,09213556;0,00000000;0,00000000
8,09223956;0,00000000;0,00000000
8,09234356;0,00000000;0,00000000
8,09244756;0,00000000;-0,01734744
8,09255156;0,00000000;0,00000000
8,09265556;0,00000000;0,00000000
8,09275956;0,04336860;-0,01734744
8,09286356;0,00000000;0,00000000
8,09296756;0,00000000;0,00000000
8,09307156;0,00000000;0,00000000
8,09317556;0,00000000;0,00000000
8,09327956;0,00000000;0,00000000
8,09338356;0,00000000;0,00000000
8,09348756;0,00000000;0,00000000
8,09359156;0,00000000;0,00000000
8,09369556;0,00000000;0,00000000
8,09379956;0,04336860;0,00000000
8,09390356;0,00000000;0,00000000
8,09400756;0,04336860;0,00000000
8,09411156;0,00000000;0,00000000
8,09421556;0,00000000;0,00000000
8,09431956;0,00000000;0,00000000
8,09442356;0,00000000;0,00000000
8,09452756;0,00000000;0,00000000
8,09463156;0,00000000;0,00000000
8,09473556;0,00000000;0,00000000
8,09483956;0,00000000;0,00000000
8,09494356;0,00000000;0,00000000
8,09504756;0,04336860;0,00000000
8,09515156;0,00000000;0,00000000
8,09525556;0,04336860;0,00000000
8,09535956;0,04336860;0,00000000
8,09546356;0,00000000;0,00000000
8,09556756;0,04336860;0,00000000
8,09567156;0,00000000;0,00000000
8,09577556;0,04336860;0,00000000
8,09587956;0,00000000;0,00000000
8,09598356;0,04336860;0,00000000
8,09608756;0,00000000;-0,01734744
8,09619156;0,00000000;0,00000000
8,09629556;0,00000000;0,00000000
8,09639956;0,00000000;0,00000000
8,09650356;0,00000000;0,00000000
8,09660756;0,00000000;0,00000000
8,09671156;0,00000000;0,00000000
8,09681556;0,00000000;0,00000000
8,09691956;0,00000000;0,00000000
8,09702356;0,00000000;0,00000000
8,09712756;0,00000000;0,00000000
8,09723156;0,00000000;0,00000000
8,09733556;0,00000000;0,00000000
8,09743956;0,00000000;0,00000000
8,09754356;0,00000000;0,00000000
8,09764756;0,00000000;0,00000000
8,09775156;0,00000000;0,00000000
8,09785556;0,00000000;0,00000000
8,09795956;0,04336860;-0,01734744
8,09806356;0,04336860;0,00000000
8,09816756;0,00000000;0,00000000
8,09827156;0,04336860;0,00000000
8,09837556;0,00000000;0,00000000
8,09847956;0,00000000;0,00000000
8,09858356;0,04336860;0,00000000
8,09868756;0,04336860;-0,01734744
8,09879156;0,00000000;0,00000000
8,09889556;0,00000000;0,00000000
8,09899956;0,04336860;0,00000000
8,09910356;0,04336860;0,00000000
8,09920756;0,04336860;0,00000000
8,09931156;0,00000000;0,00000000
8,09941556;0,00000000;0,00000000
8,09951956;0,04336860;0,00000000
8,09962356;0,00000000;0,00000000
8,09972756;0,04336860;0,00000000
8,09983156;0,00000000;0,00000000
8,09993556;0,00000000;0,00000000
8,10003956;0,04336860;0,00000000
8,10014356;0,00000000;0,00000000
8,10024756;0,04336860;0,00000000
8,10035156;0,00000000;-0,01734744
8,10045556;0,00000000;0,00000000
8,10055956;0,00000000;-0,01734744
8,10066356;0,00000000;0,00000000
8,10076756;0,04336860;0,00000000
8,10087156;0,00000000;0,00000000
8,10097556;0,00000000;0,00000000
8,10107956;0,00000000;0,00000000
8,10118356;0,04336860;0,00000000
8,10128756;0,00000000;0,00000000
8,10139156;0,00000000;0,00000000
8,10149556;0,00000000;0,00000000
8,10159956;0,00000000;0,00000000
8,10170356;0,00000000;0,00000000
8,10180756;0,00000000;0,00000000
8,10191156;0,00000000;0,00000000
8,10201556;0,04336860;0,00000000
8,10211956;0,00000000;0,00000000
8,10222356;0,04336860;0,00000000
8,10232756;0,00000000;0,00000000
8,10243156;0,00000000;0,00000000
8,10253556;0,04336860;0,00000000
8,10263956;0,04336860;0,00000000
8,10274356;0,00000000;0,00000000
8,10284756;0,00000000;0,00000000
8,10295156;0,00000000;0,00000000
8,10305556;0,00000000;0,00000000
8,10315956;0,00000000;0,00000000
8,10326356;0,04336860;0,00000000
8,10336756;0,00000000;0,00000000
8,10347156;0,00000000;0,00000000
8,10357556;0,00000000;0,00000000
8,10367956;0,00000000;0,00000000
8,10378356;0,00000000;0,00000000
8,10388756;0,00000000;0,00000000
8,10399156;0,04336860;0,00000000
8,10409556;0,04336860;0,00000000
8,10419956;0,04336860;0,00000000
8,10430356;0,00000000;0,00000000
8,10440756;0,04336860;0,00000000
8,10451156;0,00000000;0,00000000
8,10461556;0,00000000;0,00000000
8,10471956;0,04336860;0,00000000
8,10482356;0,04336860;0,00000000
8,10492756;0,04336860;0,00000000
8,10503156;0,00000000;0,00000000
8,10513556;0,00000000;0,00000000
8,10523956;0,00000000;0,00000000
8,10534356;0,04336860;0,00000000
8,10544756;0,00000000;0,00000000
8,10555156;0,00000000;0,00000000
8,10565556;0,00000000;0,00000000
8,10575956;0,00000000;0,00000000
8,10586356;0,04336860;0,00000000
8,10596756;0,00000000;0,00000000
8,10607156;0,00000000;0,00000000
8,10617556;0,00000000;0,00000000
8,10627956;0,00000000;0,00000000
8,10638356;0,00000000;0,00000000
8,10648756;0,00000000;0,00000000
8,10659156;0,04336860;0,00000000
8,10669556;0,00000000;0,00000000
8,10679956;0,00000000;0,00000000
8,10690356;0,04336860;0,00000000
8,10700756;0,04336860;0,00000000
8,10711156;0,04336860;0,00000000
8,10721556;0,00000000;0,00000000
8,10731956;0,00000000;0,00000000
8,10742356;0,00000000;0,00000000
8,10752756;0,04336860;0,00000000
8,10763156;0,00000000;0,00000000
8,10773556;0,00000000;0,00000000
8,10783956;0,00000000;0,00000000
8,10794356;0,00000000;0,00000000
8,10804756;0,00000000;0,00000000
8,10815156;0,00000000;0,00000000
8,10825556;0,04336860;0,00000000
8,10835956;0,00000000;0,00000000
8,10846356;0,00000000;0,00000000
8,10856756;0,04336860;0,00000000
8,10867156;0,00000000;0,00000000
8,10877556;0,04336860;0,00000000
8,10887956;0,00000000;0,00000000
8,10898356;0,04336860;0,00000000
8,10908756;0,00000000;0,00000000
8,10919156;0,00000000;0,00000000
8,10929556;0,04336860;0,00000000
8,10939956;0,00000000;0,00000000
8,10950356;0,04336860;0,00000000
8,10960756;0,00000000;0,00000000
8,10971156;0,00000000;0,00000000
8,10981556;0,00000000;0,00000000
8,10991956;0,00000000;0,00000000
8,11002356;0,00000000;0,00000000
8,11012756;0,00000000;0,00000000
8,11023156;0,00000000;0,00000000
8,11033556;0,00000000;0,00000000
8,11043956;0,00000000;0,00000000
8,11054356;0,00000000;0,00000000
8,11064756;0,00000000;0,00000000
8,11075156;0,04336860;0,00000000
8,11085556;0,04336860;0,00000000
8,11095956;0,00000000;0,00000000
8,11106356;0,00000000;0,00000000
8,11116756;0,00000000;0,00000000
8,11127156;0,04336860;0,00000000
8,11137556;0,04336860;0,00000000
8,11147956;0,00000000;0,00000000
8,11158356;0,00000000;0,00000000
8,11168756;0,04336860;0,00000000
8,11179156;0,04336860;0,00000000
8,11189556;0,00000000;0,00000000
8,11199956;0,00000000;0,00000000
8,11210356;0,04336860;0,00000000
8,11220756;0,04336860;0,00000000
8,11231156;0,00000000;0,00000000
8,11241556;0,00000000;0,00000000
8,11251956;0,00000000;0,00000000
8,11262356;0,00000000;0,00000000
8,11272756;0,04336860;0,00000000
8,11283156;0,00000000;0,00000000
8,11293556;0,00000000;0,00000000
8,11303956;0,00000000;0,00000000
8,11314356;0,04336860;0,00000000
8,11324756;0,04336860;0,00000000
8,11335156;0,04336860;0,00000000
8,11345556;0,00000000;0,00000000
8,11355956;0,00000000;0,00000000
8,11366356;0,00000000;0,00000000
8,11376756;0,00000000;0,00000000
8,11387156;0,04336860;0,00000000
8,11397556;0,00000000;0,00000000
8,11407956;0,00000000;0,00000000
8,11418356;0,00000000;0,00000000
8,11428756;0,04336860;0,00000000
8,11439156;0,04336860;0,00000000
8,11449556;0,00000000;0,00000000
8,11459956;0,00000000;0,00000000
8,11470356;0,00000000;0,00000000
8,11480756;0,00000000;0,00000000
8,11491156;0,00000000;0,00000000
8,11501556;0,00000000;0,00000000
8,11511956;0,00000000;0,00000000
8,11522356;0,00000000;0,00000000
8,11532756;0,00000000;0,00000000
8,11543156;0,00000000;0,00000000
8,11553556;0,00000000;0,00000000
8,11563956;0,04336860;-0,01734744
8,11574356;0,00000000;0,00000000
8,11584756;0,00000000;0,00000000
8,11595156;0,00000000;0,00000000
8,11605556;0,00000000;0,00000000
8,11615956;0,00000000;0,00000000
8,11626356;0,00000000;0,00000000
8,11636756;0,00000000;0,00000000
8,11647156;0,00000000;-0,01734744
8,11657556;0,00000000;-0,01734744
8,11667956;0,00000000;0,00000000
8,11678356;0,04336860;0,00000000
8,11688756;0,00000000;0,00000000
8,11699156;0,00000000;0,00000000
8,11709556;0,04336860;0,00000000
8,11719956;0,00000000;0,00000000
8,11730356;0,04336860;0,00000000
8,11740756;0,00000000;0,00000000
8,11751156;0,00000000;0,00000000
8,11761556;0,04336860;0,00000000
8,11771956;0,00000000;0,00000000
8,11782356;0,00000000;0,00000000
8,11792756;0,00000000;-0,01734744
8,11803156;0,00000000;0,00000000
8,11813556;0,00000000;0,00000000
8,11823956;0,00000000;0,00000000
8,11834356;0,00000000;0,00000000
8,11844756;0,00000000;0,00000000
8,11855156;0,00000000;0,00000000
8,11865556;0,00000000;0,00000000
8,11875956;0,00000000;0,00000000
8,11886356;0,00000000;0,00000000
8,11896756;0,04336860;0,00000000
8,11907156;0,04336860;0,00000000
8,11917556;0,00000000;0,00000000
8,11927956;0,00000000;0,00000000
8,11938356;0,00000000;0,00000000
8,11948756;0,00000000;0,00000000
8,11959156;0,00000000;0,00000000
8,11969556;0,00000000;0,00000000
8,11979956;0,00000000;0,00000000
8,11990356;0,00000000;0,00000000
8,12000756;0,04336860;0,00000000
8,12011156;0,00000000;0,00000000
8,12021556;0,00000000;0,00000000
8,12031956;0,00000000;0,00000000
8,12042356;0,04336860;0,00000000
8,12052756;0,00000000;0,00000000
8,12063156;0,00000000;0,00000000
8,12073556;0,00000000;0,00000000
8,12083956;0,00000000;0,00000000
8,12094356;0,00000000;0,00000000
8,12104756;0,00000000;0,00000000
8,12115156;0,00000000;0,00000000
8,12125556;0,04336860;0,00000000
8,12135956;0,00000000;0,00000000
8,12146356;0,00000000;0,00000000
8,12156756;0,00000000;0,00000000
8,12167156;0,04336860;0,00000000
8,12177556;0,04336860;0,00000000
8,12187956;0,00000000;0,00000000
8,12198356;0,00000000;0,00000000
8,12208756;0,00000000;-0,01734744
8,12219156;0,04336860;0,00000000
8,12229556;0,00000000;0,00000000
8,12239956;0,00000000;0,00000000
8,12250356;0,04336860;0,00000000
8,12260756;0,00000000;0,00000000
8,12271156;0,00000000;0,00000000
8,12281556;0,04336860;0,00000000
8,12291956;0,00000000;0,00000000
8,12302356;0,00000000;0,00000000
8,12312756;0,00000000;0,00000000
8,12323156;0,00000000;0,00000000
8,12333556;0,04336860;0,00000000
8,12343956;0,04336860;0,00000000
8,12354356;0,00000000;0,00000000
8,12364756;0,04336860;0,00000000
8,12375156;0,04336860;0,00000000
8,12385556;0,00000000;0,00000000
8,12395956;0,00000000;0,00000000
8,12406356;0,00000000;0,00000000
8,12416756;0,04336860;0,00000000
8,12427156;0,04336860;0,00000000
8,12437556;0,00000000;0,00000000
8,12447956;0,00000000;0,00000000
8,12458356;0,00000000;0,00000000
8,12468756;0,00000000;0,00000000
8,12479156;0,04336860;0,00000000
8,12489556;0,00000000;0,00000000
8,12499956;0,04336860;0,00000000
8,12510356;0,00000000;0,00000000
8,12520756;0,00000000;0,00000000
8,12531156;0,00000000;0,00000000
8,12541556;0,00000000;0,00000000
8,12551956;0,00000000;0,00000000
8,12562356;0,04336860;0,00000000
8,12572756;0,04336860;0,00000000
8,12583156;0,00000000;0,00000000
8,12593556;0,00000000;0,00000000
8,12603956;0,00000000;0,00000000
8,12614356;0,00000000;0,00000000
8,12624756;0,00000000;0,00000000
8,12635156;0,00000000;0,00000000
8,12645556;0,00000000;0,00000000
8,12655956;0,00000000;0,00000000
8,12666356;0,04336860;0,00000000
8,12676756;0,04336860;0,00000000
8,12687156;0,00000000;0,00000000
8,12697556;0,00000000;0,00000000
8,12707956;0,00000000;0,00000000
8,12718356;0,04336860;0,00000000
8,12728756;0,00000000;0,00000000
8,12739156;0,00000000;0,00000000
8,12749556;0,00000000;0,00000000
8,12759956;0,00000000;0,00000000
8,12770356;0,00000000;0,00000000
8,12780756;0,00000000;0,00000000
8,12791156;0,04336860;-0,01734744
8,12801556;0,04336860;0,00000000
8,12811956;0,00000000;0,00000000
8,12822356;0,00000000;0,00000000
8,12832756;0,00000000;0,00000000
8,12843156;0,00000000;0,00000000
8,12853556;0,00000000;0,00000000
8,12863956;0,00000000;0,00000000
8,12874356;0,00000000;0,00000000
8,12884756;0,00000000;0,00000000
8,12895156;0,00000000;0,00000000
8,12905556;0,00000000;0,00000000
8,12915956;0,00000000;0,00000000
8,12926356;0,00000000;-0,01734744
8,12936756;0,00000000;0,00000000
8,12947156;0,00000000;0,00000000
8,12957556;0,00000000;0,00000000
8,12967956;0,00000000;0,00000000
8,12978356;0,00000000;0,00000000
8,12988756;0,00000000;0,00000000
8,12999156;0,00000000;0,00000000
8,13009556;0,00000000;0,00000000
8,13019956;0,04336860;0,00000000
8,13030356;0,04336860;0,00000000
8,13040756;0,00000000;0,00000000
8,13051156;0,00000000;0,00000000
8,13061556;0,04336860;0,00000000
8,13071956;0,04336860;0,00000000
8,13082356;0,00000000;0,00000000
8,13092756;0,00000000;-0,01734744
8,13103156;0,00000000;0,00000000
8,13113556;0,00000000;0,00000000
8,13123956;0,04336860;0,00000000
8,13134356;0,00000000;0,00000000
8,13144756;0,00000000;0,00000000
8,13155156;0,00000000;0,00000000
8,13165556;0,00000000;0,00000000
8,13175956;0,04336860;0,00000000
8,13186356;0,04336860;0,00000000
8,13196756;0,00000000;0,00000000
8,13207156;0,04336860;0,00000000
8,13217556;0,00000000;0,00000000
8,13227956;0,00000000;0,00000000
8,13238356;0,04336860;0,00000000
8,13248756;0,00000000;0,00000000
8,13259156;0,00000000;0,00000000
8,13269556;0,00000000;0,00000000
8,13279956;0,00000000;0,00000000
8,13290356;0,00000000;0,00000000
8,13300756;0,00000000;0,00000000
8,13311156;0,04336860;0,00000000
8,13321556;0,00000000;0,00000000
8,13331956;0,00000000;-0,01734744
8,13342356;0,04336860;0,00000000
8,13352756;0,00000000;-0,01734744
8,13363156;0,04336860;0,00000000
8,13373556;0,04336860;0,00000000
8,13383956;0,00000000;0,00000000
8,13394356;0,04336860;0,00000000
8,13404756;0,04336860;0,00000000
8,13415156;0,00000000;0,00000000
8,13425556;0,00000000;0,00000000
8,13435956;0,00000000;0,00000000
8,13446356;0,04336860;0,00000000
8,13456756;0,00000000;0,00000000
8,13467156;0,04336860;0,00000000
8,13477556;0,00000000;0,00000000
8,13487956;0,00000000;0,00000000
8,13498356;0,00000000;0,00000000
8,13508756;0,00000000;0,00000000
8,13519156;0,00000000;0,00000000
8,13529556;0,00000000;0,00000000
8,13539956;0,00000000;0,00000000
8,13550356;0,00000000;0,00000000
8,13560756;0,00000000;0,00000000
8,13571156;0,00000000;0,00000000
8,13581556;0,04336860;0,00000000
8,13591956;0,00000000;0,00000000
8,13602356;0,04336860;0,00000000
8,13612756;0,04336860;0,00000000
8,13623156;0,00000000;0,00000000
8,13633556;0,00000000;0,00000000
8,13643956;0,04336860;0,00000000
8,13654356;0,04336860;0,00000000
8,13664756;0,04336860;0,00000000
8,13675156;0,00000000;0,00000000
8,13685556;0,04336860;0,00000000
8,13695956;0,04336860;0,00000000
8,13706356;0,00000000;-0,01734744
8,13716756;0,00000000;0,00000000
8,13727156;0,00000000;0,00000000
8,13737556;0,04336860;0,00000000
8,13747956;0,04336860;0,00000000
8,13758356;0,00000000;0,00000000
8,13768756;0,00000000;0,00000000
8,13779156;0,00000000;0,00000000
8,13789556;0,04336860;0,00000000
8,13799956;0,00000000;0,00000000
8,13810356;0,04336860;0,00000000
8,13820756;0,00000000;0,00000000
8,13831156;0,04336860;0,00000000
8,13841556;0,04336860;0,00000000
8,13851956;0,04336860;0,00000000
8,13862356;0,00000000;0,00000000
8,13872756;0,00000000;0,00000000
8,13883156;0,00000000;0,00000000
8,13893556;0,00000000;0,00000000
8,13903956;0,00000000;0,00000000
8,13914356;0,00000000;-0,01734744
8,13924756;0,00000000;0,00000000
8,13935156;0,00000000;0,00000000
8,13945556;0,00000000;0,00000000
8,13955956;0,00000000;0,00000000
8,13966356;0,00000000;0,00000000
8,13976756;0,00000000;0,00000000
8,13987156;0,04336860;0,00000000
8,13997556;0,04336860;0,00000000
8,14007956;0,04336860;0,00000000
8,14018356;0,00000000;0,00000000
8,14028756;0,00000000;0,00000000
8,14039156;0,04336860;0,00000000
8,14049556;0,04336860;0,00000000
8,14059956;0,00000000;0,00000000
8,14070356;0,00000000;0,00000000
8,14080756;0,04336860;0,00000000
8,14091156;0,00000000;0,00000000
8,14101556;0,00000000;0,00000000
8,14111956;0,04336860;0,00000000
8,14122356;0,00000000;0,00000000
8,14132756;0,00000000;0,00000000
8,14143156;0,00000000;0,00000000
8,14153556;0,00000000;0,00000000
8,14163956;0,00000000;0,00000000
8,14174356;0,00000000;0,00000000
8,14184756;0,00000000;0,00000000
8,14195156;0,00000000;0,00000000
8,14205556;0,00000000;0,00000000
8,14215956;0,04336860;0,00000000
8,14226356;0,00000000;0,00000000
8,14236756;0,00000000;0,00000000
8,14247156;0,00000000;0,00000000
8,14257556;0,00000000;0,00000000
8,14267956;0,04336860;0,00000000
8,14278356;0,04336860;0,00000000
8,14288756;0,00000000;0,00000000
8,14299156;0,00000000;0,00000000
8,14309556;0,04336860;0,00000000
8,14319956;0,00000000;0,00000000
8,14330356;0,00000000;0,00000000
8,14340756;0,00000000;0,00000000
8,14351156;0,00000000;0,00000000
8,14361556;0,00000000;0,00000000
8,14371956;0,00000000;0,00000000
8,14382356;0,00000000;0,00000000
8,14392756;0,00000000;0,00000000
8,14403156;0,00000000;0,00000000
8,14413556;0,00000000;0,00000000
8,14423956;0,00000000;0,00000000
8,14434356;0,00000000;0,00000000
8,14444756;0,00000000;0,00000000
8,14455156;0,00000000;0,00000000
8,14465556;0,04336860;0,00000000
8,14475956;0,00000000;0,00000000
8,14486356;0,04336860;0,00000000
8,14496756;0,00000000;0,00000000
8,14507156;0,00000000;0,00000000
8,14517556;0,00000000;0,00000000
8,14527956;0,00000000;0,00000000
8,14538356;0,00000000;0,00000000
8,14548756;0,00000000;0,00000000
8,14559156;0,00000000;0,00000000
8,14569556;0,00000000;0,00000000
8,14579956;0,04336860;0,00000000
8,14590356;0,04336860;0,00000000
8,14600756;0,04336860;0,00000000
8,14611156;0,00000000;0,00000000
8,14621556;0,00000000;0,00000000
8,14631956;0,04336860;0,00000000
8,14642356;0,00000000;0,00000000
8,14652756;0,00000000;0,00000000
8,14663156;0,00000000;0,00000000
8,14673556;0,00000000;0,00000000
8,14683956;0,00000000;0,00000000
8,14694356;0,00000000;0,00000000
8,14704756;0,00000000;0,00000000
8,14715156;0,04336860;0,00000000
8,14725556;0,00000000;0,00000000
8,14735956;0,00000000;0,00000000
8,14746356;0,00000000;0,00000000
8,14756756;0,00000000;0,00000000
8,14767156;0,00000000;0,00000000
8,14777556;0,04336860;0,00000000
8,14787956;0,00000000;0,00000000
8,14798356;0,00000000;0,00000000
8,14808756;0,00000000;0,00000000
8,14819156;0,00000000;0,00000000
8,14829556;0,04336860;0,00000000
8,14839956;0,00000000;0,00000000
8,14850356;0,00000000;0,00000000
8,14860756;0,00000000;0,00000000
8,14871156;0,00000000;0,00000000
8,14881556;0,00000000;0,00000000
8,14891956;0,04336860;0,00000000
8,14902356;0,00000000;0,00000000
8,14912756;0,00000000;0,00000000
8,14923156;0,00000000;0,00000000
8,14933556;0,00000000;0,00000000
8,14943956;0,00000000;0,00000000
8,14954356;0,00000000;0,00000000
8,14964756;0,00000000;-0,01734744
8,14975156;0,00000000;0,00000000
8,14985556;0,00000000;0,00000000
8,14995956;0,04336860;0,00000000
8,15006356;0,00000000;0,00000000
8,15016756;0,00000000;0,00000000
8,15027156;0,04336860;0,00000000
8,15037556;0,04336860;0,00000000
8,15047956;0,00000000;0,00000000
8,15058356;0,00000000;0,00000000
8,15068756;0,00000000;0,00000000
8,15079156;0,00000000;0,00000000
8,15089556;0,00000000;0,00000000
8,15099956;0,00000000;0,00000000
8,15110356;0,00000000;0,00000000
8,15120756;0,00000000;0,00000000
8,15131156;0,00000000;0,00000000
8,15141556;0,00000000;0,00000000
8,15151956;0,00000000;0,00000000
8,15162356;0,00000000;0,00000000
8,15172756;0,00000000;0,00000000
8,15183156;0,00000000;0,00000000
8,15193556;0,04336860;0,00000000
8,15203956;0,00000000;0,00000000
8,15214356;0,04336860;0,00000000
8,15224756;0,00000000;0,00000000
8,15235156;0,00000000;0,00000000
8,15245556;0,00000000;0,00000000
8,15255956;0,04336860;0,00000000
8,15266356;0,00000000;0,00000000
8,15276756;0,04336860;0,00000000
8,15287156;0,00000000;0,00000000
8,15297556;0,00000000;0,00000000
8,15307956;0,00000000;0,00000000
8,15318356;0,00000000;0,00000000
8,15328756;0,00000000;0,00000000
8,15339156;0,00000000;0,00000000
8,15349556;0,00000000;0,00000000
8,15359956;0,00000000;0,00000000
8,15370356;0,00000000;-0,01734744
8,15380756;0,00000000;0,00000000
8,15391156;0,04336860;0,00000000
8,15401556;0,00000000;0,00000000
8,15411956;0,00000000;0,00000000
8,15422356;0,00000000;0,00000000
8,15432756;0,00000000;0,00000000
8,15443156;0,00000000;0,00000000
8,15453556;0,00000000;0,00000000
8,15463956;0,04336860;0,00000000
8,15474356;0,04336860;0,00000000
8,15484756;0,00000000;0,00000000
8,15495156;0,04336860;0,00000000
8,15505556;0,00000000;-0,01734744
8,15515956;0,00000000;0,00000000
8,15526356;0,00000000;0,00000000
8,15536756;0,00000000;0,00000000
8,15547156;0,00000000;0,00000000
8,15557556;0,00000000;0,00000000
8,15567956;0,00000000;0,00000000
8,15578356;0,04336860;0,00000000
8,15588756;0,00000000;0,00000000
8,15599156;0,00000000;0,00000000
8,15609556;0,00000000;0,00000000
8,15619956;0,04336860;0,00000000
8,15630356;0,04336860;0,00000000
8,15640756;0,00000000;0,00000000
8,15651156;0,00000000;0,00000000
8,15661556;0,00000000;0,00000000
8,15671956;0,00000000;0,00000000
8,15682356;0,00000000;0,00000000
8,15692756;0,00000000;0,00000000
8,15703156;0,00000000;0,00000000
8,15713556;0,00000000;0,00000000
8,15723956;0,00000000;0,00000000
8,15734356;0,04336860;0,00000000
8,15744756;0,00000000;0,00000000
8,15755156;0,00000000;0,00000000
8,15765556;0,00000000;0,00000000
8,15775956;0,04336860;0,00000000
8,15786356;0,00000000;0,00000000
8,15796756;0,00000000;0,00000000
8,15807156;0,00000000;0,00000000
8,15817556;0,00000000;0,00000000
8,15827956;0,00000000;0,00000000
8,15838356;0,00000000;0,00000000
8,15848756;0,04336860;0,00000000
8,15859156;0,00000000;-0,01734744
8,15869556;0,00000000;0,00000000
8,15879956;0,00000000;0,00000000
8,15890356;0,04336860;0,00000000
8,15900756;0,00000000;0,00000000
8,15911156;0,00000000;0,00000000
8,15921556;0,00000000;0,00000000
8,15931956;0,00000000;0,00000000
8,15942356;0,00000000;0,00000000
8,15952756;0,04336860;0,00000000
8,15963156;0,04336860;0,00000000
8,15973556;0,04336860;0,00000000
8,15983956;0,04336860;0,00000000
8,15994356;0,00000000;0,00000000
8,16004756;0,00000000;0,00000000
8,16015156;0,00000000;0,00000000
8,16025556;0,04336860;0,00000000
8,16035956;0,00000000;0,00000000
8,16046356;0,00000000;0,00000000
8,16056756;0,00000000;0,00000000
8,16067156;0,00000000;0,00000000
8,16077556;0,00000000;0,00000000
8,16087956;0,00000000;0,00000000
8,16098356;0,04336860;0,00000000
8,16108756;0,04336860;0,00000000
8,16119156;0,00000000;0,00000000
8,16129556;0,00000000;0,00000000
8,16139956;0,04336860;0,00000000
8,16150356;0,00000000;0,00000000
8,16160756;0,00000000;0,00000000
8,16171156;0,00000000;0,00000000
8,16181556;0,00000000;0,00000000
8,16191956;0,00000000;0,00000000
8,16202356;0,00000000;-0,01734744
8,16212756;0,04336860;0,00000000
8,16223156;0,00000000;0,00000000
8,16233556;0,04336860;0,00000000
8,16243956;0,00000000;0,00000000
8,16254356;0,00000000;0,00000000
8,16264756;0,04336860;0,00000000
8,16275156;0,00000000;0,00000000
8,16285556;0,00000000;0,00000000
8,16295956;0,00000000;0,00000000
8,16306356;0,00000000;0,00000000
8,16316756;0,00000000;0,00000000
8,16327156;0,00000000;0,00000000
8,16337556;0,00000000;0,00000000
8,16347956;0,00000000;0,00000000
8,16358356;0,04336860;0,00000000
8,16368756;0,00000000;0,00000000
8,16379156;0,04336860;0,00000000
8,16389556;0,00000000;0,00000000
8,16399956;0,00000000;0,00000000
8,16410356;0,00000000;0,00000000
8,16420756;0,00000000;0,00000000
8,16431156;0,04336860;0,00000000
8,16441556;0,00000000;0,00000000
8,16451956;0,00000000;0,00000000
8,16462356;0,00000000;0,00000000
8,16472756;0,00000000;0,00000000
8,16483156;0,00000000;0,00000000
8,16493556;0,00000000;0,00000000
8,16503956;0,00000000;0,00000000
8,16514356;0,00000000;0,00000000
8,16524756;0,00000000;0,00000000
8,16535156;0,00000000;0,00000000
8,16545556;0,04336860;0,00000000
8,16555956;0,00000000;0,00000000
8,16566356;0,04336860;0,00000000
8,16576756;0,00000000;0,00000000
8,16587156;0,00000000;0,00000000
8,16597556;0,04336860;0,00000000
8,16607956;0,00000000;0,00000000
8,16618356;0,00000000;0,00000000
8,16628756;0,00000000;0,00000000
8,16639156;0,04336860;0,00000000
8,16649556;0,00000000;0,00000000
8,16659956;0,00000000;0,00000000
8,16670356;0,00000000;0,00000000
8,16680756;0,00000000;0,00000000
8,16691156;0,04336860;0,00000000
8,16701556;0,04336860;0,00000000
8,16711956;0,00000000;0,00000000
8,16722356;0,00000000;0,00000000
8,16732756;0,00000000;0,00000000
8,16743156;0,04336860;0,00000000
8,16753556;0,00000000;0,00000000
8,16763956;0,00000000;0,00000000
8,16774356;0,00000000;0,00000000
8,16784756;0,04336860;0,00000000
8,16795156;0,04336860;0,00000000
8,16805556;0,00000000;0,00000000
8,16815956;0,00000000;0,00000000
8,16826356;0,04336860;0,00000000
8,16836756;0,00000000;0,00000000
8,16847156;0,00000000;0,00000000
8,16857556;0,00000000;0,00000000
8,16867956;0,00000000;0,00000000
8,16878356;0,04336860;0,00000000
8,16888756;0,00000000;0,00000000
8,16899156;0,00000000;0,00000000
8,16909556;0,00000000;0,00000000
8,16919956;0,00000000;0,00000000
8,16930356;0,00000000;0,00000000
8,16940756;0,04336860;0,00000000
8,16951156;0,00000000;0,00000000
8,16961556;0,00000000;-0,01734744
8,16971956;0,00000000;0,00000000
8,16982356;0,00000000;0,00000000
8,16992756;0,04336860;0,00000000
8,17003156;0,00000000;0,00000000
8,17013556;0,04336860;0,00000000
8,17023956;0,00000000;0,00000000
8,17034356;0,00000000;0,00000000
8,17044756;0,04336860;0,00000000
8,17055156;0,00000000;0,00000000
8,17065556;0,00000000;0,00000000
8,17075956;0,00000000;0,00000000
8,17086356;0,00000000;0,00000000
8,17096756;0,04336860;0,00000000
8,17107156;0,00000000;0,00000000
8,17117556;0,00000000;0,00000000
8,17127956;0,00000000;0,00000000
8,17138356;0,00000000;0,00000000
8,17148756;0,00000000;0,00000000
8,17159156;0,00000000;0,00000000
8,17169556;0,04336860;0,00000000
8,17179956;0,04336860;0,00000000
8,17190356;0,00000000;0,00000000
8,17200756;0,00000000;0,00000000
8,17211156;0,00000000;-0,01734744
8,17221556;0,00000000;0,00000000
8,17231956;0,04336860;0,00000000
8,17242356;0,04336860;0,00000000
8,17252756;0,00000000;0,00000000
8,17263156;0,00000000;0,00000000
8,17273556;0,00000000;0,00000000
8,17283956;0,00000000;0,00000000
8,17294356;0,04336860;0,00000000
8,17304756;0,04336860;0,00000000
8,17315156;0,00000000;0,00000000
8,17325556;0,00000000;0,00000000
8,17335956;0,00000000;0,00000000
8,17346356;0,00000000;0,00000000
8,17356756;0,00000000;0,00000000
8,17367156;0,00000000;0,00000000
8,17377556;0,04336860;0,00000000
8,17387956;0,00000000;0,00000000
8,17398356;0,00000000;0,00000000
8,17408756;0,04336860;0,00000000
8,17419156;0,00000000;0,00000000
8,17429556;0,00000000;0,00000000
8,17439956;0,04336860;0,00000000
8,17450356;0,04336860;0,00000000
8,17460756;0,04336860;0,00000000
8,17471156;0,00000000;0,00000000
8,17481556;0,00000000;0,00000000
8,17491956;0,00000000;0,00000000
8,17502356;0,00000000;0,00000000
8,17512756;0,00000000;0,00000000
8,17523156;0,00000000;0,00000000
8,17533556;0,00000000;0,00000000
8,17543956;0,00000000;0,00000000
8,17554356;0,04336860;0,00000000
8,17564756;0,04336860;0,00000000
8,17575156;0,00000000;0,00000000
8,17585556;0,00000000;0,00000000
8,17595956;0,00000000;0,00000000
8,17606356;0,00000000;0,00000000
8,17616756;0,00000000;0,00000000
8,17627156;0,00000000;0,00000000
8,17637556;0,00000000;0,00000000
8,17647956;0,00000000;0,00000000
8,17658356;0,04336860;0,00000000
8,17668756;0,00000000;0,00000000
8,17679156;0,00000000;0,00000000
8,17689556;0,04336860;0,00000000
8,17699956;0,00000000;0,00000000
8,17710356;0,00000000;0,00000000
8,17720756;0,00000000;0,00000000
8,17731156;0,00000000;0,00000000
8,17741556;0,00000000;0,00000000
8,17751956;0,04336860;0,00000000
8,17762356;0,00000000;0,00000000
8,17772756;0,00000000;0,00000000
8,17783156;0,00000000;0,00000000
8,17793556;0,00000000;0,00000000
8,17803956;0,00000000;0,00000000
8,17814356;0,00000000;0,00000000
8,17824756;0,00000000;0,00000000
8,17835156;0,00000000;0,00000000
8,17845556;0,00000000;0,00000000
8,17855956;0,00000000;0,00000000
8,17866356;0,00000000;0,00000000
8,17876756;0,00000000;0,00000000
8,17887156;0,00000000;0,00000000
8,17897556;0,04336860;0,00000000
8,17907956;0,00000000;0,00000000
8,17918356;0,00000000;0,00000000
8,17928756;0,00000000;0,00000000
8,17939156;0,00000000;0,00000000
8,17949556;0,00000000;0,00000000
8,17959956;0,00000000;0,00000000
8,17970356;0,00000000;0,00000000
8,17980756;0,00000000;0,00000000
8,17991156;0,00000000;0,00000000
8,18001556;0,00000000;0,00000000
8,18011956;0,00000000;0,00000000
8,18022356;0,00000000;0,00000000
8,18032756;0,00000000;0,00000000
8,18043156;0,00000000;0,00000000
8,18053556;0,00000000;0,00000000
8,18063956;0,00000000;0,00000000
8,18074356;0,00000000;0,00000000
8,18084756;0,00000000;0,00000000
8,18095156;0,00000000;0,00000000
8,18105556;0,00000000;0,00000000
8,18115956;0,00000000;0,00000000
8,18126356;0,00000000;0,00000000
8,18136756;0,00000000;0,00000000
8,18147156;0,04336860;0,00000000
8,18157556;0,00000000;0,00000000
8,18167956;0,00000000;0,00000000
8,18178356;0,00000000;0,00000000
8,18188756;0,00000000;0,00000000
8,18199156;0,00000000;0,00000000
8,18209556;0,04336860;0,00000000
8,18219956;0,00000000;0,00000000
8,18230356;0,00000000;0,00000000
8,18240756;0,00000000;0,00000000
8,18251156;0,00000000;0,00000000
8,18261556;0,00000000;0,00000000
8,18271956;0,00000000;0,00000000
8,18282356;0,00000000;0,00000000
8,18292756;0,00000000;0,00000000
8,18303156;0,04336860;0,00000000
8,18313556;0,04336860;0,00000000
8,18323956;0,04336860;0,00000000
8,18334356;0,04336860;0,00000000
8,18344756;0,00000000;0,00000000
8,18355156;0,00000000;0,00000000
8,18365556;0,00000000;0,00000000
8,18375956;0,04336860;0,00000000
8,18386356;0,04336860;0,00000000
8,18396756;0,00000000;0,00000000
8,18407156;0,00000000;0,00000000
8,18417556;0,00000000;0,00000000
8,18427956;0,00000000;0,00000000
8,18438356;0,00000000;0,00000000
8,18448756;0,00000000;0,00000000
8,18459156;0,00000000;0,00000000
8,18469556;0,04336860;0,00000000
8,18479956;0,00000000;0,00000000
8,18490356;0,00000000;0,00000000
8,18500756;0,00000000;0,00000000
8,18511156;0,00000000;0,00000000
8,18521556;0,00000000;0,00000000
8,18531956;0,00000000;0,00000000
8,18542356;0,00000000;0,00000000
8,18552756;0,00000000;0,00000000
8,18563156;0,04336860;0,00000000
8,18573556;0,00000000;0,00000000
8,18583956;0,00000000;0,00000000
8,18594356;0,00000000;0,00000000
8,18604756;0,04336860;0,00000000
8,18615156;0,04336860;0,00000000
8,18625556;0,00000000;0,00000000
8,18635956;0,00000000;0,00000000
8,18646356;0,00000000;0,00000000
8,18656756;0,00000000;0,00000000
8,18667156;0,00000000;0,00000000
8,18677556;0,04336860;0,00000000
8,18687956;0,00000000;0,00000000
8,18698356;0,00000000;0,00000000
8,18708756;0,00000000;0,00000000
8,18719156;0,04336860;0,00000000
8,18729556;0,04336860;0,00000000
8,18739956;0,00000000;0,00000000
8,18750356;0,00000000;0,00000000
8,18760756;0,00000000;0,00000000
8,18771156;0,00000000;0,00000000
8,18781556;0,00000000;0,00000000
8,18791956;0,04336860;0,00000000
8,18802356;0,00000000;0,00000000
8,18812756;0,04336860;0,00000000
8,18823156;0,00000000;0,00000000
8,18833556;0,00000000;0,00000000
8,18843956;0,00000000;0,00000000
8,18854356;0,00000000;0,00000000
8,18864756;0,04336860;0,00000000
8,18875156;0,04336860;0,00000000
8,18885556;0,04336860;0,00000000
8,18895956;0,04336860;0,00000000
8,18906356;0,00000000;0,00000000
8,18916756;0,00000000;0,00000000
8,18927156;0,00000000;0,00000000
8,18937556;0,00000000;0,00000000
8,18947956;0,04336860;0,00000000
8,18958356;0,00000000;0,00000000
8,18968756;0,00000000;0,00000000
8,18979156;0,00000000;0,00000000
8,18989556;0,04336860;-0,01734744
8,18999956;0,04336860;0,00000000
8,19010356;0,00000000;-0,01734744
8,19020756;0,00000000;0,00000000
8,19031156;0,00000000;0,00000000
8,19041556;0,04336860;0,00000000
8,19051956;0,00000000;0,00000000
8,19062356;0,00000000;0,00000000
8,19072756;0,04336860;0,00000000
8,19083156;0,00000000;0,00000000
8,19093556;0,00000000;0,00000000
8,19103956;0,04336860;0,00000000
8,19114356;0,00000000;0,00000000
8,19124756;0,00000000;0,00000000
8,19135156;0,00000000;0,00000000
8,19145556;0,04336860;0,00000000
8,19155956;0,00000000;0,00000000
8,19166356;0,00000000;0,00000000
8,19176756;0,00000000;0,00000000
8,19187156;0,00000000;0,00000000
8,19197556;0,00000000;0,00000000
8,19207956;0,00000000;0,00000000
8,19218356;0,00000000;0,00000000
8,19228756;0,00000000;0,00000000
8,19239156;0,00000000;0,00000000
8,19249556;0,00000000;0,00000000
8,19259956;0,00000000;0,00000000
8,19270356;0,04336860;0,00000000
8,19280756;0,00000000;0,00000000
8,19291156;0,00000000;0,00000000
8,19301556;0,00000000;0,00000000
8,19311956;0,00000000;0,00000000
8,19322356;0,00000000;0,00000000
8,19332756;0,00000000;0,00000000
8,19343156;0,00000000;0,00000000
8,19353556;0,00000000;0,00000000
8,19363956;0,00000000;0,00000000
8,19374356;0,00000000;0,00000000
8,19384756;0,00000000;0,00000000
8,19395156;0,04336860;0,00000000
8,19405556;0,04336860;0,00000000
8,19415956;0,04336860;0,00000000
8,19426356;0,04336860;0,00000000
8,19436756;0,00000000;0,00000000
8,19447156;0,04336860;0,00000000
8,19457556;0,00000000;0,00000000
8,19467956;0,04336860;0,00000000
8,19478356;0,00000000;0,00000000
8,19488756;0,00000000;0,00000000
8,19499156;0,00000000;0,00000000
8,19509556;0,00000000;0,00000000
8,19519956;0,00000000;0,00000000
8,19530356;0,00000000;0,00000000
8,19540756;0,04336860;0,00000000
8,19551156;0,00000000;0,00000000
8,19561556;0,00000000;0,00000000
8,19571956;0,00000000;0,00000000
8,19582356;0,00000000;0,00000000
8,19592756;0,04336860;0,00000000
8,19603156;0,00000000;0,00000000
8,19613556;0,04336860;0,00000000
8,19623956;0,00000000;0,00000000
8,19634356;0,04336860;0,00000000
8,19644756;0,00000000;0,00000000
8,19655156;0,04336860;0,00000000
8,19665556;0,00000000;0,00000000
8,19675956;0,00000000;0,00000000
8,19686356;0,00000000;0,00000000
8,19696756;0,04336860;0,00000000
8,19707156;0,00000000;0,00000000
8,19717556;0,00000000;0,00000000
8,19727956;0,00000000;0,00000000
8,19738356;0,00000000;0,00000000
8,19748756;0,00000000;0,00000000
8,19759156;0,00000000;0,00000000
8,19769556;0,00000000;0,00000000
8,19779956;0,00000000;0,00000000
8,19790356;0,00000000;0,00000000
8,19800756;0,00000000;0,00000000
8,19811156;0,04336860;0,00000000
8,19821556;0,00000000;0,00000000
8,19831956;0,04336860;0,00000000
8,19842356;0,00000000;0,00000000
8,19852756;0,00000000;0,00000000
8,19863156;0,00000000;0,00000000
8,19873556;0,04336860;0,00000000
8,19883956;0,00000000;0,00000000
8,19894356;0,04336860;0,00000000
8,19904756;0,00000000;0,00000000
8,19915156;0,04336860;0,00000000
8,19925556;0,04336860;0,00000000
8,19935956;0,00000000;0,00000000
8,19946356;0,00000000;-0,01734744
8,19956756;0,00000000;0,00000000
8,19967156;0,00000000;0,00000000
8,19977556;0,00000000;0,00000000
8,19987956;0,00000000;-0,01734744
8,19998356;0,00000000;0,00000000
8,20008756;0,00000000;0,00000000
8,20019156;0,04336860;0,00000000
8,20029556;0,00000000;0,00000000
8,20039956;0,00000000;0,00000000
8,20050356;0,00000000;0,00000000
8,20060756;0,00000000;0,00000000
8,20071156;0,00000000;0,00000000
8,20081556;0,04336860;0,00000000
8,20091956;0,00000000;0,00000000
8,20102356;0,00000000;0,00000000
8,20112756;0,04336860;0,00000000
8,20123156;0,04336860;0,00000000
8,20133556;0,00000000;0,00000000
8,20143956;0,04336860;0,00000000
8,20154356;0,00000000;0,00000000
8,20164756;0,00000000;0,00000000
8,20175156;0,04336860;0,00000000
8,20185556;0,00000000;0,00000000
8,20195956;0,00000000;0,00000000
8,20206356;0,04336860;0,00000000
8,20216756;0,00000000;0,00000000
8,20227156;0,00000000;0,00000000
8,20237556;0,00000000;0,00000000
8,20247956;0,00000000;0,00000000
8,20258356;0,04336860;0,00000000
8,20268756;0,00000000;0,00000000
8,20279156;0,00000000;0,00000000
8,20289556;0,00000000;0,00000000
8,20299956;0,00000000;0,00000000
8,20310356;0,00000000;0,00000000
8,20320756;0,04336860;0,00000000
8,20331156;0,00000000;0,00000000
8,20341556;0,04336860;0,00000000
8,20351956;0,04336860;0,00000000
8,20362356;0,04336860;0,00000000
8,20372756;0,00000000;0,00000000
8,20383156;0,00000000;0,00000000
8,20393556;0,04336860;0,00000000
8,20403956;0,00000000;0,00000000
8,20414356;0,00000000;0,00000000
8,20424756;0,00000000;0,00000000
8,20435156;0,04336860;0,00000000
8,20445556;0,00000000;0,00000000
8,20455956;0,04336860;0,00000000
8,20466356;0,00000000;0,00000000
8,20476756;0,00000000;0,00000000
8,20487156;0,00000000;0,00000000
8,20497556;0,00000000;0,00000000
8,20507956;0,04336860;0,00000000
8,20518356;0,04336860;0,00000000
8,20528756;0,00000000;0,00000000
8,20539156;0,00000000;0,00000000
8,20549556;0,04336860;0,00000000
8,20559956;0,00000000;0,00000000
8,20570356;0,04336860;0,00000000
8,20580756;0,00000000;0,00000000
8,20591156;0,00000000;0,00000000
8,20601556;0,00000000;0,00000000
8,20611956;0,00000000;0,00000000
8,20622356;0,04336860;0,00000000
8,20632756;0,00000000;0,00000000
8,20643156;0,00000000;0,00000000
8,20653556;0,00000000;0,00000000
8,20663956;0,00000000;0,00000000
8,20674356;0,04336860;0,00000000
8,20684756;0,00000000;0,00000000
8,20695156;0,00000000;0,00000000
8,20705556;0,00000000;0,00000000
8,20715956;0,00000000;-0,01734744
8,20726356;0,04336860;0,00000000
8,20736756;0,00000000;0,00000000
8,20747156;0,00000000;0,00000000
8,20757556;0,00000000;0,00000000
8,20767956;0,00000000;0,00000000
8,20778356;0,00000000;0,00000000
8,20788756;0,00000000;0,00000000
8,20799156;0,04336860;0,00000000
8,20809556;0,00000000;0,00000000
8,20819956;0,00000000;0,00000000
8,20830356;0,04336860;0,00000000
8,20840756;0,04336860;0,00000000
8,20851156;0,00000000;0,00000000
8,20861556;0,00000000;0,00000000
8,20871956;0,00000000;0,00000000
8,20882356;0,00000000;0,00000000
8,20892756;0,00000000;0,00000000
8,20903156;0,00000000;0,00000000
8,20913556;0,00000000;0,00000000
8,20923956;0,00000000;0,00000000
8,20934356;0,04336860;0,00000000
8,20944756;0,00000000;0,00000000
8,20955156;0,00000000;0,00000000
8,20965556;0,00000000;0,00000000
8,20975956;0,00000000;0,00000000
8,20986356;0,00000000;0,00000000
8,20996756;0,00000000;0,00000000
8,21007156;0,00000000;0,00000000
8,21017556;0,00000000;-0,01734744
8,21027956;0,00000000;0,00000000
8,21038356;0,00000000;0,00000000
8,21048756;0,04336860;0,00000000
8,21059156;0,00000000;0,00000000
8,21069556;0,00000000;0,00000000
8,21079956;0,04336860;0,00000000
8,21090356;0,00000000;0,00000000
8,21100756;0,00000000;0,00000000
8,21111156;0,00000000;0,00000000
8,21121556;0,00000000;0,00000000
8,21131956;0,00000000;0,00000000
8,21142356;0,00000000;0,00000000
8,21152756;0,04336860;0,00000000
8,21163156;0,00000000;0,00000000
8,21173556;0,04336860;0,00000000
8,21183956;0,04336860;0,00000000
8,21194356;0,00000000;0,00000000
8,21204756;0,00000000;0,00000000
8,21215156;0,00000000;0,00000000
8,21225556;0,00000000;0,00000000
8,21235956;0,04336860;0,00000000
8,21246356;0,00000000;0,00000000
8,21256756;0,04336860;0,00000000
8,21267156;0,00000000;0,00000000
8,21277556;0,00000000;0,00000000
8,21287956;0,04336860;0,00000000
8,21298356;0,00000000;0,00000000
8,21308756;0,00000000;0,00000000
8,21319156;0,00000000;0,00000000
8,21329556;0,00000000;0,00000000
8,21339956;0,00000000;0,00000000
8,21350356;0,00000000;0,00000000
8,21360756;0,00000000;0,00000000
8,21371156;0,00000000;0,00000000
8,21381556;0,04336860;0,00000000
8,21391956;0,00000000;0,00000000
8,21402356;0,04336860;0,00000000
8,21412756;0,04336860;0,00000000
8,21423156;0,04336860;0,00000000
8,21433556;0,00000000;0,00000000
8,21443956;0,00000000;0,00000000
8,21454356;0,00000000;0,00000000
8,21464756;0,00000000;0,00000000
8,21475156;0,00000000;0,00000000
8,21485556;0,00000000;0,00000000
8,21495956;0,00000000;0,00000000
8,21506356;0,00000000;0,00000000
8,21516756;0,00000000;0,00000000
8,21527156;0,00000000;0,00000000
8,21537556;0,00000000;0,00000000
8,21547956;0,00000000;0,00000000
8,21558356;0,00000000;0,00000000
8,21568756;0,00000000;0,00000000
8,21579156;0,00000000;0,00000000
8,21589556;0,04336860;0,00000000
8,21599956;0,00000000;0,00000000
8,21610356;0,04336860;0,00000000
8,21620756;0,04336860;0,00000000
8,21631156;0,00000000;0,00000000
8,21641556;0,00000000;0,00000000
8,21651956;0,00000000;0,00000000
8,21662356;0,00000000;0,00000000
8,21672756;0,00000000;0,00000000
8,21683156;0,00000000;0,00000000
8,21693556;0,04336860;0,00000000
8,21703956;0,00000000;0,00000000
8,21714356;0,04336860;0,00000000
8,21724756;0,00000000;0,00000000
8,21735156;0,04336860;0,00000000
8,21745556;0,04336860;0,00000000
8,21755956;0,00000000;0,00000000
8,21766356;0,00000000;0,00000000
8,21776756;0,00000000;0,00000000
8,21787156;0,00000000;0,00000000
8,21797556;0,04336860;0,00000000
8,21807956;0,00000000;0,00000000
8,21818356;0,00000000;0,00000000
8,21828756;0,00000000;0,00000000
8,21839156;0,00000000;0,00000000
8,21849556;0,00000000;0,00000000
8,21859956;0,00000000;0,00000000
8,21870356;0,04336860;0,00000000
8,21880756;0,00000000;0,00000000
8,21891156;0,00000000;-0,01734744
8,21901556;0,00000000;0,00000000
8,21911956;0,00000000;0,00000000
8,21922356;0,00000000;0,00000000
8,21932756;0,00000000;0,00000000
8,21943156;0,04336860;-0,01734744
8,21953556;0,00000000;0,00000000
8,21963956;0,04336860;0,00000000
8,21974356;0,00000000;0,00000000
8,21984756;0,00000000;0,00000000
8,21995156;0,00000000;0,00000000
8,22005556;0,00000000;0,00000000
8,22015956;0,00000000;0,00000000
8,22026356;0,00000000;0,00000000
8,22036756;0,04336860;0,00000000
8,22047156;0,00000000;0,00000000
8,22057556;0,00000000;0,00000000
8,22067956;0,04336860;0,00000000
8,22078356;0,00000000;0,00000000
8,22088756;0,00000000;0,00000000
8,22099156;0,00000000;0,00000000
8,22109556;0,00000000;0,00000000
8,22119956;0,00000000;0,00000000
8,22130356;0,00000000;0,00000000
8,22140756;0,04336860;0,00000000
8,22151156;0,00000000;0,00000000
8,22161556;0,00000000;0,00000000
8,22171956;0,00000000;0,00000000
8,22182356;0,00000000;0,00000000
8,22192756;0,00000000;0,00000000
8,22203156;0,00000000;0,00000000
8,22213556;0,00000000;0,00000000
8,22223956;0,04336860;0,00000000
8,22234356;0,00000000;0,00000000
8,22244756;0,00000000;0,00000000
8,22255156;0,00000000;0,00000000
8,22265556;0,00000000;0,00000000
8,22275956;0,00000000;0,00000000
8,22286356;0,00000000;0,00000000
8,22296756;0,04336860;0,00000000
8,22307156;0,00000000;0,00000000
8,22317556;0,00000000;0,00000000
8,22327956;0,00000000;0,00000000
8,22338356;0,00000000;0,00000000
8,22348756;0,04336860;0,00000000
8,22359156;0,00000000;0,00000000
8,22369556;0,00000000;0,00000000
8,22379956;0,00000000;0,00000000
8,22390356;0,04336860;0,00000000
8,22400756;0,00000000;0,00000000
8,22411156;0,00000000;0,00000000
8,22421556;0,00000000;0,00000000
8,22431956;0,00000000;0,00000000
8,22442356;0,04336860;0,00000000
8,22452756;0,00000000;0,00000000
8,22463156;0,04336860;0,00000000
8,22473556;0,00000000;0,00000000
8,22483956;0,00000000;-0,01734744
8,22494356;0,00000000;0,00000000
8,22504756;0,00000000;0,00000000
8,22515156;0,00000000;0,00000000
8,22525556;0,00000000;0,00000000
8,22535956;0,04336860;0,00000000
8,22546356;0,00000000;0,00000000
8,22556756;0,00000000;0,00000000
8,22567156;0,00000000;-0,01734744
8,22577556;0,04336860;0,00000000
8,22587956;0,00000000;0,00000000
8,22598356;0,04336860;0,00000000
8,22608756;0,00000000;0,00000000
8,22619156;0,00000000;0,00000000
8,22629556;0,00000000;0,00000000
8,22639956;0,00000000;0,00000000
8,22650356;0,00000000;0,00000000
8,22660756;0,00000000;0,00000000
8,22671156;0,00000000;0,00000000
8,22681556;0,00000000;0,00000000
8,22691956;0,00000000;0,00000000
8,22702356;0,00000000;0,00000000
8,22712756;0,04336860;0,00000000
8,22723156;0,00000000;0,00000000
8,22733556;0,00000000;-0,01734744
8,22743956;0,00000000;0,00000000
8,22754356;0,00000000;0,00000000
8,22764756;0,00000000;0,00000000
8,22775156;0,00000000;0,00000000
8,22785556;0,00000000;0,00000000
8,22795956;0,00000000;0,00000000
8,22806356;0,00000000;0,00000000
8,22816756;0,00000000;0,00000000
8,22827156;0,00000000;0,00000000
8,22837556;0,00000000;0,00000000
8,22847956;0,00000000;0,00000000
8,22858356;0,04336860;0,00000000
8,22868756;0,00000000;0,00000000
8,22879156;0,00000000;0,00000000
8,22889556;0,00000000;0,00000000
8,22899956;0,00000000;0,00000000
8,22910356;0,00000000;0,00000000
8,22920756;0,00000000;0,00000000
8,22931156;0,00000000;0,00000000
8,22941556;0,00000000;0,00000000
8,22951956;0,00000000;0,00000000
8,22962356;0,00000000;0,00000000
8,22972756;0,00000000;0,00000000
8,22983156;0,00000000;0,00000000
8,22993556;0,00000000;0,00000000
8,23003956;0,00000000;0,00000000
8,23014356;0,00000000;0,00000000
8,23024756;0,00000000;0,00000000
8,23035156;0,00000000;0,00000000
8,23045556;0,00000000;-0,01734744
8,23055956;0,00000000;0,00000000
8,23066356;0,00000000;0,00000000
8,23076756;0,00000000;0,00000000
8,23087156;0,00000000;0,00000000
8,23097556;0,00000000;0,00000000
8,23107956;0,00000000;0,00000000
8,23118356;0,00000000;0,00000000
8,23128756;0,00000000;0,00000000
8,23139156;0,00000000;0,00000000
8,23149556;0,00000000;0,00000000
8,23159956;0,04336860;0,00000000
8,23170356;0,00000000;0,00000000
8,23180756;0,00000000;0,00000000
8,23191156;0,00000000;0,00000000
8,23201556;0,04336860;0,00000000
8,23211956;0,00000000;0,00000000
8,23222356;0,00000000;0,00000000
8,23232756;0,04336860;0,00000000
8,23243156;0,00000000;0,00000000
8,23253556;0,00000000;-0,01734744
8,23263956;0,00000000;0,00000000
8,23274356;0,00000000;0,00000000
8,23284756;0,00000000;0,00000000
8,23295156;0,04336860;0,00000000
8,23305556;0,00000000;0,00000000
8,23315956;0,00000000;0,00000000
8,23326356;0,00000000;0,00000000
8,23336756;0,04336860;0,00000000
8,23347156;0,00000000;0,00000000
8,23357556;0,00000000;0,00000000
8,23367956;0,00000000;0,00000000
8,23378356;0,04336860;0,00000000
8,23388756;0,00000000;0,00000000
8,23399156;0,04336860;0,00000000
8,23409556;0,04336860;0,00000000
8,23419956;0,00000000;0,00000000
8,23430356;0,00000000;0,00000000
8,23440756;0,04336860;0,00000000
8,23451156;0,00000000;0,00000000
8,23461556;0,00000000;0,00000000
8,23471956;0,00000000;0,00000000
8,23482356;0,00000000;0,00000000
8,23492756;0,04336860;0,00000000
8,23503156;0,04336860;0,00000000
8,23513556;0,04336860;0,00000000
8,23523956;0,00000000;0,00000000
8,23534356;0,00000000;-0,01734744
8,23544756;0,00000000;0,00000000
8,23555156;0,00000000;0,00000000
8,23565556;0,04336860;0,00000000
8,23575956;0,00000000;0,00000000
8,23586356;0,04336860;0,00000000
8,23596756;0,00000000;0,00000000
8,23607156;0,00000000;0,00000000
8,23617556;0,00000000;0,00000000
8,23627956;0,00000000;0,00000000
8,23638356;0,00000000;0,00000000
8,23648756;0,00000000;0,00000000
8,23659156;0,00000000;0,00000000
8,23669556;0,00000000;0,00000000
8,23679956;0,04336860;-0,01734744
8,23690356;0,00000000;0,00000000
8,23700756;0,04336860;0,00000000
8,23711156;0,04336860;0,00000000
8,23721556;0,04336860;0,00000000
8,23731956;0,00000000;0,00000000
8,23742356;0,04336860;0,00000000
8,23752756;0,00000000;0,00000000
8,23763156;0,00000000;0,00000000
8,23773556;0,00000000;0,00000000
8,23783956;0,00000000;0,00000000
8,23794356;0,00000000;0,00000000
8,23804756;0,00000000;0,00000000
8,23815156;0,00000000;0,00000000
8,23825556;0,00000000;0,00000000
8,23835956;0,00000000;0,00000000
8,23846356;0,00000000;0,00000000
8,23856756;0,00000000;0,00000000
8,23867156;0,04336860;0,00000000
8,23877556;0,00000000;0,00000000
8,23887956;0,00000000;0,00000000
8,23898356;0,00000000;0,00000000
8,23908756;0,04336860;0,00000000
8,23919156;0,04336860;0,00000000
8,23929556;0,04336860;0,00000000
8,23939956;0,00000000;0,00000000
8,23950356;0,04336860;0,00000000
8,23960756;0,00000000;0,00000000
8,23971156;0,00000000;0,00000000
8,23981556;0,00000000;0,00000000
8,23991956;0,00000000;0,00000000
8,24002356;0,04336860;0,00000000
8,24012756;0,00000000;0,00000000
8,24023156;0,00000000;0,00000000
8,24033556;0,04336860;0,00000000
8,24043956;0,00000000;0,00000000
8,24054356;0,04336860;0,00000000
8,24064756;0,00000000;0,00000000
8,24075156;0,00000000;0,00000000
8,24085556;0,00000000;0,00000000
8,24095956;0,00000000;0,00000000
8,24106356;0,00000000;0,00000000
8,24116756;0,04336860;0,00000000
8,24127156;0,04336860;0,00000000
8,24137556;0,00000000;0,00000000
8,24147956;0,00000000;0,00000000
8,24158356;0,00000000;0,00000000
8,24168756;0,00000000;0,00000000
8,24179156;0,04336860;0,00000000
8,24189556;0,00000000;0,00000000
8,24199956;0,00000000;0,00000000
8,24210356;0,04336860;0,00000000
8,24220756;0,00000000;0,00000000
8,24231156;0,00000000;-0,01734744
8,24241556;0,00000000;0,00000000
8,24251956;0,00000000;0,00000000
8,24262356;0,00000000;0,00000000
8,24272756;0,00000000;-0,01734744
8,24283156;0,00000000;0,00000000
8,24293556;0,00000000;0,00000000
8,24303956;0,04336860;0,00000000
8,24314356;0,00000000;0,00000000
8,24324756;0,00000000;0,00000000
8,24335156;0,04336860;0,00000000
8,24345556;0,04336860;0,00000000
8,24355956;0,04336860;0,00000000
8,24366356;0,04336860;0,00000000
8,24376756;0,04336860;0,00000000
8,24387156;0,00000000;0,00000000
8,24397556;0,00000000;0,00000000
8,24407956;0,00000000;0,00000000
8,24418356;0,00000000;0,00000000
8,24428756;0,00000000;0,00000000
8,24439156;0,04336860;0,00000000
8,24449556;0,00000000;0,00000000
8,24459956;0,04336860;0,00000000
8,24470356;0,00000000;0,00000000
8,24480756;0,00000000;0,00000000
8,24491156;0,00000000;0,00000000
8,24501556;0,04336860;0,00000000
8,24511956;0,00000000;0,00000000
8,24522356;0,00000000;0,00000000
8,24532756;0,00000000;0,00000000
8,24543156;0,00000000;0,00000000
8,24553556;0,00000000;0,00000000
8,24563956;0,00000000;0,00000000
8,24574356;0,00000000;0,00000000
8,24584756;0,00000000;0,00000000
8,24595156;0,00000000;0,00000000
8,24605556;0,00000000;0,00000000
8,24615956;0,00000000;0,00000000
8,24626356;0,04336860;0,00000000
8,24636756;0,00000000;0,00000000
8,24647156;0,00000000;0,00000000
8,24657556;0,04336860;0,00000000
8,24667956;0,00000000;0,00000000
8,24678356;0,00000000;0,00000000
8,24688756;0,00000000;0,00000000
8,24699156;0,00000000;0,00000000
8,24709556;0,00000000;0,00000000
8,24719956;0,00000000;0,00000000
8,24730356;0,00000000;0,00000000
8,24740756;0,00000000;0,00000000
8,24751156;0,04336860;-0,01734744
8,24761556;0,04336860;0,00000000
8,24771956;0,04336860;0,00000000
8,24782356;0,00000000;0,00000000
8,24792756;0,04336860;0,00000000
8,24803156;0,00000000;0,00000000
8,24813556;0,00000000;0,00000000
8,24823956;0,04336860;0,00000000
8,24834356;0,00000000;0,00000000
8,24844756;0,00000000;0,00000000
8,24855156;0,00000000;0,00000000
8,24865556;0,00000000;0,00000000
8,24875956;0,00000000;0,00000000
8,24886356;0,00000000;0,00000000
8,24896756;0,00000000;0,00000000
8,24907156;0,00000000;0,00000000
8,24917556;0,00000000;0,00000000
8,24927956;0,00000000;0,00000000
8,24938356;0,00000000;0,00000000
8,24948756;0,00000000;0,00000000
8,24959156;0,00000000;0,00000000
8,24969556;0,00000000;0,00000000
8,24979956;0,00000000;0,00000000
8,24990356;0,00000000;0,00000000
8,25000756;0,00000000;0,00000000
8,25011156;0,00000000;-0,01734744
8,25021556;0,00000000;0,00000000
8,25031956;0,04336860;0,00000000
8,25042356;0,00000000;-0,01734744
8,25052756;0,00000000;0,00000000
8,25063156;0,00000000;0,00000000
8,25073556;0,00000000;0,00000000
8,25083956;0,00000000;0,00000000
8,25094356;0,00000000;0,00000000
8,25104756;0,00000000;0,00000000
8,25115156;0,00000000;0,00000000
8,25125556;0,00000000;0,00000000
8,25135956;0,00000000;0,00000000
8,25146356;0,00000000;0,00000000
8,25156756;0,00000000;0,00000000
8,25167156;0,00000000;0,00000000
8,25177556;0,00000000;0,00000000
8,25187956;0,04336860;0,00000000
8,25198356;0,04336860;0,00000000
8,25208756;0,00000000;0,00000000
8,25219156;0,00000000;0,00000000
8,25229556;0,00000000;0,00000000
8,25239956;0,04336860;0,00000000
8,25250356;0,00000000;0,00000000
8,25260756;0,00000000;0,00000000
8,25271156;0,00000000;0,00000000
8,25281556;0,04336860;0,00000000
8,25291956;0,00000000;-0,01734744
8,25302356;0,04336860;0,00000000
8,25312756;0,00000000;0,00000000
8,25323156;0,00000000;0,00000000
8,25333556;0,00000000;0,00000000
8,25343956;0,00000000;0,00000000
8,25354356;0,00000000;0,00000000
8,25364756;0,00000000;0,00000000
8,25375156;0,00000000;0,00000000
8,25385556;0,04336860;0,00000000
8,25395956;0,00000000;-0,01734744
8,25406356;0,04336860;0,00000000
8,25416756;0,00000000;0,00000000
8,25427156;0,00000000;0,00000000
8,25437556;0,00000000;0,00000000
8,25447956;0,04336860;0,00000000
8,25458356;0,00000000;0,00000000
8,25468756;0,00000000;0,00000000
8,25479156;0,00000000;0,00000000
8,25489556;0,00000000;0,00000000
8,25499956;0,00000000;0,00000000
8,25510356;0,04336860;0,00000000
8,25520756;0,04336860;0,00000000
8,25531156;0,04336860;0,00000000
8,25541556;0,04336860;0,00000000
8,25551956;0,00000000;0,00000000
8,25562356;0,00000000;0,00000000
8,25572755;0,00000000;0,00000000
8,25583155;0,00000000;0,00000000
8,25593555;0,00000000;0,00000000
8,25603955;0,00000000;0,00000000
8,25614355;0,00000000;0,00000000
8,25624755;0,00000000;0,00000000
8,25635155;0,00000000;0,00000000
8,25645555;0,00000000;0,00000000
8,25655955;0,00000000;0,00000000
8,25666355;0,04336860;0,00000000
8,25676755;0,04336860;0,00000000
8,25687155;0,00000000;0,00000000
8,25697555;0,00000000;0,00000000
8,25707955;0,00000000;-0,01734744
8,25718355;0,00000000;0,00000000
8,25728755;0,00000000;0,00000000
8,25739155;0,00000000;0,00000000
8,25749555;0,00000000;0,00000000
8,25759955;0,00000000;0,00000000
8,25770355;0,04336860;0,00000000
8,25780755;0,00000000;0,00000000
8,25791155;0,00000000;0,00000000
8,25801555;0,04336860;0,00000000
8,25811955;0,00000000;0,00000000
8,25822355;0,04336860;0,00000000
8,25832755;0,00000000;0,00000000
8,25843155;0,00000000;0,00000000
8,25853555;0,00000000;0,00000000
8,25863955;0,00000000;0,00000000
8,25874355;0,04336860;-0,01734744
8,25884755;0,00000000;0,00000000
8,25895155;0,00000000;0,00000000
8,25905555;0,04336860;0,00000000
8,25915955;0,00000000;0,00000000
8,25926355;0,00000000;0,00000000
8,25936755;0,00000000;0,00000000
8,25947155;0,00000000;0,00000000
8,25957555;0,00000000;0,00000000
8,25967955;0,00000000;0,00000000
8,25978355;0,00000000;0,00000000
8,25988755;0,04336860;0,00000000
8,25999155;0,00000000;-0,01734744
8,26009555;0,00000000;0,00000000
8,26019955;0,00000000;0,00000000
8,26030355;0,00000000;0,00000000
8,26040755;0,00000000;0,00000000
8,26051155;0,00000000;0,00000000
8,26061555;0,00000000;0,00000000
8,26071955;0,00000000;0,00000000
8,26082355;0,00000000;0,00000000
8,26092755;0,00000000;0,00000000
8,26103155;0,04336860;0,00000000
8,26113555;0,04336860;0,00000000
8,26123955;0,00000000;0,00000000
8,26134355;0,04336860;0,00000000
8,26144755;0,00000000;0,00000000
8,26155155;0,00000000;0,00000000
8,26165555;0,04336860;0,00000000
8,26175955;0,00000000;0,00000000
8,26186355;0,04336860;0,00000000
8,26196755;0,00000000;0,00000000
8,26207155;0,00000000;0,00000000
8,26217555;0,00000000;0,00000000
8,26227955;0,00000000;0,00000000
8,26238355;0,00000000;0,00000000
8,26248755;0,00000000;0,00000000
8,26259155;0,04336860;0,00000000
8,26269555;0,04336860;0,00000000
8,26279955;0,00000000;0,00000000
8,26290355;0,00000000;0,00000000
8,26300755;0,00000000;0,00000000
8,26311155;0,04336860;0,00000000
8,26321555;0,00000000;0,00000000
8,26331955;0,00000000;0,00000000
8,26342355;0,00000000;0,00000000
8,26352755;0,00000000;0,00000000
8,26363155;0,00000000;0,00000000
8,26373555;0,04336860;0,00000000
8,26383955;0,00000000;0,00000000
8,26394355;0,00000000;0,00000000
8,26404755;0,00000000;0,00000000
8,26415155;0,00000000;0,00000000
8,26425555;0,04336860;0,00000000
8,26435955;0,04336860;0,00000000
8,26446355;0,00000000;0,00000000
8,26456755;0,00000000;0,00000000
8,26467155;0,00000000;0,00000000
8,26477555;0,00000000;0,00000000
8,26487955;0,00000000;0,00000000
8,26498355;0,00000000;0,00000000
8,26508755;0,00000000;0,00000000
8,26519155;0,04336860;0,00000000
8,26529555;0,00000000;0,00000000
8,26539955;0,00000000;0,00000000
8,26550355;0,04336860;0,00000000
8,26560755;0,00000000;0,00000000
8,26571155;0,00000000;0,00000000
8,26581555;0,04336860;0,00000000
8,26591955;0,04336860;0,00000000
8,26602355;0,00000000;0,00000000
8,26612755;0,00000000;0,00000000
8,26623155;0,00000000;0,00000000
8,26633555;0,00000000;0,00000000
8,26643955;0,00000000;0,00000000
8,26654355;0,00000000;0,00000000
8,26664755;0,00000000;0,00000000
8,26675155;0,04336860;0,00000000
8,26685555;0,00000000;0,00000000
8,26695955;0,00000000;0,00000000
8,26706355;0,00000000;0,00000000
8,26716755;0,00000000;0,00000000
8,26727155;0,00000000;0,00000000
8,26737555;0,04336860;0,00000000
8,26747955;0,00000000;0,00000000
8,26758355;0,04336860;0,00000000
8,26768755;0,00000000;0,00000000
8,26779155;0,04336860;0,00000000
8,26789555;0,00000000;0,00000000
8,26799955;0,00000000;0,00000000
8,26810355;0,00000000;0,00000000
8,26820755;0,00000000;0,00000000
8,26831155;0,00000000;0,00000000
8,26841555;0,04336860;0,00000000
8,26851955;0,00000000;0,00000000
8,26862355;0,00000000;0,00000000
8,26872755;0,04336860;0,00000000
8,26883155;0,04336860;0,00000000
8,26893555;0,00000000;0,00000000
8,26903955;0,00000000;0,00000000
8,26914355;0,04336860;0,00000000
8,26924755;0,00000000;0,00000000
8,26935155;0,00000000;0,00000000
8,26945555;0,00000000;0,00000000
8,26955955;0,04336860;0,00000000
8,26966355;0,00000000;0,00000000
8,26976755;0,04336860;0,00000000
8,26987155;0,04336860;0,00000000
8,26997555;0,00000000;0,00000000
8,27007955;0,00000000;0,00000000
8,27018355;0,00000000;0,00000000
8,27028755;0,00000000;0,00000000
8,27039155;0,00000000;0,00000000
8,27049555;0,00000000;0,00000000
8,27059955;0,00000000;0,00000000
8,27070355;0,00000000;0,00000000
8,27080755;0,04336860;0,00000000
8,27091155;0,00000000;0,00000000
8,27101555;0,00000000;0,00000000
8,27111955;0,00000000;0,00000000
8,27122355;0,04336860;0,00000000
8,27132755;0,00000000;0,00000000
8,27143155;0,00000000;0,00000000
8,27153555;0,00000000;0,00000000
8,27163955;0,00000000;0,00000000
8,27174355;0,04336860;0,00000000
8,27184755;0,04336860;0,00000000
8,27195155;0,00000000;0,00000000
8,27205555;0,00000000;0,00000000
8,27215955;0,00000000;0,00000000
8,27226355;0,00000000;0,00000000
8,27236755;0,00000000;0,00000000
8,27247155;0,04336860;0,00000000
8,27257555;0,00000000;0,00000000
8,27267955;0,00000000;-0,01734744
8,27278355;0,00000000;0,00000000
8,27288755;0,04336860;0,00000000
8,27299155;0,00000000;0,00000000
8,27309555;0,00000000;0,00000000
8,27319955;0,00000000;0,00000000
8,27330355;0,00000000;0,00000000
8,27340755;0,04336860;0,00000000
8,27351155;0,04336860;0,00000000
8,27361555;0,00000000;0,00000000
8,27371955;0,00000000;0,00000000
8,27382355;0,00000000;0,00000000
8,27392755;0,00000000;0,00000000
8,27403155;0,00000000;0,00000000
8,27413555;0,00000000;0,00000000
8,27423955;0,00000000;0,00000000
8,27434355;0,00000000;0,00000000
8,27444755;0,04336860;0,00000000
8,27455155;0,00000000;0,00000000
8,27465555;0,04336860;0,00000000
8,27475955;0,00000000;0,00000000
8,27486355;0,00000000;0,00000000
8,27496755;0,00000000;0,00000000
8,27507155;0,00000000;0,00000000
8,27517555;0,00000000;0,00000000
8,27527955;0,00000000;0,00000000
8,27538355;0,00000000;0,00000000
8,27548755;0,04336860;0,00000000
8,27559155;0,00000000;0,00000000
8,27569555;0,00000000;0,00000000
8,27579955;0,00000000;0,00000000
8,27590355;0,00000000;0,00000000
8,27600755;0,00000000;0,00000000
8,27611155;0,00000000;0,00000000
8,27621555;0,00000000;0,00000000
8,27631955;0,00000000;0,00000000
8,27642355;0,00000000;0,00000000
8,27652755;0,04336860;0,00000000
8,27663155;0,00000000;0,00000000
8,27673555;0,00000000;0,00000000
8,27683955;0,04336860;0,00000000
8,27694355;0,00000000;0,00000000
8,27704755;0,04336860;0,00000000
8,27715155;0,00000000;0,00000000
8,27725555;0,00000000;0,00000000
8,27735955;0,00000000;0,00000000
8,27746355;0,00000000;0,00000000
8,27756755;0,00000000;0,00000000
8,27767155;0,00000000;0,00000000
8,27777555;0,00000000;0,00000000
8,27787955;0,04336860;0,00000000
8,27798355;0,00000000;0,00000000
8,27808755;0,00000000;0,00000000
8,27819155;0,00000000;0,00000000
8,27829555;0,00000000;0,00000000
8,27839955;0,00000000;0,00000000
8,27850355;0,04336860;0,00000000
8,27860755;0,00000000;0,00000000
8,27871155;0,04336860;0,00000000
8,27881555;0,00000000;0,00000000
8,27891955;0,00000000;0,00000000
8,27902355;0,00000000;0,00000000
8,27912755;0,04336860;0,00000000
8,27923155;0,00000000;0,00000000
8,27933555;0,00000000;0,00000000
8,27943955;0,04336860;0,00000000
8,27954355;0,00000000;0,00000000
8,27964755;0,04336860;0,00000000
8,27975155;0,00000000;0,00000000
8,27985555;0,04336860;0,00000000
8,27995955;0,00000000;0,00000000
8,28006355;0,00000000;0,00000000
8,28016755;0,00000000;0,00000000
8,28027155;0,04336860;0,00000000
8,28037555;0,04336860;0,00000000
8,28047955;0,00000000;0,00000000
8,28058355;0,00000000;0,00000000
8,28068755;0,00000000;0,00000000
8,28079155;0,00000000;0,00000000
8,28089555;0,00000000;0,00000000
8,28099955;0,00000000;0,00000000
8,28110355;0,00000000;0,00000000
8,28120755;0,00000000;0,00000000
8,28131155;0,04336860;0,00000000
8,28141555;0,00000000;0,00000000
8,28151955;0,04336860;0,00000000
8,28162355;0,00000000;0,00000000
8,28172755;0,00000000;0,00000000
8,28183155;0,00000000;0,00000000
8,28193555;0,00000000;0,00000000
8,28203955;0,00000000;0,00000000
8,28214355;0,00000000;0,00000000
8,28224755;0,00000000;0,00000000
8,28235155;0,00000000;0,00000000
8,28245555;0,00000000;-0,01734744
8,28255955;0,04336860;0,00000000
8,28266355;0,04336860;0,00000000
8,28276755;0,04336860;0,00000000
8,28287155;0,00000000;0,00000000
8,28297555;0,00000000;0,00000000
8,28307955;0,00000000;0,00000000
8,28318355;0,00000000;0,00000000
8,28328755;0,00000000;0,00000000
8,28339155;0,00000000;0,00000000
8,28349555;0,00000000;0,00000000
8,28359955;0,00000000;0,00000000
8,28370355;0,00000000;0,00000000
8,28380755;0,04336860;0,00000000
8,28391155;0,00000000;0,00000000
8,28401555;0,00000000;0,00000000
8,28411955;0,00000000;0,00000000
8,28422355;0,00000000;0,00000000
8,28432755;0,04336860;0,00000000
8,28443155;0,00000000;0,00000000
8,28453555;0,00000000;0,00000000
8,28463955;0,04336860;0,00000000
8,28474355;0,00000000;0,00000000
8,28484755;0,00000000;0,00000000
8,28495155;0,00000000;0,00000000
8,28505555;0,00000000;0,00000000
8,28515955;0,00000000;0,00000000
8,28526355;0,00000000;0,00000000
8,28536755;0,04336860;0,00000000
8,28547155;0,00000000;0,00000000
8,28557555;0,00000000;0,00000000
8,28567955;0,00000000;0,00000000
8,28578355;0,00000000;0,00000000
8,28588755;0,00000000;0,00000000
8,28599155;0,00000000;0,00000000
8,28609555;0,04336860;0,00000000
8,28619955;0,00000000;0,00000000
8,28630355;0,00000000;0,00000000
8,28640755;0,04336860;0,00000000
8,28651155;0,00000000;0,00000000
8,28661555;0,04336860;0,00000000
8,28671955;0,00000000;0,00000000
8,28682355;0,04336860;0,00000000
8,28692755;0,00000000;0,00000000
8,28703155;0,00000000;0,00000000
8,28713555;0,00000000;0,00000000
8,28723955;0,00000000;0,00000000
8,28734355;0,04336860;0,00000000
8,28744755;0,00000000;0,00000000
8,28755155;0,00000000;0,00000000
8,28765555;0,00000000;0,00000000
8,28775955;0,00000000;0,00000000
8,28786355;0,00000000;0,00000000
8,28796755;0,00000000;0,00000000
8,28807155;0,04336860;0,00000000
8,28817555;0,00000000;0,00000000
8,28827955;0,00000000;0,00000000
8,28838355;0,04336860;0,00000000
8,28848755;0,00000000;0,00000000
8,28859155;0,04336860;0,00000000
8,28869555;0,00000000;0,00000000
8,28879955;0,00000000;0,00000000
8,28890355;0,00000000;0,00000000
8,28900755;0,00000000;0,00000000
8,28911155;0,00000000;0,00000000
8,28921555;0,00000000;0,00000000
8,28931955;0,00000000;0,00000000
8,28942355;0,00000000;0,00000000
8,28952755;0,04336860;-0,01734744
8,28963155;0,00000000;0,00000000
8,28973555;0,00000000;0,00000000
8,28983955;0,00000000;0,00000000
8,28994355;0,00000000;0,00000000
8,29004755;0,00000000;0,00000000
8,29015155;0,04336860;0,00000000
8,29025555;0,04336860;0,00000000
8,29035955;0,00000000;0,00000000
8,29046355;0,00000000;0,00000000
8,29056755;0,00000000;0,00000000
8,29067155;0,04336860;0,00000000
8,29077555;0,04336860;0,00000000
8,29087955;0,00000000;0,00000000
8,29098355;0,00000000;0,00000000
8,29108755;0,00000000;0,00000000
8,29119155;0,04336860;0,00000000
8,29129555;0,04336860;0,00000000
8,29139955;0,00000000;0,00000000
8,29150355;0,00000000;0,00000000
8,29160755;0,00000000;0,00000000
8,29171155;0,00000000;0,00000000
8,29181555;0,04336860;0,00000000
8,29191955;0,00000000;0,00000000
8,29202355;0,00000000;0,00000000
8,29212755;0,00000000;0,00000000
8,29223155;0,04336860;-0,01734744
8,29233555;0,00000000;0,00000000
8,29243955;0,00000000;0,00000000
8,29254355;0,00000000;0,00000000
8,29264755;0,00000000;0,00000000
8,29275155;0,00000000;0,00000000
8,29285555;0,00000000;0,00000000
8,29295955;0,04336860;0,00000000
8,29306355;0,00000000;0,00000000
8,29316755;0,04336860;0,00000000
8,29327155;0,00000000;0,00000000
8,29337555;0,00000000;0,00000000
8,29347955;0,04336860;0,00000000
8,29358355;0,00000000;0,00000000
8,29368755;0,00000000;0,00000000
8,29379155;0,00000000;0,00000000
8,29389555;0,00000000;0,00000000
8,29399955;0,00000000;0,00000000
8,29410355;0,00000000;0,00000000
8,29420755;0,00000000;0,00000000
8,29431155;0,00000000;0,00000000
8,29441555;0,04336860;0,00000000
8,29451955;0,00000000;0,00000000
8,29462355;0,00000000;0,00000000
8,29472755;0,00000000;0,00000000
8,29483155;0,00000000;0,00000000
8,29493555;0,04336860;0,00000000
8,29503955;0,00000000;0,00000000
8,29514355;0,00000000;0,00000000
8,29524755;0,00000000;0,00000000
8,29535155;0,00000000;0,00000000
8,29545555;0,00000000;0,00000000
8,29555955;0,04336860;0,00000000
8,29566355;0,00000000;0,00000000
8,29576755;0,00000000;0,00000000
8,29587155;0,00000000;0,00000000
8,29597555;0,00000000;0,00000000
8,29607955;0,00000000;0,00000000
8,29618355;0,00000000;0,00000000
8,29628755;0,00000000;0,00000000
8,29639155;0,00000000;0,00000000
8,29649555;0,04336860;0,00000000
8,29659955;0,04336860;0,00000000
8,29670355;0,04336860;0,00000000
8,29680755;0,00000000;0,00000000
8,29691155;0,04336860;0,00000000
8,29701555;0,04336860;0,00000000
8,29711955;0,00000000;0,00000000
8,29722355;0,00000000;0,00000000
8,29732755;0,00000000;0,00000000
8,29743155;0,00000000;0,00000000
8,29753555;0,04336860;0,00000000
8,29763955;0,00000000;0,00000000
8,29774355;0,00000000;0,00000000
8,29784755;0,00000000;0,00000000
8,29795155;0,00000000;0,00000000
8,29805555;0,00000000;0,00000000
8,29815955;0,00000000;0,00000000
8,29826355;0,00000000;0,00000000
8,29836755;0,04336860;0,00000000
8,29847155;0,00000000;0,00000000
8,29857555;0,04336860;0,00000000
8,29867955;0,00000000;0,00000000
8,29878355;0,00000000;0,00000000
8,29888755;0,00000000;0,00000000
8,29899155;0,00000000;0,00000000
8,29909555;0,04336860;0,00000000
8,29919955;0,00000000;0,00000000
8,29930355;0,00000000;0,00000000
8,29940755;0,00000000;0,00000000
8,29951155;0,00000000;-0,01734744
8,29961555;0,04336860;0,00000000
8,29971955;0,00000000;0,00000000
8,29982355;0,00000000;0,00000000
8,29992755;0,00000000;0,00000000
8,30003155;0,00000000;0,00000000
8,30013555;0,00000000;0,00000000
8,30023955;0,04336860;0,00000000
8,30034355;0,00000000;-0,01734744
8,30044755;0,00000000;0,00000000
8,30055155;0,00000000;0,00000000
8,30065555;0,00000000;0,00000000
8,30075955;0,00000000;0,00000000
8,30086355;0,04336860;0,00000000
8,30096755;0,04336860;0,00000000
8,30107155;0,00000000;0,00000000
8,30117555;0,00000000;0,00000000
8,30127955;0,00000000;0,00000000
8,30138355;0,00000000;0,00000000
8,30148755;0,00000000;0,00000000
8,30159155;0,00000000;0,00000000
8,30169555;0,04336860;0,00000000
8,30179955;0,04336860;0,00000000
8,30190355;0,00000000;0,00000000
8,30200755;0,04336860;0,00000000
8,30211155;0,00000000;0,00000000
8,30221555;0,00000000;0,00000000
8,30231955;0,04336860;0,00000000
8,30242355;0,00000000;0,00000000
8,30252755;0,00000000;0,00000000
8,30263155;0,00000000;0,00000000
8,30273555;0,00000000;0,00000000
8,30283955;0,04336860;0,00000000
8,30294355;0,00000000;0,00000000
8,30304755;0,00000000;0,00000000
8,30315155;0,00000000;0,00000000
8,30325555;0,04336860;0,00000000
8,30335955;0,00000000;-0,01734744
8,30346355;0,00000000;0,00000000
8,30356755;0,04336860;0,00000000
8,30367155;0,04336860;0,00000000
8,30377555;0,00000000;0,00000000
8,30387955;0,00000000;0,00000000
8,30398355;0,00000000;0,00000000
8,30408755;0,00000000;0,00000000
8,30419155;0,00000000;0,00000000
8,30429555;0,00000000;0,00000000
8,30439955;0,00000000;0,00000000
8,30450355;0,00000000;0,00000000
8,30460755;0,04336860;0,00000000
8,30471155;0,00000000;0,00000000
8,30481555;0,00000000;0,00000000
8,30491955;0,00000000;0,00000000
8,30502355;0,04336860;0,00000000
8,30512755;0,00000000;0,00000000
8,30523155;0,04336860;0,00000000
8,30533555;0,00000000;0,00000000
8,30543955;0,00000000;0,00000000
8,30554355;0,00000000;0,00000000
8,30564755;0,00000000;0,00000000
8,30575155;0,04336860;0,00000000
8,30585555;0,04336860;0,00000000
8,30595955;0,04336860;0,00000000
8,30606355;0,00000000;0,00000000
8,30616755;0,00000000;0,00000000
8,30627155;0,00000000;0,00000000
8,30637555;0,00000000;0,00000000
8,30647955;0,00000000;0,00000000
8,30658355;0,00000000;0,00000000
8,30668755;0,04336860;0,00000000
8,30679155;0,00000000;-0,01734744
8,30689555;0,04336860;0,00000000
8,30699955;0,04336860;0,00000000
8,30710355;0,00000000;0,00000000
8,30720755;0,00000000;0,00000000
8,30731155;0,00000000;0,00000000
8,30741555;0,04336860;0,00000000
8,30751955;0,04336860;0,00000000
8,30762355;0,04336860;0,00000000
8,30772755;0,04336860;0,00000000
8,30783155;0,00000000;0,00000000
8,30793555;0,04336860;0,00000000
8,30803955;0,00000000;0,00000000
8,30814355;0,00000000;0,00000000
8,30824755;0,00000000;-0,01734744
8,30835155;0,04336860;0,00000000
8,30845555;0,00000000;0,00000000
8,30855955;0,00000000;0,00000000
8,30866355;0,00000000;0,00000000
8,30876755;0,00000000;0,00000000
8,30887155;0,00000000;0,00000000
8,30897555;0,00000000;0,00000000
8,30907955;0,00000000;0,00000000
8,30918355;0,00000000;0,00000000
8,30928755;0,00000000;0,00000000
8,30939155;0,00000000;0,00000000
8,30949555;0,04336860;0,00000000
8,30959955;0,00000000;0,00000000
8,30970355;0,00000000;0,00000000
8,30980755;0,04336860;0,00000000
8,30991155;0,00000000;0,00000000
8,31001555;0,00000000;0,00000000
8,31011955;0,00000000;0,00000000
8,31022355;0,00000000;0,00000000
8,31032755;0,00000000;0,00000000
8,31043155;0,00000000;0,00000000
8,31053555;0,00000000;0,00000000
8,31063955;0,00000000;0,00000000
8,31074355;0,00000000;0,00000000
8,31084755;0,04336860;0,00000000
8,31095155;0,00000000;0,00000000
8,31105555;0,00000000;0,00000000
8,31115955;0,04336860;0,00000000
8,31126355;0,00000000;0,00000000
8,31136755;0,00000000;0,00000000
8,31147155;0,00000000;0,00000000
8,31157555;0,00000000;0,00000000
8,31167955;0,04336860;0,00000000
8,31178355;0,04336860;0,00000000
8,31188755;0,04336860;0,00000000
8,31199155;0,04336860;0,00000000
8,31209555;0,00000000;0,00000000
8,31219955;0,00000000;0,00000000
8,31230355;0,00000000;0,00000000
8,31240755;0,00000000;0,00000000
8,31251155;0,04336860;0,00000000
8,31261555;0,04336860;-0,01734744
8,31271955;0,00000000;0,00000000
8,31282355;0,00000000;0,00000000
8,31292755;0,00000000;0,00000000
8,31303155;0,00000000;0,00000000
8,31313555;0,04336860;0,00000000
8,31323955;0,04336860;0,00000000
8,31334355;0,00000000;0,00000000
8,31344755;0,00000000;0,00000000
8,31355155;0,04336860;0,00000000
8,31365555;0,00000000;0,00000000
8,31375955;0,00000000;0,00000000
8,31386355;0,00000000;0,00000000
8,31396755;0,00000000;0,00000000
8,31407155;0,00000000;0,00000000
8,31417555;0,00000000;0,00000000
8,31427955;0,04336860;0,00000000
8,31438355;0,00000000;0,00000000
8,31448755;0,00000000;0,00000000
8,31459155;0,00000000;0,00000000
8,31469555;0,04336860;0,00000000
8,31479955;0,00000000;0,00000000
8,31490355;0,00000000;0,00000000
8,31500755;0,00000000;0,00000000
8,31511155;0,00000000;0,00000000
8,31521555;0,00000000;0,00000000
8,31531955;0,04336860;0,00000000
8,31542355;0,04336860;0,00000000
8,31552755;0,04336860;0,00000000
8,31563155;0,00000000;0,00000000
8,31573555;0,00000000;0,00000000
8,31583955;0,04336860;0,00000000
8,31594355;0,04336860;0,00000000
8,31604755;0,00000000;0,00000000
8,31615155;0,00000000;-0,01734744
8,31625555;0,00000000;0,00000000
8,31635955;0,00000000;0,00000000
8,31646355;0,00000000;0,00000000
8,31656755;0,00000000;0,00000000
8,31667155;0,04336860;0,00000000
8,31677555;0,04336860;0,00000000
8,31687955;0,00000000;0,00000000
8,31698355;0,04336860;0,00000000
8,31708755;0,00000000;0,00000000
8,31719155;0,04336860;0,00000000
8,31729555;0,00000000;0,00000000
8,31739955;0,04336860;0,00000000
8,31750355;0,00000000;0,00000000
8,31760755;0,00000000;0,00000000
8,31771155;0,00000000;0,00000000
8,31781555;0,00000000;0,00000000
8,31791955;0,00000000;0,00000000
8,31802355;0,00000000;0,00000000
8,31812755;0,00000000;0,00000000
8,31823155;0,00000000;0,00000000
8,31833555;0,00000000;0,00000000
8,31843955;0,00000000;0,00000000
8,31854355;0,00000000;0,00000000
8,31864755;0,00000000;0,00000000
8,31875155;0,00000000;0,00000000
8,31885555;0,04336860;0,00000000
8,31895955;0,04336860;0,00000000
8,31906355;0,00000000;0,00000000
8,31916755;0,00000000;0,00000000
8,31927155;0,00000000;0,00000000
8,31937555;0,00000000;0,00000000
8,31947955;0,00000000;0,00000000
8,31958355;0,00000000;0,00000000
8,31968755;0,00000000;0,00000000
8,31979155;0,00000000;0,00000000
8,31989555;0,00000000;0,00000000
8,31999955;0,00000000;0,00000000
8,32010355;0,04336860;0,00000000
8,32020755;0,00000000;0,00000000
8,32031155;0,00000000;0,00000000
8,32041555;0,04336860;0,00000000
8,32051955;0,00000000;0,00000000
8,32062355;0,00000000;0,00000000
8,32072755;0,00000000;0,00000000
8,32083155;0,00000000;0,00000000
8,32093555;0,00000000;0,00000000
8,32103955;0,00000000;0,00000000
8,32114355;0,00000000;0,00000000
8,32124755;0,00000000;0,00000000
8,32135155;0,00000000;0,00000000
8,32145555;0,00000000;0,00000000
8,32155955;0,00000000;0,00000000
8,32166355;0,00000000;0,00000000
8,32176755;0,00000000;0,00000000
8,32187155;0,00000000;0,00000000
8,32197555;0,04336860;0,00000000
8,32207955;0,00000000;0,00000000
8,32218355;0,00000000;0,00000000
8,32228755;0,00000000;0,00000000
8,32239155;0,00000000;0,00000000
8,32249555;0,00000000;0,00000000
8,32259955;0,00000000;0,00000000
8,32270355;0,00000000;0,00000000
8,32280755;0,00000000;0,00000000
8,32291155;0,00000000;0,00000000
8,32301555;0,00000000;0,00000000
8,32311955;0,04336860;0,00000000
8,32322355;0,00000000;0,00000000
8,32332755;0,04336860;0,00000000
8,32343155;0,00000000;0,00000000
8,32353555;0,00000000;0,00000000
8,32363955;0,00000000;0,00000000
8,32374355;0,04336860;0,00000000
8,32384755;0,00000000;0,00000000
8,32395155;0,00000000;0,00000000
8,32405555;0,00000000;0,00000000
8,32415955;0,04336860;0,00000000
8,32426355;0,00000000;0,00000000
8,32436755;0,00000000;0,00000000
8,32447155;0,00000000;0,00000000
8,32457555;0,04336860;0,00000000
8,32467955;0,00000000;0,00000000
8,32478355;0,00000000;0,00000000
8,32488755;0,00000000;0,00000000
8,32499155;0,00000000;0,00000000
8,32509555;0,00000000;0,00000000
8,32519955;0,04336860;0,00000000
8,32530355;0,04336860;0,00000000
8,32540755;0,00000000;0,00000000
8,32551155;0,04336860;0,00000000
8,32561555;0,00000000;0,00000000
8,32571955;0,00000000;0,00000000
8,32582355;0,00000000;0,00000000
8,32592755;0,00000000;0,00000000
8,32603155;0,00000000;0,00000000
8,32613555;0,00000000;0,00000000
8,32623955;0,00000000;0,00000000
8,32634355;0,00000000;0,00000000
8,32644755;0,00000000;0,00000000
8,32655155;0,04336860;0,00000000
8,32665555;0,00000000;0,00000000
8,32675955;0,04336860;0,00000000
8,32686355;0,00000000;0,00000000
8,32696755;0,00000000;-0,01734744
8,32707155;0,00000000;0,00000000
8,32717555;0,00000000;0,00000000
8,32727955;0,04336860;0,00000000
8,32738355;0,00000000;0,00000000
8,32748755;0,00000000;0,00000000
8,32759155;0,00000000;0,00000000
8,32769555;0,00000000;0,00000000
8,32779955;0,00000000;0,00000000
8,32790355;0,04336860;0,00000000
8,32800755;0,04336860;0,00000000
8,32811155;0,00000000;0,00000000
8,32821555;0,00000000;0,00000000
8,32831955;0,00000000;0,00000000
8,32842355;0,00000000;0,00000000
8,32852755;0,00000000;0,00000000
8,32863155;0,00000000;0,00000000
8,32873555;0,00000000;0,00000000
8,32883955;0,00000000;0,00000000
8,32894355;0,00000000;0,00000000
8,32904755;0,00000000;-0,01734744
8,32915155;0,00000000;0,00000000
8,32925555;0,00000000;0,00000000
8,32935955;0,00000000;0,00000000
8,32946355;0,00000000;0,00000000
8,32956755;0,00000000;0,00000000
8,32967155;0,00000000;0,00000000
8,32977555;0,04336860;0,00000000
8,32987955;0,00000000;0,00000000
8,32998355;0,00000000;0,00000000
8,33008755;0,00000000;0,00000000
8,33019155;0,00000000;0,00000000
8,33029555;0,04336860;0,00000000
8,33039955;0,04336860;0,00000000
8,33050355;0,00000000;0,00000000
8,33060755;0,00000000;0,00000000
8,33071155;0,04336860;0,00000000
8,33081555;0,00000000;0,00000000
8,33091955;0,00000000;0,00000000
8,33102355;0,00000000;0,00000000
8,33112755;0,00000000;0,00000000
8,33123155;0,04336860;0,00000000
8,33133555;0,00000000;0,00000000
8,33143955;0,00000000;0,00000000
8,33154355;0,04336860;0,00000000
8,33164755;0,04336860;0,00000000
8,33175155;0,04336860;0,00000000
8,33185555;0,00000000;0,00000000
8,33195955;0,00000000;0,00000000
8,33206355;0,00000000;0,00000000
8,33216755;0,04336860;0,00000000
8,33227155;0,00000000;0,00000000
8,33237555;0,04336860;0,00000000
8,33247955;0,04336860;0,00000000
8,33258355;0,00000000;-0,01734744
8,33268755;0,00000000;0,00000000
8,33279155;0,00000000;0,00000000
8,33289555;0,00000000;-0,01734744
8,33299955;0,00000000;0,00000000
8,33310355;0,00000000;0,00000000
8,33320755;0,00000000;0,00000000
8,33331155;0,00000000;0,00000000
8,33341555;0,00000000;0,00000000
8,33351955;0,00000000;0,00000000
8,33362355;0,00000000;0,00000000
8,33372755;0,00000000;0,00000000
8,33383155;0,04336860;0,00000000
8,33393555;0,04336860;0,00000000
8,33403955;0,00000000;0,00000000
8,33414355;0,00000000;0,00000000
8,33424755;0,00000000;0,00000000
8,33435155;0,00000000;0,00000000
8,33445555;0,00000000;-0,01734744
8,33455955;0,00000000;0,00000000
8,33466355;0,00000000;0,00000000
8,33476755;0,04336860;0,00000000
8,33487155;0,00000000;0,00000000
8,33497555;0,04336860;0,00000000
8,33507955;0,00000000;0,00000000
8,33518355;0,00000000;0,00000000
8,33528755;0,04336860;0,00000000
8,33539155;0,00000000;0,00000000
8,33549555;0,00000000;0,00000000
8,33559955;0,04336860;0,00000000
8,33570355;0,00000000;0,00000000
8,33580755;0,04336860;0,00000000
8,33591155;0,00000000;-0,01734744
8,33601555;0,04336860;0,00000000
8,33611955;0,00000000;0,00000000
8,33622355;0,04336860;0,00000000
8,33632755;0,00000000;0,00000000
8,33643155;0,00000000;0,00000000
8,33653555;0,04336860;0,00000000
8,33663955;0,00000000;0,00000000
8,33674355;0,00000000;0,00000000
8,33684755;0,00000000;0,00000000
8,33695155;0,00000000;0,00000000
8,33705555;0,00000000;0,00000000
8,33715955;0,04336860;0,00000000
8,33726355;0,00000000;0,00000000
8,33736755;0,04336860;0,00000000
8,33747155;0,04336860;0,00000000
8,33757555;0,00000000;0,00000000
8,33767955;0,00000000;0,00000000
8,33778355;0,04336860;0,00000000
8,33788755;0,04336860;0,00000000
8,33799155;0,04336860;0,00000000
8,33809555;0,00000000;0,00000000
8,33819955;0,00000000;0,00000000
8,33830355;0,00000000;0,00000000
8,33840755;0,04336860;0,00000000
8,33851155;0,00000000;0,00000000
8,33861555;0,04336860;0,00000000
8,33871955;0,04336860;0,00000000
8,33882355;0,04336860;0,00000000
8,33892755;0,00000000;0,00000000
8,33903155;0,04336860;0,00000000
8,33913555;0,04336860;0,00000000
8,33923955;0,00000000;0,00000000
8,33934355;0,00000000;0,00000000
8,33944755;0,04336860;0,00000000
8,33955155;0,00000000;0,00000000
8,33965555;0,00000000;0,00000000
8,33975955;0,00000000;0,00000000
8,33986355;0,00000000;0,00000000
8,33996755;0,00000000;0,00000000
8,34007155;0,04336860;0,00000000
8,34017555;0,00000000;0,00000000
8,34027955;0,00000000;0,00000000
8,34038355;0,00000000;0,00000000
8,34048755;0,00000000;0,00000000
8,34059155;0,00000000;0,00000000
8,34069555;0,00000000;0,00000000
8,34079955;0,00000000;0,00000000
8,34090355;0,00000000;0,00000000
8,34100755;0,04336860;0,00000000
8,34111155;0,04336860;0,00000000
8,34121555;0,00000000;0,00000000
8,34131955;0,00000000;0,00000000
8,34142355;0,00000000;0,00000000
8,34152755;0,00000000;0,00000000
8,34163155;0,00000000;0,00000000
8,34173555;0,00000000;0,00000000
8,34183955;0,04336860;0,00000000
8,34194355;0,00000000;0,00000000
8,34204755;0,00000000;0,00000000
8,34215155;0,00000000;0,00000000
8,34225555;0,00000000;0,00000000
8,34235955;0,00000000;0,00000000
8,34246355;0,00000000;0,00000000
8,34256755;0,00000000;0,00000000
8,34267155;0,00000000;0,00000000
8,34277555;0,00000000;0,00000000
8,34287955;0,00000000;0,00000000
8,34298355;0,00000000;-0,01734744
8,34308755;0,04336860;0,00000000
8,34319155;0,04336860;0,00000000
8,34329555;0,00000000;0,00000000
8,34339955;0,00000000;0,00000000
8,34350355;0,00000000;0,00000000
8,34360755;0,04336860;0,00000000
8,34371155;0,00000000;0,00000000
8,34381555;0,00000000;0,00000000
8,34391955;0,04336860;0,00000000
8,34402355;0,00000000;0,00000000
8,34412755;0,00000000;0,00000000
8,34423155;0,00000000;0,00000000
8,34433555;0,00000000;0,00000000
8,34443955;0,00000000;0,00000000
8,34454355;0,00000000;0,00000000
8,34464755;0,00000000;0,00000000
8,34475155;0,00000000;0,00000000
8,34485555;0,04336860;0,00000000
8,34495955;0,04336860;0,00000000
8,34506355;0,00000000;0,00000000
8,34516755;0,00000000;0,00000000
8,34527155;0,00000000;0,00000000
8,34537555;0,00000000;0,00000000
8,34547955;0,00000000;0,00000000
8,34558355;0,00000000;0,00000000
8,34568755;0,00000000;0,00000000
8,34579155;0,04336860;0,00000000
8,34589555;0,00000000;0,00000000
8,34599955;0,00000000;0,00000000
8,34610355;0,00000000;0,00000000
8,34620755;0,04336860;0,00000000
8,34631155;0,04336860;0,00000000
8,34641555;0,04336860;-0,01734744
8,34651955;0,04336860;0,00000000
8,34662355;0,04336860;0,00000000
8,34672755;0,00000000;0,00000000
8,34683155;0,04336860;0,00000000
8,34693555;0,00000000;0,00000000
8,34703955;0,00000000;0,00000000
8,34714355;0,00000000;0,00000000
8,34724755;0,00000000;0,00000000
8,34735155;0,00000000;0,00000000
8,34745555;0,00000000;0,00000000
8,34755955;0,00000000;0,00000000
8,34766355;0,04336860;0,00000000
8,34776755;0,04336860;0,00000000
8,34787155;0,00000000;0,00000000
8,34797555;0,04336860;0,00000000
8,34807955;0,00000000;0,00000000
8,34818355;0,04336860;0,00000000
8,34828755;0,00000000;0,00000000
8,34839155;0,00000000;0,00000000
8,34849555;0,00000000;0,00000000
8,34859955;0,00000000;0,00000000
8,34870355;0,00000000;0,00000000
8,34880755;0,00000000;0,00000000
8,34891155;0,04336860;0,00000000
8,34901555;0,00000000;0,00000000
8,34911955;0,04336860;0,00000000
8,34922355;0,04336860;0,00000000
8,34932755;0,04336860;0,00000000
8,34943155;0,00000000;0,00000000
8,34953555;0,04336860;0,00000000
8,34963955;0,00000000;-0,01734744
8,34974355;0,00000000;0,00000000
8,34984755;0,00000000;0,00000000
8,34995155;0,00000000;0,00000000
8,35005555;0,00000000;0,00000000
8,35015955;0,00000000;0,00000000
8,35026355;0,00000000;0,00000000
8,35036755;0,04336860;0,00000000
8,35047155;0,00000000;0,00000000
8,35057555;0,00000000;0,00000000
8,35067955;0,00000000;0,00000000
8,35078355;0,04336860;0,00000000
8,35088755;0,00000000;0,00000000
8,35099155;0,00000000;0,00000000
8,35109555;0,00000000;0,00000000
8,35119955;0,00000000;0,00000000
8,35130355;0,00000000;0,00000000
8,35140755;0,00000000;0,00000000
8,35151155;0,00000000;0,00000000
8,35161555;0,00000000;0,00000000
8,35171955;0,00000000;0,00000000
8,35182355;0,00000000;0,00000000
8,35192755;0,00000000;0,00000000
8,35203155;0,00000000;0,00000000
8,35213555;0,04336860;0,00000000
8,35223955;0,00000000;0,00000000
8,35234355;0,00000000;0,00000000
8,35244755;0,04336860;0,00000000
8,35255155;0,00000000;-0,01734744
8,35265555;0,00000000;0,00000000
8,35275955;0,00000000;0,00000000
8,35286355;0,00000000;0,00000000
8,35296755;0,00000000;0,00000000
8,35307155;0,00000000;0,00000000
8,35317555;0,00000000;0,00000000
8,35327955;0,00000000;0,00000000
8,35338355;0,00000000;0,00000000
8,35348755;0,00000000;0,00000000
8,35359155;0,00000000;0,00000000
8,35369555;0,04336860;0,00000000
8,35379955;0,04336860;0,00000000
8,35390355;0,00000000;0,00000000
8,35400755;0,00000000;0,00000000
8,35411155;0,04336860;0,00000000
8,35421555;0,04336860;0,00000000
8,35431955;0,04336860;0,00000000
8,35442355;0,00000000;0,00000000
8,35452755;0,04336860;0,00000000
8,35463155;0,00000000;0,00000000
8,35473555;0,00000000;0,00000000
8,35483955;0,00000000;0,00000000
8,35494355;0,00000000;0,00000000
8,35504755;0,00000000;-0,01734744
8,35515155;0,04336860;0,00000000
8,35525555;0,00000000;0,00000000
8,35535955;0,00000000;0,00000000
8,35546355;0,00000000;0,00000000
8,35556755;0,00000000;0,00000000
8,35567155;0,00000000;0,00000000
8,35577555;0,00000000;0,00000000
8,35587955;0,00000000;-0,01734744
8,35598355;0,00000000;0,00000000
8,35608755;0,00000000;0,00000000
8,35619155;0,00000000;0,00000000
8,35629555;0,04336860;0,00000000
8,35639955;0,00000000;0,00000000
8,35650355;0,00000000;0,00000000
8,35660755;0,00000000;0,00000000
8,35671155;0,00000000;0,00000000
8,35681555;0,00000000;0,00000000
8,35691955;0,00000000;0,00000000
8,35702355;0,00000000;0,00000000
8,35712755;0,00000000;-0,01734744
8,35723155;0,00000000;0,00000000
8,35733555;0,00000000;0,00000000
8,35743955;0,00000000;0,00000000
8,35754355;0,00000000;0,00000000
8,35764755;0,00000000;0,00000000
8,35775155;0,04336860;0,00000000
8,35785555;0,00000000;0,00000000
8,35795955;0,00000000;0,00000000
8,35806355;0,00000000;0,00000000
8,35816755;0,00000000;0,00000000
8,35827155;0,00000000;0,00000000
8,35837555;0,00000000;0,00000000
8,35847955;0,04336860;0,00000000
8,35858355;0,04336860;0,00000000
8,35868755;0,00000000;0,00000000
8,35879155;0,00000000;0,00000000
8,35889555;0,00000000;0,00000000
8,35899955;0,00000000;0,00000000
8,35910355;0,00000000;0,00000000
8,35920755;0,00000000;0,00000000
8,35931155;0,00000000;0,00000000
8,35941555;0,00000000;0,00000000
8,35951955;0,04336860;0,00000000
8,35962355;0,00000000;0,00000000
8,35972755;0,00000000;0,00000000
8,35983155;0,00000000;0,00000000
8,35993555;0,00000000;0,00000000
8,36003955;0,04336860;0,00000000
8,36014355;0,00000000;0,00000000
8,36024755;0,00000000;0,00000000
8,36035155;0,04336860;0,00000000
8,36045555;0,04336860;0,00000000
8,36055955;0,00000000;0,00000000
8,36066355;0,00000000;0,00000000
8,36076755;0,04336860;0,00000000
8,36087155;0,00000000;0,00000000
8,36097555;0,00000000;0,00000000
8,36107955;0,00000000;0,00000000
8,36118355;0,00000000;0,00000000
8,36128755;0,00000000;0,00000000
8,36139155;0,04336860;0,00000000
8,36149555;0,00000000;0,00000000
8,36159955;0,00000000;0,00000000
8,36170355;0,00000000;-0,01734744
8,36180755;0,00000000;0,00000000
8,36191155;0,00000000;0,00000000
8,36201555;0,00000000;0,00000000
8,36211955;0,00000000;0,00000000
8,36222355;0,00000000;0,00000000
8,36232755;0,04336860;0,00000000
8,36243155;0,00000000;0,00000000
8,36253555;0,00000000;0,00000000
8,36263955;0,00000000;0,00000000
8,36274355;0,00000000;0,00000000
8,36284755;0,00000000;0,00000000
8,36295155;0,00000000;0,00000000
8,36305555;0,00000000;0,00000000
8,36315955;0,00000000;0,00000000
8,36326355;0,00000000;0,00000000
8,36336755;0,00000000;0,00000000
8,36347155;0,00000000;0,00000000
8,36357555;0,00000000;0,00000000
8,36367955;0,00000000;0,00000000
8,36378355;0,04336860;0,00000000
8,36388755;0,04336860;0,00000000
8,36399155;0,00000000;0,00000000
8,36409555;0,04336860;0,00000000
8,36419955;0,00000000;0,00000000
8,36430355;0,00000000;0,00000000
8,36440755;0,04336860;0,00000000
8,36451155;0,00000000;0,00000000
8,36461555;0,00000000;0,00000000
8,36471955;0,00000000;0,00000000
8,36482355;0,00000000;0,00000000
8,36492755;0,00000000;0,00000000
8,36503155;0,00000000;0,00000000
8,36513555;0,00000000;0,00000000
8,36523955;0,00000000;0,00000000
8,36534355;0,00000000;0,00000000
8,36544755;0,00000000;0,00000000
8,36555155;0,00000000;0,00000000
8,36565555;0,00000000;0,00000000
8,36575955;0,00000000;0,00000000
8,36586355;0,00000000;0,00000000
8,36596755;0,04336860;0,00000000
8,36607155;0,00000000;0,00000000
8,36617555;0,00000000;0,00000000
8,36627955;0,00000000;0,00000000
8,36638355;0,00000000;0,00000000
8,36648755;0,04336860;0,00000000
8,36659155;0,00000000;0,00000000
8,36669555;0,00000000;0,00000000
8,36679955;0,00000000;0,00000000
8,36690355;0,00000000;0,00000000
8,36700755;0,00000000;0,00000000
8,36711155;0,00000000;0,00000000
8,36721555;0,00000000;0,00000000
8,36731955;0,00000000;0,00000000
8,36742355;0,04336860;-0,01734744
8,36752755;0,04336860;0,00000000
8,36763155;0,00000000;0,00000000
8,36773555;0,00000000;0,00000000
8,36783955;0,00000000;0,00000000
8,36794355;0,00000000;0,00000000
8,36804755;0,00000000;0,00000000
8,36815155;0,00000000;0,00000000
8,36825555;0,04336860;0,00000000
8,36835955;0,00000000;0,00000000
8,36846355;0,00000000;0,00000000
8,36856755;0,00000000;0,00000000
8,36867155;0,00000000;0,00000000
8,36877555;0,04336860;0,00000000
8,36887955;0,00000000;0,00000000
8,36898355;0,00000000;0,00000000
8,36908755;0,00000000;0,00000000
8,36919155;0,00000000;-0,01734744
8,36929555;0,00000000;0,00000000
8,36939955;0,00000000;0,00000000
8,36950355;0,04336860;0,00000000
8,36960755;0,04336860;0,00000000
8,36971155;0,00000000;0,00000000
8,36981555;0,00000000;0,00000000
8,36991955;0,00000000;0,00000000
8,37002355;0,00000000;0,00000000
8,37012755;0,00000000;0,00000000
8,37023155;0,00000000;0,00000000
8,37033555;0,00000000;0,00000000
8,37043955;0,00000000;0,00000000
8,37054355;0,00000000;0,00000000
8,37064755;0,00000000;0,00000000
8,37075155;0,00000000;0,00000000
8,37085555;0,04336860;0,00000000
8,37095955;0,00000000;0,00000000
8,37106355;0,00000000;0,00000000
8,37116755;0,04336860;0,00000000
8,37127155;0,00000000;0,00000000
8,37137555;0,00000000;0,00000000
8,37147955;0,00000000;0,00000000
8,37158355;0,04336860;0,00000000
8,37168755;0,00000000;0,00000000
8,37179155;0,00000000;0,00000000
8,37189555;0,00000000;0,00000000
8,37199955;0,00000000;0,00000000
8,37210355;0,00000000;0,00000000
8,37220755;0,04336860;0,00000000
8,37231155;0,00000000;0,00000000
8,37241555;0,00000000;0,00000000
8,37251955;0,00000000;0,00000000
8,37262355;0,00000000;0,00000000
8,37272755;0,00000000;0,00000000
8,37283155;0,04336860;0,00000000
8,37293555;0,00000000;0,00000000
8,37303955;0,00000000;0,00000000
8,37314355;0,00000000;0,00000000
8,37324755;0,00000000;0,00000000
8,37335155;0,00000000;0,00000000
8,37345555;0,00000000;0,00000000
8,37355955;0,00000000;0,00000000
8,37366355;0,00000000;0,00000000
8,37376755;0,00000000;0,00000000
8,37387155;0,04336860;0,00000000
8,37397555;0,00000000;0,00000000
8,37407955;0,04336860;0,00000000
8,37418355;0,00000000;0,00000000
8,37428755;0,00000000;0,00000000
8,37439155;0,04336860;0,00000000
8,37449555;0,00000000;0,00000000
8,37459955;0,00000000;0,00000000
8,37470355;0,04336860;0,00000000
8,37480755;0,00000000;0,00000000
8,37491155;0,04336860;0,00000000
8,37501555;0,00000000;0,00000000
8,37511955;0,00000000;0,00000000
8,37522355;0,00000000;0,00000000
8,37532755;0,00000000;0,00000000
8,37543155;0,04336860;0,00000000
8,37553555;0,00000000;0,00000000
8,37563955;0,04336860;0,00000000
8,37574355;0,00000000;0,00000000
8,37584755;0,04336860;0,00000000
8,37595155;0,00000000;0,00000000
8,37605555;0,00000000;0,00000000
8,37615955;0,00000000;0,00000000
8,37626355;0,04336860;0,00000000
8,37636755;0,04336860;0,00000000
8,37647155;0,04336860;0,00000000
8,37657555;0,00000000;0,00000000
8,37667955;0,04336860;0,00000000
8,37678355;0,04336860;0,00000000
8,37688755;0,00000000;0,00000000
8,37699155;0,00000000;0,00000000
8,37709555;0,00000000;0,00000000
8,37719955;0,00000000;0,00000000
8,37730355;0,00000000;0,00000000
8,37740755;0,00000000;0,00000000
8,37751155;0,00000000;0,00000000
8,37761555;0,00000000;0,00000000
8,37771955;0,00000000;0,00000000
8,37782355;0,00000000;0,00000000
8,37792755;0,00000000;-0,01734744
8,37803155;0,04336860;0,00000000
8,37813555;0,00000000;-0,01734744
8,37823955;0,00000000;0,00000000
8,37834355;0,00000000;0,00000000
8,37844755;0,04336860;0,00000000
8,37855155;0,00000000;0,00000000
8,37865555;0,04336860;0,00000000
8,37875955;0,00000000;0,00000000
8,37886355;0,00000000;0,00000000
8,37896755;0,00000000;0,00000000
8,37907155;0,00000000;0,00000000
8,37917555;0,04336860;0,00000000
8,37927955;0,00000000;0,00000000
8,37938355;0,04336860;0,00000000
8,37948755;0,00000000;0,00000000
8,37959155;0,00000000;0,00000000
8,37969555;0,04336860;0,00000000
8,37979955;0,00000000;0,00000000
8,37990355;0,04336860;0,00000000
8,38000755;0,00000000;0,00000000
8,38011155;0,00000000;0,00000000
8,38021555;0,00000000;0,00000000
8,38031955;0,00000000;0,00000000
8,38042355;0,04336860;0,00000000
8,38052755;0,00000000;0,00000000
8,38063155;0,00000000;0,00000000
8,38073555;0,04336860;0,00000000
8,38083955;0,04336860;0,00000000
8,38094355;0,00000000;0,00000000
8,38104755;0,04336860;0,00000000
8,38115155;0,04336860;0,00000000
8,38125555;0,00000000;0,00000000
8,38135955;0,04336860;0,00000000
8,38146355;0,04336860;0,00000000
8,38156755;0,00000000;0,00000000
8,38167155;0,00000000;0,00000000
8,38177555;0,00000000;0,00000000
8,38187955;0,00000000;0,00000000
8,38198355;0,04336860;0,00000000
8,38208755;0,00000000;0,00000000
8,38219155;0,04336860;0,00000000
8,38229555;0,00000000;0,00000000
8,38239955;0,00000000;0,00000000
8,38250355;0,00000000;0,00000000
8,38260755;0,04336860;0,00000000
8,38271155;0,00000000;0,00000000
8,38281555;0,00000000;0,00000000
8,38291955;0,00000000;0,00000000
8,38302355;0,00000000;0,00000000
8,38312755;0,04336860;0,00000000
8,38323155;0,04336860;0,00000000
8,38333555;0,04336860;0,00000000
8,38343955;0,00000000;0,00000000
8,38354355;0,00000000;0,00000000
8,38364755;0,04336860;0,00000000
8,38375155;0,00000000;0,00000000
8,38385555;0,00000000;0,00000000
8,38395955;0,00000000;0,00000000
8,38406355;0,00000000;0,00000000
8,38416755;0,00000000;0,00000000
8,38427155;0,00000000;0,00000000
8,38437555;0,00000000;0,00000000
8,38447955;0,00000000;0,00000000
8,38458355;0,04336860;0,00000000
8,38468755;0,00000000;0,00000000
8,38479155;0,00000000;0,00000000
8,38489555;0,04336860;0,00000000
8,38499955;0,00000000;0,00000000
8,38510355;0,00000000;0,00000000
8,38520755;0,00000000;0,00000000
8,38531155;0,00000000;0,00000000
8,38541555;0,00000000;0,00000000
8,38551955;0,00000000;0,00000000
8,38562355;0,00000000;0,00000000
8,38572755;0,00000000;0,00000000
8,38583155;0,00000000;0,00000000
8,38593555;0,00000000;0,00000000
8,38603955;0,00000000;0,00000000
8,38614355;0,00000000;0,00000000
8,38624755;0,04336860;0,00000000
8,38635155;0,00000000;0,00000000
8,38645555;0,04336860;0,00000000
8,38655955;0,00000000;0,00000000
8,38666355;0,00000000;0,00000000
8,38676755;0,00000000;0,00000000
8,38687155;0,00000000;0,00000000
8,38697555;0,00000000;0,00000000
8,38707955;0,00000000;0,00000000
8,38718355;0,00000000;0,00000000
8,38728755;0,04336860;0,00000000
8,38739155;0,04336860;0,00000000
8,38749555;0,00000000;0,00000000
8,38759955;0,00000000;0,00000000
8,38770355;0,04336860;-0,01734744
8,38780755;0,00000000;0,00000000
8,38791155;0,00000000;0,00000000
8,38801555;0,00000000;0,00000000
8,38811955;0,00000000;0,00000000
8,38822355;0,04336860;0,00000000
8,38832755;0,00000000;0,00000000
8,38843155;0,04336860;0,00000000
8,38853555;0,00000000;0,00000000
8,38863955;0,00000000;0,00000000
8,38874355;0,00000000;0,00000000
8,38884755;0,00000000;0,00000000
8,38895155;0,00000000;0,00000000
8,38905555;0,04336860;0,00000000
8,38915955;0,04336860;0,00000000
8,38926355;0,04336860;0,00000000
8,38936755;0,00000000;0,00000000
8,38947155;0,00000000;0,00000000
8,38957555;0,00000000;0,00000000
8,38967955;0,00000000;0,00000000
8,38978355;0,00000000;-0,01734744
8,38988755;0,00000000;0,00000000
8,38999155;0,00000000;0,00000000
8,39009555;0,00000000;-0,01734744
8,39019955;0,00000000;0,00000000
8,39030355;0,00000000;0,00000000
8,39040755;0,00000000;0,00000000
8,39051155;0,00000000;0,00000000
8,39061555;0,00000000;0,00000000
8,39071955;0,00000000;0,00000000
8,39082355;0,00000000;0,00000000
8,39092755;0,00000000;0,00000000
8,39103155;0,00000000;0,00000000
8,39113555;0,04336860;0,00000000
8,39123955;0,00000000;0,00000000
8,39134355;0,00000000;0,00000000
8,39144755;0,00000000;0,00000000
8,39155155;0,00000000;0,00000000
8,39165555;0,04336860;0,00000000
8,39175955;0,04336860;0,00000000
8,39186355;0,04336860;0,00000000
8,39196755;0,00000000;0,00000000
8,39207155;0,00000000;0,00000000
8,39217555;0,04336860;0,00000000
8,39227955;0,00000000;0,00000000
8,39238355;0,04336860;0,00000000
8,39248755;0,00000000;0,00000000
8,39259155;0,00000000;0,00000000
8,39269555;0,00000000;0,00000000
8,39279955;0,00000000;0,00000000
8,39290355;0,04336860;0,00000000
8,39300755;0,04336860;0,00000000
8,39311155;0,04336860;0,00000000
8,39321555;0,04336860;0,00000000
8,39331955;0,00000000;0,00000000
8,39342355;0,00000000;0,00000000
8,39352755;0,00000000;0,00000000
8,39363155;0,04336860;0,00000000
8,39373555;0,00000000;0,00000000
8,39383955;0,00000000;0,00000000
8,39394355;0,04336860;0,00000000
8,39404755;0,00000000;0,00000000
8,39415155;0,00000000;0,00000000
8,39425555;0,04336860;0,00000000
8,39435955;0,04336860;0,00000000
8,39446355;0,00000000;0,00000000
8,39456755;0,00000000;0,00000000
8,39467155;0,04336860;0,00000000
8,39477555;0,00000000;0,00000000
8,39487955;0,00000000;0,00000000
8,39498355;0,04336860;0,00000000
8,39508755;0,00000000;-0,01734744
8,39519155;0,00000000;0,00000000
8,39529555;0,00000000;0,00000000
8,39539955;0,00000000;0,00000000
8,39550355;0,00000000;0,00000000
8,39560755;0,00000000;0,00000000
8,39571155;0,00000000;0,00000000
8,39581555;0,00000000;0,00000000
8,39591955;0,04336860;0,00000000
8,39602355;0,00000000;0,00000000
8,39612755;0,04336860;0,00000000
8,39623155;0,00000000;0,00000000
8,39633555;0,04336860;0,00000000
8,39643955;0,00000000;0,00000000
8,39654355;0,00000000;0,00000000
8,39664755;0,00000000;0,00000000
8,39675155;0,00000000;0,00000000
8,39685555;0,04336860;0,00000000
8,39695955;0,00000000;0,00000000
8,39706355;0,00000000;-0,01734744
8,39716755;0,00000000;0,00000000
8,39727155;0,00000000;0,00000000
8,39737555;0,00000000;0,00000000
8,39747955;0,00000000;0,00000000
8,39758355;0,00000000;0,00000000
8,39768755;0,00000000;0,00000000
8,39779155;0,04336860;0,00000000
8,39789555;0,00000000;0,00000000
8,39799955;0,00000000;0,00000000
8,39810355;0,00000000;0,00000000
8,39820755;0,00000000;0,00000000
8,39831155;0,04336860;0,00000000
8,39841555;0,04336860;0,00000000
8,39851955;0,00000000;0,00000000
8,39862355;0,00000000;0,00000000
8,39872755;0,00000000;0,00000000
8,39883155;0,00000000;0,00000000
8,39893555;0,00000000;0,00000000
8,39903955;0,00000000;0,00000000
8,39914355;0,00000000;0,00000000
8,39924755;0,00000000;0,00000000
8,39935155;0,00000000;0,00000000
8,39945555;0,00000000;0,00000000
8,39955955;0,00000000;0,00000000
8,39966355;0,04336860;0,00000000
8,39976755;0,00000000;0,00000000
8,39987155;0,00000000;0,00000000
8,39997555;0,00000000;-0,01734744
8,40007955;0,00000000;0,00000000
8,40018355;0,00000000;0,00000000
8,40028755;0,00000000;0,00000000
8,40039155;0,00000000;0,00000000
8,40049555;0,00000000;0,00000000
8,40059955;0,00000000;0,00000000
8,40070355;0,00000000;0,00000000
8,40080755;0,00000000;0,00000000
8,40091155;0,00000000;0,00000000
8,40101555;0,00000000;0,00000000
8,40111955;0,00000000;0,00000000
8,40122355;0,00000000;0,00000000
8,40132755;0,00000000;0,00000000
8,40143155;0,04336860;0,00000000
8,40153555;0,04336860;0,00000000
8,40163955;0,04336860;0,00000000
8,40174355;0,00000000;0,00000000
8,40184755;0,00000000;-0,01734744
8,40195155;0,00000000;0,00000000
8,40205555;0,04336860;0,00000000
8,40215955;0,00000000;0,00000000
8,40226355;0,04336860;0,00000000
8,40236755;0,04336860;0,00000000
8,40247155;0,00000000;0,00000000
8,40257555;0,00000000;0,00000000
8,40267955;0,04336860;0,00000000
8,40278355;0,00000000;0,00000000
8,40288755;0,00000000;0,00000000
8,40299155;0,00000000;0,00000000
8,40309555;0,00000000;0,00000000
8,40319955;0,04336860;0,00000000
8,40330355;0,00000000;0,00000000
8,40340755;0,00000000;0,00000000
8,40351155;0,04336860;0,00000000
8,40361555;0,04336860;0,00000000
8,40371955;0,00000000;0,00000000
8,40382355;0,00000000;0,00000000
8,40392755;0,00000000;0,00000000
8,40403155;0,00000000;0,00000000
8,40413555;0,00000000;0,00000000
8,40423955;0,00000000;0,00000000
8,40434355;0,04336860;0,00000000
8,40444755;0,00000000;0,00000000
8,40455155;0,00000000;0,00000000
8,40465555;0,00000000;0,00000000
8,40475955;0,04336860;0,00000000
8,40486355;0,00000000;0,00000000
8,40496755;0,04336860;0,00000000
8,40507155;0,00000000;0,00000000
8,40517555;0,00000000;0,00000000
8,40527955;0,00000000;0,00000000
8,40538355;0,00000000;0,00000000
8,40548755;0,04336860;0,00000000
8,40559155;0,00000000;0,00000000
8,40569555;0,04336860;0,00000000
8,40579955;0,00000000;0,00000000
8,40590355;0,00000000;0,00000000
8,40600755;0,00000000;0,00000000
8,40611155;0,00000000;0,00000000
8,40621555;0,04336860;0,00000000
8,40631955;0,00000000;0,00000000
8,40642355;0,00000000;0,00000000
8,40652755;0,00000000;0,00000000
8,40663155;0,00000000;0,00000000
8,40673555;0,00000000;0,00000000
8,40683955;0,00000000;0,00000000
8,40694355;0,00000000;0,00000000
8,40704755;0,00000000;0,00000000
8,40715155;0,00000000;0,00000000
8,40725555;0,00000000;0,00000000
8,40735955;0,00000000;0,00000000
8,40746355;0,00000000;0,00000000
8,40756755;0,00000000;0,00000000
8,40767155;0,00000000;0,00000000
8,40777555;0,00000000;0,00000000
8,40787955;0,00000000;0,00000000
8,40798355;0,00000000;0,00000000
8,40808755;0,04336860;0,00000000
8,40819155;0,00000000;0,00000000
8,40829555;0,00000000;0,00000000
8,40839955;0,00000000;0,00000000
8,40850355;0,00000000;0,00000000
8,40860755;0,00000000;0,00000000
8,40871155;0,00000000;0,00000000
8,40881555;0,04336860;0,00000000
8,40891955;0,00000000;0,00000000
8,40902355;0,04336860;0,00000000
8,40912755;0,04336860;0,00000000
8,40923155;0,00000000;0,00000000
8,40933555;0,00000000;0,00000000
8,40943955;0,00000000;0,00000000
8,40954355;0,04336860;0,00000000
8,40964755;0,00000000;0,00000000
8,40975155;0,00000000;0,00000000
8,40985555;0,00000000;0,00000000
8,40995955;0,00000000;0,00000000
8,41006355;0,00000000;0,00000000
8,41016755;0,00000000;0,00000000
8,41027155;0,00000000;0,00000000
8,41037555;0,00000000;0,00000000
8,41047955;0,00000000;0,00000000
8,41058355;0,04336860;0,00000000
8,41068755;0,00000000;0,00000000
8,41079155;0,00000000;0,00000000
8,41089555;0,00000000;0,00000000
8,41099955;0,00000000;0,00000000
8,41110355;0,00000000;0,00000000
8,41120755;0,00000000;0,00000000
8,41131155;0,04336860;0,00000000
8,41141555;0,00000000;0,00000000
8,41151955;0,00000000;0,00000000
8,41162355;0,00000000;-0,01734744
8,41172755;0,00000000;0,00000000
8,41183155;0,00000000;0,00000000
8,41193555;0,00000000;0,00000000
8,41203955;0,00000000;-0,01734744
8,41214355;0,04336860;0,00000000
8,41224755;0,00000000;0,00000000
8,41235155;0,00000000;0,00000000
8,41245555;0,00000000;0,00000000
8,41255955;0,00000000;0,00000000
8,41266355;0,00000000;0,00000000
8,41276755;0,00000000;0,00000000
8,41287155;0,04336860;0,00000000
8,41297555;0,00000000;0,00000000
8,41307955;0,00000000;0,00000000
8,41318355;0,00000000;0,00000000
8,41328755;0,04336860;0,00000000
8,41339155;0,00000000;-0,01734744
8,41349555;0,04336860;0,00000000
8,41359955;0,00000000;0,00000000
8,41370355;0,04336860;0,00000000
8,41380755;0,04336860;0,00000000
8,41391155;0,00000000;0,00000000
8,41401555;0,04336860;0,00000000
8,41411955;0,00000000;0,00000000
8,41422355;0,04336860;0,00000000
8,41432755;0,04336860;0,00000000
8,41443155;0,04336860;0,00000000
8,41453555;0,00000000;0,00000000
8,41463955;0,04336860;0,00000000
8,41474355;0,04336860;0,00000000
8,41484755;0,00000000;0,00000000
8,41495155;0,04336860;0,00000000
8,41505555;0,00000000;0,00000000
8,41515955;0,00000000;0,00000000
8,41526355;0,04336860;0,00000000
8,41536755;0,00000000;-0,01734744
8,41547155;0,00000000;0,00000000
8,41557555;0,04336860;0,00000000
8,41567955;0,00000000;0,00000000
8,41578355;0,04336860;0,00000000
8,41588755;0,00000000;0,00000000
8,41599155;0,00000000;0,00000000
8,41609555;0,04336860;0,00000000
8,41619955;0,04336860;0,00000000
8,41630355;0,00000000;0,00000000
8,41640755;0,00000000;0,00000000
8,41651155;0,04336860;0,00000000
8,41661555;0,00000000;0,00000000
8,41671955;0,00000000;-0,01734744
8,41682355;0,00000000;-0,01734744
8,41692755;0,00000000;0,00000000
8,41703155;0,00000000;0,00000000
8,41713555;0,04336860;0,00000000
8,41723955;0,00000000;0,00000000
8,41734355;0,00000000;0,00000000
8,41744755;0,00000000;0,00000000
8,41755155;0,00000000;0,00000000
8,41765555;0,00000000;0,00000000
8,41775955;0,00000000;0,00000000
8,41786355;0,00000000;0,00000000
8,41796755;0,00000000;0,00000000
8,41807155;0,04336860;0,00000000
8,41817555;0,00000000;0,00000000
8,41827955;0,00000000;-0,01734744
8,41838355;0,00000000;0,00000000
8,41848755;0,04336860;0,00000000
8,41859155;0,04336860;0,00000000
8,41869555;0,00000000;0,00000000
8,41879955;0,00000000;0,00000000
8,41890355;0,04336860;0,00000000
8,41900755;0,00000000;0,00000000
8,41911155;0,00000000;-0,01734744
8,41921555;0,00000000;0,00000000
8,41931955;0,00000000;0,00000000
8,41942355;0,04336860;0,00000000
8,41952755;0,04336860;0,00000000
8,41963155;0,04336860;0,00000000
8,41973555;0,04336860;0,00000000
8,41983955;0,00000000;0,00000000
8,41994355;0,00000000;-0,01734744
8,42004755;0,04336860;0,00000000
8,42015155;0,00000000;0,00000000
8,42025555;0,00000000;0,00000000
8,42035955;0,00000000;0,00000000
8,42046355;0,00000000;0,00000000
8,42056755;0,00000000;0,00000000
8,42067155;0,00000000;0,00000000
8,42077555;0,00000000;0,00000000
8,42087955;0,00000000;0,00000000
8,42098355;0,00000000;0,00000000
8,42108755;0,00000000;-0,01734744
8,42119155;0,00000000;0,00000000
8,42129555;0,00000000;0,00000000
8,42139955;0,00000000;0,00000000
8,42150355;0,00000000;0,00000000
8,42160755;0,00000000;0,00000000
8,42171155;0,00000000;0,00000000
8,42181555;0,04336860;-0,01734744
8,42191955;0,00000000;0,00000000
8,42202355;0,00000000;0,00000000
8,42212755;0,00000000;0,00000000
8,42223155;0,00000000;-0,01734744
8,42233555;0,00000000;0,00000000
8,42243955;0,00000000;-0,01734744
8,42254355;0,00000000;0,00000000
8,42264755;0,00000000;0,00000000
8,42275155;0,00000000;0,00000000
8,42285555;0,04336860;0,00000000
8,42295955;0,00000000;0,00000000
8,42306355;0,00000000;0,00000000
8,42316755;0,00000000;0,00000000
8,42327155;0,00000000;0,00000000
8,42337555;0,04336860;0,00000000
8,42347955;0,00000000;0,00000000
8,42358355;0,00000000;0,00000000
8,42368755;0,00000000;0,00000000
8,42379155;0,00000000;0,00000000
8,42389555;0,00000000;0,00000000
8,42399955;0,04336860;0,00000000
8,42410355;0,00000000;0,00000000
8,42420755;0,00000000;0,00000000
8,42431155;0,04336860;0,00000000
8,42441555;0,04336860;0,00000000
8,42451955;0,04336860;0,00000000
8,42462355;0,00000000;0,00000000
8,42472755;0,00000000;-0,01734744
8,42483155;0,00000000;0,00000000
8,42493555;0,00000000;0,00000000
8,42503955;0,00000000;0,00000000
8,42514355;0,00000000;0,00000000
8,42524755;0,00000000;0,00000000
8,42535155;0,00000000;0,00000000
8,42545555;0,04336860;0,00000000
8,42555955;0,04336860;0,00000000
8,42566355;0,04336860;0,00000000
8,42576755;0,00000000;0,00000000
8,42587155;0,00000000;0,00000000
8,42597555;0,04336860;0,00000000
8,42607955;0,00000000;0,00000000
8,42618355;0,00000000;0,00000000
8,42628755;0,00000000;0,00000000
8,42639155;0,00000000;0,00000000
8,42649555;0,00000000;0,00000000
8,42659955;0,00000000;0,00000000
8,42670355;0,04336860;0,00000000
8,42680755;0,00000000;0,00000000
8,42691155;0,00000000;0,00000000
8,42701555;0,00000000;0,00000000
8,42711955;0,00000000;0,00000000
8,42722355;0,00000000;0,00000000
8,42732755;0,00000000;0,00000000
8,42743155;0,00000000;0,00000000
8,42753555;0,00000000;0,00000000
8,42763955;0,00000000;0,00000000
8,42774355;0,04336860;0,00000000
8,42784755;0,00000000;0,00000000
8,42795155;0,00000000;0,00000000
8,42805555;0,00000000;0,00000000
8,42815955;0,00000000;0,00000000
8,42826355;0,00000000;0,00000000
8,42836755;0,00000000;0,00000000
8,42847155;0,04336860;0,00000000
8,42857555;0,04336860;0,00000000
8,42867955;0,00000000;-0,01734744
8,42878355;0,00000000;0,00000000
8,42888755;0,00000000;0,00000000
8,42899155;0,04336860;0,00000000
8,42909555;0,00000000;0,00000000
8,42919955;0,00000000;0,00000000
8,42930355;0,00000000;0,00000000
8,42940755;0,00000000;0,00000000
8,42951155;0,00000000;0,00000000
8,42961555;0,00000000;0,00000000
8,42971955;0,00000000;0,00000000
8,42982355;0,04336860;0,00000000
8,42992755;0,00000000;0,00000000
8,43003155;0,00000000;0,00000000
8,43013555;0,04336860;0,00000000
8,43023955;0,00000000;0,00000000
8,43034355;0,00000000;0,00000000
8,43044755;0,00000000;0,00000000
8,43055155;0,00000000;0,00000000
8,43065555;0,04336860;0,00000000
8,43075955;0,04336860;0,00000000
8,43086355;0,00000000;0,00000000
8,43096755;0,00000000;0,00000000
8,43107155;0,00000000;0,00000000
8,43117555;0,00000000;0,00000000
8,43127955;0,00000000;-0,01734744
8,43138355;0,04336860;-0,01734744
8,43148755;0,00000000;0,00000000
8,43159155;0,00000000;0,00000000
8,43169555;0,00000000;0,00000000
8,43179955;0,00000000;0,00000000
8,43190355;0,00000000;0,00000000
8,43200755;0,04336860;0,00000000
8,43211155;0,00000000;0,00000000
8,43221555;0,00000000;0,00000000
8,43231955;0,00000000;0,00000000
8,43242355;0,00000000;0,00000000
8,43252755;0,00000000;0,00000000
8,43263155;0,00000000;0,00000000
8,43273555;0,00000000;0,00000000
8,43283955;0,00000000;-0,01734744
8,43294355;0,00000000;0,00000000
8,43304755;0,04336860;0,00000000
8,43315155;0,04336860;0,00000000
8,43325555;0,04336860;0,00000000
8,43335955;0,00000000;0,00000000
8,43346355;0,04336860;0,00000000
8,43356755;0,00000000;0,00000000
8,43367155;0,00000000;0,00000000
8,43377555;0,00000000;0,00000000
8,43387955;0,00000000;0,00000000
8,43398355;0,00000000;0,00000000
8,43408755;0,00000000;0,00000000
8,43419155;0,00000000;0,00000000
8,43429555;0,00000000;-0,01734744
8,43439955;0,04336860;0,00000000
8,43450355;0,04336860;0,00000000
8,43460755;0,00000000;0,00000000
8,43471155;0,04336860;0,00000000
8,43481555;0,00000000;-0,01734744
8,43491955;0,00000000;0,00000000
8,43502355;0,00000000;0,00000000
8,43512755;0,00000000;0,00000000
8,43523155;0,00000000;0,00000000
8,43533555;0,00000000;0,00000000
8,43543955;0,00000000;0,00000000
8,43554355;0,00000000;0,00000000
8,43564755;0,00000000;0,00000000
8,43575155;0,00000000;0,00000000
8,43585555;0,00000000;0,00000000
8,43595955;0,00000000;0,00000000
8,43606355;0,04336860;0,00000000
8,43616755;0,00000000;0,00000000
8,43627155;0,00000000;0,00000000
8,43637555;0,04336860;0,00000000
8,43647955;0,00000000;0,00000000
8,43658355;0,00000000;0,00000000
8,43668755;0,00000000;0,00000000
8,43679155;0,00000000;0,00000000
8,43689555;0,00000000;0,00000000
8,43699955;0,04336860;0,00000000
8,43710355;0,04336860;0,00000000
8,43720755;0,00000000;0,00000000
8,43731155;0,00000000;0,00000000
8,43741555;0,00000000;0,00000000
8,43751955;0,00000000;0,00000000
8,43762355;0,00000000;0,00000000
8,43772755;0,04336860;0,00000000
8,43783155;0,00000000;0,00000000
8,43793555;0,04336860;0,00000000
8,43803955;0,00000000;0,00000000
8,43814355;0,04336860;0,00000000
8,43824755;0,00000000;0,00000000
8,43835155;0,04336860;0,00000000
8,43845555;0,00000000;0,00000000
8,43855955;0,04336860;0,00000000
8,43866355;0,00000000;0,00000000
8,43876755;0,04336860;0,00000000
8,43887155;0,00000000;0,00000000
8,43897555;0,00000000;0,00000000
8,43907955;0,00000000;0,00000000
8,43918355;0,00000000;0,00000000
8,43928755;0,04336860;0,00000000
8,43939155;0,04336860;0,00000000
8,43949555;0,00000000;-0,01734744
8,43959955;0,00000000;0,00000000
8,43970355;0,00000000;0,00000000
8,43980755;0,00000000;0,00000000
8,43991155;0,00000000;0,00000000
8,44001555;0,00000000;0,00000000
8,44011955;0,00000000;-0,01734744
8,44022355;0,04336860;0,00000000
8,44032755;0,00000000;0,00000000
8,44043155;0,04336860;0,00000000
8,44053555;0,00000000;0,00000000
8,44063955;0,00000000;0,00000000
8,44074355;0,04336860;0,00000000
8,44084755;0,00000000;0,00000000
8,44095155;0,00000000;0,00000000
8,44105555;0,00000000;0,00000000
8,44115955;0,00000000;0,00000000
8,44126354;0,00000000;0,00000000
8,44136754;0,00000000;0,00000000
8,44147154;0,00000000;0,00000000
8,44157554;0,00000000;0,00000000
8,44167954;0,00000000;0,00000000
8,44178354;0,00000000;0,00000000
8,44188754;0,00000000;0,00000000
8,44199154;0,04336860;0,00000000
8,44209554;0,00000000;0,00000000
8,44219954;0,00000000;0,00000000
8,44230354;0,00000000;0,00000000
8,44240754;0,00000000;0,00000000
8,44251154;0,00000000;0,00000000
8,44261554;0,00000000;0,00000000
8,44271954;0,00000000;0,00000000
8,44282354;0,00000000;0,00000000
8,44292754;0,00000000;0,00000000
8,44303154;0,00000000;0,00000000
8,44313554;0,00000000;0,00000000
8,44323954;0,04336860;0,00000000
8,44334354;0,00000000;0,00000000
8,44344754;0,00000000;0,00000000
8,44355154;0,00000000;0,00000000
8,44365554;0,00000000;0,00000000
8,44375954;0,00000000;0,00000000
8,44386354;0,00000000;0,00000000
8,44396754;0,00000000;0,00000000
8,44407154;0,00000000;0,00000000
8,44417554;0,00000000;0,00000000
8,44427954;0,00000000;-0,01734744
8,44438354;0,00000000;0,00000000
8,44448754;0,00000000;-0,01734744
8,44459154;0,00000000;0,00000000
8,44469554;0,00000000;-0,01734744
8,44479954;0,04336860;0,00000000
8,44490354;0,00000000;0,00000000
8,44500754;0,00000000;0,00000000
8,44511154;0,00000000;0,00000000
8,44521554;0,00000000;0,00000000
8,44531954;0,00000000;0,00000000
8,44542354;0,00000000;0,00000000
8,44552754;0,00000000;0,00000000
8,44563154;0,00000000;0,00000000
8,44573554;0,00000000;0,00000000
8,44583954;0,00000000;0,00000000
8,44594354;0,00000000;0,00000000
8,44604754;0,00000000;0,00000000
8,44615154;0,00000000;-0,01734744
8,44625554;0,00000000;0,00000000
8,44635954;0,04336860;0,00000000
8,44646354;0,00000000;0,00000000
8,44656754;0,00000000;0,00000000
8,44667154;0,04336860;0,00000000
8,44677554;0,00000000;0,00000000
8,44687954;0,00000000;0,00000000
8,44698354;0,00000000;0,00000000
8,44708754;0,00000000;0,00000000
8,44719154;0,04336860;0,00000000
8,44729554;0,00000000;0,00000000
8,44739954;0,00000000;0,00000000
8,44750354;0,00000000;-0,01734744
8,44760754;0,00000000;0,00000000
8,44771154;0,00000000;0,00000000
8,44781554;0,04336860;0,00000000
8,44791954;0,00000000;0,00000000
8,44802354;0,00000000;0,00000000
8,44812754;0,00000000;0,00000000
8,44823154;0,00000000;0,00000000
8,44833554;0,00000000;0,00000000
8,44843954;0,00000000;0,00000000
8,44854354;0,00000000;0,00000000
8,44864754;0,00000000;0,00000000
8,44875154;0,00000000;0,00000000
8,44885554;0,00000000;0,00000000
8,44895954;0,00000000;0,00000000
8,44906354;0,00000000;0,00000000
8,44916754;0,00000000;0,00000000
8,44927154;0,00000000;0,00000000
8,44937554;0,04336860;0,00000000
8,44947954;0,00000000;0,00000000
8,44958354;0,00000000;0,00000000
8,44968754;0,00000000;0,00000000
8,44979154;0,00000000;0,00000000
8,44989554;0,04336860;0,00000000
8,44999954;0,00000000;0,00000000
8,45010354;0,00000000;0,00000000
8,45020754;0,00000000;0,00000000
8,45031154;0,04336860;0,00000000
8,45041554;0,04336860;0,00000000
8,45051954;0,00000000;0,00000000
8,45062354;0,00000000;0,00000000
8,45072754;0,00000000;0,00000000
8,45083154;0,00000000;0,00000000
8,45093554;0,04336860;0,00000000
8,45103954;0,00000000;0,00000000
8,45114354;0,00000000;0,00000000
8,45124754;0,00000000;0,00000000
8,45135154;0,00000000;0,00000000
8,45145554;0,00000000;0,00000000
8,45155954;0,00000000;-0,01734744
8,45166354;0,00000000;0,00000000
8,45176754;0,00000000;0,00000000
8,45187154;0,00000000;0,00000000
8,45197554;0,00000000;0,00000000
8,45207954;0,00000000;0,00000000
8,45218354;0,00000000;0,00000000
8,45228754;0,00000000;0,00000000
8,45239154;0,00000000;-0,01734744
8,45249554;0,04336860;0,00000000
8,45259954;0,00000000;0,00000000
8,45270354;0,04336860;0,00000000
8,45280754;0,04336860;0,00000000
8,45291154;0,00000000;0,00000000
8,45301554;0,00000000;0,00000000
8,45311954;0,00000000;0,00000000
8,45322354;0,00000000;0,00000000
8,45332754;0,00000000;0,00000000
8,45343154;0,04336860;0,00000000
8,45353554;0,04336860;0,00000000
8,45363954;0,00000000;0,00000000
8,45374354;0,04336860;0,00000000
8,45384754;0,00000000;0,00000000
8,45395154;0,04336860;0,00000000
8,45405554;0,00000000;0,00000000
8,45415954;0,04336860;0,00000000
8,45426354;0,00000000;0,00000000
8,45436754;0,00000000;0,00000000
8,45447154;0,00000000;0,00000000
8,45457554;0,04336860;0,00000000
8,45467954;0,04336860;0,00000000
8,45478354;0,00000000;0,00000000
8,45488754;0,00000000;0,00000000
8,45499154;0,00000000;0,00000000
8,45509554;0,00000000;0,00000000
8,45519954;0,00000000;0,00000000
8,45530354;0,00000000;0,00000000
8,45540754;0,00000000;0,00000000
8,45551154;0,04336860;0,00000000
8,45561554;0,04336860;0,00000000
8,45571954;0,00000000;0,00000000
8,45582354;0,00000000;0,00000000
8,45592754;0,00000000;0,00000000
8,45603154;0,04336860;0,00000000
8,45613554;0,00000000;0,00000000
8,45623954;0,00000000;0,00000000
8,45634354;0,00000000;0,00000000
8,45644754;0,00000000;0,00000000
8,45655154;0,00000000;0,00000000
8,45665554;0,04336860;0,00000000
8,45675954;0,00000000;0,00000000
8,45686354;0,00000000;0,00000000
8,45696754;0,00000000;0,00000000
8,45707154;0,00000000;0,00000000
8,45717554;0,00000000;0,00000000
8,45727954;0,00000000;0,00000000
8,45738354;0,00000000;0,00000000
8,45748754;0,00000000;0,00000000
8,45759154;0,04336860;0,00000000
8,45769554;0,00000000;0,00000000
8,45779954;0,00000000;0,00000000
8,45790354;0,00000000;0,00000000
8,45800754;0,00000000;0,00000000
8,45811154;0,00000000;0,00000000
8,45821554;0,00000000;0,00000000
8,45831954;0,00000000;0,00000000
8,45842354;0,00000000;0,00000000
8,45852754;0,04336860;0,00000000
8,45863154;0,04336860;0,00000000
8,45873554;0,04336860;0,00000000
8,45883954;0,00000000;0,00000000
8,45894354;0,00000000;0,00000000
8,45904754;0,00000000;-0,01734744
8,45915154;0,00000000;0,00000000
8,45925554;0,00000000;0,00000000
8,45935954;0,00000000;0,00000000
8,45946354;0,04336860;0,00000000
8,45956754;0,00000000;0,00000000
8,45967154;0,00000000;0,00000000
8,45977554;0,00000000;0,00000000
8,45987954;0,00000000;0,00000000
8,45998354;0,04336860;0,00000000
8,46008754;0,00000000;0,00000000
8,46019154;0,00000000;0,00000000
8,46029554;0,00000000;0,00000000
8,46039954;0,00000000;0,00000000
8,46050354;0,00000000;0,00000000
8,46060754;0,04336860;0,00000000
8,46071154;0,00000000;0,00000000
8,46081554;0,00000000;0,00000000
8,46091954;0,00000000;0,00000000
8,46102354;0,00000000;0,00000000
8,46112754;0,00000000;0,00000000
8,46123154;0,04336860;0,00000000
8,46133554;0,04336860;0,00000000
8,46143954;0,00000000;0,00000000
8,46154354;0,00000000;0,00000000
8,46164754;0,00000000;0,00000000
8,46175154;0,00000000;0,00000000
8,46185554;0,00000000;0,00000000
8,46195954;0,00000000;0,00000000
8,46206354;0,04336860;0,00000000
8,46216754;0,00000000;0,00000000
8,46227154;0,00000000;0,00000000
8,46237554;0,00000000;0,00000000
8,46247954;0,04336860;0,00000000
8,46258354;0,00000000;0,00000000
8,46268754;0,00000000;0,00000000
8,46279154;0,00000000;0,00000000
8,46289554;0,00000000;0,00000000
8,46299954;0,00000000;0,00000000
8,46310354;0,00000000;0,00000000
8,46320754;0,00000000;0,00000000
8,46331154;0,00000000;0,00000000
8,46341554;0,00000000;0,00000000
8,46351954;0,00000000;0,00000000
8,46362354;0,04336860;0,00000000
8,46372754;0,04336860;0,00000000
8,46383154;0,00000000;0,00000000
8,46393554;0,00000000;0,00000000
8,46403954;0,00000000;0,00000000
8,46414354;0,00000000;0,00000000
8,46424754;0,04336860;0,00000000
8,46435154;0,00000000;0,00000000
8,46445554;0,00000000;0,00000000
8,46455954;0,04336860;0,00000000
8,46466354;0,00000000;0,00000000
8,46476754;0,00000000;0,00000000
8,46487154;0,04336860;0,00000000
8,46497554;0,00000000;0,00000000
8,46507954;0,00000000;0,00000000
8,46518354;0,04336860;0,00000000
8,46528754;0,00000000;0,00000000
8,46539154;0,00000000;0,00000000
8,46549554;0,00000000;0,00000000
8,46559954;0,00000000;0,00000000
8,46570354;0,00000000;0,00000000
8,46580754;0,00000000;0,00000000
8,46591154;0,00000000;0,00000000
8,46601554;0,04336860;0,00000000
8,46611954;0,00000000;0,00000000
8,46622354;0,04336860;0,00000000
8,46632754;0,00000000;0,00000000
8,46643154;0,00000000;0,00000000
8,46653554;0,04336860;0,00000000
8,46663954;0,04336860;0,00000000
8,46674354;0,00000000;0,00000000
8,46684754;0,00000000;0,00000000
8,46695154;0,00000000;0,00000000
8,46705554;0,00000000;0,00000000
8,46715954;0,00000000;-0,01734744
8,46726354;0,00000000;0,00000000
8,46736754;0,00000000;0,00000000
8,46747154;0,00000000;0,00000000
8,46757554;0,00000000;0,00000000
8,46767954;0,00000000;0,00000000
8,46778354;0,00000000;0,00000000
8,46788754;0,00000000;0,00000000
8,46799154;0,00000000;0,00000000
8,46809554;0,00000000;0,00000000
8,46819954;0,00000000;0,00000000
8,46830354;0,00000000;0,00000000
8,46840754;0,00000000;0,00000000
8,46851154;0,00000000;0,00000000
8,46861554;0,00000000;0,00000000
8,46871954;0,00000000;0,00000000
8,46882354;0,04336860;0,00000000
8,46892754;0,04336860;0,00000000
8,46903154;0,00000000;0,00000000
8,46913554;0,04336860;0,00000000
8,46923954;0,00000000;0,00000000
8,46934354;0,00000000;0,00000000
8,46944754;0,00000000;0,00000000
8,46955154;0,00000000;0,00000000
8,46965554;0,00000000;0,00000000
8,46975954;0,00000000;0,00000000
8,46986354;0,00000000;0,00000000
8,46996754;0,04336860;0,00000000
8,47007154;0,00000000;0,00000000
8,47017554;0,04336860;0,00000000
8,47027954;0,00000000;0,00000000
8,47038354;0,00000000;0,00000000
8,47048754;0,00000000;0,00000000
8,47059154;0,00000000;0,00000000
8,47069554;0,04336860;0,00000000
8,47079954;0,00000000;0,00000000
8,47090354;0,04336860;0,00000000
8,47100754;0,00000000;0,00000000
8,47111154;0,04336860;0,00000000
8,47121554;0,00000000;0,00000000
8,47131954;0,00000000;0,00000000
8,47142354;0,04336860;0,00000000
8,47152754;0,04336860;0,00000000
8,47163154;0,04336860;0,00000000
8,47173554;0,00000000;0,00000000
8,47183954;0,00000000;0,00000000
8,47194354;0,00000000;0,00000000
8,47204754;0,00000000;0,00000000
8,47215154;0,00000000;0,00000000
8,47225554;0,00000000;0,00000000
8,47235954;0,00000000;0,00000000
8,47246354;0,00000000;0,00000000
8,47256754;0,00000000;0,00000000
8,47267154;0,04336860;0,00000000
8,47277554;0,00000000;0,00000000
8,47287954;0,04336860;0,00000000
8,47298354;0,00000000;0,00000000
8,47308754;0,00000000;0,00000000
8,47319154;0,04336860;0,00000000
8,47329554;0,00000000;0,00000000
8,47339954;0,00000000;0,00000000
8,47350354;0,04336860;0,00000000
8,47360754;0,00000000;0,00000000
8,47371154;0,00000000;0,00000000
8,47381554;0,00000000;0,00000000
8,47391954;0,00000000;0,00000000
8,47402354;0,04336860;0,00000000
8,47412754;0,00000000;0,00000000
8,47423154;0,00000000;0,00000000
8,47433554;0,00000000;0,00000000
8,47443954;0,04336860;0,00000000
8,47454354;0,00000000;0,00000000
8,47464754;0,00000000;0,00000000
8,47475154;0,04336860;0,00000000
8,47485554;0,00000000;0,00000000
8,47495954;0,00000000;0,00000000
8,47506354;0,00000000;0,00000000
8,47516754;0,04336860;0,00000000
8,47527154;0,00000000;0,00000000
8,47537554;0,04336860;0,00000000
8,47547954;0,00000000;0,00000000
8,47558354;0,00000000;0,00000000
8,47568754;0,00000000;0,00000000
8,47579154;0,00000000;0,00000000
8,47589554;0,00000000;0,00000000
8,47599954;0,00000000;0,00000000
8,47610354;0,00000000;0,00000000
8,47620754;0,00000000;0,00000000
8,47631154;0,00000000;0,00000000
8,47641554;0,00000000;0,00000000
8,47651954;0,00000000;0,00000000
8,47662354;0,00000000;0,00000000
8,47672754;0,00000000;0,00000000
8,47683154;0,00000000;0,00000000
8,47693554;0,00000000;0,00000000
8,47703954;0,00000000;0,00000000
8,47714354;0,00000000;0,00000000
8,47724754;0,04336860;0,00000000
8,47735154;0,00000000;0,00000000
8,47745554;0,04336860;0,00000000
8,47755954;0,00000000;0,00000000
8,47766354;0,00000000;0,00000000
8,47776754;0,00000000;0,00000000
8,47787154;0,00000000;0,00000000
8,47797554;0,04336860;0,00000000
8,47807954;0,04336860;0,00000000
8,47818354;0,00000000;0,00000000
8,47828754;0,04336860;0,00000000
8,47839154;0,00000000;0,00000000
8,47849554;0,04336860;0,00000000
8,47859954;0,00000000;0,00000000
8,47870354;0,04336860;0,00000000
8,47880754;0,00000000;0,00000000
8,47891154;0,00000000;0,00000000
8,47901554;0,00000000;0,00000000
8,47911954;0,00000000;0,00000000
8,47922354;0,00000000;0,00000000
8,47932754;0,00000000;0,00000000
8,47943154;0,00000000;0,00000000
8,47953554;0,00000000;0,00000000
8,47963954;0,00000000;0,00000000
8,47974354;0,04336860;0,00000000
8,47984754;0,04336860;0,00000000
8,47995154;0,00000000;0,00000000
8,48005554;0,00000000;0,00000000
8,48015954;0,00000000;0,00000000
8,48026354;0,00000000;0,00000000
8,48036754;0,00000000;0,00000000
8,48047154;0,04336860;0,00000000
8,48057554;0,00000000;0,00000000
8,48067954;0,00000000;0,00000000
8,48078354;0,00000000;0,00000000
8,48088754;0,00000000;0,00000000
8,48099154;0,00000000;-0,01734744
8,48109554;0,00000000;0,00000000
8,48119954;0,00000000;0,00000000
8,48130354;0,00000000;0,00000000
8,48140754;0,04336860;0,00000000
8,48151154;0,04336860;0,00000000
8,48161554;0,00000000;0,00000000
8,48171954;0,00000000;0,00000000
8,48182354;0,00000000;0,00000000
8,48192754;0,00000000;0,00000000
8,48203154;0,04336860;0,00000000
8,48213554;0,00000000;-0,01734744
8,48223954;0,00000000;0,00000000
8,48234354;0,00000000;0,00000000
8,48244754;0,00000000;0,00000000
8,48255154;0,00000000;0,00000000
8,48265554;0,04336860;0,00000000
8,48275954;0,00000000;0,00000000
8,48286354;0,04336860;0,00000000
8,48296754;0,04336860;0,00000000
8,48307154;0,00000000;0,00000000
8,48317554;0,00000000;0,00000000
8,48327954;0,04336860;0,00000000
8,48338354;0,00000000;0,00000000
8,48348754;0,00000000;0,00000000
8,48359154;0,00000000;0,00000000
8,48369554;0,00000000;0,00000000
8,48379954;0,00000000;0,00000000
8,48390354;0,04336860;0,00000000
8,48400754;0,00000000;0,00000000
8,48411154;0,00000000;0,00000000
8,48421554;0,00000000;0,00000000
8,48431954;0,00000000;0,00000000
8,48442354;0,00000000;-0,01734744
8,48452754;0,04336860;0,00000000
8,48463154;0,00000000;0,00000000
8,48473554;0,00000000;0,00000000
8,48483954;0,04336860;0,00000000
8,48494354;0,00000000;0,00000000
8,48504754;0,04336860;0,00000000
8,48515154;0,00000000;0,00000000
8,48525554;0,00000000;0,00000000
8,48535954;0,00000000;0,00000000
8,48546354;0,00000000;0,00000000
8,48556754;0,04336860;0,00000000
8,48567154;0,00000000;0,00000000
8,48577554;0,04336860;0,00000000
8,48587954;0,00000000;0,00000000
8,48598354;0,00000000;0,00000000
8,48608754;0,00000000;0,00000000
8,48619154;0,00000000;0,00000000
8,48629554;0,00000000;0,00000000
8,48639954;0,00000000;0,00000000
8,48650354;0,00000000;0,00000000
8,48660754;0,00000000;0,00000000
8,48671154;0,00000000;-0,01734744
8,48681554;0,00000000;0,00000000
8,48691954;0,04336860;0,00000000
8,48702354;0,00000000;0,00000000
8,48712754;0,00000000;0,00000000
8,48723154;0,00000000;0,00000000
8,48733554;0,04336860;0,00000000
8,48743954;0,00000000;0,00000000
8,48754354;0,00000000;0,00000000
8,48764754;0,00000000;0,00000000
8,48775154;0,00000000;0,00000000
8,48785554;0,00000000;0,00000000
8,48795954;0,00000000;0,00000000
8,48806354;0,00000000;0,00000000
8,48816754;0,00000000;0,00000000
8,48827154;0,00000000;0,00000000
8,48837554;0,00000000;0,00000000
8,48847954;0,00000000;0,00000000
8,48858354;0,00000000;0,00000000
8,48868754;0,00000000;0,00000000
8,48879154;0,00000000;0,00000000
8,48889554;0,00000000;0,00000000
8,48899954;0,00000000;-0,01734744
8,48910354;0,00000000;0,00000000
8,48920754;0,00000000;0,00000000
8,48931154;0,00000000;0,00000000
8,48941554;0,00000000;0,00000000
8,48951954;0,04336860;0,00000000
8,48962354;0,04336860;0,00000000
8,48972754;0,04336860;0,00000000
8,48983154;0,00000000;0,00000000
8,48993554;0,04336860;0,00000000
8,49003954;0,00000000;0,00000000
8,49014354;0,00000000;0,00000000
8,49024754;0,00000000;0,00000000
8,49035154;0,00000000;0,00000000
8,49045554;0,00000000;-0,01734744
8,49055954;0,00000000;0,00000000
8,49066354;0,00000000;0,00000000
8,49076754;0,00000000;0,00000000
8,49087154;0,00000000;0,00000000
8,49097554;0,00000000;0,00000000
8,49107954;0,04336860;0,00000000
8,49118354;0,00000000;0,00000000
8,49128754;0,00000000;0,00000000
8,49139154;0,00000000;0,00000000
8,49149554;0,00000000;0,00000000
8,49159954;0,00000000;0,00000000
8,49170354;0,00000000;0,00000000
8,49180754;0,00000000;0,00000000
8,49191154;0,00000000;0,00000000
8,49201554;0,04336860;0,00000000
8,49211954;0,00000000;0,00000000
8,49222354;0,00000000;0,00000000
8,49232754;0,00000000;0,00000000
8,49243154;0,00000000;0,00000000
8,49253554;0,00000000;0,00000000
8,49263954;0,04336860;0,00000000
8,49274354;0,04336860;0,00000000
8,49284754;0,00000000;0,00000000
8,49295154;0,00000000;0,00000000
8,49305554;0,00000000;0,00000000
8,49315954;0,00000000;0,00000000
8,49326354;0,00000000;0,00000000
8,49336754;0,00000000;0,00000000
8,49347154;0,00000000;0,00000000
8,49357554;0,00000000;0,00000000
8,49367954;0,00000000;0,00000000
8,49378354;0,00000000;0,00000000
8,49388754;0,00000000;0,00000000
8,49399154;0,00000000;0,00000000
8,49409554;0,00000000;-0,01734744
8,49419954;0,00000000;0,00000000
8,49430354;0,00000000;0,00000000
8,49440754;0,00000000;0,00000000
8,49451154;0,00000000;0,00000000
8,49461554;0,00000000;0,00000000
8,49471954;0,00000000;0,00000000
8,49482354;0,00000000;0,00000000
8,49492754;0,04336860;0,00000000
8,49503154;0,00000000;0,00000000
8,49513554;0,04336860;0,00000000
8,49523954;0,00000000;0,00000000
8,49534354;0,00000000;0,00000000
8,49544754;0,04336860;0,00000000
8,49555154;0,00000000;0,00000000
8,49565554;0,00000000;0,00000000
8,49575954;0,00000000;0,00000000
8,49586354;0,00000000;0,00000000
8,49596754;0,00000000;0,00000000
8,49607154;0,04336860;0,00000000
8,49617554;0,00000000;0,00000000
8,49627954;0,00000000;0,00000000
8,49638354;0,00000000;0,00000000
8,49648754;0,00000000;0,00000000
8,49659154;0,04336860;0,00000000
8,49669554;0,00000000;0,00000000
8,49679954;0,00000000;0,00000000
8,49690354;0,00000000;0,00000000
8,49700754;0,00000000;0,00000000
8,49711154;0,00000000;0,00000000
8,49721554;0,00000000;0,00000000
8,49731954;0,00000000;0,00000000
8,49742354;0,04336860;0,00000000
8,49752754;0,00000000;0,00000000
8,49763154;0,00000000;0,00000000
8,49773554;0,00000000;0,00000000
8,49783954;0,00000000;0,00000000
8,49794354;0,00000000;0,00000000
8,49804754;0,00000000;0,00000000
8,49815154;0,04336860;0,00000000
8,49825554;0,00000000;0,00000000
8,49835954;0,00000000;0,00000000
8,49846354;0,04336860;0,00000000
8,49856754;0,00000000;0,00000000
8,49867154;0,00000000;0,00000000
8,49877554;0,00000000;0,00000000
8,49887954;0,00000000;0,00000000
8,49898354;0,00000000;0,00000000
8,49908754;0,00000000;0,00000000
8,49919154;0,00000000;0,00000000
8,49929554;0,04336860;0,00000000
8,49939954;0,00000000;0,00000000
8,49950354;0,00000000;0,00000000
8,49960754;0,00000000;0,00000000
8,49971154;0,00000000;0,00000000
8,49981554;0,00000000;0,00000000
8,49991954;0,00000000;0,00000000
8,50002354;0,00000000;0,00000000
8,50012754;0,00000000;0,00000000
8,50023154;0,00000000;0,00000000
8,50033554;0,00000000;0,00000000
8,50043954;0,00000000;0,00000000
8,50054354;0,00000000;0,00000000
8,50064754;0,00000000;0,00000000
8,50075154;0,00000000;0,00000000
8,50085554;0,00000000;0,00000000
8,50095954;0,04336860;0,00000000
8,50106354;0,00000000;0,00000000
8,50116754;0,00000000;0,00000000
8,50127154;0,00000000;0,00000000
8,50137554;0,00000000;0,00000000
8,50147954;0,00000000;0,00000000
8,50158354;0,00000000;0,00000000
8,50168754;0,00000000;0,00000000
8,50179154;0,00000000;0,00000000
8,50189554;0,00000000;0,00000000
8,50199954;0,04336860;0,00000000
8,50210354;0,04336860;0,00000000
8,50220754;0,00000000;0,00000000
8,50231154;0,00000000;0,00000000
8,50241554;0,04336860;0,00000000
8,50251954;0,00000000;0,00000000
8,50262354;0,04336860;0,00000000
8,50272754;0,00000000;0,00000000
8,50283154;0,00000000;0,00000000
8,50293554;0,04336860;-0,01734744
8,50303954;0,00000000;0,00000000
8,50314354;0,00000000;0,00000000
8,50324754;0,04336860;0,00000000
8,50335154;0,00000000;0,00000000
8,50345554;0,00000000;0,00000000
8,50355954;0,00000000;0,00000000
8,50366354;0,00000000;0,00000000
8,50376754;0,04336860;0,00000000
8,50387154;0,00000000;0,00000000
8,50397554;0,00000000;0,00000000
8,50407954;0,00000000;0,00000000
8,50418354;0,00000000;0,00000000
8,50428754;0,00000000;0,00000000
8,50439154;0,04336860;0,00000000
8,50449554;0,00000000;0,00000000
8,50459954;0,00000000;0,00000000
8,50470354;0,00000000;0,00000000
8,50480754;0,00000000;0,00000000
8,50491154;0,00000000;0,00000000
8,50501554;0,00000000;0,00000000
8,50511954;0,00000000;0,00000000
8,50522354;0,00000000;0,00000000
8,50532754;0,00000000;0,00000000
8,50543154;0,00000000;0,00000000
8,50553554;0,00000000;0,00000000
8,50563954;0,00000000;0,00000000
8,50574354;0,00000000;0,00000000
8,50584754;0,00000000;0,00000000
8,50595154;0,00000000;0,00000000
8,50605554;0,00000000;0,00000000
8,50615954;0,00000000;0,00000000
8,50626354;0,04336860;0,00000000
8,50636754;0,00000000;0,00000000
8,50647154;0,00000000;0,00000000
8,50657554;0,00000000;0,00000000
8,50667954;0,00000000;0,00000000
8,50678354;0,00000000;0,00000000
8,50688754;0,04336860;0,00000000
8,50699154;0,04336860;0,00000000
8,50709554;0,04336860;0,00000000
8,50719954;0,00000000;0,00000000
8,50730354;0,00000000;0,00000000
8,50740754;0,00000000;0,00000000
8,50751154;0,00000000;0,00000000
8,50761554;0,00000000;0,00000000
8,50771954;0,00000000;0,00000000
8,50782354;0,00000000;0,00000000
8,50792754;0,00000000;0,00000000
8,50803154;0,00000000;0,00000000
8,50813554;0,00000000;0,00000000
8,50823954;0,00000000;0,00000000
8,50834354;0,04336860;0,00000000
8,50844754;0,00000000;0,00000000
8,50855154;0,04336860;0,00000000
8,50865554;0,00000000;0,00000000
8,50875954;0,00000000;0,00000000
8,50886354;0,04336860;0,00000000
8,50896754;0,00000000;0,00000000
8,50907154;0,00000000;0,00000000
8,50917554;0,00000000;-0,01734744
8,50927954;0,00000000;0,00000000
8,50938354;0,00000000;0,00000000
8,50948754;0,04336860;0,00000000
8,50959154;0,00000000;0,00000000
8,50969554;0,04336860;0,00000000
8,50979954;0,04336860;0,00000000
8,50990354;0,00000000;0,00000000
8,51000754;0,04336860;0,00000000
8,51011154;0,00000000;0,00000000
8,51021554;0,04336860;0,00000000
8,51031954;0,04336860;0,00000000
8,51042354;0,00000000;0,00000000
8,51052754;0,04336860;0,00000000
8,51063154;0,00000000;0,00000000
8,51073554;0,00000000;0,00000000
8,51083954;0,00000000;0,00000000
8,51094354;0,00000000;0,00000000
8,51104754;0,00000000;0,00000000
8,51115154;0,00000000;0,00000000
8,51125554;0,00000000;0,00000000
8,51135954;0,00000000;0,00000000
8,51146354;0,00000000;0,00000000
8,51156754;0,00000000;0,00000000
8,51167154;0,00000000;0,00000000
8,51177554;0,04336860;0,00000000
8,51187954;0,00000000;0,00000000
8,51198354;0,00000000;0,00000000
8,51208754;0,04336860;0,00000000
8,51219154;0,00000000;0,00000000
8,51229554;0,00000000;0,00000000
8,51239954;0,00000000;0,00000000
8,51250354;0,00000000;0,00000000
8,51260754;0,04336860;0,00000000
8,51271154;0,00000000;0,00000000
8,51281554;0,00000000;0,00000000
8,51291954;0,00000000;0,00000000
8,51302354;0,00000000;0,00000000
8,51312754;0,00000000;0,00000000
8,51323154;0,00000000;-0,01734744
8,51333554;0,00000000;0,00000000
8,51343954;0,00000000;0,00000000
8,51354354;0,00000000;0,00000000
8,51364754;0,00000000;0,00000000
8,51375154;0,04336860;0,00000000
8,51385554;0,04336860;0,00000000
8,51395954;0,00000000;0,00000000
8,51406354;0,00000000;0,00000000
8,51416754;0,04336860;0,00000000
8,51427154;0,00000000;0,00000000
8,51437554;0,00000000;0,00000000
8,51447954;0,00000000;0,00000000
8,51458354;0,00000000;0,00000000
8,51468754;0,04336860;0,00000000
8,51479154;0,00000000;0,00000000
8,51489554;0,00000000;0,00000000
8,51499954;0,00000000;0,00000000
8,51510354;0,00000000;0,00000000
8,51520754;0,00000000;0,00000000
8,51531154;0,00000000;0,00000000
8,51541554;0,00000000;0,00000000
8,51551954;0,00000000;0,00000000
8,51562354;0,00000000;0,00000000
8,51572754;0,04336860;0,00000000
8,51583154;0,00000000;0,00000000
8,51593554;0,00000000;0,00000000
8,51603954;0,00000000;0,00000000
8,51614354;0,04336860;0,00000000
8,51624754;0,00000000;0,00000000
8,51635154;0,00000000;0,00000000
8,51645554;0,00000000;0,00000000
8,51655954;0,00000000;0,00000000
8,51666354;0,00000000;0,00000000
8,51676754;0,00000000;0,00000000
8,51687154;0,00000000;0,00000000
8,51697554;0,00000000;0,00000000
8,51707954;0,00000000;0,00000000
8,51718354;0,00000000;0,00000000
8,51728754;0,00000000;-0,01734744
8,51739154;0,00000000;0,00000000
8,51749554;0,00000000;0,00000000
8,51759954;0,00000000;0,00000000
8,51770354;0,00000000;0,00000000
8,51780754;0,00000000;-0,01734744
8,51791154;0,00000000;0,00000000
8,51801554;0,00000000;0,00000000
8,51811954;0,04336860;0,00000000
8,51822354;0,04336860;0,00000000
8,51832754;0,04336860;0,00000000
8,51843154;0,00000000;-0,01734744
8,51853554;0,04336860;0,00000000
8,51863954;0,00000000;0,00000000
8,51874354;0,00000000;0,00000000
8,51884754;0,00000000;0,00000000
8,51895154;0,00000000;0,00000000
8,51905554;0,00000000;0,00000000
8,51915954;0,00000000;0,00000000
8,51926354;0,00000000;0,00000000
8,51936754;0,00000000;0,00000000
8,51947154;0,04336860;0,00000000
8,51957554;0,00000000;0,00000000
8,51967954;0,00000000;0,00000000
8,51978354;0,00000000;-0,01734744
8,51988754;0,00000000;0,00000000
8,51999154;0,00000000;0,00000000
8,52009554;0,04336860;0,00000000
8,52019954;0,00000000;0,00000000
8,52030354;0,04336860;0,00000000
8,52040754;0,00000000;0,00000000
8,52051154;0,00000000;0,00000000
8,52061554;0,04336860;0,00000000
8,52071954;0,00000000;0,00000000
8,52082354;0,00000000;0,00000000
8,52092754;0,04336860;0,00000000
8,52103154;0,00000000;0,00000000
8,52113554;0,00000000;0,00000000
8,52123954;0,00000000;0,00000000
8,52134354;0,04336860;0,00000000
8,52144754;0,00000000;0,00000000
8,52155154;0,00000000;0,00000000
8,52165554;0,00000000;0,00000000
8,52175954;0,04336860;0,00000000
8,52186354;0,04336860;0,00000000
8,52196754;0,04336860;0,00000000
8,52207154;0,04336860;0,00000000
8,52217554;0,00000000;0,00000000
8,52227954;0,00000000;-0,01734744
8,52238354;0,00000000;0,00000000
8,52248754;0,00000000;0,00000000
8,52259154;0,00000000;0,00000000
8,52269554;0,00000000;0,00000000
8,52279954;0,00000000;0,00000000
8,52290354;0,04336860;0,00000000
8,52300754;0,00000000;0,00000000
8,52311154;0,00000000;0,00000000
8,52321554;0,00000000;0,00000000
8,52331954;0,00000000;0,00000000
8,52342354;0,00000000;0,00000000
8,52352754;0,00000000;-0,01734744
8,52363154;0,00000000;0,00000000
8,52373554;0,00000000;0,00000000
8,52383954;0,00000000;0,00000000
8,52394354;0,00000000;0,00000000
8,52404754;0,00000000;0,00000000
8,52415154;0,00000000;0,00000000
8,52425554;0,04336860;0,00000000
8,52435954;0,00000000;0,00000000
8,52446354;0,00000000;0,00000000
8,52456754;0,00000000;0,00000000
8,52467154;0,00000000;0,00000000
8,52477554;0,00000000;0,00000000
8,52487954;0,04336860;0,00000000
8,52498354;0,00000000;0,00000000
8,52508754;0,00000000;0,00000000
8,52519154;0,04336860;0,00000000
8,52529554;0,00000000;0,00000000
8,52539954;0,00000000;0,00000000
8,52550354;0,00000000;0,00000000
8,52560754;0,00000000;0,00000000
8,52571154;0,00000000;0,00000000
8,52581554;0,00000000;0,00000000
8,52591954;0,04336860;0,00000000
8,52602354;0,00000000;0,00000000
8,52612754;0,04336860;0,00000000
8,52623154;0,00000000;0,00000000
8,52633554;0,04336860;0,00000000
8,52643954;0,00000000;0,00000000
8,52654354;0,00000000;0,00000000
8,52664754;0,00000000;0,00000000
8,52675154;0,00000000;0,00000000
8,52685554;0,00000000;0,00000000
8,52695954;0,04336860;0,00000000
8,52706354;0,00000000;0,00000000
8,52716754;0,04336860;0,00000000
8,52727154;0,04336860;0,00000000
8,52737554;0,00000000;0,00000000
8,52747954;0,04336860;0,00000000
8,52758354;0,04336860;0,00000000
8,52768754;0,00000000;0,00000000
8,52779154;0,00000000;0,00000000
8,52789554;0,00000000;0,00000000
8,52799954;0,00000000;-0,01734744
8,52810354;0,00000000;0,00000000
8,52820754;0,00000000;0,00000000
8,52831154;0,04336860;0,00000000
8,52841554;0,00000000;0,00000000
8,52851954;0,00000000;0,00000000
8,52862354;0,00000000;0,00000000
8,52872754;0,00000000;0,00000000
8,52883154;0,00000000;0,00000000
8,52893554;0,00000000;0,00000000
8,52903954;0,04336860;0,00000000
8,52914354;0,00000000;0,00000000
8,52924754;0,00000000;0,00000000
8,52935154;0,00000000;0,00000000
8,52945554;0,00000000;-0,01734744
8,52955954;0,00000000;0,00000000
8,52966354;0,00000000;0,00000000
8,52976754;0,00000000;0,00000000
8,52987154;0,00000000;0,00000000
8,52997554;0,00000000;0,00000000
8,53007954;0,00000000;0,00000000
8,53018354;0,00000000;0,00000000
8,53028754;0,00000000;0,00000000
8,53039154;0,04336860;0,00000000
8,53049554;0,04336860;0,00000000
8,53059954;0,00000000;0,00000000
8,53070354;0,00000000;0,00000000
8,53080754;0,00000000;0,00000000
8,53091154;0,00000000;0,00000000
8,53101554;0,00000000;0,00000000
8,53111954;0,00000000;0,00000000
8,53122354;0,00000000;0,00000000
8,53132754;0,00000000;0,00000000
8,53143154;0,00000000;0,00000000
8,53153554;0,04336860;0,00000000
8,53163954;0,00000000;0,00000000
8,53174354;0,00000000;-0,01734744
8,53184754;0,00000000;0,00000000
8,53195154;0,00000000;0,00000000
8,53205554;0,00000000;0,00000000
8,53215954;0,04336860;0,00000000
8,53226354;0,00000000;0,00000000
8,53236754;0,00000000;0,00000000
8,53247154;0,04336860;0,00000000
8,53257554;0,00000000;0,00000000
8,53267954;0,00000000;0,00000000
8,53278354;0,00000000;0,00000000
8,53288754;0,00000000;0,00000000
8,53299154;0,00000000;0,00000000
8,53309554;0,00000000;0,00000000
8,53319954;0,00000000;0,00000000
8,53330354;0,00000000;0,00000000
8,53340754;0,04336860;0,00000000
8,53351154;0,00000000;0,00000000
8,53361554;0,00000000;0,00000000
8,53371954;0,00000000;0,00000000
8,53382354;0,04336860;0,00000000
8,53392754;0,00000000;0,00000000
8,53403154;0,00000000;0,00000000
8,53413554;0,04336860;0,00000000
8,53423954;0,00000000;0,00000000
8,53434354;0,04336860;0,00000000
8,53444754;0,04336860;0,00000000
8,53455154;0,00000000;0,00000000
8,53465554;0,04336860;0,00000000
8,53475954;0,00000000;0,00000000
8,53486354;0,00000000;0,00000000
8,53496754;0,00000000;0,00000000
8,53507154;0,00000000;0,00000000
8,53517554;0,00000000;0,00000000
8,53527954;0,04336860;0,00000000
8,53538354;0,00000000;0,00000000
8,53548754;0,00000000;0,00000000
8,53559154;0,00000000;0,00000000
8,53569554;0,04336860;0,00000000
8,53579954;0,00000000;0,00000000
8,53590354;0,00000000;0,00000000
8,53600754;0,00000000;0,00000000
8,53611154;0,04336860;0,00000000
8,53621554;0,00000000;0,00000000
8,53631954;0,00000000;0,00000000
8,53642354;0,00000000;0,00000000
8,53652754;0,00000000;0,00000000
8,53663154;0,00000000;0,00000000
8,53673554;0,00000000;0,00000000
8,53683954;0,00000000;0,00000000
8,53694354;0,04336860;0,00000000
8,53704754;0,04336860;0,00000000
8,53715154;0,04336860;0,00000000
8,53725554;0,04336860;0,00000000
8,53735954;0,00000000;0,00000000
8,53746354;0,00000000;0,00000000
8,53756754;0,04336860;0,00000000
8,53767154;0,00000000;-0,01734744
8,53777554;0,00000000;0,00000000
8,53787954;0,00000000;0,00000000
8,53798354;0,00000000;0,00000000
8,53808754;0,00000000;0,00000000
8,53819154;0,00000000;0,00000000
8,53829554;0,00000000;0,00000000
8,53839954;0,00000000;0,00000000
8,53850354;0,00000000;0,00000000
8,53860754;0,00000000;0,00000000
8,53871154;0,00000000;0,00000000
8,53881554;0,04336860;0,00000000
8,53891954;0,00000000;0,00000000
8,53902354;0,00000000;0,00000000
8,53912754;0,00000000;0,00000000
8,53923154;0,04336860;0,00000000
8,53933554;0,00000000;0,00000000
8,53943954;0,04336860;0,00000000
8,53954354;0,00000000;0,00000000
8,53964754;0,00000000;0,00000000
8,53975154;0,00000000;0,00000000
8,53985554;0,04336860;0,00000000
8,53995954;0,04336860;0,00000000
8,54006354;0,00000000;0,00000000
8,54016754;0,00000000;0,00000000
8,54027154;0,00000000;0,00000000
8,54037554;0,04336860;0,00000000
8,54047954;0,00000000;0,00000000
8,54058354;0,00000000;0,00000000
8,54068754;0,04336860;0,00000000
8,54079154;0,04336860;-0,01734744
8,54089554;0,04336860;0,00000000
8,54099954;0,00000000;0,00000000
8,54110354;0,04336860;0,00000000
8,54120754;0,04336860;0,00000000
8,54131154;0,00000000;0,00000000
8,54141554;0,00000000;0,00000000
8,54151954;0,00000000;0,00000000
8,54162354;0,00000000;0,00000000
8,54172754;0,00000000;0,00000000
8,54183154;0,00000000;0,00000000
8,54193554;0,00000000;0,00000000
8,54203954;0,04336860;0,00000000
8,54214354;0,00000000;0,00000000
8,54224754;0,00000000;0,00000000
8,54235154;0,04336860;0,00000000
8,54245554;0,00000000;0,00000000
8,54255954;0,00000000;0,00000000
8,54266354;0,00000000;0,00000000
8,54276754;0,00000000;0,00000000
8,54287154;0,04336860;0,00000000
8,54297554;0,04336860;0,00000000
8,54307954;0,00000000;0,00000000
8,54318354;0,00000000;0,00000000
8,54328754;0,00000000;0,00000000
8,54339154;0,00000000;0,00000000
8,54349554;0,04336860;0,00000000
8,54359954;0,04336860;0,00000000
8,54370354;0,00000000;0,00000000
8,54380754;0,00000000;0,00000000
8,54391154;0,00000000;0,00000000
8,54401554;0,04336860;0,00000000
8,54411954;0,04336860;0,00000000
8,54422354;0,00000000;0,00000000
8,54432754;0,00000000;0,00000000
8,54443154;0,00000000;0,00000000
8,54453554;0,00000000;0,00000000
8,54463954;0,00000000;0,00000000
8,54474354;0,00000000;0,00000000
8,54484754;0,00000000;0,00000000
8,54495154;0,00000000;0,00000000
8,54505554;0,00000000;0,00000000
8,54515954;0,00000000;0,00000000
8,54526354;0,00000000;0,00000000
8,54536754;0,00000000;0,00000000
8,54547154;0,00000000;0,00000000
8,54557554;0,00000000;0,00000000
8,54567954;0,00000000;0,00000000
8,54578354;0,00000000;0,00000000
8,54588754;0,00000000;0,00000000
8,54599154;0,00000000;0,00000000
8,54609554;0,00000000;0,00000000
8,54619954;4,08879805;0,00000000
8,54630354;3,87133980;0,00000000
8,54640754;3,74077272;0,00000000
8,54651154;3,82781744;0,00000000
8,54661554;3,82781744;0,00000000
8,54671954;3,82781744;0,00000000
8,54682354;3,82781744;0,00000000
8,54692754;3,82781744;0,00000000
8,54703154;3,82781744;0,00000000
8,54713554;3,82781744;0,00000000
8,54723954;3,82781744;0,00000000
8,54734354;3,82781744;0,00000000
8,54744754;3,82781744;0,00000000
8,54755154;3,82781744;0,00000000
8,54765554;3,82781744;0,00000000
8,54775954;3,82781744;0,00000000
8,54786354;3,82781744;0,00000000
8,54796754;3,82781744;0,00000000
8,54807154;3,82781744;0,00000000
8,54817554;3,78429508;0,00000000
8,54827954;3,78429508;0,00000000
8,54838354;3,82781744;0,00000000
8,54848754;3,78429508;0,00000000
8,54859154;3,82781744;0,00000000
8,54869554;3,78429508;0,00000000
8,54879954;3,82781744;0,00000000
8,54890354;3,78429508;0,00000000
8,54900754;3,82781744;0,00000000
8,54911154;3,82781744;0,00000000
8,54921554;3,78429508;0,00000000
8,54931954;3,78429508;0,00000000
8,54942354;3,82781744;0,00000000
8,54952754;3,78429508;0,00000000
8,54963154;3,78429508;0,00000000
8,54973554;3,82781744;0,00000000
8,54983954;3,78429508;0,00000000
8,54994354;3,78429508;0,00000000
8,55004754;3,82781744;0,00000000
8,55015154;3,82781744;0,00000000
8,55025554;3,78429508;0,00000000
8,55035954;3,78429508;0,00000000
8,55046354;3,78429508;0,00000000
8,55056754;3,78429508;0,00000000
8,55067154;3,78429508;0,00000000
8,55077554;3,78429508;0,00000000
8,55087954;3,78429508;0,00000000
8,55098354;3,78429508;0,00000000
8,55108754;3,78429508;0,00000000
8,55119154;3,78429508;0,00000000
8,55129554;3,82781744;0,00000000
8,55139954;3,78429508;0,00000000
8,55150354;3,78429508;0,00000000
8,55160754;3,78429508;0,00000000
8,55171154;3,78429508;0,00000000
8,55181554;3,78429508;0,00000000
8,55191954;3,78429508;0,00000000
8,55202354;3,78429508;0,00000000
8,55212754;3,78429508;0,00000000
8,55223154;3,78429508;0,00000000
8,55233554;3,78429508;0,00000000
8,55243954;3,82781744;0,00000000
8,55254354;3,78429508;0,00000000
8,55264754;3,78429508;0,00000000
8,55275154;3,78429508;0,00000000
8,55285554;3,82781744;0,00000000
8,55295954;3,78429508;0,00000000
8,55306354;3,82781744;0,00000000
8,55316754;3,78429508;0,00000000
8,55327154;3,78429508;0,00000000
8,55337554;3,78429508;0,00000000
8,55347954;3,82781744;0,00000000
8,55358354;3,82781744;0,00000000
8,55368754;3,78429508;0,00000000
8,55379154;3,82781744;0,00000000
8,55389554;3,78429508;0,00000000
8,55399954;3,78429508;0,00000000
8,55410354;3,78429508;0,00000000
8,55420754;3,78429508;0,00000000
8,55431154;3,78429508;0,00000000
8,55441554;3,78429508;0,00000000
8,55451954;3,78429508;0,00000000
8,55462354;3,78429508;0,00000000
8,55472754;3,78429508;0,00000000
8,55483154;3,78429508;0,00000000
8,55493554;3,82781744;0,00000000
8,55503954;3,78429508;0,00000000
8,55514354;3,78429508;0,00000000
8,55524754;3,78429508;0,00000000
8,55535154;3,78429508;0,00000000
8,55545554;3,82781744;0,00000000
8,55555954;3,78429508;0,00000000
8,55566354;3,82781744;0,00000000
8,55576754;3,78429508;0,00000000
8,55587154;3,82781744;0,00000000
8,55597554;3,78429508;0,00000000
8,55607954;3,78429508;0,00000000
8,55618354;3,78429508;0,00000000
8,55628754;3,78429508;0,00000000
8,55639154;3,78429508;0,00000000
8,55649554;3,82781744;0,00000000
8,55659954;3,78429508;0,00000000
8,55670354;3,82781744;0,00000000
8,55680754;3,82781744;0,00000000
8,55691154;3,78429508;0,00000000
8,55701554;3,78429508;0,00000000
8,55711954;3,78429508;0,00000000
8,55722354;3,78429508;0,00000000
8,55732754;3,82781744;0,00000000
8,55743154;3,78429508;0,00000000
8,55753554;3,82781744;0,00000000
8,55763954;3,82781744;0,00000000
8,55774354;3,78429508;0,00000000
8,55784754;3,78429508;0,00000000
8,55795154;3,78429508;0,00000000
8,55805554;3,78429508;0,00000000
8,55815954;3,78429508;0,00000000
8,55826354;3,82781744;0,00000000
8,55836754;3,82781744;0,00000000
8,55847154;3,78429508;0,00000000
8,55857554;3,82781744;0,00000000
8,55867954;3,78429508;0,00000000
8,55878354;3,78429508;0,00000000
8,55888754;3,78429508;0,00000000
8,55899154;3,78429508;0,00000000
8,55909554;3,82781744;0,00000000
8,55919954;3,82781744;0,00000000
8,55930354;3,78429508;0,00000000
8,55940754;3,82781744;0,00000000
8,55951154;3,82781744;0,00000000
8,55961554;3,82781744;0,00000000
8,55971954;3,78429508;0,00000000
8,55982354;3,78429508;0,00000000
8,55992754;3,78429508;0,00000000
8,56003154;3,82781744;0,00000000
8,56013554;3,78429508;0,00000000
8,56023954;3,78429508;0,00000000
8,56034354;3,78429508;0,00000000
8,56044754;3,82781744;0,00000000
8,56055154;3,78429508;0,00000000
8,56065554;3,78429508;0,00000000
8,56075954;3,82781744;0,00000000
8,56086354;3,78429508;0,00000000
8,56096754;3,82781744;0,00000000
8,56107154;3,82781744;0,00000000
8,56117554;3,78429508;0,00000000
8,56127954;3,78429508;0,00000000
8,56138354;3,78429508;0,00000000
8,56148754;3,78429508;0,00000000
8,56159154;3,82781744;0,00000000
8,56169554;3,82781744;0,00000000
8,56179954;3,78429508;0,00000000
8,56190354;3,82781744;0,00000000
8,56200754;3,82781744;0,00000000
8,56211154;3,82781744;0,00000000
8,56221554;3,78429508;0,00000000
8,56231954;3,82781744;0,00000000
8,56242354;3,82781744;0,00000000
8,56252754;3,82781744;0,00000000
8,56263154;3,78429508;0,00000000
8,56273554;3,82781744;0,00000000
8,56283954;3,78429508;0,00000000
8,56294354;3,82781744;0,00000000
8,56304754;3,82781744;0,00000000
8,56315154;3,78429508;0,00000000
8,56325554;3,82781744;0,00000000
8,56335954;3,82781744;0,00000000
8,56346354;3,78429508;0,00000000
8,56356754;3,82781744;0,00000000
8,56367154;3,82781744;0,00000000
8,56377554;3,82781744;0,00000000
8,56387954;3,78429508;0,00000000
8,56398354;3,82781744;0,00000000
8,56408754;3,78429508;0,00000000
8,56419154;3,78429508;0,00000000
8,56429554;3,82781744;0,00000000
8,56439954;3,78429508;0,00000000
8,56450354;3,78429508;0,00000000
8,56460754;3,78429508;0,00000000
8,56471154;3,82781744;0,00000000
8,56481554;3,82781744;0,01734744
8,56491954;3,78429508;0,00000000
8,56502354;3,82781744;0,00000000
8,56512754;3,82781744;0,00000000
8,56523154;3,78429508;0,00000000
8,56533554;3,82781744;0,00000000
8,56543954;3,82781744;0,00000000
8,56554354;3,82781744;0,00000000
8,56564754;3,82781744;0,00000000
8,56575154;3,82781744;0,00000000
8,56585554;3,82781744;0,00000000
8,56595954;3,78429508;0,00000000
8,56606354;3,78429508;0,00000000
8,56616754;3,82781744;0,00000000
8,56627154;3,82781744;0,00000000
8,56637554;3,82781744;0,00000000
8,56647954;3,82781744;0,00000000
8,56658354;3,78429508;0,00000000
8,56668754;3,82781744;0,00000000
8,56679154;3,82781744;0,00000000
8,56689554;3,82781744;0,00000000
8,56699954;3,82781744;0,00000000
8,56710354;3,82781744;0,00000000
8,56720754;3,82781744;0,00000000
8,56731154;3,82781744;0,00000000
8,56741554;3,78429508;0,00000000
8,56751954;3,82781744;0,00000000
8,56762354;3,82781744;0,00000000
8,56772754;3,82781744;0,00000000
8,56783154;3,78429508;0,00000000
8,56793554;3,82781744;0,00000000
8,56803954;3,82781744;0,00000000
8,56814354;3,78429508;0,00000000
8,56824754;3,78429508;0,00000000
8,56835154;3,78429508;0,00000000
8,56845554;3,82781744;0,00000000
8,56855954;3,82781744;0,00000000
8,56866354;3,82781744;0,00000000
8,56876754;3,82781744;0,00000000
8,56887154;3,78429508;0,00000000
8,56897554;3,82781744;0,00000000
8,56907954;3,82781744;0,00000000
8,56918354;3,82781744;0,00000000
8,56928754;3,78429508;0,00000000
8,56939154;3,78429508;0,00000000
8,56949554;3,82781744;0,00000000
8,56959954;3,82781744;0,00000000
8,56970354;3,82781744;0,00000000
8,56980754;3,82781744;0,00000000
8,56991154;3,82781744;0,00000000
8,57001554;3,78429508;0,00000000
8,57011954;3,82781744;0,00000000
8,57022354;3,82781744;0,00000000
8,57032754;3,78429508;0,00000000
8,57043154;3,78429508;0,00000000
8,57053554;3,82781744;0,00000000
8,57063954;3,82781744;0,00000000
8,57074354;3,78429508;0,00000000
8,57084754;3,78429508;0,00000000
8,57095154;3,82781744;0,00000000
8,57105554;3,82781744;0,00000000
8,57115954;3,78429508;0,00000000
8,57126354;3,82781744;0,00000000
8,57136754;3,82781744;0,00000000
8,57147154;3,82781744;0,00000000
8,57157554;3,78429508;0,00000000
8,57167954;3,78429508;0,00000000
8,57178354;3,78429508;0,00000000
8,57188754;3,82781744;0,00000000
8,57199154;3,78429508;0,00000000
8,57209554;3,82781744;0,00000000
8,57219954;3,82781744;0,00000000
8,57230354;3,78429508;0,00000000
8,57240754;3,82781744;0,00000000
8,57251154;3,78429508;0,00000000
8,57261554;3,78429508;0,00000000
8,57271954;3,78429508;0,00000000
8,57282354;3,78429508;0,00000000
8,57292754;3,82781744;0,00000000
8,57303154;3,82781744;0,00000000
8,57313554;3,82781744;0,00000000
8,57323954;3,78429508;0,00000000
8,57334354;3,82781744;0,00000000
8,57344754;3,82781744;0,00000000
8,57355154;3,78429508;0,00000000
8,57365554;3,82781744;0,00000000
8,57375954;3,82781744;0,00000000
8,57386354;3,82781744;0,00000000
8,57396754;3,78429508;0,00000000
8,57407154;3,78429508;0,00000000
8,57417554;3,82781744;0,00000000
8,57427954;3,82781744;0,00000000
8,57438354;3,78429508;0,00000000
8,57448754;3,78429508;0,00000000
8,57459154;3,82781744;0,00000000
8,57469554;3,82781744;0,00000000
8,57479954;3,78429508;0,00000000
8,57490354;3,82781744;0,00000000
8,57500754;3,82781744;0,00000000
8,57511154;3,78429508;0,00000000
8,57521554;3,78429508;0,00000000
8,57531954;3,82781744;0,00000000
8,57542354;3,82781744;0,00000000
8,57552754;3,78429508;0,00000000
8,57563154;3,82781744;0,00000000
8,57573554;3,82781744;0,00000000
8,57583954;3,82781744;0,00000000
8,57594354;3,82781744;0,00000000
8,57604754;3,78429508;0,00000000
8,57615154;3,82781744;0,00000000
8,57625554;3,82781744;0,00000000
8,57635954;3,78429508;0,00000000
8,57646354;3,82781744;0,00000000
8,57656754;3,82781744;0,00000000
8,57667154;3,82781744;0,00000000
8,57677554;3,82781744;0,01734744
8,57687954;3,78429508;0,00000000
8,57698354;3,78429508;0,00000000
8,57708754;3,82781744;0,00000000
8,57719154;3,78429508;0,00000000
8,57729554;3,82781744;0,00000000
8,57739954;3,82781744;0,00000000
8,57750354;3,82781744;0,00000000
8,57760754;3,78429508;0,00000000
8,57771154;3,82781744;0,00000000
8,57781554;3,78429508;0,00000000
8,57791954;3,82781744;0,00000000
8,57802354;3,82781744;0,00000000
8,57812754;3,82781744;0,00000000
8,57823154;3,82781744;0,00000000
8,57833554;3,78429508;0,00000000
8,57843954;3,78429508;0,00000000
8,57854354;3,82781744;0,00000000
8,57864754;3,78429508;0,00000000
8,57875154;3,78429508;0,00000000
8,57885554;3,78429508;0,00000000
8,57895954;3,78429508;0,00000000
8,57906354;3,82781744;0,00000000
8,57916754;3,82781744;0,00000000
8,57927154;3,78429508;0,00000000
8,57937554;3,82781744;0,00000000
8,57947954;3,82781744;0,00000000
8,57958354;3,82781744;0,00000000
8,57968754;3,82781744;0,01734744
8,57979154;3,78429508;0,00000000
8,57989554;3,78429508;0,00000000
8,57999954;3,78429508;0,00000000
8,58010354;3,82781744;0,00000000
8,58020754;3,82781744;0,00000000
8,58031154;3,78429508;0,00000000
8,58041554;3,82781744;0,00000000
8,58051954;3,82781744;0,00000000
8,58062354;3,82781744;0,00000000
8,58072754;3,78429508;0,00000000
8,58083154;3,82781744;0,00000000
8,58093554;3,82781744;0,00000000
8,58103954;3,78429508;0,00000000
8,58114354;3,82781744;0,00000000
8,58124754;3,78429508;0,00000000
8,58135154;3,78429508;0,00000000
8,58145554;3,82781744;0,00000000
8,58155954;3,82781744;0,00000000
8,58166354;3,82781744;0,00000000
8,58176754;3,78429508;0,00000000
8,58187154;3,82781744;0,00000000
8,58197554;3,78429508;0,00000000
8,58207954;3,78429508;0,00000000
8,58218354;3,82781744;0,00000000
8,58228754;3,78429508;0,00000000
8,58239154;3,78429508;0,00000000
8,58249554;3,78429508;0,00000000
8,58259954;3,78429508;0,00000000
8,58270354;3,78429508;0,00000000
8,58280754;3,78429508;0,00000000
8,58291154;3,82781744;0,00000000
8,58301554;3,82781744;0,00000000
8,58311954;3,78429508;0,00000000
8,58322354;3,82781744;0,00000000
8,58332754;3,82781744;0,00000000
8,58343154;3,78429508;0,00000000
8,58353554;3,82781744;0,00000000
8,58363954;3,82781744;0,00000000
8,58374354;3,78429508;0,00000000
8,58384754;3,82781744;0,00000000
8,58395154;3,82781744;0,00000000
8,58405554;3,78429508;0,00000000
8,58415954;3,82781744;0,00000000
8,58426354;3,82781744;0,00000000
8,58436754;3,82781744;0,00000000
8,58447154;3,82781744;0,00000000
8,58457554;3,78429508;0,00000000
8,58467954;3,78429508;0,00000000
8,58478354;3,82781744;0,00000000
8,58488754;3,78429508;0,00000000
8,58499154;3,78429508;0,00000000
8,58509554;3,78429508;0,00000000
8,58519954;3,82781744;0,00000000
8,58530354;3,78429508;0,00000000
8,58540754;3,78429508;0,00000000
8,58551154;3,78429508;0,00000000
8,58561554;3,82781744;0,00000000
8,58571954;3,78429508;0,00000000
8,58582354;3,82781744;0,00000000
8,58592754;3,78429508;0,00000000
8,58603154;3,82781744;0,00000000
8,58613554;3,82781744;0,00000000
8,58623954;3,82781744;0,00000000
8,58634354;3,82781744;0,00000000
8,58644754;3,82781744;0,00000000
8,58655154;3,82781744;0,00000000
8,58665554;3,82781744;0,00000000
8,58675954;3,78429508;0,00000000
8,58686354;3,78429508;0,00000000
8,58696754;3,78429508;0,00000000
8,58707154;3,82781744;0,00000000
8,58717554;3,82781744;0,00000000
8,58727954;3,82781744;0,00000000
8,58738354;3,82781744;0,00000000
8,58748754;3,82781744;0,00000000
8,58759154;3,82781744;0,00000000
8,58769554;3,78429508;0,00000000
8,58779954;3,78429508;0,00000000
8,58790354;3,78429508;0,00000000
8,58800754;3,82781744;0,00000000
8,58811154;3,82781744;0,00000000
8,58821554;3,82781744;0,00000000
8,58831954;3,82781744;0,00000000
8,58842354;3,82781744;0,00000000
8,58852754;3,82781744;0,00000000
8,58863154;3,78429508;0,00000000
8,58873554;3,78429508;0,00000000
8,58883954;3,82781744;0,00000000
8,58894354;3,82781744;0,00000000
8,58904754;3,78429508;0,00000000
8,58915154;3,82781744;0,00000000
8,58925554;3,82781744;0,00000000
8,58935954;3,82781744;0,00000000
8,58946354;3,82781744;0,00000000
8,58956754;3,78429508;0,00000000
8,58967154;3,82781744;0,00000000
8,58977554;3,82781744;0,00000000
8,58987954;3,82781744;0,00000000
8,58998354;3,78429508;0,00000000
8,59008754;3,78429508;0,00000000
8,59019154;3,82781744;0,00000000
8,59029554;3,78429508;0,00000000
8,59039954;3,78429508;0,00000000
8,59050354;3,82781744;0,00000000
8,59060754;3,78429508;0,00000000
8,59071154;3,78429508;0,00000000
8,59081554;3,78429508;0,00000000
8,59091954;3,78429508;0,00000000
8,59102354;3,78429508;0,00000000
8,59112754;3,82781744;0,00000000
8,59123154;3,82781744;0,00000000
8,59133554;3,82781744;0,00000000
8,59143954;3,82781744;0,00000000
8,59154354;3,78429508;0,00000000
8,59164754;3,78429508;0,00000000
8,59175154;3,82781744;0,00000000
8,59185554;3,82781744;0,00000000
8,59195954;3,82781744;0,00000000
8,59206354;3,78429508;0,00000000
8,59216754;3,78429508;0,00000000
8,59227154;3,82781744;0,00000000
8,59237554;3,82781744;0,00000000
8,59247954;3,82781744;0,00000000
8,59258354;3,78429508;0,00000000
8,59268754;3,78429508;0,00000000
8,59279154;3,78429508;0,00000000
8,59289554;3,82781744;0,00000000
8,59299954;3,82781744;0,00000000
8,59310354;3,82781744;0,00000000
8,59320754;3,78429508;0,00000000
8,59331154;3,78429508;0,00000000
8,59341554;3,82781744;0,00000000
8,59351954;3,82781744;0,00000000
8,59362354;3,78429508;0,00000000
8,59372754;3,82781744;0,00000000
8,59383154;3,82781744;0,00000000
8,59393554;3,82781744;0,00000000
8,59403954;3,78429508;0,00000000
8,59414354;3,82781744;0,00000000
8,59424754;3,82781744;0,00000000
8,59435154;3,78429508;0,00000000
8,59445554;3,78429508;0,00000000
8,59455954;3,78429508;0,00000000
8,59466354;3,78429508;0,00000000
8,59476754;3,78429508;0,00000000
8,59487154;3,82781744;0,00000000
8,59497554;3,82781744;0,00000000
8,59507954;3,82781744;0,00000000
8,59518354;3,82781744;0,00000000
8,59528754;3,82781744;0,00000000
8,59539154;3,82781744;0,00000000
8,59549554;3,82781744;0,00000000
8,59559954;3,82781744;0,00000000
8,59570354;3,82781744;0,00000000
8,59580754;3,82781744;0,00000000
8,59591154;3,78429508;0,00000000
8,59601554;3,82781744;0,00000000
8,59611954;3,82781744;0,00000000
8,59622354;3,82781744;0,00000000
8,59632754;3,82781744;0,00000000
8,59643154;3,78429508;0,00000000
8,59653554;3,78429508;0,00000000
8,59663954;3,78429508;0,00000000
8,59674354;3,82781744;0,00000000
8,59684754;3,82781744;0,00000000
8,59695154;3,82781744;0,00000000
8,59705554;3,78429508;0,00000000
8,59715954;3,82781744;0,00000000
8,59726354;3,82781744;0,00000000
8,59736754;3,82781744;0,00000000
8,59747154;3,78429508;0,00000000
8,59757554;3,78429508;0,00000000
8,59767954;3,82781744;0,00000000
8,59778354;3,82781744;0,00000000
8,59788754;3,82781744;0,00000000
8,59799154;3,82781744;0,00000000
8,59809554;3,78429508;0,00000000
8,59819954;3,78429508;0,00000000
8,59830354;3,78429508;0,00000000
8,59840754;3,82781744;0,00000000
8,59851154;3,82781744;0,00000000
8,59861554;3,78429508;0,00000000
8,59871954;3,82781744;0,00000000
8,59882354;3,78429508;0,00000000
8,59892754;3,82781744;0,00000000
8,59903154;3,82781744;0,00000000
8,59913554;3,82781744;0,00000000
8,59923954;3,82781744;0,00000000
8,59934354;3,82781744;0,00000000
8,59944754;3,78429508;0,00000000
8,59955154;3,82781744;0,00000000
8,59965554;3,82781744;0,00000000
8,59975954;3,78429508;0,00000000
8,59986354;3,82781744;0,00000000
8,59996754;3,82781744;0,00000000
8,60007154;3,82781744;0,00000000
8,60017554;3,82781744;0,00000000
8,60027954;3,82781744;0,00000000
8,60038354;3,82781744;0,00000000
8,60048754;3,82781744;0,00000000
8,60059154;3,78429508;0,00000000
8,60069554;3,82781744;0,00000000
8,60079954;3,78429508;0,00000000
8,60090354;3,82781744;0,00000000
8,60100754;3,82781744;0,00000000
8,60111154;3,82781744;0,00000000
8,60121554;3,82781744;0,00000000
8,60131954;3,82781744;0,00000000
8,60142354;3,82781744;0,00000000
8,60152754;3,78429508;0,00000000
8,60163154;3,78429508;0,00000000
8,60173554;3,78429508;0,00000000
8,60183954;3,82781744;0,00000000
8,60194354;3,82781744;0,00000000
8,60204754;3,78429508;0,00000000
8,60215154;3,78429508;0,00000000
8,60225554;3,82781744;0,00000000
8,60235954;3,78429508;0,00000000
8,60246354;3,82781744;0,00000000
8,60256754;3,82781744;0,00000000
8,60267154;3,82781744;0,00000000
8,60277554;3,78429508;0,00000000
8,60287954;3,78429508;0,00000000
8,60298354;3,78429508;0,00000000
8,60308754;3,78429508;0,00000000
8,60319154;3,78429508;0,00000000
8,60329554;3,82781744;0,00000000
8,60339954;3,78429508;0,00000000
8,60350354;3,78429508;0,00000000
8,60360754;3,82781744;0,00000000
8,60371154;3,82781744;0,00000000
8,60381554;3,82781744;0,00000000
8,60391954;3,82781744;0,00000000
8,60402354;3,78429508;0,00000000
8,60412754;3,78429508;0,00000000
8,60423154;3,78429508;0,00000000
8,60433554;3,82781744;0,00000000
8,60443954;3,78429508;0,00000000
8,60454354;3,78429508;0,00000000
8,60464754;3,78429508;0,00000000
8,60475154;3,78429508;0,00000000
8,60485554;3,78429508;0,00000000
8,60495954;3,82781744;0,00000000
8,60506354;3,82781744;0,00000000
8,60516754;3,78429508;0,00000000
8,60527154;3,78429508;0,00000000
8,60537554;3,78429508;0,00000000
8,60547954;3,78429508;0,00000000
8,60558354;3,82781744;0,00000000
8,60568754;3,82781744;0,00000000
8,60579154;3,82781744;0,00000000
8,60589554;3,82781744;0,00000000
8,60599954;3,78429508;0,00000000
8,60610354;3,82781744;0,00000000
8,60620754;3,82781744;0,00000000
8,60631154;3,82781744;0,00000000
8,60641554;3,78429508;0,00000000
8,60651954;3,78429508;0,00000000
8,60662354;3,82781744;0,00000000
8,60672754;3,82781744;0,00000000
8,60683154;3,82781744;0,00000000
8,60693554;3,78429508;0,00000000
8,60703954;3,82781744;0,00000000
8,60714354;3,78429508;0,00000000
8,60724754;3,82781744;0,00000000
8,60735154;3,82781744;0,00000000
8,60745554;3,82781744;0,00000000
8,60755954;3,82781744;0,00000000
8,60766354;3,82781744;0,00000000
8,60776754;3,82781744;0,00000000
8,60787154;3,82781744;0,00000000
8,60797554;3,82781744;0,00000000
8,60807954;3,82781744;0,00000000
8,60818354;3,82781744;0,00000000
8,60828754;3,78429508;0,00000000
8,60839154;3,78429508;0,00000000
8,60849554;3,82781744;0,00000000
8,60859954;3,82781744;0,00000000
8,60870354;3,82781744;0,00000000
8,60880754;3,82781744;0,00000000
8,60891154;3,82781744;0,00000000
8,60901554;3,82781744;0,00000000
8,60911954;3,82781744;0,00000000
8,60922354;3,82781744;0,00000000
8,60932754;3,78429508;0,00000000
8,60943154;3,78429508;0,00000000
8,60953554;3,82781744;0,00000000
8,60963954;3,82781744;0,00000000
8,60974354;3,82781744;0,00000000
8,60984754;3,82781744;0,00000000
8,60995154;3,82781744;0,00000000
8,61005554;3,82781744;0,00000000
8,61015954;3,78429508;0,00000000
8,61026354;3,82781744;0,00000000
8,61036754;3,82781744;0,00000000
8,61047154;3,82781744;0,00000000
8,61057554;3,82781744;0,00000000
8,61067954;3,82781744;0,00000000
8,61078354;3,82781744;0,00000000
8,61088754;3,78429508;0,00000000
8,61099154;3,82781744;0,00000000
8,61109554;3,82781744;0,00000000
8,61119954;3,78429508;0,00000000
8,61130354;3,82781744;0,00000000
8,61140754;3,78429508;0,00000000
8,61151154;3,78429508;0,00000000
8,61161554;3,82781744;0,00000000
8,61171954;3,78429508;0,00000000
8,61182354;3,78429508;0,00000000
8,61192754;3,78429508;0,00000000
8,61203154;3,82781744;0,00000000
8,61213554;3,82781744;0,00000000
8,61223954;3,78429508;0,00000000
8,61234354;3,82781744;0,00000000
8,61244754;3,78429508;0,00000000
8,61255154;3,82781744;0,00000000
8,61265554;3,82781744;0,00000000
8,61275954;3,82781744;0,00000000
8,61286354;3,78429508;0,00000000
8,61296754;3,78429508;0,00000000
8,61307154;3,82781744;0,01734744
8,61317554;3,82781744;0,00000000
8,61327954;3,82781744;0,00000000
8,61338354;3,82781744;0,00000000
8,61348754;3,78429508;0,00000000
8,61359154;3,82781744;0,00000000
8,61369554;3,82781744;0,00000000
8,61379954;3,82781744;0,00000000
8,61390354;3,78429508;0,00000000
8,61400754;3,82781744;0,00000000
8,61411154;3,82781744;0,00000000
8,61421554;3,78429508;0,00000000
8,61431954;3,82781744;0,00000000
8,61442354;3,78429508;0,00000000
8,61452754;3,82781744;0,00000000
8,61463154;3,78429508;0,00000000
8,61473554;3,78429508;0,00000000
8,61483954;3,78429508;0,00000000
8,61494354;3,78429508;0,00000000
8,61504754;3,82781744;0,00000000
8,61515154;3,82781744;0,00000000
8,61525554;3,78429508;0,00000000
8,61535954;3,82781744;0,00000000
8,61546354;3,78429508;0,00000000
8,61556754;3,82781744;0,00000000
8,61567154;3,78429508;0,00000000
8,61577554;3,82781744;0,00000000
8,61587954;3,82781744;0,00000000
8,61598354;3,78429508;0,00000000
8,61608754;3,82781744;0,00000000
8,61619154;3,82781744;0,00000000
8,61629554;3,82781744;0,00000000
8,61639954;3,82781744;0,00000000
8,61650354;3,78429508;0,00000000
8,61660754;3,78429508;0,00000000
8,61671154;3,78429508;0,00000000
8,61681554;3,78429508;0,00000000
8,61691954;3,78429508;0,00000000
8,61702354;3,78429508;0,00000000
8,61712754;3,82781744;0,00000000
8,61723154;3,82781744;0,00000000
8,61733554;3,82781744;0,00000000
8,61743954;3,82781744;0,00000000
8,61754354;3,78429508;0,00000000
8,61764754;3,82781744;0,00000000
8,61775154;3,78429508;0,00000000
8,61785554;3,82781744;0,00000000
8,61795954;3,82781744;0,00000000
8,61806354;3,82781744;0,00000000
8,61816754;3,78429508;0,00000000
8,61827154;3,82781744;0,00000000
8,61837554;3,82781744;0,00000000
8,61847954;3,82781744;0,00000000
8,61858354;3,78429508;0,00000000
8,61868754;3,78429508;0,00000000
8,61879154;3,78429508;0,00000000
8,61889554;3,78429508;0,00000000
8,61899954;3,82781744;0,00000000
8,61910354;3,82781744;0,00000000
8,61920754;3,82781744;0,00000000
8,61931154;3,82781744;0,00000000
8,61941554;3,82781744;0,00000000
8,61951954;3,82781744;0,00000000
8,61962354;3,82781744;0,00000000
8,61972754;3,82781744;0,00000000
8,61983154;3,82781744;0,00000000
8,61993554;3,82781744;0,00000000
8,62003954;3,82781744;0,00000000
8,62014354;3,82781744;0,00000000
8,62024754;3,82781744;0,00000000
8,62035154;3,82781744;0,00000000
8,62045554;3,82781744;0,00000000
8,62055954;3,78429508;0,00000000
8,62066354;3,78429508;0,00000000
8,62076754;3,78429508;0,00000000
8,62087154;3,78429508;0,00000000
8,62097554;3,82781744;0,00000000
8,62107954;3,82781744;0,00000000
8,62118354;3,78429508;0,00000000
8,62128754;3,82781744;0,00000000
8,62139154;3,82781744;0,00000000
8,62149554;3,78429508;0,00000000
8,62159954;3,82781744;0,00000000
8,62170354;3,82781744;0,00000000
8,62180754;3,82781744;0,00000000
8,62191154;3,78429508;0,00000000
8,62201554;3,78429508;0,00000000
8,62211954;3,82781744;0,01734744
8,62222354;3,82781744;0,00000000
8,62232754;3,82781744;0,00000000
8,62243154;3,82781744;0,00000000
8,62253554;3,82781744;0,00000000
8,62263954;3,82781744;0,00000000
8,62274354;3,78429508;0,00000000
8,62284754;3,82781744;0,00000000
8,62295154;3,82781744;0,00000000
8,62305554;3,78429508;0,00000000
8,62315954;3,82781744;0,00000000
8,62326354;3,82781744;0,00000000
8,62336754;3,78429508;0,00000000
8,62347154;3,82781744;0,00000000
8,62357554;3,82781744;0,00000000
8,62367954;3,78429508;0,00000000
8,62378354;3,78429508;0,00000000
8,62388754;3,82781744;0,00000000
8,62399154;3,82781744;0,00000000
8,62409554;3,78429508;0,00000000
8,62419954;3,78429508;0,00000000
8,62430354;3,82781744;0,00000000
8,62440754;3,82781744;0,00000000
8,62451154;3,78429508;0,00000000
8,62461554;3,82781744;0,00000000
8,62471954;3,78429508;0,00000000
8,62482354;3,82781744;0,00000000
8,62492754;3,78429508;0,00000000
8,62503154;3,82781744;0,00000000
8,62513554;3,82781744;0,00000000
8,62523954;3,78429508;0,00000000
8,62534354;3,78429508;0,00000000
8,62544754;3,82781744;0,00000000
8,62555154;3,82781744;0,00000000
8,62565554;3,78429508;0,00000000
8,62575954;3,82781744;0,00000000
8,62586354;3,82781744;0,00000000
8,62596754;3,82781744;0,00000000
8,62607154;3,82781744;0,00000000
8,62617554;3,78429508;0,00000000
8,62627954;3,82781744;0,00000000
8,62638354;3,82781744;0,00000000
8,62648754;3,78429508;0,00000000
8,62659154;3,78429508;0,00000000
8,62669553;3,82781744;0,00000000
8,62679953;3,82781744;0,00000000
8,62690353;3,82781744;0,00000000
8,62700753;3,82781744;0,00000000
8,62711153;3,78429508;0,00000000
8,62721553;3,78429508;0,00000000
8,62731953;3,78429508;0,00000000
8,62742353;3,82781744;0,00000000
8,62752753;3,78429508;0,00000000
8,62763153;3,82781744;0,00000000
8,62773553;3,78429508;0,00000000
8,62783953;3,82781744;0,00000000
8,62794353;3,78429508;0,00000000
8,62804753;3,78429508;0,00000000
8,62815153;3,78429508;0,00000000
8,62825553;3,78429508;0,00000000
8,62835953;3,82781744;0,00000000
8,62846353;3,78429508;0,00000000
8,62856753;3,82781744;0,00000000
8,62867153;3,78429508;0,00000000
8,62877553;3,78429508;0,00000000
8,62887953;3,82781744;0,00000000
8,62898353;3,78429508;0,00000000
8,62908753;3,82781744;0,00000000
8,62919153;3,82781744;0,00000000
8,62929553;3,78429508;0,00000000
8,62939953;3,82781744;0,00000000
8,62950353;3,82781744;0,00000000
8,62960753;3,82781744;0,00000000
8,62971153;3,82781744;0,00000000
8,62981553;3,78429508;0,00000000
8,62991953;3,82781744;0,00000000
8,63002353;3,78429508;0,00000000
8,63012753;3,82781744;0,00000000
8,63023153;3,82781744;0,00000000
8,63033553;3,82781744;0,00000000
8,63043953;3,82781744;0,00000000
8,63054353;3,78429508;0,00000000
8,63064753;3,82781744;0,00000000
8,63075153;3,82781744;0,00000000
8,63085553;3,78429508;0,00000000
8,63095953;3,78429508;0,00000000
8,63106353;3,82781744;0,00000000
8,63116753;3,78429508;0,00000000
8,63127153;3,78429508;0,00000000
8,63137553;3,78429508;0,00000000
8,63147953;3,82781744;0,00000000
8,63158353;3,82781744;0,00000000
8,63168753;3,82781744;0,00000000
8,63179153;3,82781744;0,00000000
8,63189553;3,82781744;0,00000000
8,63199953;3,82781744;0,00000000
8,63210353;3,82781744;0,00000000
8,63220753;3,82781744;0,00000000
8,63231153;3,82781744;0,00000000
8,63241553;3,78429508;0,00000000
8,63251953;3,82781744;0,00000000
8,63262353;3,78429508;0,00000000
8,63272753;3,78429508;0,00000000
8,63283153;3,82781744;0,00000000
8,63293553;3,82781744;0,00000000
8,63303953;3,82781744;0,00000000
8,63314353;3,78429508;0,00000000
8,63324753;3,82781744;0,00000000
8,63335153;3,82781744;0,00000000
8,63345553;3,78429508;0,00000000
8,63355953;3,82781744;0,00000000
8,63366353;3,82781744;0,00000000
8,63376753;3,82781744;0,00000000
8,63387153;3,78429508;0,00000000
8,63397553;3,78429508;0,00000000
8,63407953;3,78429508;0,00000000
8,63418353;3,82781744;0,00000000
8,63428753;3,78429508;0,00000000
8,63439153;3,82781744;0,00000000
8,63449553;3,78429508;0,00000000
8,63459953;3,82781744;0,00000000
8,63470353;3,78429508;0,00000000
8,63480753;3,78429508;0,00000000
8,63491153;3,82781744;0,00000000
8,63501553;3,82781744;0,00000000
8,63511953;3,78429508;0,00000000
8,63522353;3,78429508;0,00000000
8,63532753;3,78429508;0,00000000
8,63543153;3,78429508;0,00000000
8,63553553;3,82781744;0,00000000
8,63563953;3,82781744;0,00000000
8,63574353;3,82781744;0,00000000
8,63584753;3,82781744;0,00000000
8,63595153;3,82781744;0,00000000
8,63605553;3,82781744;0,00000000
8,63615953;3,82781744;0,00000000
8,63626353;3,82781744;0,00000000
8,63636753;3,82781744;0,00000000
8,63647153;3,78429508;0,00000000
8,63657553;3,82781744;0,00000000
8,63667953;3,78429508;0,00000000
8,63678353;3,78429508;0,00000000
8,63688753;3,82781744;0,00000000
8,63699153;3,82781744;0,00000000
8,63709553;3,78429508;0,00000000
8,63719953;3,78429508;0,00000000
8,63730353;3,82781744;0,00000000
8,63740753;3,82781744;0,01734744
8,63751153;3,78429508;0,00000000
8,63761553;3,82781744;0,00000000
8,63771953;3,78429508;0,00000000
8,63782353;3,82781744;0,00000000
8,63792753;3,82781744;0,00000000
8,63803153;3,82781744;0,00000000
8,63813553;3,78429508;0,00000000
8,63823953;3,82781744;0,00000000
8,63834353;3,82781744;0,00000000
8,63844753;3,78429508;0,00000000
8,63855153;3,82781744;0,00000000
8,63865553;3,82781744;0,01734744
8,63875953;3,82781744;0,00000000
8,63886353;3,82781744;0,00000000
8,63896753;3,82781744;0,00000000
8,63907153;3,82781744;0,00000000
8,63917553;3,82781744;0,00000000
8,63927953;3,82781744;0,00000000
8,63938353;3,82781744;0,00000000
8,63948753;3,82781744;0,00000000
8,63959153;3,78429508;0,00000000
8,63969553;3,82781744;0,00000000
8,63979953;3,82781744;0,00000000
8,63990353;3,82781744;0,00000000
8,64000753;3,82781744;0,00000000
8,64011153;3,82781744;0,00000000
8,64021553;3,82781744;0,00000000
8,64031953;3,78429508;0,00000000
8,64042353;3,82781744;0,00000000
8,64052753;3,78429508;0,00000000
8,64063153;3,82781744;0,00000000
8,64073553;3,78429508;0,00000000
8,64083953;3,82781744;0,00000000
8,64094353;3,82781744;0,00000000
8,64104753;3,82781744;0,00000000
8,64115153;3,82781744;0,00000000
8,64125553;3,82781744;0,00000000
8,64135953;3,82781744;0,00000000
8,64146353;3,82781744;0,00000000
8,64156753;3,78429508;0,00000000
8,64167153;3,78429508;0,00000000
8,64177553;3,82781744;0,00000000
8,64187953;3,82781744;0,00000000
8,64198353;3,82781744;0,00000000
8,64208753;3,82781744;0,00000000
8,64219153;3,78429508;0,00000000
8,64229553;3,78429508;0,00000000
8,64239953;3,82781744;0,00000000
8,64250353;3,82781744;0,00000000
8,64260753;3,82781744;0,00000000
8,64271153;3,78429508;0,00000000
8,64281553;3,82781744;0,00000000
8,64291953;3,82781744;0,00000000
8,64302353;3,82781744;0,00000000
8,64312753;3,82781744;0,00000000
8,64323153;3,78429508;0,00000000
8,64333553;3,78429508;0,00000000
8,64343953;3,78429508;0,00000000
8,64354353;3,82781744;0,00000000
8,64364753;3,78429508;0,00000000
8,64375153;3,82781744;0,00000000
8,64385553;3,82781744;0,00000000
8,64395953;3,82781744;0,00000000
8,64406353;3,82781744;0,00000000
8,64416753;3,78429508;0,00000000
8,64427153;3,82781744;0,00000000
8,64437553;3,82781744;0,00000000
8,64447953;3,78429508;0,00000000
8,64458353;3,82781744;0,00000000
8,64468753;3,78429508;0,00000000
8,64479153;3,78429508;0,00000000
8,64489553;3,78429508;0,00000000
8,64499953;3,78429508;0,00000000
8,64510353;3,82781744;0,00000000
8,64520753;3,82781744;0,00000000
8,64531153;3,82781744;0,00000000
8,64541553;3,78429508;0,00000000
8,64551953;3,78429508;0,00000000
8,64562353;3,78429508;0,00000000
8,64572753;3,78429508;0,00000000
8,64583153;3,82781744;0,00000000
8,64593553;3,82781744;0,00000000
8,64603953;3,82781744;0,00000000
8,64614353;3,82781744;0,00000000
8,64624753;3,82781744;0,00000000
8,64635153;3,78429508;0,00000000
8,64645553;3,82781744;0,00000000
8,64655953;3,82781744;0,00000000
8,64666353;3,82781744;0,00000000
8,64676753;3,82781744;0,00000000
8,64687153;3,82781744;0,00000000
8,64697553;3,82781744;0,00000000
8,64707953;3,82781744;0,00000000
8,64718353;3,78429508;0,00000000
8,64728753;3,82781744;0,00000000
8,64739153;3,78429508;0,00000000
8,64749553;3,82781744;0,00000000
8,64759953;3,82781744;0,00000000
8,64770353;3,78429508;0,00000000
8,64780753;3,78429508;0,00000000
8,64791153;3,78429508;0,00000000
8,64801553;3,78429508;0,00000000
8,64811953;3,82781744;0,00000000
8,64822353;3,82781744;0,00000000
8,64832753;3,82781744;0,00000000
8,64843153;3,78429508;0,00000000
8,64853553;3,78429508;0,00000000
8,64863953;3,78429508;0,00000000
8,64874353;3,82781744;0,00000000
8,64884753;3,82781744;0,00000000
8,64895153;3,82781744;0,00000000
8,64905553;3,82781744;0,00000000
8,64915953;3,78429508;0,00000000
8,64926353;3,82781744;0,00000000
8,64936753;3,78429508;0,00000000
8,64947153;3,82781744;0,00000000
8,64957553;3,78429508;0,00000000
8,64967953;3,82781744;0,00000000
8,64978353;3,78429508;0,00000000
8,64988753;3,82781744;0,00000000
8,64999153;3,82781744;0,00000000
8,65009553;3,82781744;0,00000000
8,65019953;3,82781744;0,00000000
8,65030353;3,82781744;0,00000000
8,65040753;3,82781744;0,00000000
8,65051153;3,82781744;0,00000000
8,65061553;3,82781744;0,00000000
8,65071953;3,78429508;0,00000000
8,65082353;3,82781744;0,00000000
8,65092753;3,82781744;0,00000000
8,65103153;3,82781744;0,00000000
8,65113553;3,78429508;0,00000000
8,65123953;3,82781744;0,00000000
8,65134353;3,78429508;0,00000000
8,65144753;3,82781744;0,00000000
8,65155153;3,82781744;0,00000000
8,65165553;3,78429508;0,00000000
8,65175953;3,82781744;0,00000000
8,65186353;3,82781744;0,00000000
8,65196753;3,78429508;0,00000000
8,65207153;3,78429508;0,00000000
8,65217553;3,82781744;0,00000000
8,65227953;3,78429508;0,00000000
8,65238353;3,78429508;0,00000000
8,65248753;3,78429508;0,00000000
8,65259153;3,82781744;0,00000000
8,65269553;3,82781744;0,00000000
8,65279953;3,82781744;0,00000000
8,65290353;3,82781744;0,00000000
8,65300753;3,82781744;0,00000000
8,65311153;3,82781744;0,00000000
8,65321553;3,78429508;0,00000000
8,65331953;3,82781744;0,00000000
8,65342353;3,78429508;0,00000000
8,65352753;3,78429508;0,00000000
8,65363153;3,82781744;0,00000000
8,65373553;3,78429508;0,00000000
8,65383953;3,82781744;0,00000000
8,65394353;3,82781744;0,00000000
8,65404753;3,82781744;0,00000000
8,65415153;3,78429508;0,00000000
8,65425553;3,82781744;0,00000000
8,65435953;3,82781744;0,00000000
8,65446353;3,78429508;0,00000000
8,65456753;3,82781744;0,00000000
8,65467153;3,82781744;0,00000000
8,65477553;3,82781744;0,00000000
8,65487953;3,82781744;0,00000000
8,65498353;3,82781744;0,00000000
8,65508753;3,82781744;0,00000000
8,65519153;3,82781744;0,00000000
8,65529553;3,78429508;0,00000000
8,65539953;3,82781744;0,00000000
8,65550353;3,82781744;0,00000000
8,65560753;3,78429508;0,00000000
8,65571153;3,82781744;0,00000000
8,65581553;3,78429508;0,00000000
8,65591953;3,82781744;0,01734744
8,65602353;3,82781744;0,00000000
8,65612753;3,82781744;0,00000000
8,65623153;3,82781744;0,00000000
8,65633553;3,78429508;0,00000000
8,65643953;3,82781744;0,00000000
8,65654353;3,82781744;0,00000000
8,65664753;3,78429508;0,00000000
8,65675153;3,82781744;0,00000000
8,65685553;3,82781744;0,00000000
8,65695953;3,78429508;0,00000000
8,65706353;3,82781744;0,00000000
8,65716753;3,82781744;0,00000000
8,65727153;3,78429508;0,00000000
8,65737553;3,82781744;0,00000000
8,65747953;3,82781744;0,00000000
8,65758353;3,78429508;0,00000000
8,65768753;3,82781744;0,00000000
8,65779153;3,78429508;0,00000000
8,65789553;3,82781744;0,00000000
8,65799953;3,82781744;0,00000000
8,65810353;3,82781744;0,00000000
8,65820753;3,82781744;0,00000000
8,65831153;3,78429508;0,00000000
8,65841553;3,82781744;0,00000000
8,65851953;3,82781744;0,00000000
8,65862353;3,82781744;0,00000000
8,65872753;3,78429508;0,00000000
8,65883153;3,82781744;0,00000000
8,65893553;3,78429508;0,00000000
8,65903953;3,82781744;0,00000000
8,65914353;3,78429508;0,00000000
8,65924753;3,78429508;0,00000000
8,65935153;3,82781744;0,00000000
8,65945553;3,78429508;0,00000000
8,65955953;3,78429508;0,00000000
8,65966353;3,78429508;0,00000000
8,65976753;3,78429508;0,00000000
8,65987153;3,78429508;0,00000000
8,65997553;3,78429508;0,00000000
8,66007953;3,82781744;0,00000000
8,66018353;3,82781744;0,00000000
8,66028753;3,78429508;0,00000000
8,66039153;3,82781744;0,00000000
8,66049553;3,82781744;0,00000000
8,66059953;3,82781744;0,00000000
8,66070353;3,78429508;0,00000000
8,66080753;3,82781744;0,00000000
8,66091153;3,78429508;0,00000000
8,66101553;3,78429508;0,00000000
8,66111953;3,78429508;0,00000000
8,66122353;3,78429508;0,00000000
8,66132753;3,78429508;0,00000000
8,66143153;3,82781744;0,00000000
8,66153553;3,82781744;0,00000000
8,66163953;3,78429508;0,00000000
8,66174353;3,78429508;0,00000000
8,66184753;3,82781744;0,00000000
8,66195153;3,82781744;0,00000000
8,66205553;3,82781744;0,00000000
8,66215953;3,82781744;0,00000000
8,66226353;3,78429508;0,00000000
8,66236753;3,82781744;0,00000000
8,66247153;3,82781744;0,00000000
8,66257553;3,78429508;0,00000000
8,66267953;3,78429508;0,00000000
8,66278353;3,82781744;0,00000000
8,66288753;3,78429508;0,00000000
8,66299153;3,82781744;0,00000000
8,66309553;3,78429508;0,00000000
8,66319953;3,78429508;0,00000000
8,66330353;3,78429508;0,00000000
8,66340753;3,78429508;0,00000000
8,66351153;3,82781744;0,00000000
8,66361553;3,82781744;0,00000000
8,66371953;3,78429508;0,00000000
8,66382353;3,78429508;0,00000000
8,66392753;3,78429508;0,00000000
8,66403153;3,82781744;0,00000000
8,66413553;3,78429508;0,00000000
8,66423953;3,78429508;0,00000000
8,66434353;3,78429508;0,00000000
8,66444753;3,78429508;0,00000000
8,66455153;3,82781744;0,00000000
8,66465553;3,82781744;0,00000000
8,66475953;3,82781744;0,00000000
8,66486353;3,82781744;0,00000000
8,66496753;3,78429508;0,00000000
8,66507153;3,78429508;0,00000000
8,66517553;3,78429508;0,00000000
8,66527953;3,78429508;0,00000000
8,66538353;3,78429508;0,00000000
8,66548753;3,82781744;0,00000000
8,66559153;3,78429508;0,00000000
8,66569553;3,78429508;0,00000000
8,66579953;3,78429508;0,00000000
8,66590353;3,82781744;0,00000000
8,66600753;3,78429508;0,00000000
8,66611153;3,82781744;0,00000000
8,66621553;3,82781744;0,00000000
8,66631953;3,82781744;0,00000000
8,66642353;3,78429508;0,00000000
8,66652753;3,82781744;0,00000000
8,66663153;3,78429508;0,00000000
8,66673553;3,82781744;0,00000000
8,66683953;3,82781744;0,00000000
8,66694353;3,78429508;0,00000000
8,66704753;3,78429508;0,00000000
8,66715153;3,78429508;0,00000000
8,66725553;3,78429508;0,00000000
8,66735953;3,82781744;0,00000000
8,66746353;3,78429508;0,00000000
8,66756753;3,82781744;0,00000000
8,66767153;3,78429508;0,00000000
8,66777553;3,78429508;0,00000000
8,66787953;3,82781744;0,00000000
8,66798353;3,82781744;0,00000000
8,66808753;3,82781744;0,00000000
8,66819153;3,78429508;0,00000000
8,66829553;3,82781744;0,00000000
8,66839953;3,82781744;0,00000000
8,66850353;3,82781744;0,00000000
8,66860753;3,82781744;0,00000000
8,66871153;3,82781744;0,00000000
8,66881553;3,78429508;0,00000000
8,66891953;3,78429508;0,00000000
8,66902353;3,82781744;0,00000000
8,66912753;3,78429508;0,00000000
8,66923153;3,82781744;0,00000000
8,66933553;3,78429508;0,00000000
8,66943953;3,82781744;0,00000000
8,66954353;3,78429508;0,00000000
8,66964753;3,78429508;0,00000000
8,66975153;3,78429508;0,00000000
8,66985553;3,82781744;0,00000000
8,66995953;3,82781744;0,00000000
8,67006353;3,82781744;0,00000000
8,67016753;3,82781744;0,00000000
8,67027153;3,78429508;0,00000000
8,67037553;3,78429508;0,00000000
8,67047953;3,78429508;0,00000000
8,67058353;3,82781744;0,00000000
8,67068753;3,82781744;0,00000000
8,67079153;3,82781744;0,00000000
8,67089553;3,82781744;0,00000000
8,67099953;3,78429508;0,00000000
8,67110353;3,82781744;0,00000000
8,67120753;3,82781744;0,00000000
8,67131153;3,78429508;0,00000000
8,67141553;3,78429508;0,01734744
8,67151953;3,82781744;0,00000000
8,67162353;3,82781744;0,00000000
8,67172753;3,82781744;0,00000000
8,67183153;3,82781744;0,00000000
8,67193553;3,82781744;0,00000000
8,67203953;3,82781744;0,00000000
8,67214353;3,82781744;0,00000000
8,67224753;3,82781744;0,00000000
8,67235153;3,78429508;0,00000000
8,67245553;3,78429508;0,00000000
8,67255953;3,82781744;0,00000000
8,67266353;3,82781744;0,00000000
8,67276753;3,82781744;0,00000000
8,67287153;3,82781744;0,00000000
8,67297553;3,78429508;0,00000000
8,67307953;3,82781744;0,00000000
8,67318353;3,78429508;0,00000000
8,67328753;3,82781744;0,00000000
8,67339153;3,82781744;0,00000000
8,67349553;3,82781744;0,00000000
8,67359953;3,82781744;0,00000000
8,67370353;3,78429508;0,00000000
8,67380753;3,78429508;0,00000000
8,67391153;3,82781744;0,00000000
8,67401553;3,82781744;0,00000000
8,67411953;3,82781744;0,00000000
8,67422353;3,82781744;0,00000000
8,67432753;3,82781744;0,00000000
8,67443153;3,78429508;0,00000000
8,67453553;3,78429508;0,00000000
8,67463953;3,82781744;0,00000000
8,67474353;3,78429508;0,00000000
8,67484753;3,82781744;0,00000000
8,67495153;3,82781744;0,00000000
8,67505553;3,82781744;0,00000000
8,67515953;3,82781744;0,00000000
8,67526353;3,82781744;0,00000000
8,67536753;3,82781744;0,00000000
8,67547153;3,82781744;0,00000000
8,67557553;3,82781744;0,00000000
8,67567953;3,82781744;0,00000000
8,67578353;3,82781744;0,01734744
8,67588753;3,82781744;0,00000000
8,67599153;3,78429508;0,00000000
8,67609553;3,82781744;0,00000000
8,67619953;3,78429508;0,00000000
8,67630353;3,78429508;0,00000000
8,67640753;3,78429508;0,00000000
8,67651153;3,82781744;0,00000000
8,67661553;3,78429508;0,00000000
8,67671953;3,82781744;0,00000000
8,67682353;3,78429508;0,00000000
8,67692753;3,82781744;0,00000000
8,67703153;3,82781744;0,00000000
8,67713553;3,82781744;0,00000000
8,67723953;3,78429508;0,00000000
8,67734353;3,82781744;0,00000000
8,67744753;3,78429508;0,00000000
8,67755153;3,82781744;0,00000000
8,67765553;3,78429508;0,00000000
8,67775953;3,78429508;0,00000000
8,67786353;3,78429508;0,00000000
8,67796753;3,82781744;0,00000000
8,67807153;3,78429508;0,00000000
8,67817553;3,78429508;0,00000000
8,67827953;3,78429508;0,00000000
8,67838353;3,82781744;0,00000000
8,67848753;3,82781744;0,00000000
8,67859153;3,82781744;0,00000000
8,67869553;3,78429508;0,00000000
8,67879953;3,78429508;0,00000000
8,67890353;3,82781744;0,00000000
8,67900753;3,82781744;0,00000000
8,67911153;3,82781744;0,00000000
8,67921553;3,78429508;0,00000000
8,67931953;3,82781744;0,00000000
8,67942353;3,82781744;0,00000000
8,67952753;3,82781744;0,00000000
8,67963153;3,82781744;0,00000000
8,67973553;3,78429508;0,00000000
8,67983953;3,78429508;0,00000000
8,67994353;3,78429508;0,00000000
8,68004753;3,78429508;0,00000000
8,68015153;3,78429508;0,00000000
8,68025553;3,78429508;0,00000000
8,68035953;3,82781744;0,00000000
8,68046353;3,78429508;0,00000000
8,68056753;3,82781744;0,00000000
8,68067153;3,82781744;0,00000000
8,68077553;3,78429508;0,00000000
8,68087953;3,78429508;0,00000000
8,68098353;3,82781744;0,00000000
8,68108753;3,82781744;0,00000000
8,68119153;3,82781744;0,00000000
8,68129553;3,82781744;0,00000000
8,68139953;3,82781744;0,00000000
8,68150353;3,82781744;0,00000000
8,68160753;3,78429508;0,00000000
8,68171153;3,82781744;0,00000000
8,68181553;3,82781744;0,00000000
8,68191953;3,82781744;0,00000000
8,68202353;3,82781744;0,00000000
8,68212753;3,82781744;0,01734744
8,68223153;3,82781744;0,00000000
8,68233553;3,78429508;0,00000000
8,68243953;3,82781744;0,00000000
8,68254353;3,78429508;0,00000000
8,68264753;3,82781744;0,00000000
8,68275153;3,82781744;0,00000000
8,68285553;3,82781744;0,00000000
8,68295953;3,78429508;0,00000000
8,68306353;3,82781744;0,00000000
8,68316753;3,78429508;0,00000000
8,68327153;3,78429508;0,00000000
8,68337553;3,82781744;0,00000000
8,68347953;3,82781744;0,00000000
8,68358353;3,82781744;0,00000000
8,68368753;3,82781744;0,00000000
8,68379153;3,82781744;0,00000000
8,68389553;3,82781744;0,00000000
8,68399953;3,78429508;0,00000000
8,68410353;3,78429508;0,00000000
8,68420753;3,82781744;0,00000000
8,68431153;3,82781744;0,00000000
8,68441553;3,78429508;0,00000000
8,68451953;3,78429508;0,00000000
8,68462353;3,78429508;0,00000000
8,68472753;3,78429508;0,00000000
8,68483153;3,82781744;0,00000000
8,68493553;3,78429508;0,00000000
8,68503953;3,78429508;0,00000000
8,68514353;3,82781744;0,00000000
8,68524753;3,82781744;0,00000000
8,68535153;3,82781744;0,00000000
8,68545553;3,82781744;0,00000000
8,68555953;3,82781744;0,00000000
8,68566353;3,82781744;0,00000000
8,68576753;3,82781744;0,00000000
8,68587153;3,82781744;0,00000000
8,68597553;3,78429508;0,00000000
8,68607953;3,78429508;0,00000000
8,68618353;3,82781744;0,00000000
8,68628753;3,82781744;0,00000000
8,68639153;3,82781744;0,00000000
8,68649553;3,82781744;0,00000000
8,68659953;3,82781744;0,00000000
8,68670353;3,82781744;0,00000000
8,68680753;3,78429508;0,00000000
8,68691153;3,82781744;0,00000000
8,68701553;3,82781744;0,00000000
8,68711953;3,78429508;0,00000000
8,68722353;3,78429508;0,00000000
8,68732753;3,82781744;0,00000000
8,68743153;3,82781744;0,00000000
8,68753553;3,78429508;0,00000000
8,68763953;3,82781744;0,00000000
8,68774353;3,82781744;0,00000000
8,68784753;3,82781744;0,00000000
8,68795153;3,82781744;0,00000000
8,68805553;3,78429508;0,00000000
8,68815953;3,82781744;0,00000000
8,68826353;3,82781744;0,00000000
8,68836753;3,78429508;0,00000000
8,68847153;3,82781744;0,00000000
8,68857553;3,82781744;0,00000000
8,68867953;3,78429508;0,00000000
8,68878353;3,82781744;0,00000000
8,68888753;3,78429508;0,00000000
8,68899153;3,82781744;0,00000000
8,68909553;3,78429508;0,00000000
8,68919953;3,78429508;0,00000000
8,68930353;3,82781744;0,00000000
8,68940753;3,82781744;0,00000000
8,68951153;3,82781744;0,00000000
8,68961553;3,82781744;0,00000000
8,68971953;3,82781744;0,00000000
8,68982353;3,82781744;0,00000000
8,68992753;3,82781744;0,01734744
8,69003153;3,82781744;0,00000000
8,69013553;3,82781744;0,00000000
8,69023953;3,78429508;0,00000000
8,69034353;3,78429508;0,00000000
8,69044753;3,82781744;0,00000000
8,69055153;3,82781744;0,00000000
8,69065553;3,82781744;0,00000000
8,69075953;3,78429508;0,00000000
8,69086353;3,82781744;0,00000000
8,69096753;3,82781744;0,00000000
8,69107153;3,82781744;0,00000000
8,69117553;3,82781744;0,00000000
8,69127953;3,82781744;0,00000000
8,69138353;3,82781744;0,00000000
8,69148753;3,82781744;0,00000000
8,69159153;3,82781744;0,00000000
8,69169553;3,82781744;0,00000000
8,69179953;3,82781744;0,00000000
8,69190353;3,82781744;0,00000000
8,69200753;3,78429508;0,00000000
8,69211153;3,82781744;0,00000000
8,69221553;3,78429508;0,00000000
8,69231953;3,82781744;0,00000000
8,69242353;3,78429508;0,00000000
8,69252753;3,82781744;0,00000000
8,69263153;3,82781744;0,00000000
8,69273553;3,82781744;0,00000000
8,69283953;3,78429508;0,00000000
8,69294353;3,78429508;0,00000000
8,69304753;3,82781744;0,00000000
8,69315153;3,82781744;0,00000000
8,69325553;3,78429508;0,00000000
8,69335953;3,82781744;0,00000000
8,69346353;3,78429508;0,00000000
8,69356753;3,82781744;0,00000000
8,69367153;3,82781744;0,00000000
8,69377553;3,78429508;0,00000000
8,69387953;3,78429508;0,00000000
8,69398353;3,82781744;0,00000000
8,69408753;3,82781744;0,00000000
8,69419153;3,78429508;0,00000000
8,69429553;3,78429508;0,00000000
8,69439953;3,82781744;0,00000000
8,69450353;3,82781744;0,00000000
8,69460753;3,78429508;0,00000000
8,69471153;3,82781744;0,00000000
8,69481553;3,82781744;0,00000000
8,69491953;3,78429508;0,00000000
8,69502353;3,78429508;0,00000000
8,69512753;3,78429508;0,00000000
8,69523153;3,78429508;0,00000000
8,69533553;3,82781744;0,00000000
8,69543953;3,82781744;0,00000000
8,69554353;3,78429508;0,00000000
8,69564753;3,82781744;0,00000000
8,69575153;3,78429508;0,00000000
8,69585553;3,82781744;0,01734744
8,69595953;3,82781744;0,00000000
8,69606353;3,82781744;0,00000000
8,69616753;3,82781744;0,00000000
8,69627153;3,82781744;0,00000000
8,69637553;3,82781744;0,00000000
8,69647953;3,82781744;0,00000000
8,69658353;3,82781744;0,00000000
8,69668753;3,82781744;0,00000000
8,69679153;3,78429508;0,00000000
8,69689553;3,82781744;0,00000000
8,69699953;3,78429508;0,00000000
8,69710353;3,82781744;0,00000000
8,69720753;3,78429508;0,00000000
8,69731153;3,82781744;0,00000000
8,69741553;3,82781744;0,00000000
8,69751953;3,87133980;0,00000000
8,69762353;3,78429508;0,00000000
8,69772753;3,82781744;0,00000000
8,69783153;3,82781744;0,00000000
8,69793553;3,82781744;0,00000000
8,69803953;3,78429508;0,00000000
8,69814353;3,78429508;0,00000000
8,69824753;3,82781744;0,00000000
8,69835153;3,78429508;0,00000000
8,69845553;3,82781744;0,00000000
8,69855953;3,82781744;0,00000000
8,69866353;3,82781744;0,00000000
8,69876753;3,82781744;0,00000000
8,69887153;3,82781744;0,00000000
8,69897553;3,82781744;0,00000000
8,69907953;3,82781744;0,00000000
8,69918353;3,82781744;0,00000000
8,69928753;3,78429508;0,00000000
8,69939153;3,82781744;0,00000000
8,69949553;3,78429508;0,00000000
8,69959953;3,82781744;0,00000000
8,69970353;3,82781744;0,00000000
8,69980753;3,82781744;0,00000000
8,69991153;3,82781744;0,00000000
8,70001553;3,78429508;0,00000000
8,70011953;3,78429508;0,00000000
8,70022353;3,82781744;0,00000000
8,70032753;3,82781744;0,00000000
8,70043153;3,82781744;0,00000000
8,70053553;3,82781744;0,00000000
8,70063953;3,82781744;0,00000000
8,70074353;3,82781744;0,00000000
8,70084753;3,82781744;0,00000000
8,70095153;3,82781744;0,00000000
8,70105553;3,78429508;0,00000000
8,70115953;3,78429508;0,00000000
8,70126353;3,82781744;0,00000000
8,70136753;3,82781744;0,00000000
8,70147153;3,78429508;0,00000000
8,70157553;3,78429508;0,00000000
8,70167953;3,78429508;0,00000000
8,70178353;3,78429508;0,00000000
8,70188753;3,78429508;0,00000000
8,70199153;3,82781744;0,00000000
8,70209553;3,82781744;0,00000000
8,70219953;3,78429508;0,00000000
8,70230353;3,82781744;0,00000000
8,70240753;3,78429508;0,00000000
8,70251153;3,82781744;0,00000000
8,70261553;3,78429508;0,00000000
8,70271953;3,82781744;0,00000000
8,70282353;3,82781744;0,00000000
8,70292753;3,82781744;0,00000000
8,70303153;3,82781744;0,00000000
8,70313553;3,78429508;0,00000000
8,70323953;3,82781744;0,00000000
8,70334353;3,78429508;0,00000000
8,70344753;3,82781744;0,00000000
8,70355153;3,82781744;0,00000000
8,70365553;3,82781744;0,00000000
8,70375953;3,78429508;0,00000000
8,70386353;3,78429508;0,00000000
8,70396753;3,82781744;0,00000000
8,70407153;3,82781744;0,00000000
8,70417553;3,82781744;0,00000000
8,70427953;3,82781744;0,00000000
8,70438353;3,82781744;0,00000000
8,70448753;3,78429508;0,00000000
8,70459153;3,78429508;0,00000000
8,70469553;3,78429508;0,00000000
8,70479953;3,82781744;0,00000000
8,70490353;3,78429508;0,00000000
8,70500753;3,82781744;0,00000000
8,70511153;3,82781744;0,00000000
8,70521553;3,82781744;0,00000000
8,70531953;3,82781744;0,00000000
8,70542353;3,82781744;0,00000000
8,70552753;3,82781744;0,00000000
8,70563153;3,82781744;0,00000000
8,70573553;3,82781744;0,00000000
8,70583953;3,82781744;0,00000000
8,70594353;3,78429508;0,00000000
8,70604753;3,82781744;0,00000000
8,70615153;3,78429508;0,00000000
8,70625553;3,82781744;0,00000000
8,70635953;3,82781744;0,00000000
8,70646353;3,82781744;0,00000000
8,70656753;3,78429508;0,00000000
8,70667153;3,82781744;0,00000000
8,70677553;3,82781744;0,00000000
8,70687953;3,82781744;0,00000000
8,70698353;3,82781744;0,00000000
8,70708753;3,82781744;0,00000000
8,70719153;3,78429508;0,00000000
8,70729553;3,82781744;0,01734744
8,70739953;3,82781744;0,00000000
8,70750353;3,78429508;0,00000000
8,70760753;3,82781744;0,00000000
8,70771153;3,78429508;0,00000000
8,70781553;3,78429508;0,00000000
8,70791953;3,78429508;0,00000000
8,70802353;3,82781744;0,00000000
8,70812753;3,82781744;0,00000000
8,70823153;3,82781744;0,00000000
8,70833553;3,82781744;0,00000000
8,70843953;3,78429508;0,00000000
8,70854353;3,78429508;0,00000000
8,70864753;3,78429508;0,00000000
8,70875153;3,82781744;0,00000000
8,70885553;3,78429508;0,00000000
8,70895953;3,82781744;0,00000000
8,70906353;3,82781744;0,00000000
8,70916753;3,82781744;0,00000000
8,70927153;3,82781744;0,00000000
8,70937553;3,82781744;0,00000000
8,70947953;3,78429508;0,00000000
8,70958353;3,82781744;0,00000000
8,70968753;3,82781744;0,00000000
8,70979153;3,82781744;0,00000000
8,70989553;3,78429508;0,00000000
8,70999953;3,82781744;0,00000000
8,71010353;3,82781744;0,01734744
8,71020753;3,82781744;0,00000000
8,71031153;3,82781744;0,00000000
8,71041553;3,82781744;0,00000000
8,71051953;3,82781744;0,00000000
8,71062353;3,82781744;0,00000000
8,71072753;3,78429508;0,00000000
8,71083153;3,82781744;0,00000000
8,71093553;3,82781744;0,00000000
8,71103953;3,78429508;0,00000000
8,71114353;3,82781744;0,00000000
8,71124753;3,82781744;0,00000000
8,71135153;3,82781744;0,00000000
8,71145553;3,82781744;0,00000000
8,71155953;3,78429508;0,00000000
8,71166353;3,82781744;0,00000000
8,71176753;3,78429508;0,00000000
8,71187153;3,82781744;0,00000000
8,71197553;3,82781744;0,00000000
8,71207953;3,82781744;0,00000000
8,71218353;3,82781744;0,00000000
8,71228753;3,82781744;0,00000000
8,71239153;3,78429508;0,00000000
8,71249553;3,82781744;0,00000000
8,71259953;3,78429508;0,00000000
8,71270353;3,82781744;0,00000000
8,71280753;3,82781744;0,00000000
8,71291153;3,82781744;0,00000000
8,71301553;3,78429508;0,00000000
8,71311953;3,82781744;0,00000000
8,71322353;3,78429508;0,00000000
8,71332753;3,82781744;0,00000000
8,71343153;3,78429508;0,00000000
8,71353553;3,82781744;0,00000000
8,71363953;3,82781744;0,00000000
8,71374353;3,82781744;0,00000000
8,71384753;3,78429508;0,00000000
8,71395153;3,78429508;0,00000000
8,71405553;3,78429508;0,00000000
8,71415953;3,78429508;0,00000000
8,71426353;3,82781744;0,00000000
8,71436753;3,82781744;0,00000000
8,71447153;3,78429508;0,00000000
8,71457553;3,78429508;0,00000000
8,71467953;3,78429508;0,00000000
8,71478353;3,82781744;0,00000000
8,71488753;3,78429508;0,00000000
8,71499153;3,82781744;0,00000000
8,71509553;3,78429508;0,01734744
8,71519953;3,82781744;0,00000000
8,71530353;3,82781744;0,00000000
8,71540753;3,82781744;0,00000000
8,71551153;3,82781744;0,00000000
8,71561553;3,82781744;0,00000000
8,71571953;3,82781744;0,00000000
8,71582353;3,82781744;0,00000000
8,71592753;3,82781744;0,00000000
8,71603153;3,82781744;0,00000000
8,71613553;3,82781744;0,00000000
8,71623953;3,82781744;0,00000000
8,71634353;3,82781744;0,00000000
8,71644753;3,78429508;0,00000000
8,71655153;3,82781744;0,00000000
8,71665553;3,78429508;0,00000000
8,71675953;3,82781744;0,00000000
8,71686353;3,82781744;0,00000000
8,71696753;3,82781744;0,00000000
8,71707153;3,78429508;0,00000000
8,71717553;3,82781744;0,00000000
8,71727953;3,78429508;0,00000000
8,71738353;3,78429508;0,00000000
8,71748753;3,78429508;0,00000000
8,71759153;3,78429508;0,00000000
8,71769553;3,78429508;0,00000000
8,71779953;3,82781744;0,00000000
8,71790353;3,82781744;0,00000000
8,71800753;3,82781744;0,00000000
8,71811153;3,82781744;0,00000000
8,71821553;3,78429508;0,00000000
8,71831953;3,78429508;0,00000000
8,71842353;3,82781744;0,00000000
8,71852753;3,82781744;0,00000000
8,71863153;3,78429508;0,00000000
8,71873553;3,82781744;0,00000000
8,71883953;3,82781744;0,00000000
8,71894353;3,82781744;0,00000000
8,71904753;3,78429508;0,00000000
8,71915153;3,82781744;0,00000000
8,71925553;3,82781744;0,00000000
8,71935953;3,82781744;0,00000000
8,71946353;3,82781744;0,00000000
8,71956753;3,78429508;0,00000000
8,71967153;3,78429508;0,00000000
8,71977553;3,82781744;0,00000000
8,71987953;3,78429508;0,00000000
8,71998353;3,82781744;0,00000000
8,72008753;3,78429508;0,00000000
8,72019153;3,82781744;0,00000000
8,72029553;3,82781744;0,00000000
8,72039953;3,78429508;0,00000000
8,72050353;3,82781744;0,00000000
8,72060753;3,82781744;0,00000000
8,72071153;3,82781744;0,00000000
8,72081553;3,78429508;0,00000000
8,72091953;3,82781744;0,00000000
8,72102353;3,78429508;0,00000000
8,72112753;3,82781744;0,00000000
8,72123153;3,82781744;0,00000000
8,72133553;3,78429508;0,00000000
8,72143953;3,82781744;0,00000000
8,72154353;3,82781744;0,00000000
8,72164753;3,82781744;0,00000000
8,72175153;3,78429508;0,00000000
8,72185553;3,82781744;0,00000000
8,72195953;3,82781744;0,00000000
8,72206353;3,82781744;0,00000000
8,72216753;3,82781744;0,00000000
8,72227153;3,78429508;0,00000000
8,72237553;3,78429508;0,00000000
8,72247953;3,82781744;0,00000000
8,72258353;3,78429508;0,00000000
8,72268753;3,82781744;0,00000000
8,72279153;3,78429508;0,00000000
8,72289553;3,78429508;0,00000000
8,72299953;3,78429508;0,00000000
8,72310353;3,82781744;0,00000000
8,72320753;3,82781744;0,00000000
8,72331153;3,82781744;0,00000000
8,72341553;3,82781744;0,00000000
8,72351953;3,82781744;0,00000000
8,72362353;3,78429508;0,00000000
8,72372753;3,78429508;0,00000000
8,72383153;3,78429508;0,00000000
8,72393553;3,82781744;0,00000000
8,72403953;3,82781744;0,00000000
8,72414353;3,82781744;0,00000000
8,72424753;3,82781744;0,00000000
8,72435153;3,82781744;0,00000000
8,72445553;3,78429508;0,00000000
8,72455953;3,82781744;0,00000000
8,72466353;3,78429508;0,00000000
8,72476753;3,78429508;0,00000000
8,72487153;3,82781744;0,00000000
8,72497553;3,82781744;0,00000000
8,72507953;3,82781744;0,00000000
8,72518353;3,78429508;0,00000000
8,72528753;3,78429508;0,00000000
8,72539153;3,82781744;0,00000000
8,72549553;3,78429508;0,00000000
8,72559953;3,78429508;0,00000000
8,72570353;3,78429508;0,00000000
8,72580753;3,82781744;0,00000000
8,72591153;3,82781744;0,00000000
8,72601553;3,78429508;0,00000000
8,72611953;3,82781744;0,00000000
8,72622353;3,82781744;0,00000000
8,72632753;3,82781744;0,00000000
8,72643153;3,82781744;0,00000000
8,72653553;3,78429508;0,00000000
8,72663953;3,78429508;0,00000000
8,72674353;3,78429508;0,00000000
8,72684753;3,82781744;0,00000000
8,72695153;3,82781744;0,00000000
8,72705553;3,82781744;0,00000000
8,72715953;3,82781744;0,00000000
8,72726353;3,82781744;0,00000000
8,72736753;3,82781744;0,00000000
8,72747153;3,82781744;0,00000000
8,72757553;3,82781744;0,00000000
8,72767953;3,78429508;0,00000000
8,72778353;3,82781744;0,00000000
8,72788753;3,82781744;0,00000000
8,72799153;3,82781744;0,00000000
8,72809553;3,78429508;0,00000000
8,72819953;3,82781744;0,00000000
8,72830353;3,78429508;0,00000000
8,72840753;3,82781744;0,00000000
8,72851153;3,82781744;0,00000000
8,72861553;3,82781744;0,00000000
8,72871953;3,82781744;0,00000000
8,72882353;3,78429508;0,00000000
8,72892753;3,78429508;0,00000000
8,72903153;3,82781744;0,00000000
8,72913553;3,78429508;0,00000000
8,72923953;3,78429508;0,00000000
8,72934353;3,82781744;0,00000000
8,72944753;3,82781744;0,00000000
8,72955153;3,82781744;0,00000000
8,72965553;3,78429508;0,00000000
8,72975953;3,82781744;0,00000000
8,72986353;3,78429508;0,00000000
8,72996753;3,82781744;0,00000000
8,73007153;3,82781744;0,00000000
8,73017553;3,82781744;0,00000000
8,73027953;3,78429508;0,00000000
8,73038353;3,82781744;0,00000000
8,73048753;3,78429508;0,00000000
8,73059153;3,82781744;0,00000000
8,73069553;3,82781744;0,00000000
8,73079953;3,82781744;0,00000000
8,73090353;3,78429508;0,00000000
8,73100753;3,78429508;0,00000000
8,73111153;3,82781744;0,00000000
8,73121553;3,82781744;0,00000000
8,73131953;3,78429508;0,00000000
8,73142353;3,82781744;0,00000000
8,73152753;3,78429508;0,00000000
8,73163153;3,78429508;0,00000000
8,73173553;3,82781744;0,00000000
8,73183953;3,82781744;0,00000000
8,73194353;3,78429508;0,00000000
8,73204753;3,82781744;0,00000000
8,73215153;3,78429508;0,00000000
8,73225553;3,78429508;0,00000000
8,73235953;3,78429508;0,00000000
8,73246353;3,82781744;0,00000000
8,73256753;3,78429508;0,00000000
8,73267153;3,82781744;0,00000000
8,73277553;3,78429508;0,00000000
8,73287953;3,78429508;0,00000000
8,73298353;3,78429508;0,00000000
8,73308753;3,82781744;0,00000000
8,73319153;3,78429508;0,00000000
8,73329553;3,82781744;0,00000000
8,73339953;3,82781744;0,00000000
8,73350353;3,78429508;0,00000000
8,73360753;3,82781744;0,00000000
8,73371153;3,82781744;0,00000000
8,73381553;3,78429508;0,00000000
8,73391953;3,78429508;0,00000000
8,73402353;3,82781744;0,00000000
8,73412753;3,82781744;0,00000000
8,73423153;3,78429508;0,00000000
8,73433553;3,78429508;0,00000000
8,73443953;3,78429508;0,00000000
8,73454353;3,82781744;0,00000000
8,73464753;3,78429508;0,00000000
8,73475153;3,78429508;0,00000000
8,73485553;3,78429508;0,00000000
8,73495953;3,82781744;0,00000000
8,73506353;3,78429508;0,00000000
8,73516753;3,82781744;0,00000000
8,73527153;3,78429508;0,00000000
8,73537553;3,82781744;0,00000000
8,73547953;3,82781744;0,00000000
8,73558353;3,78429508;0,00000000
8,73568753;3,82781744;0,00000000
8,73579153;3,82781744;0,00000000
8,73589553;3,78429508;0,00000000
8,73599953;3,82781744;0,00000000
8,73610353;3,82781744;0,00000000
8,73620753;3,82781744;0,00000000
8,73631153;3,82781744;0,00000000
8,73641553;3,82781744;0,00000000
8,73651953;3,78429508;0,00000000
8,73662353;3,82781744;0,00000000
8,73672753;3,78429508;0,00000000
8,73683153;3,82781744;0,00000000
8,73693553;3,78429508;0,00000000
8,73703953;3,78429508;0,00000000
8,73714353;3,82781744;0,00000000
8,73724753;3,82781744;0,00000000
8,73735153;3,82781744;0,00000000
8,73745553;3,82781744;0,00000000
8,73755953;3,78429508;0,00000000
8,73766353;3,78429508;0,00000000
8,73776753;3,78429508;0,00000000
8,73787153;3,78429508;0,00000000
8,73797553;3,82781744;0,00000000
8,73807953;3,82781744;0,00000000
8,73818353;3,78429508;0,00000000
8,73828753;3,82781744;0,00000000
8,73839153;3,82781744;0,00000000
8,73849553;3,78429508;0,00000000
8,73859953;3,82781744;0,00000000
8,73870353;3,78429508;0,00000000
8,73880753;3,82781744;0,00000000
8,73891153;3,78429508;0,01734744
8,73901553;3,82781744;0,00000000
8,73911953;3,82781744;0,00000000
8,73922353;3,82781744;0,00000000
8,73932753;3,78429508;0,00000000
8,73943153;3,78429508;0,00000000
8,73953553;3,78429508;0,00000000
8,73963953;3,82781744;0,00000000
8,73974353;3,82781744;0,00000000
8,73984753;3,78429508;0,00000000
8,73995153;3,82781744;0,00000000
8,74005553;3,82781744;0,00000000
8,74015953;3,82781744;0,00000000
8,74026353;3,82781744;0,00000000
8,74036753;3,82781744;0,00000000
8,74047153;3,82781744;0,00000000
8,74057553;3,82781744;0,00000000
8,74067953;3,78429508;0,00000000
8,74078353;3,82781744;0,00000000
8,74088753;3,82781744;0,00000000
8,74099153;3,82781744;0,00000000
8,74109553;3,78429508;0,00000000
8,74119953;3,78429508;0,00000000
8,74130353;3,78429508;0,00000000
8,74140753;3,78429508;0,00000000
8,74151153;3,82781744;0,00000000
8,74161553;3,82781744;0,00000000
8,74171953;3,78429508;0,00000000
8,74182353;3,82781744;0,00000000
8,74192753;3,82781744;0,00000000
8,74203153;3,82781744;0,00000000
8,74213553;3,82781744;0,00000000
8,74223953;3,78429508;0,00000000
8,74234353;3,82781744;0,00000000
8,74244753;3,82781744;0,00000000
8,74255153;3,82781744;0,00000000
8,74265553;3,78429508;0,00000000
8,74275953;3,82781744;0,00000000
8,74286353;3,78429508;0,00000000
8,74296753;3,82781744;0,00000000
8,74307153;3,82781744;0,00000000
8,74317553;3,78429508;0,00000000
8,74327953;3,78429508;0,00000000
8,74338353;3,78429508;0,00000000
8,74348753;3,78429508;0,00000000
8,74359153;3,78429508;0,00000000
8,74369553;3,82781744;0,00000000
8,74379953;3,82781744;0,00000000
8,74390353;3,82781744;0,00000000
8,74400753;3,82781744;0,00000000
8,74411153;3,82781744;0,00000000
8,74421553;3,82781744;0,00000000
8,74431953;3,82781744;0,00000000
8,74442353;3,78429508;0,00000000
8,74452753;3,82781744;0,00000000
8,74463153;3,82781744;0,00000000
8,74473553;3,78429508;0,00000000
8,74483953;3,78429508;0,00000000
8,74494353;3,82781744;0,00000000
8,74504753;3,78429508;0,00000000
8,74515153;3,78429508;0,00000000
8,74525553;3,82781744;0,00000000
8,74535953;3,78429508;0,00000000
8,74546353;3,82781744;0,00000000
8,74556753;3,78429508;0,00000000
8,74567153;3,78429508;0,00000000
8,74577553;3,82781744;0,00000000
8,74587953;3,82781744;0,00000000
8,74598353;3,82781744;0,00000000
8,74608753;3,82781744;0,00000000
8,74619153;3,78429508;0,00000000
8,74629553;3,82781744;0,00000000
8,74639953;3,78429508;0,00000000
8,74650353;3,82781744;0,00000000
8,74660753;3,78429508;0,00000000
8,74671153;3,82781744;0,00000000
8,74681553;3,78429508;0,00000000
8,74691953;3,78429508;0,00000000
8,74702353;3,82781744;0,00000000
8,74712753;3,82781744;0,00000000
8,74723153;3,82781744;0,00000000
8,74733553;3,78429508;0,00000000
8,74743953;3,82781744;0,00000000
8,74754353;3,82781744;0,00000000
8,74764753;3,82781744;0,00000000
8,74775153;3,82781744;0,00000000
8,74785553;3,82781744;0,00000000
8,74795953;3,78429508;0,00000000
8,74806353;3,78429508;0,00000000
8,74816753;3,82781744;0,00000000
8,74827153;3,82781744;0,00000000
8,74837553;3,78429508;0,00000000
8,74847953;3,78429508;0,00000000
8,74858353;3,78429508;0,00000000
8,74868753;3,78429508;0,00000000
8,74879153;3,82781744;0,00000000
8,74889553;3,78429508;0,00000000
8,74899953;3,82781744;0,00000000
8,74910353;3,78429508;0,00000000
8,74920753;3,82781744;0,00000000
8,74931153;3,82781744;0,00000000
8,74941553;3,82781744;0,00000000
8,74951953;3,82781744;0,00000000
8,74962353;3,82781744;0,00000000
8,74972753;3,82781744;0,00000000
8,74983153;3,82781744;0,00000000
8,74993553;3,78429508;0,00000000
8,75003953;3,78429508;0,00000000
8,75014353;3,78429508;0,00000000
8,75024753;3,78429508;0,00000000
8,75035153;3,82781744;0,00000000
8,75045553;3,78429508;0,00000000
8,75055953;3,82781744;0,00000000
8,75066353;3,82781744;0,00000000
8,75076753;3,78429508;0,00000000
8,75087153;3,82781744;0,00000000
8,75097553;3,82781744;0,00000000
8,75107953;3,82781744;0,00000000
8,75118353;3,82781744;0,00000000
8,75128753;3,82781744;0,00000000
8,75139153;3,78429508;0,00000000
8,75149553;3,82781744;0,00000000
8,75159953;3,82781744;0,00000000
8,75170353;3,82781744;0,00000000
8,75180753;3,82781744;0,00000000
8,75191153;3,82781744;0,00000000
8,75201553;3,78429508;0,00000000
8,75211953;3,82781744;0,00000000
8,75222353;3,78429508;0,00000000
8,75232753;3,78429508;0,00000000
8,75243153;3,82781744;0,00000000
8,75253553;3,82781744;0,00000000
8,75263953;3,82781744;0,00000000
8,75274353;3,78429508;0,00000000
8,75284753;3,82781744;0,00000000
8,75295153;3,82781744;0,00000000
8,75305553;3,82781744;0,00000000
8,75315953;3,82781744;0,00000000
8,75326353;3,82781744;0,00000000
8,75336753;3,82781744;0,00000000
8,75347153;3,82781744;0,00000000
8,75357553;3,82781744;0,00000000
8,75367953;3,78429508;0,00000000
8,75378353;3,78429508;0,00000000
8,75388753;3,82781744;0,00000000
8,75399153;3,82781744;0,00000000
8,75409553;3,78429508;0,00000000
8,75419953;3,82781744;0,00000000
8,75430353;3,82781744;0,00000000
8,75440753;3,82781744;0,00000000
8,75451153;3,82781744;0,00000000
8,75461553;3,82781744;0,00000000
8,75471953;3,82781744;0,00000000
8,75482353;3,82781744;0,00000000
8,75492753;3,82781744;0,00000000
8,75503153;3,82781744;0,00000000
8,75513553;3,82781744;0,00000000
8,75523953;3,82781744;0,00000000
8,75534353;3,78429508;0,00000000
8,75544753;3,82781744;0,00000000
8,75555153;3,82781744;0,00000000
8,75565553;3,82781744;0,00000000
8,75575953;3,78429508;0,00000000
8,75586353;3,82781744;0,00000000
8,75596753;3,82781744;0,00000000
8,75607153;3,78429508;0,00000000
8,75617553;3,82781744;0,00000000
8,75627953;3,82781744;0,00000000
8,75638353;3,78429508;0,00000000
8,75648753;3,78429508;0,00000000
8,75659153;3,78429508;0,00000000
8,75669553;3,82781744;0,00000000
8,75679953;3,82781744;0,00000000
8,75690353;3,82781744;0,00000000
8,75700753;3,82781744;0,00000000
8,75711153;3,82781744;0,00000000
8,75721553;3,78429508;0,00000000
8,75731953;3,78429508;0,00000000
8,75742353;3,78429508;0,00000000
8,75752753;3,82781744;0,00000000
8,75763153;3,78429508;0,00000000
8,75773553;3,78429508;0,00000000
8,75783953;3,82781744;0,00000000
8,75794353;3,78429508;0,00000000
8,75804753;3,82781744;0,00000000
8,75815153;3,78429508;0,00000000
8,75825553;3,78429508;0,00000000
8,75835953;3,82781744;0,00000000
8,75846353;3,82781744;0,00000000
8,75856753;3,82781744;0,00000000
8,75867153;3,82781744;0,00000000
8,75877553;3,78429508;0,00000000
8,75887953;3,82781744;0,00000000
8,75898353;3,82781744;0,00000000
8,75908753;3,82781744;0,00000000
8,75919153;3,82781744;0,00000000
8,75929553;3,78429508;0,00000000
8,75939953;3,82781744;0,00000000
8,75950353;3,82781744;0,00000000
8,75960753;3,82781744;0,00000000
8,75971153;3,82781744;0,00000000
8,75981553;3,82781744;0,00000000
8,75991953;3,82781744;0,00000000
8,76002353;3,82781744;0,00000000
8,76012753;3,82781744;0,00000000
8,76023153;3,82781744;0,00000000
8,76033553;3,82781744;0,00000000
8,76043953;3,82781744;0,00000000
8,76054353;3,82781744;0,00000000
8,76064753;3,82781744;0,00000000
8,76075153;3,82781744;0,00000000
8,76085553;3,78429508;0,00000000
8,76095953;3,78429508;0,00000000
8,76106353;3,82781744;0,00000000
8,76116753;3,82781744;0,00000000
8,76127153;3,82781744;0,00000000
8,76137553;3,78429508;0,00000000
8,76147953;3,82781744;0,00000000
8,76158353;3,78429508;0,00000000
8,76168753;3,78429508;0,00000000
8,76179153;3,82781744;0,00000000
8,76189553;3,78429508;0,00000000
8,76199953;3,82781744;0,00000000
8,76210353;3,82781744;0,00000000
8,76220753;3,82781744;0,00000000
8,76231153;3,82781744;0,00000000
8,76241553;3,82781744;0,00000000
8,76251953;3,82781744;0,00000000
8,76262353;3,78429508;0,00000000
8,76272753;3,82781744;0,00000000
8,76283153;3,82781744;0,00000000
8,76293553;3,78429508;0,00000000
8,76303953;3,78429508;0,00000000
8,76314353;3,78429508;0,00000000
8,76324753;3,82781744;0,00000000
8,76335153;3,82781744;0,00000000
8,76345553;3,78429508;0,00000000
8,76355953;3,82781744;0,00000000
8,76366353;3,82781744;0,00000000
8,76376753;3,82781744;0,00000000
8,76387153;3,82781744;0,00000000
8,76397553;3,78429508;0,00000000
8,76407953;3,82781744;0,00000000
8,76418353;3,82781744;0,00000000
8,76428753;3,82781744;0,00000000
8,76439153;3,82781744;0,00000000
8,76449553;3,78429508;0,00000000
8,76459953;3,82781744;0,00000000
8,76470353;3,82781744;0,00000000
8,76480753;3,78429508;0,00000000
8,76491153;3,82781744;0,00000000
8,76501553;3,82781744;0,00000000
8,76511953;3,82781744;0,00000000
8,76522353;3,78429508;0,00000000
8,76532753;3,82781744;0,00000000
8,76543153;3,78429508;0,00000000
8,76553553;3,82781744;0,00000000
8,76563953;3,82781744;0,00000000
8,76574353;3,82781744;0,00000000
8,76584753;3,82781744;0,00000000
8,76595153;3,82781744;0,00000000
8,76605553;3,82781744;0,00000000
8,76615953;3,82781744;0,00000000
8,76626353;3,78429508;0,00000000
8,76636753;3,82781744;0,00000000
8,76647153;3,82781744;0,00000000
8,76657553;3,78429508;0,00000000
8,76667953;3,78429508;0,00000000
8,76678353;3,78429508;0,00000000
8,76688753;3,82781744;0,00000000
8,76699153;3,82781744;0,00000000
8,76709553;3,82781744;0,00000000
8,76719953;3,82781744;0,00000000
8,76730353;3,82781744;0,00000000
8,76740753;3,82781744;0,00000000
8,76751153;3,78429508;0,00000000
8,76761553;3,82781744;0,00000000
8,76771953;3,82781744;0,00000000
8,76782353;3,82781744;0,00000000
8,76792753;3,78429508;0,00000000
8,76803153;3,82781744;0,00000000
8,76813553;3,82781744;0,00000000
8,76823953;3,82781744;0,00000000
8,76834353;3,82781744;0,00000000
8,76844753;3,82781744;0,00000000
8,76855153;3,78429508;0,00000000
8,76865553;3,82781744;0,00000000
8,76875953;3,82781744;0,00000000
8,76886353;3,82781744;0,00000000
8,76896753;3,78429508;0,00000000
8,76907153;3,82781744;0,00000000
8,76917553;3,78429508;0,00000000
8,76927953;3,78429508;0,00000000
8,76938353;3,78429508;0,00000000
8,76948753;3,82781744;0,00000000
8,76959153;3,82781744;0,00000000
8,76969553;3,82781744;0,00000000
8,76979953;3,82781744;0,00000000
8,76990353;3,82781744;0,00000000
8,77000753;3,82781744;0,00000000
8,77011153;3,82781744;0,00000000
8,77021553;3,78429508;0,00000000
8,77031953;3,78429508;0,00000000
8,77042353;3,82781744;0,00000000
8,77052753;3,82781744;0,00000000
8,77063153;3,78429508;0,00000000
8,77073553;3,82781744;0,00000000
8,77083953;3,82781744;0,00000000
8,77094353;3,82781744;0,00000000
8,77104753;3,82781744;0,00000000
8,77115153;3,82781744;0,00000000
8,77125553;3,78429508;0,00000000
8,77135953;3,78429508;0,00000000
8,77146353;3,82781744;0,00000000
8,77156753;3,78429508;0,00000000
8,77167153;3,78429508;0,00000000
8,77177553;3,82781744;0,00000000
8,77187953;3,78429508;0,00000000
8,77198353;3,82781744;0,00000000
8,77208753;3,82781744;0,00000000
8,77219153;3,82781744;0,00000000
8,77229553;3,78429508;0,00000000
8,77239953;3,82781744;0,00000000
8,77250353;3,82781744;0,00000000
8,77260753;3,82781744;0,00000000
8,77271153;3,82781744;0,00000000
8,77281553;3,82781744;0,00000000
8,77291953;3,82781744;0,00000000
8,77302353;3,82781744;0,00000000
8,77312753;3,82781744;0,00000000
8,77323153;3,82781744;0,00000000
8,77333553;3,82781744;0,00000000
8,77343953;3,78429508;0,00000000
8,77354353;3,82781744;0,00000000
8,77364753;3,78429508;0,00000000
8,77375153;3,82781744;0,00000000
8,77385553;3,82781744;0,00000000
8,77395953;3,82781744;0,00000000
8,77406353;3,78429508;0,00000000
8,77416753;3,78429508;0,00000000
8,77427153;3,82781744;0,00000000
8,77437553;3,82781744;0,00000000
8,77447953;3,82781744;0,00000000
8,77458353;3,78429508;0,00000000
8,77468753;3,78429508;0,00000000
8,77479153;3,78429508;0,00000000
8,77489553;3,82781744;0,00000000
8,77499953;3,82781744;0,00000000
8,77510353;3,82781744;0,00000000
8,77520753;3,82781744;0,00000000
8,77531153;3,82781744;0,00000000
8,77541553;3,82781744;0,00000000
8,77551953;3,78429508;0,00000000
8,77562353;3,78429508;0,00000000
8,77572753;3,82781744;0,00000000
8,77583153;3,82781744;0,00000000
8,77593553;3,82781744;0,00000000
8,77603953;3,82781744;0,00000000
8,77614353;3,82781744;0,00000000
8,77624753;3,78429508;0,00000000
8,77635153;3,78429508;0,00000000
8,77645553;3,78429508;0,00000000
8,77655953;3,82781744;0,00000000
8,77666353;3,78429508;0,00000000
8,77676753;3,82781744;0,00000000
8,77687153;3,82781744;0,00000000
8,77697553;3,82781744;0,00000000
8,77707953;3,82781744;0,00000000
8,77718353;3,82781744;0,00000000
8,77728753;3,78429508;0,00000000
8,77739153;3,82781744;0,00000000
8,77749553;3,82781744;0,00000000
8,77759953;3,78429508;0,00000000
8,77770353;3,82781744;0,00000000
8,77780753;3,82781744;0,00000000
8,77791153;3,82781744;0,00000000
8,77801553;3,78429508;0,00000000
8,77811953;3,82781744;0,00000000
8,77822353;3,82781744;0,00000000
8,77832753;3,78429508;0,00000000
8,77843153;3,82781744;0,00000000
8,77853553;3,78429508;0,00000000
8,77863953;3,82781744;0,00000000
8,77874353;3,82781744;0,00000000
8,77884753;3,78429508;0,00000000
8,77895153;3,82781744;0,00000000
8,77905553;3,78429508;0,00000000
8,77915953;3,78429508;0,00000000
8,77926353;3,82781744;0,00000000
8,77936753;3,82781744;0,00000000
8,77947153;3,82781744;0,00000000
8,77957553;3,82781744;0,00000000
8,77967953;3,82781744;0,00000000
8,77978353;3,78429508;0,00000000
8,77988753;3,82781744;0,00000000
8,77999153;3,78429508;0,00000000
8,78009553;3,82781744;0,00000000
8,78019953;3,82781744;0,00000000
8,78030353;3,82781744;0,00000000
8,78040753;3,82781744;0,00000000
8,78051153;3,82781744;0,00000000
8,78061553;3,82781744;0,00000000
8,78071953;3,82781744;0,00000000
8,78082353;3,82781744;0,00000000
8,78092753;3,82781744;0,00000000
8,78103153;3,82781744;0,00000000
8,78113553;3,82781744;0,00000000
8,78123953;3,78429508;0,00000000
8,78134353;3,82781744;0,00000000
8,78144753;3,82781744;0,00000000
8,78155153;3,82781744;0,00000000
8,78165553;3,78429508;0,00000000
8,78175953;3,82781744;0,00000000
8,78186353;3,82781744;0,00000000
8,78196753;3,82781744;0,00000000
8,78207153;3,82781744;0,00000000
8,78217553;3,82781744;0,00000000
8,78227953;3,78429508;0,00000000
8,78238353;3,82781744;0,00000000
8,78248753;3,82781744;0,00000000
8,78259153;3,82781744;0,00000000
8,78269553;3,78429508;0,00000000
8,78279953;3,78429508;0,00000000
8,78290353;3,82781744;0,00000000
8,78300753;3,82781744;0,00000000
8,78311153;3,78429508;0,00000000
8,78321553;3,82781744;0,00000000
8,78331953;3,78429508;0,00000000
8,78342353;3,78429508;0,00000000
8,78352753;3,82781744;0,00000000
8,78363153;3,82781744;0,00000000
8,78373553;3,82781744;0,00000000
8,78383953;3,82781744;0,00000000
8,78394353;3,78429508;0,00000000
8,78404753;3,78429508;0,00000000
8,78415153;3,78429508;0,00000000
8,78425553;3,78429508;0,00000000
8,78435953;3,82781744;0,00000000
8,78446353;3,82781744;0,00000000
8,78456753;3,78429508;0,00000000
8,78467153;3,82781744;0,00000000
8,78477553;3,82781744;0,00000000
8,78487953;3,78429508;0,00000000
8,78498353;3,78429508;0,00000000
8,78508753;3,82781744;0,00000000
8,78519153;3,78429508;0,00000000
8,78529553;3,78429508;0,00000000
8,78539953;3,78429508;0,00000000
8,78550353;3,78429508;0,00000000
8,78560753;3,78429508;0,00000000
8,78571153;3,82781744;0,00000000
8,78581553;3,78429508;0,00000000
8,78591953;3,82781744;0,00000000
8,78602353;3,82781744;0,00000000
8,78612753;3,78429508;0,00000000
8,78623153;3,78429508;0,00000000
8,78633553;3,78429508;0,00000000
8,78643953;3,78429508;0,00000000
8,78654353;3,82781744;0,00000000
8,78664753;3,82781744;0,00000000
8,78675153;3,82781744;0,00000000
8,78685553;3,82781744;0,00000000
8,78695953;3,82781744;0,00000000
8,78706353;3,78429508;0,00000000
8,78716753;3,82781744;0,00000000
8,78727153;3,82781744;0,00000000
8,78737553;3,78429508;0,00000000
8,78747953;3,78429508;0,00000000
8,78758353;3,82781744;0,00000000
8,78768753;3,78429508;0,00000000
8,78779153;3,78429508;0,00000000
8,78789553;3,78429508;0,00000000
8,78799953;3,82781744;0,00000000
8,78810353;3,78429508;0,00000000
8,78820753;3,82781744;0,00000000
8,78831153;3,78429508;0,00000000
8,78841553;3,78429508;0,00000000
8,78851953;3,78429508;0,00000000
8,78862353;3,82781744;0,00000000
8,78872753;3,82781744;0,00000000
8,78883153;3,82781744;0,00000000
8,78893553;3,78429508;0,00000000
8,78903953;3,82781744;0,00000000
8,78914353;3,82781744;0,00000000
8,78924753;3,82781744;0,00000000
8,78935153;3,82781744;0,00000000
8,78945553;3,82781744;0,00000000
8,78955953;3,78429508;0,00000000
8,78966353;3,78429508;0,00000000
8,78976753;3,78429508;0,00000000
8,78987153;3,82781744;0,00000000
8,78997553;3,82781744;0,00000000
8,79007953;3,78429508;0,00000000
8,79018353;3,78429508;0,00000000
8,79028753;3,82781744;0,00000000
8,79039153;3,78429508;0,00000000
8,79049553;3,82781744;0,00000000
8,79059953;3,78429508;0,00000000
8,79070353;3,78429508;0,00000000
8,79080753;3,78429508;0,00000000
8,79091153;3,78429508;0,00000000
8,79101553;3,78429508;0,00000000
8,79111953;3,82781744;0,00000000
8,79122353;3,78429508;0,00000000
8,79132753;3,82781744;0,00000000
8,79143153;3,78429508;0,00000000
8,79153553;3,82781744;0,00000000
8,79163953;3,82781744;0,00000000
8,79174353;3,82781744;0,00000000
8,79184753;3,82781744;0,00000000
8,79195153;3,82781744;0,00000000
8,79205553;3,82781744;0,00000000
8,79215953;3,82781744;0,00000000
8,79226353;3,82781744;0,00000000
8,79236753;3,82781744;0,00000000
8,79247153;3,82781744;0,00000000
8,79257553;3,82781744;0,00000000
8,79267953;3,82781744;0,00000000
8,79278353;3,78429508;0,00000000
8,79288753;3,78429508;0,00000000
8,79299153;3,82781744;0,00000000
8,79309553;3,82781744;0,00000000
8,79319953;3,82781744;0,00000000
8,79330353;3,78429508;0,00000000
8,79340753;3,78429508;0,00000000
8,79351153;3,82781744;0,00000000
8,79361553;3,82781744;0,00000000
8,79371953;3,82781744;0,00000000
8,79382353;3,82781744;0,00000000
8,79392753;3,78429508;0,00000000
8,79403153;3,78429508;0,00000000
8,79413553;3,82781744;0,00000000
8,79423953;3,82781744;0,00000000
8,79434353;3,78429508;0,00000000
8,79444753;3,82781744;0,00000000
8,79455153;3,78429508;0,00000000
8,79465553;3,82781744;0,00000000
8,79475953;3,78429508;0,00000000
8,79486353;3,78429508;0,00000000
8,79496753;3,82781744;0,00000000
8,79507153;3,78429508;0,00000000
8,79517553;3,82781744;0,00000000
8,79527953;3,82781744;0,00000000
8,79538353;3,78429508;0,00000000
8,79548753;3,82781744;0,00000000
8,79559153;3,82781744;0,00000000
8,79569553;3,82781744;0,00000000
8,79579953;3,82781744;0,00000000
8,79590353;3,82781744;0,00000000
8,79600753;3,82781744;0,00000000
8,79611153;3,82781744;0,00000000
8,79621553;3,82781744;0,00000000
8,79631953;3,82781744;0,00000000
8,79642353;3,78429508;0,00000000
8,79652753;3,78429508;0,00000000
8,79663153;3,82781744;0,00000000
8,79673553;3,82781744;0,00000000
8,79683953;3,78429508;0,00000000
8,79694353;3,78429508;0,00000000
8,79704753;3,82781744;0,00000000
8,79715153;3,82781744;0,00000000
8,79725553;3,78429508;0,00000000
8,79735953;3,82781744;0,00000000
8,79746353;3,82781744;0,00000000
8,79756753;3,82781744;0,00000000
8,79767153;3,82781744;0,00000000
8,79777553;3,82781744;0,00000000
8,79787953;3,82781744;0,00000000
8,79798353;3,82781744;0,00000000
8,79808753;3,82781744;0,00000000
8,79819153;3,82781744;0,00000000
8,79829553;3,82781744;0,00000000
8,79839953;3,82781744;0,00000000
8,79850353;3,82781744;0,00000000
8,79860753;3,82781744;0,00000000
8,79871153;3,82781744;0,00000000
8,79881553;3,82781744;0,00000000
8,79891953;3,82781744;0,00000000
8,79902353;3,82781744;0,00000000
8,79912753;3,82781744;0,00000000
8,79923153;3,82781744;0,00000000
8,79933553;3,82781744;0,00000000
8,79943953;3,82781744;0,00000000
8,79954353;3,78429508;0,00000000
8,79964753;3,82781744;0,00000000
8,79975153;3,82781744;0,00000000
8,79985553;3,78429508;0,00000000
8,79995953;3,82781744;0,00000000
8,80006353;3,82781744;0,00000000
8,80016753;3,82781744;0,00000000
8,80027153;3,78429508;0,00000000
8,80037553;3,82781744;0,00000000
8,80047953;3,82781744;0,00000000
8,80058353;3,78429508;0,00000000
8,80068753;3,82781744;0,00000000
8,80079153;3,78429508;0,00000000
8,80089553;3,82781744;0,00000000
8,80099953;3,78429508;0,00000000
8,80110353;3,78429508;0,00000000
8,80120753;3,78429508;0,00000000
8,80131153;3,82781744;0,00000000
8,80141553;3,82781744;0,00000000
8,80151953;3,82781744;0,00000000
8,80162353;3,82781744;0,00000000
8,80172753;3,82781744;0,00000000
8,80183153;3,82781744;0,00000000
8,80193553;3,78429508;0,00000000
8,80203953;3,82781744;0,00000000
8,80214353;3,82781744;0,00000000
8,80224753;3,82781744;0,00000000
8,80235153;3,82781744;0,00000000
8,80245553;3,82781744;0,00000000
8,80255953;3,82781744;0,00000000
8,80266353;3,82781744;0,00000000
8,80276753;3,82781744;0,00000000
8,80287153;3,82781744;0,00000000
8,80297553;3,82781744;0,00000000
8,80307953;3,78429508;0,00000000
8,80318353;3,82781744;0,00000000
8,80328753;3,82781744;0,00000000
8,80339153;3,78429508;0,00000000
8,80349553;3,78429508;0,00000000
8,80359953;3,82781744;0,00000000
8,80370353;3,78429508;0,00000000
8,80380753;3,82781744;0,00000000
8,80391153;3,78429508;0,00000000
8,80401553;3,82781744;0,00000000
8,80411953;3,78429508;0,00000000
8,80422353;3,82781744;0,01734744
8,80432753;3,82781744;0,00000000
8,80443153;3,82781744;0,00000000
8,80453553;3,82781744;0,00000000
8,80463953;3,82781744;0,00000000
8,80474353;3,78429508;0,00000000
8,80484753;3,78429508;0,00000000
8,80495153;3,78429508;0,00000000
8,80505553;3,82781744;0,00000000
8,80515953;3,78429508;0,00000000
8,80526353;3,82781744;0,00000000
8,80536753;3,82781744;0,00000000
8,80547153;3,82781744;0,00000000
8,80557553;3,78429508;0,00000000
8,80567953;3,82781744;0,00000000
8,80578353;3,82781744;0,00000000
8,80588753;3,82781744;0,00000000
8,80599153;3,82781744;0,00000000
8,80609553;3,82781744;0,00000000
8,80619953;3,82781744;0,00000000
8,80630353;3,82781744;0,00000000
8,80640753;3,82781744;0,00000000
8,80651153;3,82781744;0,00000000
8,80661553;3,78429508;0,00000000
8,80671953;3,78429508;0,00000000
8,80682353;3,82781744;0,00000000
8,80692753;3,78429508;0,00000000
8,80703153;3,78429508;0,00000000
8,80713553;3,82781744;0,00000000
8,80723953;3,78429508;0,00000000
8,80734353;3,78429508;0,00000000
8,80744753;3,78429508;0,00000000
8,80755153;3,82781744;0,00000000
8,80765553;3,82781744;0,00000000
8,80775953;3,78429508;0,00000000
8,80786353;3,78429508;0,00000000
8,80796753;3,82781744;0,00000000
8,80807153;3,82781744;0,00000000
8,80817553;3,82781744;0,00000000
8,80827953;3,82781744;0,00000000
8,80838353;3,78429508;0,00000000
8,80848753;3,78429508;0,00000000
8,80859153;3,78429508;0,00000000
8,80869553;3,82781744;0,00000000
8,80879953;3,78429508;0,00000000
8,80890353;3,78429508;0,00000000
8,80900753;3,82781744;0,00000000
8,80911153;3,78429508;0,00000000
8,80921553;3,82781744;0,00000000
8,80931953;3,78429508;0,00000000
8,80942353;3,82781744;0,00000000
8,80952753;3,82781744;0,00000000
8,80963153;3,82781744;0,00000000
8,80973553;3,82781744;0,00000000
8,80983953;3,78429508;0,00000000
8,80994353;3,78429508;0,00000000
8,81004753;3,82781744;0,00000000
8,81015153;3,78429508;0,00000000
8,81025553;3,82781744;0,00000000
8,81035953;3,82781744;0,00000000
8,81046353;3,82781744;0,00000000
8,81056753;3,82781744;0,00000000
8,81067153;3,78429508;0,01734744
8,81077553;3,78429508;0,00000000
8,81087953;3,78429508;0,00000000
8,81098353;3,78429508;0,00000000
8,81108753;3,82781744;0,00000000
8,81119153;3,82781744;0,00000000
8,81129553;3,82781744;0,00000000
8,81139953;3,82781744;0,00000000
8,81150353;3,82781744;0,00000000
8,81160753;3,78429508;0,00000000
8,81171153;3,82781744;0,00000000
8,81181553;3,82781744;0,00000000
8,81191953;3,78429508;0,00000000
8,81202353;3,78429508;0,00000000
8,81212753;3,82781744;0,00000000
8,81223152;3,82781744;0,00000000
8,81233552;3,82781744;0,00000000
8,81243952;3,82781744;0,00000000
8,81254352;3,82781744;0,00000000
8,81264752;3,78429508;0,00000000
8,81275152;3,82781744;0,00000000
8,81285552;3,82781744;0,00000000
8,81295952;3,78429508;0,00000000
8,81306352;3,82781744;0,00000000
8,81316752;3,82781744;0,00000000
8,81327152;3,78429508;0,00000000
8,81337552;3,82781744;0,00000000
8,81347952;3,82781744;0,00000000
8,81358352;3,82781744;0,00000000
8,81368752;3,82781744;0,00000000
8,81379152;3,82781744;0,00000000
8,81389552;3,82781744;0,00000000
8,81399952;3,78429508;0,00000000
8,81410352;3,78429508;0,00000000
8,81420752;3,82781744;0,00000000
8,81431152;3,78429508;0,00000000
8,81441552;3,78429508;0,00000000
8,81451952;3,78429508;0,00000000
8,81462352;3,78429508;0,00000000
8,81472752;3,82781744;0,00000000
8,81483152;3,82781744;0,00000000
8,81493552;3,82781744;0,00000000
8,81503952;3,78429508;0,00000000
8,81514352;3,78429508;0,00000000
8,81524752;3,82781744;0,00000000
8,81535152;3,82781744;0,00000000
8,81545552;3,82781744;0,00000000
8,81555952;3,82781744;0,00000000
8,81566352;3,82781744;0,00000000
8,81576752;3,82781744;0,00000000
8,81587152;3,78429508;0,00000000
8,81597552;3,82781744;0,00000000
8,81607952;3,82781744;0,00000000
8,81618352;3,82781744;0,00000000
8,81628752;3,82781744;0,00000000
8,81639152;3,78429508;0,00000000
8,81649552;3,78429508;0,00000000
8,81659952;3,82781744;0,00000000
8,81670352;3,82781744;0,00000000
8,81680752;3,82781744;0,00000000
8,81691152;3,82781744;0,00000000
8,81701552;3,78429508;0,00000000
8,81711952;3,82781744;0,00000000
8,81722352;3,82781744;0,00000000
8,81732752;3,78429508;0,00000000
8,81743152;3,78429508;0,00000000
8,81753552;3,82781744;0,01734744
8,81763952;3,82781744;0,00000000
8,81774352;3,82781744;0,00000000
8,81784752;3,82781744;0,00000000
8,81795152;3,78429508;0,00000000
8,81805552;3,82781744;0,00000000
8,81815952;3,82781744;0,00000000
8,81826352;3,78429508;0,00000000
8,81836752;3,82781744;0,00000000
8,81847152;3,78429508;0,00000000
8,81857552;3,78429508;0,00000000
8,81867952;3,82781744;0,00000000
8,81878352;3,82781744;0,00000000
8,81888752;3,82781744;0,00000000
8,81899152;3,78429508;0,00000000
8,81909552;3,82781744;0,00000000
8,81919952;3,82781744;0,00000000
8,81930352;3,82781744;0,00000000
8,81940752;3,78429508;0,00000000
8,81951152;3,78429508;0,00000000
8,81961552;3,82781744;0,00000000
8,81971952;3,82781744;0,00000000
8,81982352;3,82781744;0,00000000
8,81992752;3,82781744;0,00000000
8,82003152;3,82781744;0,01734744
8,82013552;3,82781744;0,00000000
8,82023952;3,82781744;0,00000000
8,82034352;3,82781744;0,00000000
8,82044752;3,82781744;0,00000000
8,82055152;3,78429508;0,00000000
8,82065552;3,82781744;0,00000000
8,82075952;3,82781744;0,00000000
8,82086352;3,82781744;0,00000000
8,82096752;3,82781744;0,00000000
8,82107152;3,82781744;0,00000000
8,82117552;3,82781744;0,00000000
8,82127952;3,78429508;0,00000000
8,82138352;3,78429508;0,00000000
8,82148752;3,78429508;0,00000000
8,82159152;3,82781744;0,00000000
8,82169552;3,82781744;0,00000000
8,82179952;3,82781744;0,00000000
8,82190352;3,82781744;0,00000000
8,82200752;3,82781744;0,00000000
8,82211152;3,78429508;0,00000000
8,82221552;3,82781744;0,00000000
8,82231952;3,78429508;0,00000000
8,82242352;3,78429508;0,00000000
8,82252752;3,82781744;0,00000000
8,82263152;3,82781744;0,00000000
8,82273552;3,82781744;0,00000000
8,82283952;3,78429508;0,00000000
8,82294352;3,78429508;0,00000000
8,82304752;3,78429508;0,00000000
8,82315152;3,82781744;0,00000000
8,82325552;3,78429508;0,00000000
8,82335952;3,82781744;0,00000000
8,82346352;3,82781744;0,00000000
8,82356752;3,82781744;0,00000000
8,82367152;3,82781744;0,00000000
8,82377552;3,78429508;0,01734744
8,82387952;3,78429508;0,00000000
8,82398352;3,82781744;0,00000000
8,82408752;3,82781744;0,00000000
8,82419152;3,82781744;0,00000000
8,82429552;3,78429508;0,00000000
8,82439952;3,82781744;0,00000000
8,82450352;3,82781744;0,00000000
8,82460752;3,82781744;0,00000000
8,82471152;3,78429508;0,00000000
8,82481552;3,78429508;0,00000000
8,82491952;3,82781744;0,00000000
8,82502352;3,78429508;0,00000000
8,82512752;3,78429508;0,00000000
8,82523152;3,78429508;0,00000000
8,82533552;3,82781744;0,00000000
8,82543952;3,78429508;0,00000000
8,82554352;3,82781744;0,00000000
8,82564752;3,82781744;0,00000000
8,82575152;3,78429508;0,00000000
8,82585552;3,82781744;0,00000000
8,82595952;3,82781744;0,00000000
8,82606352;3,82781744;0,00000000
8,82616752;3,78429508;0,00000000
8,82627152;3,82781744;0,00000000
8,82637552;3,82781744;0,00000000
8,82647952;3,82781744;0,00000000
8,82658352;3,78429508;0,00000000
8,82668752;3,82781744;0,00000000
8,82679152;3,78429508;0,00000000
8,82689552;3,82781744;0,00000000
8,82699952;3,78429508;0,00000000
8,82710352;3,82781744;0,00000000
8,82720752;3,78429508;0,00000000
8,82731152;3,78429508;0,00000000
8,82741552;3,82781744;0,00000000
8,82751952;3,82781744;0,00000000
8,82762352;3,82781744;0,00000000
8,82772752;3,78429508;0,00000000
8,82783152;3,82781744;0,00000000
8,82793552;3,78429508;0,00000000
8,82803952;3,82781744;0,00000000
8,82814352;3,82781744;0,00000000
8,82824752;3,82781744;0,00000000
8,82835152;3,82781744;0,00000000
8,82845552;3,82781744;0,00000000
8,82855952;3,82781744;0,00000000
8,82866352;3,82781744;0,00000000
8,82876752;3,82781744;0,00000000
8,82887152;3,82781744;0,00000000
8,82897552;3,82781744;0,00000000
8,82907952;3,82781744;0,00000000
8,82918352;3,82781744;0,00000000
8,82928752;3,78429508;0,00000000
8,82939152;3,78429508;0,00000000
8,82949552;3,82781744;0,00000000
8,82959952;3,78429508;0,00000000
8,82970352;3,78429508;0,00000000
8,82980752;3,82781744;0,00000000
8,82991152;3,82781744;0,00000000
8,83001552;3,82781744;0,00000000
8,83011952;3,78429508;0,00000000
8,83022352;3,82781744;0,00000000
8,83032752;3,82781744;0,00000000
8,83043152;3,82781744;0,00000000
8,83053552;3,78429508;0,00000000
8,83063952;3,82781744;0,00000000
8,83074352;3,82781744;0,00000000
8,83084752;3,78429508;0,00000000
8,83095152;3,82781744;0,00000000
8,83105552;3,82781744;0,00000000
8,83115952;3,82781744;0,00000000
8,83126352;3,78429508;0,00000000
8,83136752;3,78429508;0,00000000
8,83147152;3,82781744;0,00000000
8,83157552;3,82781744;0,00000000
8,83167952;3,82781744;0,00000000
8,83178352;3,78429508;0,00000000
8,83188752;3,82781744;0,00000000
8,83199152;3,78429508;0,00000000
8,83209552;3,82781744;0,00000000
8,83219952;3,82781744;0,00000000
8,83230352;3,82781744;0,00000000
8,83240752;3,82781744;0,00000000
8,83251152;3,82781744;0,00000000
8,83261552;3,82781744;0,00000000
8,83271952;3,82781744;0,00000000
8,83282352;3,78429508;0,00000000
8,83292752;3,82781744;0,00000000
8,83303152;3,82781744;0,00000000
8,83313552;3,82781744;0,00000000
8,83323952;3,82781744;0,00000000
8,83334352;3,82781744;0,00000000
8,83344752;3,78429508;0,00000000
8,83355152;3,82781744;0,00000000
8,83365552;3,82781744;0,00000000
8,83375952;3,82781744;0,00000000
8,83386352;3,78429508;0,00000000
8,83396752;3,78429508;0,00000000
8,83407152;3,82781744;0,00000000
8,83417552;3,82781744;0,00000000
8,83427952;3,82781744;0,00000000
8,83438352;3,78429508;0,00000000
8,83448752;3,82781744;0,00000000
8,83459152;3,78429508;0,00000000
8,83469552;3,82781744;0,00000000
8,83479952;3,82781744;0,00000000
8,83490352;3,78429508;0,00000000
8,83500752;3,82781744;0,00000000
8,83511152;3,78429508;0,00000000
8,83521552;3,78429508;0,00000000
8,83531952;3,78429508;0,00000000
8,83542352;3,78429508;0,00000000
8,83552752;3,78429508;0,00000000
8,83563152;3,78429508;0,00000000
8,83573552;3,82781744;0,00000000
8,83583952;3,82781744;0,00000000
8,83594352;3,82781744;0,00000000
8,83604752;3,82781744;0,00000000
8,83615152;3,82781744;0,00000000
8,83625552;3,82781744;0,00000000
8,83635952;3,82781744;0,00000000
8,83646352;3,78429508;0,00000000
8,83656752;3,82781744;0,00000000
8,83667152;3,82781744;0,00000000
8,83677552;3,78429508;0,00000000
8,83687952;3,82781744;0,00000000
8,83698352;3,78429508;0,00000000
8,83708752;3,82781744;0,00000000
8,83719152;3,82781744;0,00000000
8,83729552;3,82781744;0,00000000
8,83739952;3,78429508;0,00000000
8,83750352;3,78429508;0,00000000
8,83760752;3,78429508;0,00000000
8,83771152;3,82781744;0,00000000
8,83781552;3,82781744;0,00000000
8,83791952;3,78429508;0,00000000
8,83802352;3,82781744;0,00000000
8,83812752;3,82781744;0,00000000
8,83823152;3,78429508;0,00000000
8,83833552;3,82781744;0,00000000
8,83843952;3,82781744;0,00000000
8,83854352;3,82781744;0,00000000
8,83864752;3,78429508;0,00000000
8,83875152;3,78429508;0,00000000
8,83885552;3,82781744;0,00000000
8,83895952;3,82781744;0,00000000
8,83906352;3,82781744;0,00000000
8,83916752;3,82781744;0,00000000
8,83927152;3,78429508;0,00000000
8,83937552;3,82781744;0,00000000
8,83947952;3,82781744;0,00000000
8,83958352;3,82781744;0,00000000
8,83968752;3,82781744;0,00000000
8,83979152;3,78429508;0,00000000
8,83989552;3,82781744;0,00000000
8,83999952;3,82781744;0,00000000
8,84010352;3,78429508;0,00000000
8,84020752;3,78429508;0,00000000
8,84031152;3,78429508;0,00000000
8,84041552;3,78429508;0,00000000
8,84051952;3,78429508;0,00000000
8,84062352;3,78429508;0,00000000
8,84072752;3,78429508;0,00000000
8,84083152;3,78429508;0,00000000
8,84093552;3,78429508;0,00000000
8,84103952;3,82781744;0,00000000
8,84114352;3,82781744;0,00000000
8,84124752;3,78429508;0,00000000
8,84135152;3,78429508;0,00000000
8,84145552;3,82781744;0,00000000
8,84155952;3,78429508;0,00000000
8,84166352;3,82781744;0,00000000
8,84176752;3,78429508;0,00000000
8,84187152;3,82781744;0,00000000
8,84197552;3,82781744;0,00000000
8,84207952;3,78429508;0,00000000
8,84218352;3,82781744;0,00000000
8,84228752;3,78429508;0,00000000
8,84239152;3,82781744;0,00000000
8,84249552;3,78429508;0,00000000
8,84259952;3,78429508;0,00000000
8,84270352;3,82781744;0,00000000
8,84280752;3,82781744;0,00000000
8,84291152;3,82781744;0,00000000
8,84301552;3,78429508;0,00000000
8,84311952;3,82781744;0,00000000
8,84322352;3,82781744;0,00000000
8,84332752;3,82781744;0,00000000
8,84343152;3,82781744;0,00000000
8,84353552;3,82781744;0,00000000
8,84363952;3,78429508;0,00000000
8,84374352;3,78429508;0,00000000
8,84384752;3,82781744;0,00000000
8,84395152;3,82781744;0,00000000
8,84405552;3,82781744;0,00000000
8,84415952;3,82781744;0,00000000
8,84426352;3,82781744;0,00000000
8,84436752;3,82781744;0,00000000
8,84447152;3,78429508;0,00000000
8,84457552;3,78429508;0,00000000
8,84467952;3,82781744;0,00000000
8,84478352;3,78429508;0,00000000
8,84488752;3,78429508;0,00000000
8,84499152;3,78429508;0,00000000
8,84509552;3,82781744;0,00000000
8,84519952;3,82781744;0,00000000
8,84530352;3,82781744;0,00000000
8,84540752;3,78429508;0,00000000
8,84551152;3,78429508;0,00000000
8,84561552;3,82781744;0,00000000
8,84571952;3,82781744;0,00000000
8,84582352;3,78429508;0,00000000
8,84592752;3,78429508;0,00000000
8,84603152;3,78429508;0,00000000
8,84613552;3,78429508;0,00000000
8,84623952;3,78429508;0,00000000
8,84634352;3,78429508;0,00000000
8,84644752;3,82781744;0,00000000
8,84655152;3,82781744;0,00000000
8,84665552;3,82781744;0,00000000
8,84675952;3,78429508;0,00000000
8,84686352;3,78429508;0,00000000
8,84696752;3,82781744;0,00000000
8,84707152;3,82781744;0,00000000
8,84717552;3,78429508;0,00000000
8,84727952;3,82781744;0,00000000
8,84738352;3,78429508;0,00000000
8,84748752;3,82781744;0,00000000
8,84759152;3,78429508;0,00000000
8,84769552;3,78429508;0,00000000
8,84779952;3,82781744;0,00000000
8,84790352;3,82781744;0,00000000
8,84800752;3,82781744;0,00000000
8,84811152;3,82781744;0,00000000
8,84821552;3,78429508;0,00000000
8,84831952;3,78429508;0,00000000
8,84842352;3,78429508;0,00000000
8,84852752;3,78429508;0,00000000
8,84863152;3,82781744;0,00000000
8,84873552;3,82781744;0,00000000
8,84883952;3,78429508;0,00000000
8,84894352;3,82781744;0,00000000
8,84904752;3,82781744;0,00000000
8,84915152;3,82781744;0,00000000
8,84925552;3,82781744;0,00000000
8,84935952;3,82781744;0,00000000
8,84946352;3,78429508;0,00000000
8,84956752;3,82781744;0,00000000
8,84967152;3,82781744;0,00000000
8,84977552;3,78429508;0,00000000
8,84987952;3,82781744;0,00000000
8,84998352;3,82781744;0,00000000
8,85008752;3,78429508;0,00000000
8,85019152;3,82781744;0,00000000
8,85029552;3,82781744;0,00000000
8,85039952;3,82781744;0,00000000
8,85050352;3,82781744;0,00000000
8,85060752;3,78429508;0,00000000
8,85071152;3,82781744;0,00000000
8,85081552;3,78429508;0,00000000
8,85091952;3,82781744;0,00000000
8,85102352;3,82781744;0,00000000
8,85112752;3,82781744;0,00000000
8,85123152;3,82781744;0,00000000
8,85133552;3,78429508;0,00000000
8,85143952;3,82781744;0,00000000
8,85154352;3,78429508;0,00000000
8,85164752;3,82781744;0,00000000
8,85175152;3,82781744;0,00000000
8,85185552;3,78429508;0,00000000
8,85195952;3,78429508;0,00000000
8,85206352;3,82781744;0,00000000
8,85216752;3,82781744;0,00000000
8,85227152;3,82781744;0,00000000
8,85237552;3,82781744;0,00000000
8,85247952;3,82781744;0,00000000
8,85258352;3,82781744;0,00000000
8,85268752;3,78429508;0,00000000
8,85279152;3,78429508;0,00000000
8,85289552;3,82781744;0,00000000
8,85299952;3,82781744;0,00000000
8,85310352;3,82781744;0,00000000
8,85320752;3,78429508;0,00000000
8,85331152;3,82781744;0,00000000
8,85341552;3,82781744;0,00000000
8,85351952;3,82781744;0,00000000
8,85362352;3,78429508;0,00000000
8,85372752;3,78429508;0,00000000
8,85383152;3,82781744;0,00000000
8,85393552;3,82781744;0,00000000
8,85403952;3,78429508;0,00000000
8,85414352;3,82781744;0,00000000
8,85424752;3,82781744;0,00000000
8,85435152;3,82781744;0,00000000
8,85445552;3,82781744;0,00000000
8,85455952;3,82781744;0,00000000
8,85466352;3,78429508;0,00000000
8,85476752;3,78429508;0,00000000
8,85487152;3,78429508;0,00000000
8,85497552;3,78429508;0,00000000
8,85507952;3,82781744;0,00000000
8,85518352;3,82781744;0,00000000
8,85528752;3,82781744;0,00000000
8,85539152;3,82781744;0,00000000
8,85549552;3,78429508;0,00000000
8,85559952;3,78429508;0,00000000
8,85570352;3,78429508;0,00000000
8,85580752;3,82781744;0,00000000
8,85591152;3,82781744;0,00000000
8,85601552;3,82781744;0,00000000
8,85611952;3,82781744;0,00000000
8,85622352;3,82781744;0,00000000
8,85632752;3,82781744;0,00000000
8,85643152;3,82781744;0,00000000
8,85653552;3,78429508;0,00000000
8,85663952;3,82781744;0,00000000
8,85674352;3,78429508;0,00000000
8,85684752;3,82781744;0,00000000
8,85695152;3,82781744;0,00000000
8,85705552;3,78429508;0,00000000
8,85715952;3,78429508;0,00000000
8,85726352;3,82781744;0,00000000
8,85736752;3,82781744;0,00000000
8,85747152;3,82781744;0,00000000
8,85757552;3,82781744;0,00000000
8,85767952;3,82781744;0,00000000
8,85778352;3,78429508;0,00000000
8,85788752;3,78429508;0,00000000
8,85799152;3,82781744;0,00000000
8,85809552;3,82781744;0,00000000
8,85819952;3,78429508;0,00000000
8,85830352;3,82781744;0,00000000
8,85840752;3,82781744;0,00000000
8,85851152;3,82781744;0,00000000
8,85861552;3,82781744;0,00000000
8,85871952;3,78429508;0,00000000
8,85882352;3,82781744;0,00000000
8,85892752;3,82781744;0,00000000
8,85903152;3,78429508;0,00000000
8,85913552;3,78429508;0,00000000
8,85923952;3,82781744;0,00000000
8,85934352;3,82781744;0,00000000
8,85944752;3,78429508;0,00000000
8,85955152;3,82781744;0,00000000
8,85965552;3,78429508;0,00000000
8,85975952;3,78429508;0,00000000
8,85986352;3,78429508;0,00000000
8,85996752;3,82781744;0,00000000
8,86007152;3,78429508;0,00000000
8,86017552;3,82781744;0,00000000
8,86027952;3,78429508;0,00000000
8,86038352;3,82781744;0,00000000
8,86048752;3,78429508;0,00000000
8,86059152;3,82781744;0,00000000
8,86069552;3,82781744;0,00000000
8,86079952;3,78429508;0,00000000
8,86090352;3,78429508;0,00000000
8,86100752;3,82781744;0,00000000
8,86111152;3,82781744;0,00000000
8,86121552;3,78429508;0,00000000
8,86131952;3,82781744;0,00000000
8,86142352;3,78429508;0,00000000
8,86152752;3,82781744;0,00000000
8,86163152;3,82781744;0,00000000
8,86173552;3,82781744;0,00000000
8,86183952;3,78429508;0,00000000
8,86194352;3,82781744;0,00000000
8,86204752;3,82781744;0,01734744
8,86215152;3,82781744;0,00000000
8,86225552;3,82781744;0,00000000
8,86235952;3,82781744;0,00000000
8,86246352;3,87133980;0,00000000
8,86256752;3,82781744;0,00000000
8,86267152;3,82781744;0,00000000
8,86277552;3,82781744;0,00000000
8,86287952;3,82781744;0,00000000
8,86298352;3,78429508;0,00000000
8,86308752;3,82781744;0,00000000
8,86319152;3,78429508;0,00000000
8,86329552;3,82781744;0,00000000
8,86339952;3,78429508;0,00000000
8,86350352;3,82781744;0,00000000
8,86360752;3,82781744;0,00000000
8,86371152;3,78429508;0,00000000
8,86381552;3,78429508;0,00000000
8,86391952;3,82781744;0,00000000
8,86402352;3,82781744;0,00000000
8,86412752;3,82781744;0,00000000
8,86423152;3,82781744;0,00000000
8,86433552;3,78429508;0,00000000
8,86443952;3,82781744;0,00000000
8,86454352;3,82781744;0,00000000
8,86464752;3,82781744;0,00000000
8,86475152;3,82781744;0,00000000
8,86485552;3,82781744;0,00000000
8,86495952;3,82781744;0,00000000
8,86506352;3,82781744;0,00000000
8,86516752;3,82781744;0,00000000
8,86527152;3,82781744;0,00000000
8,86537552;3,78429508;0,00000000
8,86547952;3,82781744;0,00000000
8,86558352;3,82781744;0,00000000
8,86568752;3,82781744;0,00000000
8,86579152;3,82781744;0,00000000
8,86589552;3,78429508;0,00000000
8,86599952;3,82781744;0,00000000
8,86610352;3,82781744;0,00000000
8,86620752;3,82781744;0,00000000
8,86631152;3,82781744;0,00000000
8,86641552;3,82781744;0,00000000
8,86651952;3,82781744;0,00000000
8,86662352;3,78429508;0,00000000
8,86672752;3,82781744;0,00000000
8,86683152;3,78429508;0,00000000
8,86693552;3,82781744;0,00000000
8,86703952;3,82781744;0,00000000
8,86714352;3,82781744;0,00000000
8,86724752;3,82781744;0,00000000
8,86735152;3,82781744;0,00000000
8,86745552;3,78429508;0,00000000
8,86755952;3,78429508;0,00000000
8,86766352;3,82781744;0,00000000
8,86776752;3,82781744;0,00000000
8,86787152;3,82781744;0,00000000
8,86797552;3,82781744;0,00000000
8,86807952;3,78429508;0,00000000
8,86818352;3,78429508;0,00000000
8,86828752;3,82781744;0,00000000
8,86839152;3,82781744;0,00000000
8,86849552;3,82781744;0,00000000
8,86859952;3,82781744;0,00000000
8,86870352;3,82781744;0,00000000
8,86880752;3,78429508;0,00000000
8,86891152;3,82781744;0,00000000
8,86901552;3,82781744;0,00000000
8,86911952;3,78429508;0,00000000
8,86922352;3,78429508;0,00000000
8,86932752;3,82781744;0,00000000
8,86943152;3,82781744;0,00000000
8,86953552;3,78429508;0,00000000
8,86963952;3,82781744;0,00000000
8,86974352;3,82781744;0,00000000
8,86984752;3,78429508;0,00000000
8,86995152;3,78429508;0,00000000
8,87005552;3,78429508;0,00000000
8,87015952;3,82781744;0,00000000
8,87026352;3,82781744;0,00000000
8,87036752;3,78429508;0,00000000
8,87047152;3,78429508;0,00000000
8,87057552;3,82781744;0,00000000
8,87067952;3,78429508;0,00000000
8,87078352;3,78429508;0,00000000
8,87088752;3,82781744;0,00000000
8,87099152;3,78429508;0,00000000
8,87109552;3,82781744;0,00000000
8,87119952;3,82781744;0,00000000
8,87130352;3,82781744;0,00000000
8,87140752;3,82781744;0,00000000
8,87151152;3,82781744;0,00000000
8,87161552;3,82781744;0,00000000
8,87171952;3,78429508;0,00000000
8,87182352;3,82781744;0,00000000
8,87192752;3,82781744;0,00000000
8,87203152;3,82781744;0,00000000
8,87213552;3,78429508;0,00000000
8,87223952;3,82781744;0,00000000
8,87234352;3,78429508;0,00000000
8,87244752;3,82781744;0,00000000
8,87255152;3,82781744;0,00000000
8,87265552;3,82781744;0,00000000
8,87275952;3,78429508;0,00000000
8,87286352;3,82781744;0,00000000
8,87296752;3,82781744;0,00000000
8,87307152;3,82781744;0,00000000
8,87317552;3,78429508;0,00000000
8,87327952;3,82781744;0,00000000
8,87338352;3,82781744;0,00000000
8,87348752;3,82781744;0,00000000
8,87359152;3,82781744;0,00000000
8,87369552;3,82781744;0,00000000
8,87379952;3,82781744;0,00000000
8,87390352;3,82781744;0,00000000
8,87400752;3,82781744;0,00000000
8,87411152;3,82781744;0,00000000
8,87421552;3,82781744;0,00000000
8,87431952;3,82781744;0,00000000
8,87442352;3,82781744;0,00000000
8,87452752;3,82781744;0,00000000
8,87463152;3,82781744;0,00000000
8,87473552;3,82781744;0,00000000
8,87483952;3,78429508;0,00000000
8,87494352;3,82781744;0,00000000
8,87504752;3,82781744;0,00000000
8,87515152;3,78429508;0,00000000
8,87525552;3,82781744;0,00000000
8,87535952;3,78429508;0,00000000
8,87546352;3,82781744;0,00000000
8,87556752;3,82781744;0,00000000
8,87567152;3,78429508;0,00000000
8,87577552;3,82781744;0,00000000
8,87587952;3,82781744;0,00000000
8,87598352;3,82781744;0,00000000
8,87608752;3,82781744;0,00000000
8,87619152;3,82781744;0,00000000
8,87629552;3,78429508;0,00000000
8,87639952;3,82781744;0,00000000
8,87650352;3,78429508;0,00000000
8,87660752;3,82781744;0,00000000
8,87671152;3,82781744;0,00000000
8,87681552;3,82781744;0,00000000
8,87691952;3,82781744;0,00000000
8,87702352;3,82781744;0,00000000
8,87712752;3,82781744;0,00000000
8,87723152;3,78429508;0,00000000
8,87733552;3,82781744;0,00000000
8,87743952;3,82781744;0,00000000
8,87754352;3,78429508;0,00000000
8,87764752;3,82781744;0,00000000
8,87775152;3,78429508;0,00000000
8,87785552;3,82781744;0,00000000
8,87795952;3,82781744;0,00000000
8,87806352;3,82781744;0,00000000
8,87816752;3,82781744;0,00000000
8,87827152;3,78429508;0,00000000
8,87837552;3,82781744;0,00000000
8,87847952;3,82781744;0,00000000
8,87858352;3,82781744;0,00000000
8,87868752;3,78429508;0,00000000
8,87879152;3,82781744;0,00000000
8,87889552;3,78429508;0,00000000
8,87899952;3,78429508;0,00000000
8,87910352;3,78429508;0,00000000
8,87920752;3,82781744;0,00000000
8,87931152;3,78429508;0,00000000
8,87941552;3,82781744;0,00000000
8,87951952;3,82781744;0,00000000
8,87962352;3,78429508;0,00000000
8,87972752;3,82781744;0,00000000
8,87983152;3,82781744;0,00000000
8,87993552;3,82781744;0,00000000
8,88003952;3,82781744;0,00000000
8,88014352;3,82781744;0,00000000
8,88024752;3,82781744;0,00000000
8,88035152;3,82781744;0,00000000
8,88045552;3,78429508;0,00000000
8,88055952;3,82781744;0,00000000
8,88066352;3,78429508;0,00000000
8,88076752;3,82781744;0,00000000
8,88087152;3,78429508;0,00000000
8,88097552;3,82781744;0,00000000
8,88107952;3,82781744;0,00000000
8,88118352;3,82781744;0,00000000
8,88128752;3,82781744;0,00000000
8,88139152;3,82781744;0,00000000
8,88149552;3,82781744;0,00000000
8,88159952;3,82781744;0,00000000
8,88170352;3,82781744;0,00000000
8,88180752;3,82781744;0,00000000
8,88191152;3,82781744;0,00000000
8,88201552;3,82781744;0,00000000
8,88211952;3,82781744;0,00000000
8,88222352;3,82781744;0,00000000
8,88232752;3,78429508;0,00000000
8,88243152;3,82781744;0,00000000
8,88253552;3,82781744;0,00000000
8,88263952;3,82781744;0,00000000
8,88274352;3,82781744;0,00000000
8,88284752;3,82781744;0,00000000
8,88295152;3,78429508;0,00000000
8,88305552;3,82781744;0,00000000
8,88315952;3,82781744;0,00000000
8,88326352;3,82781744;0,00000000
8,88336752;3,82781744;0,00000000
8,88347152;3,82781744;0,00000000
8,88357552;3,82781744;0,00000000
8,88367952;3,78429508;0,00000000
8,88378352;3,82781744;0,00000000
8,88388752;3,82781744;0,00000000
8,88399152;3,82781744;0,00000000
8,88409552;3,82781744;0,00000000
8,88419952;3,78429508;0,00000000
8,88430352;3,82781744;0,00000000
8,88440752;3,78429508;0,00000000
8,88451152;3,82781744;0,00000000
8,88461552;3,82781744;0,00000000
8,88471952;3,78429508;0,00000000
8,88482352;3,78429508;0,00000000
8,88492752;3,82781744;0,00000000
8,88503152;3,82781744;0,00000000
8,88513552;3,82781744;0,00000000
8,88523952;3,78429508;0,00000000
8,88534352;3,78429508;0,00000000
8,88544752;3,78429508;0,00000000
8,88555152;3,78429508;0,00000000
8,88565552;3,78429508;0,00000000
8,88575952;3,82781744;0,00000000
8,88586352;3,82781744;0,00000000
8,88596752;3,78429508;0,00000000
8,88607152;3,82781744;0,00000000
8,88617552;3,82781744;0,00000000
8,88627952;3,82781744;0,00000000
8,88638352;3,82781744;0,00000000
8,88648752;3,82781744;0,00000000
8,88659152;3,82781744;0,00000000
8,88669552;3,82781744;0,00000000
8,88679952;3,82781744;0,00000000
8,88690352;3,82781744;0,00000000
8,88700752;3,82781744;0,00000000
8,88711152;3,82781744;0,00000000
8,88721552;3,82781744;0,00000000
8,88731952;3,82781744;0,00000000
8,88742352;3,82781744;0,01734744
8,88752752;3,82781744;0,00000000
8,88763152;3,82781744;0,00000000
8,88773552;3,82781744;0,00000000
8,88783952;3,82781744;0,00000000
8,88794352;3,78429508;0,00000000
8,88804752;3,82781744;0,00000000
8,88815152;3,78429508;0,00000000
8,88825552;3,82781744;0,00000000
8,88835952;3,78429508;0,00000000
8,88846352;3,78429508;0,00000000
8,88856752;3,78429508;0,00000000
8,88867152;3,78429508;0,00000000
8,88877552;3,82781744;0,00000000
8,88887952;3,82781744;0,00000000
8,88898352;3,82781744;0,00000000
8,88908752;3,78429508;0,00000000
8,88919152;3,82781744;0,00000000
8,88929552;3,82781744;0,00000000
8,88939952;3,78429508;0,00000000
8,88950352;3,82781744;0,00000000
8,88960752;3,82781744;0,00000000
8,88971152;3,82781744;0,00000000
8,88981552;3,78429508;0,00000000
8,88991952;3,82781744;0,00000000
8,89002352;3,82781744;0,00000000
8,89012752;3,82781744;0,00000000
8,89023152;3,78429508;0,00000000
8,89033552;3,82781744;0,00000000
8,89043952;3,78429508;0,00000000
8,89054352;3,82781744;0,00000000
8,89064752;3,82781744;0,00000000
8,89075152;3,82781744;0,00000000
8,89085552;3,78429508;0,00000000
8,89095952;3,82781744;0,00000000
8,89106352;3,82781744;0,00000000
8,89116752;3,78429508;0,00000000
8,89127152;3,78429508;0,00000000
8,89137552;3,82781744;0,00000000
8,89147952;3,78429508;0,00000000
8,89158352;3,82781744;0,00000000
8,89168752;3,78429508;0,00000000
8,89179152;3,82781744;0,00000000
8,89189552;3,82781744;0,00000000
8,89199952;3,78429508;0,00000000
8,89210352;3,82781744;0,00000000
8,89220752;3,82781744;0,00000000
8,89231152;3,82781744;0,00000000
8,89241552;3,82781744;0,00000000
8,89251952;3,82781744;0,00000000
8,89262352;3,78429508;0,00000000
8,89272752;3,82781744;0,00000000
8,89283152;3,82781744;0,00000000
8,89293552;3,78429508;0,00000000
8,89303952;3,78429508;0,00000000
8,89314352;3,82781744;0,00000000
8,89324752;3,82781744;0,00000000
8,89335152;3,82781744;0,00000000
8,89345552;3,82781744;0,00000000
8,89355952;3,82781744;0,00000000
8,89366352;3,78429508;0,00000000
8,89376752;3,78429508;0,00000000
8,89387152;3,82781744;0,00000000
8,89397552;3,78429508;0,00000000
8,89407952;3,82781744;0,00000000
8,89418352;3,82781744;0,00000000
8,89428752;3,82781744;0,00000000
8,89439152;3,78429508;0,00000000
8,89449552;3,78429508;0,00000000
8,89459952;3,78429508;0,00000000
8,89470352;3,82781744;0,00000000
8,89480752;3,82781744;0,00000000
8,89491152;3,82781744;0,00000000
8,89501552;3,82781744;0,00000000
8,89511952;3,82781744;0,00000000
8,89522352;3,78429508;0,00000000
8,89532752;3,82781744;0,00000000
8,89543152;3,82781744;0,00000000
8,89553552;3,82781744;0,00000000
8,89563952;3,82781744;0,00000000
8,89574352;3,82781744;0,00000000
8,89584752;3,78429508;0,00000000
8,89595152;3,82781744;0,00000000
8,89605552;3,82781744;0,00000000
8,89615952;3,78429508;0,00000000
8,89626352;3,82781744;0,00000000
8,89636752;3,78429508;0,00000000
8,89647152;3,82781744;0,00000000
8,89657552;3,82781744;0,00000000
8,89667952;3,82781744;0,00000000
8,89678352;3,82781744;0,00000000
8,89688752;3,82781744;0,00000000
8,89699152;3,82781744;0,00000000
8,89709552;3,82781744;0,00000000
8,89719952;3,82781744;0,00000000
8,89730352;3,82781744;0,00000000
8,89740752;3,78429508;0,00000000
8,89751152;3,78429508;0,00000000
8,89761552;3,78429508;0,00000000
8,89771952;3,82781744;0,00000000
8,89782352;3,78429508;0,00000000
8,89792752;3,82781744;0,00000000
8,89803152;3,78429508;0,00000000
8,89813552;3,82781744;0,00000000
8,89823952;3,82781744;0,00000000
8,89834352;3,78429508;0,00000000
8,89844752;3,82781744;0,00000000
8,89855152;3,82781744;0,00000000
8,89865552;3,78429508;0,00000000
8,89875952;3,82781744;0,00000000
8,89886352;3,87133980;0,00000000
8,89896752;3,82781744;0,00000000
8,89907152;3,78429508;0,00000000
8,89917552;3,82781744;0,00000000
8,89927952;3,82781744;0,00000000
8,89938352;3,82781744;0,00000000
8,89948752;3,78429508;0,00000000
8,89959152;3,82781744;0,00000000
8,89969552;3,82781744;0,00000000
8,89979952;3,82781744;0,00000000
8,89990352;3,78429508;0,00000000
8,90000752;3,82781744;0,00000000
8,90011152;3,82781744;0,00000000
8,90021552;3,82781744;0,00000000
8,90031952;3,78429508;0,00000000
8,90042352;3,82781744;0,00000000
8,90052752;3,82781744;0,00000000
8,90063152;3,82781744;0,00000000
8,90073552;3,82781744;0,00000000
8,90083952;3,82781744;0,00000000
8,90094352;3,82781744;0,00000000
8,90104752;3,78429508;0,00000000
8,90115152;3,82781744;0,00000000
8,90125552;3,82781744;0,00000000
8,90135952;3,82781744;0,00000000
8,90146352;3,82781744;0,00000000
8,90156752;3,82781744;0,00000000
8,90167152;3,82781744;0,00000000
8,90177552;3,82781744;0,00000000
8,90187952;3,82781744;0,00000000
8,90198352;3,78429508;0,00000000
8,90208752;3,82781744;0,00000000
8,90219152;3,78429508;0,00000000
8,90229552;3,82781744;0,00000000
8,90239952;3,82781744;0,00000000
8,90250352;3,82781744;0,00000000
8,90260752;3,82781744;0,00000000
8,90271152;3,82781744;0,00000000
8,90281552;3,82781744;0,00000000
8,90291952;3,78429508;0,00000000
8,90302352;3,82781744;0,00000000
8,90312752;3,82781744;0,00000000
8,90323152;3,78429508;0,00000000
8,90333552;3,82781744;0,00000000
8,90343952;3,82781744;0,00000000
8,90354352;3,78429508;0,00000000
8,90364752;3,78429508;0,00000000
8,90375152;3,78429508;0,00000000
8,90385552;3,78429508;0,00000000
8,90395952;3,82781744;0,00000000
8,90406352;3,78429508;0,00000000
8,90416752;3,78429508;0,00000000
8,90427152;3,78429508;0,00000000
8,90437552;3,82781744;0,00000000
8,90447952;3,82781744;0,00000000
8,90458352;3,82781744;0,00000000
8,90468752;3,78429508;0,00000000
8,90479152;3,78429508;0,00000000
8,90489552;3,82781744;0,00000000
8,90499952;3,82781744;0,00000000
8,90510352;3,82781744;0,00000000
8,90520752;3,78429508;0,00000000
8,90531152;3,82781744;0,00000000
8,90541552;3,82781744;0,00000000
8,90551952;3,82781744;0,00000000
8,90562352;3,78429508;0,00000000
8,90572752;3,82781744;0,00000000
8,90583152;3,82781744;0,00000000
8,90593552;3,78429508;0,00000000
8,90603952;3,82781744;0,00000000
8,90614352;3,82781744;0,00000000
8,90624752;3,78429508;0,00000000
8,90635152;3,82781744;0,00000000
8,90645552;3,82781744;0,00000000
8,90655952;3,82781744;0,00000000
8,90666352;3,82781744;0,00000000
8,90676752;3,78429508;0,00000000
8,90687152;3,82781744;0,00000000
8,90697552;3,78429508;0,00000000
8,90707952;3,78429508;0,00000000
8,90718352;3,82781744;0,00000000
8,90728752;3,82781744;0,00000000
8,90739152;3,82781744;0,00000000
8,90749552;3,82781744;0,00000000
8,90759952;3,82781744;0,00000000
8,90770352;3,78429508;0,00000000
8,90780752;3,82781744;0,00000000
8,90791152;3,82781744;0,00000000
8,90801552;3,82781744;0,00000000
8,90811952;3,82781744;0,00000000
8,90822352;3,82781744;0,00000000
8,90832752;3,78429508;0,00000000
8,90843152;3,82781744;0,00000000
8,90853552;3,82781744;0,00000000
8,90863952;3,82781744;0,00000000
8,90874352;3,82781744;0,00000000
8,90884752;3,82781744;0,00000000
8,90895152;3,82781744;0,00000000
8,90905552;3,82781744;0,00000000
8,90915952;3,78429508;0,00000000
8,90926352;3,82781744;0,00000000
8,90936752;3,82781744;0,00000000
8,90947152;3,78429508;0,00000000
8,90957552;3,78429508;0,00000000
8,90967952;3,82781744;0,00000000
8,90978352;3,82781744;0,00000000
8,90988752;3,82781744;0,00000000
8,90999152;3,78429508;0,00000000
8,91009552;3,82781744;0,00000000
8,91019952;3,78429508;0,00000000
8,91030352;3,82781744;0,00000000
8,91040752;3,78429508;0,00000000
8,91051152;3,82781744;0,00000000
8,91061552;3,82781744;0,00000000
8,91071952;3,82781744;0,00000000
8,91082352;3,78429508;0,00000000
8,91092752;3,82781744;0,00000000
8,91103152;3,78429508;0,00000000
8,91113552;3,82781744;0,00000000
8,91123952;3,78429508;0,00000000
8,91134352;3,78429508;0,00000000
8,91144752;3,82781744;0,00000000
8,91155152;3,78429508;0,00000000
8,91165552;3,82781744;0,00000000
8,91175952;3,82781744;0,00000000
8,91186352;3,82781744;0,00000000
8,91196752;3,82781744;0,00000000
8,91207152;3,82781744;0,00000000
8,91217552;3,82781744;0,00000000
8,91227952;3,78429508;0,00000000
8,91238352;3,78429508;0,00000000
8,91248752;3,82781744;0,00000000
8,91259152;3,82781744;0,00000000
8,91269552;3,82781744;0,00000000
8,91279952;3,78429508;0,00000000
8,91290352;3,82781744;0,00000000
8,91300752;3,82781744;0,00000000
8,91311152;3,78429508;0,00000000
8,91321552;3,82781744;0,00000000
8,91331952;3,78429508;0,01734744
8,91342352;3,82781744;0,00000000
8,91352752;3,82781744;0,00000000
8,91363152;3,82781744;0,00000000
8,91373552;3,82781744;0,00000000
8,91383952;3,82781744;0,00000000
8,91394352;3,82781744;0,00000000
8,91404752;3,82781744;0,00000000
8,91415152;3,82781744;0,00000000
8,91425552;3,82781744;0,00000000
8,91435952;3,82781744;0,00000000
8,91446352;3,82781744;0,00000000
8,91456752;3,82781744;0,00000000
8,91467152;3,78429508;0,00000000
8,91477552;3,82781744;0,00000000
8,91487952;3,82781744;0,00000000
8,91498352;3,82781744;0,00000000
8,91508752;3,78429508;0,00000000
8,91519152;3,82781744;0,00000000
8,91529552;3,82781744;0,00000000
8,91539952;3,82781744;0,00000000
8,91550352;3,82781744;0,00000000
8,91560752;3,78429508;0,00000000
8,91571152;3,82781744;0,00000000
8,91581552;3,82781744;0,00000000
8,91591952;3,82781744;0,00000000
8,91602352;3,82781744;0,00000000
8,91612752;3,78429508;0,00000000
8,91623152;3,78429508;0,00000000
8,91633552;3,82781744;0,00000000
8,91643952;3,78429508;0,00000000
8,91654352;3,78429508;0,00000000
8,91664752;3,82781744;0,00000000
8,91675152;3,82781744;0,00000000
8,91685552;3,78429508;0,00000000
8,91695952;3,78429508;0,00000000
8,91706352;3,78429508;0,00000000
8,91716752;3,82781744;0,00000000
8,91727152;3,78429508;0,00000000
8,91737552;3,78429508;0,00000000
8,91747952;3,82781744;0,00000000
8,91758352;3,78429508;0,00000000
8,91768752;3,82781744;0,00000000
8,91779152;3,82781744;0,00000000
8,91789552;3,82781744;0,00000000
8,91799952;3,82781744;0,00000000
8,91810352;3,82781744;0,00000000
8,91820752;3,82781744;0,00000000
8,91831152;3,78429508;0,00000000
8,91841552;3,82781744;0,00000000
8,91851952;3,82781744;0,00000000
8,91862352;3,82781744;0,00000000
8,91872752;3,82781744;0,00000000
8,91883152;3,78429508;0,00000000
8,91893552;3,82781744;0,00000000
8,91903952;3,82781744;0,00000000
8,91914352;3,82781744;0,00000000
8,91924752;3,82781744;0,00000000
8,91935152;3,82781744;0,00000000
8,91945552;3,78429508;0,00000000
8,91955952;3,82781744;0,00000000
8,91966352;3,82781744;0,00000000
8,91976752;3,82781744;0,00000000
8,91987152;3,82781744;0,00000000
8,91997552;3,82781744;0,00000000
8,92007952;3,82781744;0,00000000
8,92018352;3,82781744;0,00000000
8,92028752;3,82781744;0,00000000
8,92039152;3,82781744;0,00000000
8,92049552;3,82781744;0,00000000
8,92059952;3,82781744;0,00000000
8,92070352;3,82781744;0,00000000
8,92080752;3,78429508;0,00000000
8,92091152;3,78429508;0,00000000
8,92101552;3,82781744;0,00000000
8,92111952;3,82781744;0,00000000
8,92122352;3,82781744;0,00000000
8,92132752;3,82781744;0,00000000
8,92143152;3,82781744;0,00000000
8,92153552;3,82781744;0,00000000
8,92163952;3,82781744;0,00000000
8,92174352;3,82781744;0,00000000
8,92184752;3,82781744;0,00000000
8,92195152;3,82781744;0,00000000
8,92205552;3,82781744;0,00000000
8,92215952;3,82781744;0,00000000
8,92226352;3,78429508;0,00000000
8,92236752;3,78429508;0,00000000
8,92247152;3,78429508;0,00000000
8,92257552;3,78429508;0,00000000
8,92267952;3,82781744;0,00000000
8,92278352;3,78429508;0,00000000
8,92288752;3,82781744;0,00000000
8,92299152;3,82781744;0,00000000
8,92309552;3,78429508;0,00000000
8,92319952;3,82781744;0,00000000
8,92330352;3,82781744;0,00000000
8,92340752;3,78429508;0,00000000
8,92351152;3,78429508;0,00000000
8,92361552;3,82781744;0,00000000
8,92371952;3,82781744;0,00000000
8,92382352;3,82781744;0,00000000
8,92392752;3,78429508;0,00000000
8,92403152;3,78429508;0,00000000
8,92413552;3,82781744;0,00000000
8,92423952;3,82781744;0,00000000
8,92434352;3,82781744;0,00000000
8,92444752;3,82781744;0,00000000
8,92455152;3,82781744;0,00000000
8,92465552;3,82781744;0,00000000
8,92475952;3,82781744;0,00000000
8,92486352;3,82781744;0,00000000
8,92496752;3,82781744;0,00000000
8,92507152;3,82781744;0,00000000
8,92517552;3,78429508;0,00000000
8,92527952;3,82781744;0,00000000
8,92538352;3,82781744;0,00000000
8,92548752;3,82781744;0,00000000
8,92559152;3,78429508;0,00000000
8,92569552;3,82781744;0,00000000
8,92579952;3,82781744;0,00000000
8,92590352;3,82781744;0,00000000
8,92600752;3,82781744;0,00000000
8,92611152;3,82781744;0,00000000
8,92621552;3,82781744;0,00000000
8,92631952;3,78429508;0,00000000
8,92642352;3,82781744;0,00000000
8,92652752;3,82781744;0,00000000
8,92663152;3,82781744;0,00000000
8,92673552;3,82781744;0,00000000
8,92683952;3,78429508;0,00000000
8,92694352;3,78429508;0,00000000
8,92704752;3,82781744;0,00000000
8,92715152;3,82781744;0,00000000
8,92725552;3,82781744;0,00000000
8,92735952;3,82781744;0,00000000
8,92746352;3,78429508;0,00000000
8,92756752;3,78429508;0,00000000
8,92767152;3,78429508;0,00000000
8,92777552;3,82781744;0,00000000
8,92787952;3,82781744;0,00000000
8,92798352;3,78429508;0,00000000
8,92808752;3,82781744;0,00000000
8,92819152;3,78429508;0,00000000
8,92829552;3,82781744;0,00000000
8,92839952;3,82781744;0,00000000
8,92850352;3,82781744;0,00000000
8,92860752;3,82781744;0,00000000
8,92871152;3,78429508;0,00000000
8,92881552;3,82781744;0,00000000
8,92891952;3,82781744;0,00000000
8,92902352;3,82781744;0,00000000
8,92912752;3,82781744;0,00000000
8,92923152;3,82781744;0,00000000
8,92933552;3,78429508;0,00000000
8,92943952;3,78429508;0,00000000
8,92954352;3,82781744;0,00000000
8,92964752;3,82781744;0,00000000
8,92975152;3,82781744;0,00000000
8,92985552;3,78429508;0,00000000
8,92995952;3,82781744;0,00000000
8,93006352;3,82781744;0,00000000
8,93016752;3,82781744;0,00000000
8,93027152;3,82781744;0,00000000
8,93037552;3,78429508;0,00000000
8,93047952;3,78429508;0,00000000
8,93058352;3,78429508;0,00000000
8,93068752;3,78429508;0,00000000
8,93079152;3,82781744;0,00000000
8,93089552;3,78429508;0,00000000
8,93099952;3,82781744;0,00000000
8,93110352;3,82781744;0,00000000
8,93120752;3,82781744;0,00000000
8,93131152;3,82781744;0,00000000
8,93141552;3,78429508;0,00000000
8,93151952;3,82781744;0,00000000
8,93162352;3,78429508;0,00000000
8,93172752;3,82781744;0,00000000
8,93183152;3,82781744;0,00000000
8,93193552;3,82781744;0,00000000
8,93203952;3,78429508;0,00000000
8,93214352;3,78429508;0,00000000
8,93224752;3,82781744;0,00000000
8,93235152;3,82781744;0,00000000
8,93245552;3,78429508;0,00000000
8,93255952;3,82781744;0,00000000
8,93266352;3,82781744;0,00000000
8,93276752;3,82781744;0,00000000
8,93287152;3,82781744;0,00000000
8,93297552;3,82781744;0,00000000
8,93307952;3,82781744;0,00000000
8,93318352;3,82781744;0,00000000
8,93328752;3,82781744;0,00000000
8,93339152;3,82781744;0,00000000
8,93349552;3,82781744;0,00000000
8,93359952;3,82781744;0,00000000
8,93370352;3,82781744;0,00000000
8,93380752;3,82781744;0,00000000
8,93391152;3,82781744;0,00000000
8,93401552;3,78429508;0,00000000
8,93411952;3,82781744;0,00000000
8,93422352;3,82781744;0,00000000
8,93432752;3,82781744;0,00000000
8,93443152;3,78429508;0,00000000
8,93453552;3,78429508;0,00000000
8,93463952;3,82781744;0,00000000
8,93474352;3,78429508;0,00000000
8,93484752;3,82781744;0,00000000
8,93495152;3,82781744;0,00000000
8,93505552;3,78429508;0,00000000
8,93515952;3,82781744;0,00000000
8,93526352;3,82781744;0,00000000
8,93536752;3,78429508;0,00000000
8,93547152;3,78429508;0,00000000
8,93557552;3,78429508;0,00000000
8,93567952;3,82781744;0,00000000
8,93578352;3,78429508;0,00000000
8,93588752;3,82781744;0,00000000
8,93599152;3,82781744;0,00000000
8,93609552;3,82781744;0,00000000
8,93619952;3,82781744;0,00000000
8,93630352;3,78429508;0,00000000
8,93640752;3,82781744;0,00000000
8,93651152;3,78429508;0,00000000
8,93661552;3,82781744;0,00000000
8,93671952;3,82781744;0,00000000
8,93682352;3,82781744;0,00000000
8,93692752;3,78429508;0,00000000
8,93703152;3,82781744;0,00000000
8,93713552;3,78429508;0,00000000
8,93723952;3,82781744;0,00000000
8,93734352;3,78429508;0,00000000
8,93744752;3,78429508;0,00000000
8,93755152;3,82781744;0,00000000
8,93765552;3,82781744;0,00000000
8,93775952;3,82781744;0,00000000
8,93786352;3,78429508;0,00000000
8,93796752;3,82781744;0,00000000
8,93807152;3,78429508;0,00000000
8,93817552;3,82781744;0,00000000
8,93827952;3,82781744;0,00000000
8,93838352;3,82781744;0,00000000
8,93848752;3,82781744;0,00000000
8,93859152;3,82781744;0,00000000
8,93869552;3,82781744;0,00000000
8,93879952;3,82781744;0,00000000
8,93890352;3,78429508;0,00000000
8,93900752;3,82781744;0,00000000
8,93911152;3,78429508;0,00000000
8,93921552;3,82781744;0,00000000
8,93931952;3,82781744;0,00000000
8,93942352;3,82781744;0,00000000
8,93952752;3,78429508;0,00000000
8,93963152;3,78429508;0,00000000
8,93973552;3,78429508;0,00000000
8,93983952;3,82781744;0,00000000
8,93994352;3,82781744;0,00000000
8,94004752;3,78429508;0,00000000
8,94015152;3,78429508;0,00000000
8,94025552;3,82781744;0,00000000
8,94035952;3,82781744;0,00000000
8,94046352;3,82781744;0,00000000
8,94056752;3,82781744;0,00000000
8,94067152;3,78429508;0,00000000
8,94077552;3,82781744;0,00000000
8,94087952;3,78429508;0,00000000
8,94098352;3,82781744;0,00000000
8,94108752;3,78429508;0,00000000
8,94119152;3,82781744;0,00000000
8,94129552;3,82781744;0,00000000
8,94139952;3,82781744;0,00000000
8,94150352;3,78429508;0,00000000
8,94160752;3,82781744;0,00000000
8,94171152;3,82781744;0,00000000
8,94181552;3,82781744;0,00000000
8,94191952;3,82781744;0,00000000
8,94202352;3,82781744;0,00000000
8,94212752;3,82781744;0,00000000
8,94223152;3,78429508;0,00000000
8,94233552;3,82781744;0,00000000
8,94243952;3,78429508;0,00000000
8,94254352;3,82781744;0,00000000
8,94264752;3,82781744;0,01734744
8,94275152;3,82781744;0,00000000
8,94285552;3,78429508;0,00000000
8,94295952;3,78429508;0,01734744
8,94306352;3,78429508;0,00000000
8,94316752;3,82781744;0,00000000
8,94327152;3,82781744;0,00000000
8,94337552;3,82781744;0,00000000
8,94347952;3,78429508;0,00000000
8,94358352;3,82781744;0,00000000
8,94368752;3,78429508;0,00000000
8,94379152;3,78429508;0,00000000
8,94389552;3,82781744;0,00000000
8,94399952;3,82781744;0,00000000
8,94410352;3,82781744;0,00000000
8,94420752;3,78429508;0,00000000
8,94431152;3,78429508;0,00000000
8,94441552;3,82781744;0,00000000
8,94451952;3,82781744;0,00000000
8,94462352;3,82781744;0,00000000
8,94472752;3,78429508;0,00000000
8,94483152;3,78429508;0,00000000
8,94493552;3,82781744;0,00000000
8,94503952;3,82781744;0,00000000
8,94514352;3,82781744;0,00000000
8,94524752;3,82781744;0,00000000
8,94535152;3,82781744;0,00000000
8,94545552;3,82781744;0,00000000
8,94555952;3,82781744;0,00000000
8,94566352;3,78429508;0,00000000
8,94576752;3,82781744;0,00000000
8,94587152;3,78429508;0,00000000
8,94597552;3,82781744;0,00000000
8,94607952;3,82781744;0,00000000
8,94618352;3,82781744;0,00000000
8,94628752;3,82781744;0,00000000
8,94639152;3,82781744;0,00000000
8,94649552;3,78429508;0,00000000
8,94659952;3,82781744;0,00000000
8,94670352;3,78429508;0,00000000
8,94680752;3,82781744;0,00000000
8,94691152;3,82781744;0,00000000
8,94701552;3,82781744;0,00000000
8,94711952;3,82781744;0,00000000
8,94722352;3,82781744;0,00000000
8,94732752;3,82781744;0,00000000
8,94743152;3,82781744;0,00000000
8,94753552;3,82781744;0,00000000
8,94763952;3,82781744;0,00000000
8,94774352;3,78429508;0,00000000
8,94784752;3,82781744;0,00000000
8,94795152;3,78429508;0,00000000
8,94805552;3,82781744;0,00000000
8,94815952;3,82781744;0,00000000
8,94826352;3,82781744;0,00000000
8,94836752;3,78429508;0,00000000
8,94847152;3,82781744;0,00000000
8,94857552;3,82781744;0,00000000
8,94867952;3,82781744;0,00000000
8,94878352;3,78429508;0,00000000
8,94888752;3,82781744;0,00000000
8,94899152;3,82781744;0,00000000
8,94909552;3,82781744;0,00000000
8,94919952;3,82781744;0,00000000
8,94930352;3,78429508;0,00000000
8,94940752;3,78429508;0,00000000
8,94951152;3,82781744;0,00000000
8,94961552;3,82781744;0,00000000
8,94971952;3,82781744;0,00000000
8,94982352;3,78429508;0,00000000
8,94992752;3,82781744;0,00000000
8,95003152;3,82781744;0,00000000
8,95013552;3,82781744;0,00000000
8,95023952;3,82781744;0,00000000
8,95034352;3,82781744;0,00000000
8,95044752;3,78429508;0,00000000
8,95055152;3,78429508;0,00000000
8,95065552;3,82781744;0,00000000
8,95075952;3,82781744;0,00000000
8,95086352;3,82781744;0,00000000
8,95096752;3,78429508;0,00000000
8,95107152;3,82781744;0,00000000
8,95117552;3,82781744;0,00000000
8,95127952;3,82781744;0,00000000
8,95138352;3,82781744;0,00000000
8,95148752;3,82781744;0,00000000
8,95159152;3,82781744;0,00000000
8,95169552;3,78429508;0,00000000
8,95179952;3,78429508;0,00000000
8,95190352;3,82781744;0,00000000
8,95200752;3,82781744;0,00000000
8,95211152;3,82781744;0,00000000
8,95221552;3,78429508;0,00000000
8,95231952;3,82781744;0,00000000
8,95242352;3,78429508;0,00000000
8,95252752;3,82781744;0,00000000
8,95263152;3,82781744;0,00000000
8,95273552;3,78429508;0,00000000
8,95283952;3,82781744;0,00000000
8,95294352;3,82781744;0,00000000
8,95304752;3,78429508;0,00000000
8,95315152;3,82781744;0,00000000
8,95325552;3,82781744;0,00000000
8,95335952;3,82781744;0,00000000
8,95346352;3,82781744;0,00000000
8,95356752;3,78429508;0,00000000
8,95367152;3,82781744;0,00000000
8,95377552;3,82781744;0,00000000
8,95387952;3,82781744;0,00000000
8,95398352;3,82781744;0,00000000
8,95408752;3,82781744;0,00000000
8,95419152;3,82781744;0,00000000
8,95429552;3,82781744;0,00000000
8,95439952;3,78429508;0,00000000
8,95450352;3,82781744;0,00000000
8,95460752;3,82781744;0,00000000
8,95471152;3,82781744;0,00000000
8,95481552;3,78429508;0,00000000
8,95491952;3,82781744;0,00000000
8,95502352;3,82781744;0,00000000
8,95512752;3,82781744;0,00000000
8,95523152;3,82781744;0,00000000
8,95533552;3,82781744;0,00000000
8,95543952;3,82781744;0,00000000
8,95554352;3,78429508;0,00000000
8,95564752;3,78429508;0,00000000
8,95575152;3,82781744;0,00000000
8,95585552;3,82781744;0,00000000
8,95595952;3,82781744;0,00000000
8,95606352;3,82781744;0,00000000
8,95616752;3,82781744;0,00000000
8,95627152;3,78429508;0,00000000
8,95637552;3,78429508;0,00000000
8,95647952;3,82781744;0,00000000
8,95658352;3,78429508;0,00000000
8,95668752;3,82781744;0,00000000
8,95679152;3,78429508;0,00000000
8,95689552;3,82781744;0,00000000
8,95699952;3,78429508;0,00000000
8,95710352;3,82781744;0,00000000
8,95720752;3,82781744;0,00000000
8,95731152;3,82781744;0,00000000
8,95741552;3,78429508;0,00000000
8,95751952;3,82781744;0,00000000
8,95762352;3,78429508;0,00000000
8,95772752;3,82781744;0,00000000
8,95783152;3,82781744;0,00000000
8,95793552;3,78429508;0,00000000
8,95803952;3,82781744;0,00000000
8,95814352;3,82781744;0,00000000
8,95824752;3,82781744;0,00000000
8,95835152;3,82781744;0,00000000
8,95845552;3,82781744;0,00000000
8,95855952;3,78429508;0,01734744
8,95866352;3,82781744;0,00000000
8,95876752;3,82781744;0,00000000
8,95887152;3,78429508;0,00000000
8,95897552;3,82781744;0,00000000
8,95907952;3,82781744;0,00000000
8,95918352;3,82781744;0,00000000
8,95928752;3,78429508;0,00000000
8,95939152;3,82781744;0,00000000
8,95949552;3,78429508;0,00000000
8,95959952;3,82781744;0,00000000
8,95970352;3,78429508;0,00000000
8,95980752;3,82781744;0,00000000
8,95991152;3,82781744;0,00000000
8,96001552;3,82781744;0,00000000
8,96011952;3,82781744;0,00000000
8,96022352;3,82781744;0,00000000
8,96032752;3,82781744;0,00000000
8,96043152;3,82781744;0,00000000
8,96053552;3,78429508;0,00000000
8,96063952;3,82781744;0,00000000
8,96074352;3,78429508;0,00000000
8,96084752;3,82781744;0,00000000
8,96095152;3,78429508;0,00000000
8,96105552;3,82781744;0,00000000
8,96115952;3,82781744;0,00000000
8,96126352;3,78429508;0,00000000
8,96136752;3,82781744;0,00000000
8,96147152;3,82781744;0,00000000
8,96157552;3,82781744;0,00000000
8,96167952;3,82781744;0,00000000
8,96178352;3,78429508;0,00000000
8,96188752;3,78429508;0,00000000
8,96199152;3,78429508;0,00000000
8,96209552;3,78429508;0,00000000
8,96219952;3,78429508;0,00000000
8,96230352;3,78429508;0,01734744
8,96240752;3,78429508;0,00000000
8,96251152;3,82781744;0,00000000
8,96261552;3,78429508;0,00000000
8,96271952;3,82781744;0,00000000
8,96282352;3,78429508;0,00000000
8,96292752;3,82781744;0,00000000
8,96303152;3,78429508;0,00000000
8,96313552;3,82781744;0,00000000
8,96323952;3,82781744;0,00000000
8,96334352;3,82781744;0,00000000
8,96344752;3,82781744;0,00000000
8,96355152;3,82781744;0,00000000
8,96365552;3,82781744;0,00000000
8,96375952;3,82781744;0,00000000
8,96386352;3,82781744;0,00000000
8,96396752;3,82781744;0,00000000
8,96407152;3,82781744;0,00000000
8,96417552;3,82781744;0,00000000
8,96427952;3,82781744;0,00000000
8,96438352;3,82781744;0,00000000
8,96448752;3,78429508;0,00000000
8,96459152;3,82781744;0,00000000
8,96469552;3,82781744;0,00000000
8,96479952;3,82781744;0,00000000
8,96490352;3,82781744;0,00000000
8,96500752;3,82781744;0,00000000
8,96511152;3,82781744;0,00000000
8,96521552;3,82781744;0,00000000
8,96531952;3,82781744;0,00000000
8,96542352;3,82781744;0,00000000
8,96552752;3,82781744;0,00000000
8,96563152;3,82781744;0,00000000
8,96573552;3,82781744;0,00000000
8,96583952;3,82781744;0,00000000
8,96594352;3,82781744;0,00000000
8,96604752;3,82781744;0,00000000
8,96615152;3,82781744;0,00000000
8,96625552;3,82781744;0,00000000
8,96635952;3,78429508;0,00000000
8,96646352;3,82781744;0,00000000
8,96656752;3,82781744;0,00000000
8,96667152;3,82781744;0,00000000
8,96677552;3,78429508;0,00000000
8,96687952;3,82781744;0,00000000
8,96698352;3,82781744;0,00000000
8,96708752;3,82781744;0,00000000
8,96719152;3,82781744;0,00000000
8,96729552;3,82781744;0,00000000
8,96739952;3,82781744;0,00000000
8,96750352;3,82781744;0,00000000
8,96760752;3,82781744;0,00000000
8,96771152;3,78429508;0,00000000
8,96781552;3,78429508;0,00000000
8,96791952;3,78429508;0,00000000
8,96802352;3,82781744;0,00000000
8,96812752;3,82781744;0,00000000
8,96823152;3,82781744;0,00000000
8,96833552;3,82781744;0,00000000
8,96843952;3,82781744;0,00000000
8,96854352;3,82781744;0,00000000
8,96864752;3,82781744;0,00000000
8,96875152;3,78429508;0,00000000
8,96885552;3,82781744;0,01734744
8,96895952;3,82781744;0,00000000
8,96906352;3,82781744;0,00000000
8,96916752;3,82781744;0,00000000
8,96927152;3,82781744;0,00000000
8,96937552;3,78429508;0,00000000
8,96947952;3,78429508;0,00000000
8,96958352;3,78429508;0,00000000
8,96968752;3,78429508;0,00000000
8,96979152;3,82781744;0,00000000
8,96989552;3,78429508;0,00000000
8,96999952;3,78429508;0,00000000
8,97010352;3,82781744;0,00000000
8,97020752;3,82781744;0,00000000
8,97031152;3,78429508;0,00000000
8,97041552;3,82781744;0,00000000
8,97051952;3,82781744;0,00000000
8,97062352;3,82781744;0,00000000
8,97072752;3,82781744;0,00000000
8,97083152;3,82781744;0,00000000
8,97093552;3,82781744;0,00000000
8,97103952;3,78429508;0,00000000
8,97114352;3,78429508;0,00000000
8,97124752;3,82781744;0,00000000
8,97135152;3,78429508;0,00000000
8,97145552;3,78429508;0,00000000
8,97155952;3,82781744;0,00000000
8,97166352;3,82781744;0,00000000
8,97176752;3,82781744;0,00000000
8,97187152;3,82781744;0,00000000
8,97197552;3,82781744;0,00000000
8,97207952;3,82781744;0,00000000
8,97218352;3,82781744;0,00000000
8,97228752;3,82781744;0,00000000
8,97239152;3,82781744;0,00000000
8,97249552;3,82781744;0,00000000
8,97259952;3,82781744;0,00000000
8,97270352;3,78429508;0,00000000
8,97280752;3,82781744;0,00000000
8,97291152;3,78429508;0,00000000
8,97301552;3,78429508;0,00000000
8,97311952;3,82781744;0,00000000
8,97322352;3,78429508;0,00000000
8,97332752;3,82781744;0,00000000
8,97343152;3,78429508;0,00000000
8,97353552;3,82781744;0,00000000
8,97363952;3,82781744;0,00000000
8,97374352;3,78429508;0,00000000
8,97384752;3,82781744;0,00000000
8,97395152;3,82781744;0,00000000
8,97405552;3,82781744;0,00000000
8,97415952;3,82781744;0,00000000
8,97426352;3,82781744;0,00000000
8,97436752;3,82781744;0,00000000
8,97447152;3,82781744;0,00000000
8,97457552;3,82781744;0,00000000
8,97467952;3,82781744;0,00000000
8,97478352;3,82781744;0,00000000
8,97488752;3,82781744;0,00000000
8,97499152;3,82781744;0,00000000
8,97509552;3,78429508;0,00000000
8,97519952;3,82781744;0,00000000
8,97530352;3,78429508;0,00000000
8,97540752;3,82781744;0,00000000
8,97551152;3,78429508;0,00000000
8,97561552;3,78429508;0,00000000
8,97571952;3,78429508;0,00000000
8,97582352;3,78429508;0,00000000
8,97592752;3,78429508;0,00000000
8,97603152;3,82781744;0,00000000
8,97613552;3,82781744;0,00000000
8,97623952;3,82781744;0,00000000
8,97634352;3,87133980;0,00000000
8,97644752;3,82781744;0,00000000
8,97655152;3,78429508;0,00000000
8,97665552;3,82781744;0,00000000
8,97675952;3,82781744;0,00000000
8,97686352;3,82781744;0,00000000
8,97696752;3,78429508;0,00000000
8,97707152;3,82781744;0,00000000
8,97717552;3,82781744;0,00000000
8,97727952;3,82781744;0,00000000
8,97738352;3,78429508;0,00000000
8,97748752;3,82781744;0,00000000
8,97759152;3,82781744;0,00000000
8,97769552;3,82781744;0,00000000
8,97779952;3,82781744;0,00000000
8,97790352;3,82781744;0,00000000
8,97800752;3,82781744;0,00000000
8,97811152;3,82781744;0,00000000
8,97821552;3,78429508;0,00000000
8,97831952;3,78429508;0,00000000
8,97842352;3,82781744;0,00000000
8,97852752;3,78429508;0,00000000
8,97863152;3,82781744;0,00000000
8,97873552;3,82781744;0,00000000
8,97883952;3,82781744;0,00000000
8,97894352;3,78429508;0,00000000
8,97904752;3,82781744;0,00000000
8,97915152;3,82781744;0,00000000
8,97925552;3,82781744;0,00000000
8,97935952;3,82781744;0,00000000
8,97946352;3,78429508;0,00000000
8,97956752;3,82781744;0,00000000
8,97967152;3,82781744;0,00000000
8,97977552;3,82781744;0,00000000
8,97987952;3,78429508;0,00000000
8,97998352;3,82781744;0,00000000
8,98008752;3,82781744;0,00000000
8,98019152;3,78429508;0,00000000
8,98029552;3,78429508;0,00000000
8,98039952;3,82781744;0,00000000
8,98050352;3,82781744;0,00000000
8,98060752;3,82781744;0,00000000
8,98071152;3,78429508;0,00000000
8,98081552;3,82781744;0,00000000
8,98091952;3,78429508;0,00000000
8,98102352;3,82781744;0,00000000
8,98112752;3,82781744;0,00000000
8,98123152;3,82781744;0,00000000
8,98133552;3,82781744;0,00000000
8,98143952;3,82781744;0,00000000
8,98154352;3,78429508;0,00000000
8,98164752;3,82781744;0,00000000
8,98175152;3,82781744;0,00000000
8,98185552;3,82781744;0,00000000
8,98195952;3,78429508;0,00000000
8,98206352;3,78429508;0,00000000
8,98216752;3,82781744;0,00000000
8,98227152;3,82781744;0,00000000
8,98237552;3,78429508;0,00000000
8,98247952;3,82781744;0,00000000
8,98258352;3,78429508;0,00000000
8,98268752;3,78429508;0,00000000
8,98279152;3,78429508;0,00000000
8,98289552;3,82781744;0,00000000
8,98299952;3,82781744;0,00000000
8,98310352;3,82781744;0,00000000
8,98320752;3,78429508;0,00000000
8,98331152;3,78429508;0,00000000
8,98341552;3,78429508;0,00000000
8,98351952;3,82781744;0,00000000
8,98362352;3,78429508;0,00000000
8,98372752;3,78429508;0,00000000
8,98383152;3,78429508;0,00000000
8,98393552;3,78429508;0,00000000
8,98403952;3,82781744;0,00000000
8,98414352;3,78429508;0,00000000
8,98424752;3,78429508;0,00000000
8,98435152;3,82781744;0,00000000
8,98445552;3,82781744;0,00000000
8,98455952;3,78429508;0,00000000
8,98466352;3,78429508;0,00000000
8,98476752;3,78429508;0,00000000
8,98487152;3,82781744;0,00000000
8,98497552;3,82781744;0,00000000
8,98507952;3,82781744;0,00000000
8,98518352;3,78429508;0,00000000
8,98528752;3,78429508;0,00000000
8,98539152;3,82781744;0,00000000
8,98549552;3,78429508;0,00000000
8,98559952;3,78429508;0,00000000
8,98570352;3,78429508;0,00000000
8,98580752;3,82781744;0,00000000
8,98591152;3,78429508;0,00000000
8,98601552;3,78429508;0,00000000
8,98611952;3,78429508;0,00000000
8,98622352;3,82781744;0,00000000
8,98632752;3,82781744;0,00000000
8,98643152;3,82781744;0,00000000
8,98653552;3,78429508;0,00000000
8,98663952;3,82781744;0,00000000
8,98674352;3,78429508;0,00000000
8,98684752;3,82781744;0,00000000
8,98695152;3,82781744;0,00000000
8,98705552;3,82781744;0,00000000
8,98715952;3,82781744;0,00000000
8,98726352;3,82781744;0,00000000
8,98736752;3,82781744;0,00000000
8,98747152;3,82781744;0,00000000
8,98757552;3,82781744;0,00000000
8,98767952;3,82781744;0,00000000
8,98778352;3,78429508;0,00000000
8,98788752;3,82781744;0,00000000
8,98799152;3,78429508;0,00000000
8,98809552;3,82781744;0,00000000
8,98819952;3,82781744;0,00000000
8,98830352;3,78429508;0,00000000
8,98840752;3,82781744;0,00000000
8,98851152;3,82781744;0,00000000
8,98861552;3,78429508;0,00000000
8,98871952;3,82781744;0,00000000
8,98882352;3,82781744;0,00000000
8,98892752;3,82781744;0,00000000
8,98903152;3,82781744;0,00000000
8,98913552;3,78429508;0,00000000
8,98923952;3,82781744;0,00000000
8,98934352;3,82781744;0,00000000
8,98944752;3,78429508;0,00000000
8,98955152;3,78429508;0,00000000
8,98965552;3,82781744;0,00000000
8,98975952;3,82781744;0,00000000
8,98986352;3,82781744;0,00000000
8,98996752;3,82781744;0,00000000
8,99007152;3,82781744;0,00000000
8,99017552;3,82781744;0,00000000
8,99027952;3,78429508;0,00000000
8,99038352;3,78429508;0,00000000
8,99048752;3,82781744;0,00000000
8,99059152;3,82781744;0,00000000
8,99069552;3,82781744;0,00000000
8,99079952;3,78429508;0,00000000
8,99090352;3,82781744;0,00000000
8,99100752;3,82781744;0,00000000
8,99111152;3,82781744;0,00000000
8,99121552;3,82781744;0,00000000
8,99131952;3,82781744;0,00000000
8,99142352;3,82781744;0,00000000
8,99152752;3,82781744;0,00000000
8,99163152;3,78429508;0,00000000
8,99173552;3,78429508;0,00000000
8,99183952;3,82781744;0,00000000
8,99194352;3,82781744;0,00000000
8,99204752;3,78429508;0,00000000
8,99215152;3,82781744;0,00000000
8,99225552;3,78429508;0,00000000
8,99235952;3,82781744;0,00000000
8,99246352;3,82781744;0,00000000
8,99256752;3,78429508;0,00000000
8,99267152;3,82781744;0,00000000
8,99277552;3,82781744;0,00000000
8,99287952;3,82781744;0,00000000
8,99298352;3,78429508;0,00000000
8,99308752;3,82781744;0,00000000
8,99319152;3,82781744;0,00000000
8,99329552;3,82781744;0,00000000
8,99339952;3,82781744;0,00000000
8,99350352;3,82781744;0,00000000
8,99360752;3,82781744;0,00000000
8,99371152;3,82781744;0,00000000
8,99381552;3,82781744;0,00000000
8,99391952;3,82781744;0,00000000
8,99402352;3,82781744;0,00000000
8,99412752;3,82781744;0,00000000
8,99423152;3,82781744;0,00000000
8,99433552;3,78429508;0,00000000
8,99443952;3,82781744;0,00000000
8,99454352;3,82781744;0,00000000
8,99464752;3,82781744;0,00000000
8,99475152;3,82781744;0,00000000
8,99485552;3,78429508;0,00000000
8,99495952;3,82781744;0,00000000
8,99506352;3,78429508;0,00000000
8,99516752;3,82781744;0,00000000
8,99527152;3,78429508;0,00000000
8,99537552;3,82781744;0,00000000
8,99547952;3,78429508;0,00000000
8,99558352;3,78429508;0,00000000
8,99568752;3,82781744;0,00000000
8,99579152;3,82781744;0,00000000
8,99589552;3,82781744;0,00000000
8,99599952;3,82781744;0,00000000
8,99610352;3,82781744;0,00000000
8,99620752;3,78429508;0,00000000
8,99631152;3,82781744;0,00000000
8,99641552;3,82781744;0,00000000
8,99651952;3,82781744;0,00000000
8,99662352;3,82781744;0,00000000
8,99672752;3,78429508;0,00000000
8,99683152;3,82781744;0,00000000
8,99693552;3,82781744;0,00000000
8,99703952;3,78429508;0,00000000
8,99714352;3,82781744;0,00000000
8,99724752;3,82781744;0,00000000
8,99735152;3,78429508;0,00000000
8,99745552;3,78429508;0,00000000
8,99755952;3,78429508;0,00000000
8,99766352;3,82781744;0,00000000
8,99776751;3,82781744;0,00000000
8,99787151;3,82781744;0,00000000
8,99797551;3,78429508;0,00000000
8,99807951;3,82781744;0,00000000
8,99818351;3,82781744;0,00000000
8,99828751;3,78429508;0,00000000
8,99839151;3,78429508;0,00000000
8,99849551;3,82781744;0,00000000
8,99859951;3,82781744;0,00000000
8,99870351;3,82781744;0,00000000
8,99880751;3,78429508;0,00000000
8,99891151;3,82781744;0,00000000
8,99901551;3,78429508;0,00000000
8,99911951;3,78429508;0,00000000
8,99922351;3,82781744;0,00000000
8,99932751;3,78429508;0,00000000
8,99943151;3,78429508;0,00000000
8,99953551;3,82781744;0,00000000
8,99963951;3,82781744;0,00000000
8,99974351;3,82781744;0,00000000
8,99984751;3,82781744;0,00000000
8,99995151;3,82781744;0,00000000
9,00005551;3,78429508;0,00000000
9,00015951;3,82781744;0,00000000
9,00026351;3,78429508;0,00000000
9,00036751;3,82781744;0,00000000
9,00047151;3,82781744;0,00000000
9,00057551;3,82781744;0,00000000
9,00067951;3,82781744;0,00000000
9,00078351;3,82781744;0,00000000
9,00088751;3,78429508;0,00000000
9,00099151;3,82781744;0,00000000
9,00109551;3,78429508;0,00000000
9,00119951;3,82781744;0,00000000
9,00130351;3,82781744;0,00000000
9,00140751;3,82781744;0,00000000
9,00151151;3,82781744;0,00000000
9,00161551;3,82781744;0,00000000
9,00171951;3,82781744;0,00000000
9,00182351;3,78429508;0,00000000
9,00192751;3,82781744;0,00000000
9,00203151;3,82781744;0,00000000
9,00213551;3,82781744;0,00000000
9,00223951;3,82781744;0,00000000
9,00234351;3,78429508;0,00000000
9,00244751;3,82781744;0,00000000
9,00255151;3,78429508;0,00000000
9,00265551;3,78429508;0,00000000
9,00275951;3,78429508;0,00000000
9,00286351;3,82781744;0,00000000
9,00296751;3,78429508;0,00000000
9,00307151;3,82781744;0,00000000
9,00317551;3,78429508;0,00000000
9,00327951;3,78429508;0,00000000
9,00338351;3,78429508;0,00000000
9,00348751;3,82781744;0,00000000
9,00359151;3,82781744;0,00000000
9,00369551;3,78429508;0,00000000
9,00379951;3,78429508;0,00000000
9,00390351;3,78429508;0,00000000
9,00400751;3,82781744;0,00000000
9,00411151;3,82781744;0,00000000
9,00421551;3,78429508;0,00000000
9,00431951;3,78429508;0,00000000
9,00442351;3,82781744;0,00000000
9,00452751;3,82781744;0,00000000
9,00463151;3,82781744;0,00000000
9,00473551;3,82781744;0,00000000
9,00483951;3,82781744;0,00000000
9,00494351;3,82781744;0,00000000
9,00504751;3,82781744;0,00000000
9,00515151;3,78429508;0,00000000
9,00525551;3,78429508;0,00000000
9,00535951;3,78429508;0,00000000
9,00546351;3,82781744;0,00000000
9,00556751;3,82781744;0,00000000
9,00567151;3,82781744;0,00000000
9,00577551;3,82781744;0,00000000
9,00587951;3,78429508;0,00000000
9,00598351;3,78429508;0,00000000
9,00608751;3,78429508;0,00000000
9,00619151;3,78429508;0,00000000
9,00629551;3,78429508;0,00000000
9,00639951;3,82781744;0,00000000
9,00650351;3,82781744;0,00000000
9,00660751;3,78429508;0,00000000
9,00671151;3,78429508;0,00000000
9,00681551;3,82781744;0,00000000
9,00691951;3,82781744;0,00000000
9,00702351;3,82781744;0,00000000
9,00712751;3,82781744;0,00000000
9,00723151;3,82781744;0,00000000
9,00733551;3,82781744;0,00000000
9,00743951;3,82781744;0,00000000
9,00754351;3,82781744;0,00000000
9,00764751;3,78429508;0,00000000
9,00775151;3,82781744;0,00000000
9,00785551;3,82781744;0,00000000
9,00795951;3,82781744;0,00000000
9,00806351;3,82781744;0,00000000
9,00816751;3,82781744;0,00000000
9,00827151;3,78429508;0,00000000
9,00837551;3,82781744;0,00000000
9,00847951;3,82781744;0,00000000
9,00858351;3,82781744;0,00000000
9,00868751;3,82781744;0,00000000
9,00879151;3,82781744;0,00000000
9,00889551;3,82781744;0,00000000
9,00899951;3,82781744;0,00000000
9,00910351;3,82781744;0,00000000
9,00920751;3,82781744;0,00000000
9,00931151;3,82781744;0,00000000
9,00941551;3,78429508;0,00000000
9,00951951;3,82781744;0,00000000
9,00962351;3,82781744;0,00000000
9,00972751;3,82781744;0,00000000
9,00983151;3,82781744;0,00000000
9,00993551;3,78429508;0,00000000
9,01003951;3,78429508;0,00000000
9,01014351;3,78429508;0,00000000
9,01024751;3,78429508;0,00000000
9,01035151;3,82781744;0,00000000
9,01045551;3,78429508;0,00000000
9,01055951;3,78429508;0,00000000
9,01066351;3,82781744;0,00000000
9,01076751;3,82781744;0,00000000
9,01087151;3,82781744;0,00000000
9,01097551;3,78429508;0,00000000
9,01107951;3,82781744;0,00000000
9,01118351;3,78429508;0,00000000
9,01128751;3,78429508;0,00000000
9,01139151;3,78429508;0,00000000
9,01149551;3,87133980;0,00000000
9,01159951;3,78429508;0,00000000
9,01170351;3,78429508;0,00000000
9,01180751;3,82781744;0,00000000
9,01191151;3,82781744;0,00000000
9,01201551;3,82781744;0,00000000
9,01211951;3,82781744;0,00000000
9,01222351;3,78429508;0,00000000
9,01232751;3,78429508;0,00000000
9,01243151;3,82781744;0,00000000
9,01253551;3,82781744;0,00000000
9,01263951;3,82781744;0,00000000
9,01274351;3,78429508;0,00000000
9,01284751;3,82781744;0,00000000
9,01295151;3,82781744;0,00000000
9,01305551;3,82781744;0,00000000
9,01315951;3,82781744;0,00000000
9,01326351;3,82781744;0,00000000
9,01336751;3,82781744;0,00000000
9,01347151;3,82781744;0,00000000
9,01357551;3,82781744;0,00000000
9,01367951;3,82781744;0,00000000
9,01378351;3,82781744;0,00000000
9,01388751;3,82781744;0,00000000
9,01399151;3,82781744;0,00000000
9,01409551;3,82781744;0,00000000
9,01419951;3,78429508;0,00000000
9,01430351;3,82781744;0,00000000
9,01440751;3,82781744;0,00000000
9,01451151;3,82781744;0,00000000
9,01461551;3,82781744;0,00000000
9,01471951;3,82781744;0,00000000
9,01482351;3,82781744;0,00000000
9,01492751;3,82781744;0,00000000
9,01503151;3,82781744;0,00000000
9,01513551;3,82781744;0,00000000
9,01523951;3,78429508;0,00000000
9,01534351;3,82781744;0,01734744
9,01544751;3,82781744;0,00000000
9,01555151;3,78429508;0,00000000
9,01565551;3,78429508;0,00000000
9,01575951;3,82781744;0,00000000
9,01586351;3,78429508;0,00000000
9,01596751;3,78429508;0,00000000
9,01607151;3,82781744;0,00000000
9,01617551;3,82781744;0,00000000
9,01627951;3,82781744;0,00000000
9,01638351;3,78429508;0,00000000
9,01648751;3,82781744;0,00000000
9,01659151;3,82781744;0,00000000
9,01669551;3,82781744;0,00000000
9,01679951;3,78429508;0,00000000
9,01690351;3,82781744;0,00000000
9,01700751;3,82781744;0,00000000
9,01711151;3,78429508;0,00000000
9,01721551;3,82781744;0,00000000
9,01731951;3,78429508;0,00000000
9,01742351;3,82781744;0,00000000
9,01752751;3,82781744;0,00000000
9,01763151;3,78429508;0,00000000
9,01773551;3,82781744;0,00000000
9,01783951;3,82781744;0,00000000
9,01794351;3,78429508;0,00000000
9,01804751;3,82781744;0,00000000
9,01815151;3,82781744;0,00000000
9,01825551;3,82781744;0,00000000
9,01835951;3,82781744;0,00000000
9,01846351;3,78429508;0,00000000
9,01856751;3,82781744;0,00000000
9,01867151;3,78429508;0,00000000
9,01877551;3,78429508;0,00000000
9,01887951;3,82781744;0,00000000
9,01898351;3,78429508;0,00000000
9,01908751;3,78429508;0,00000000
9,01919151;3,82781744;0,00000000
9,01929551;3,82781744;0,00000000
9,01939951;3,78429508;0,00000000
9,01950351;3,82781744;0,00000000
9,01960751;3,82781744;0,00000000
9,01971151;3,82781744;0,00000000
9,01981551;3,82781744;0,00000000
9,01991951;3,82781744;0,00000000
9,02002351;3,78429508;0,00000000
9,02012751;3,82781744;0,00000000
9,02023151;3,78429508;0,00000000
9,02033551;3,82781744;0,00000000
9,02043951;3,78429508;0,00000000
9,02054351;3,78429508;0,00000000
9,02064751;3,82781744;0,00000000
9,02075151;3,82781744;0,00000000
9,02085551;3,82781744;0,00000000
9,02095951;3,82781744;0,00000000
9,02106351;3,78429508;0,00000000
9,02116751;3,78429508;0,00000000
9,02127151;3,82781744;0,00000000
9,02137551;3,82781744;0,00000000
9,02147951;3,78429508;0,00000000
9,02158351;3,82781744;0,00000000
9,02168751;3,78429508;0,00000000
9,02179151;3,82781744;0,00000000
9,02189551;3,82781744;0,00000000
9,02199951;3,82781744;0,00000000
9,02210351;3,78429508;0,00000000
9,02220751;3,78429508;0,00000000
9,02231151;3,78429508;0,00000000
9,02241551;3,78429508;0,00000000
9,02251951;3,78429508;0,00000000
9,02262351;3,82781744;0,00000000
9,02272751;3,82781744;0,00000000
9,02283151;3,78429508;0,00000000
9,02293551;3,78429508;0,00000000
9,02303951;3,82781744;0,00000000
9,02314351;3,82781744;0,01734744
9,02324751;3,82781744;0,00000000
9,02335151;3,82781744;0,00000000
9,02345551;3,78429508;0,00000000
9,02355951;3,82781744;0,00000000
9,02366351;3,78429508;0,00000000
9,02376751;3,82781744;0,00000000
9,02387151;3,82781744;0,00000000
9,02397551;3,82781744;0,00000000
9,02407951;3,82781744;0,00000000
9,02418351;3,82781744;0,00000000
9,02428751;3,82781744;0,00000000
9,02439151;3,82781744;0,00000000
9,02449551;3,82781744;0,00000000
9,02459951;3,78429508;0,00000000
9,02470351;3,82781744;0,00000000
9,02480751;3,78429508;0,00000000
9,02491151;3,82781744;0,00000000
9,02501551;3,82781744;0,00000000
9,02511951;3,82781744;0,00000000
9,02522351;3,78429508;0,00000000
9,02532751;3,82781744;0,00000000
9,02543151;3,78429508;0,00000000
9,02553551;3,82781744;0,00000000
9,02563951;3,78429508;0,00000000
9,02574351;3,82781744;0,00000000
9,02584751;3,82781744;0,00000000
9,02595151;3,78429508;0,00000000
9,02605551;3,82781744;0,00000000
9,02615951;3,82781744;0,00000000
9,02626351;3,78429508;0,00000000
9,02636751;3,82781744;0,00000000
9,02647151;3,82781744;0,00000000
9,02657551;3,82781744;0,00000000
9,02667951;3,82781744;0,00000000
9,02678351;3,82781744;0,00000000
9,02688751;3,78429508;0,00000000
9,02699151;3,78429508;0,00000000
9,02709551;3,82781744;0,00000000
9,02719951;3,82781744;0,00000000
9,02730351;3,78429508;0,00000000
9,02740751;3,82781744;0,00000000
9,02751151;3,78429508;0,00000000
9,02761551;3,82781744;0,00000000
9,02771951;3,78429508;0,00000000
9,02782351;3,82781744;0,00000000
9,02792751;3,82781744;0,00000000
9,02803151;3,82781744;0,00000000
9,02813551;3,82781744;0,00000000
9,02823951;3,82781744;0,00000000
9,02834351;3,82781744;0,00000000
9,02844751;3,78429508;0,00000000
9,02855151;3,78429508;0,00000000
9,02865551;3,82781744;0,00000000
9,02875951;3,82781744;0,00000000
9,02886351;3,82781744;0,00000000
9,02896751;3,82781744;0,00000000
9,02907151;3,78429508;0,00000000
9,02917551;3,82781744;0,00000000
9,02927951;3,82781744;0,00000000
9,02938351;3,78429508;0,00000000
9,02948751;3,82781744;0,00000000
9,02959151;3,82781744;0,00000000
9,02969551;3,82781744;0,00000000
9,02979951;3,78429508;0,00000000
9,02990351;3,78429508;0,00000000
9,03000751;3,78429508;0,01734744
9,03011151;3,82781744;0,00000000
9,03021551;3,82781744;0,00000000
9,03031951;3,78429508;0,00000000
9,03042351;3,82781744;0,00000000
9,03052751;3,82781744;0,00000000
9,03063151;3,78429508;0,00000000
9,03073551;3,78429508;0,00000000
9,03083951;3,82781744;0,00000000
9,03094351;3,82781744;0,00000000
9,03104751;3,82781744;0,00000000
9,03115151;3,78429508;0,00000000
9,03125551;3,78429508;0,00000000
9,03135951;3,82781744;0,00000000
9,03146351;3,82781744;0,00000000
9,03156751;3,82781744;0,00000000
9,03167151;3,82781744;0,00000000
9,03177551;3,82781744;0,00000000
9,03187951;3,82781744;0,00000000
9,03198351;3,82781744;0,00000000
9,03208751;3,82781744;0,00000000
9,03219151;3,82781744;0,00000000
9,03229551;3,82781744;0,00000000
9,03239951;3,78429508;0,00000000
9,03250351;3,82781744;0,00000000
9,03260751;3,82781744;0,00000000
9,03271151;3,78429508;0,00000000
9,03281551;3,82781744;0,00000000
9,03291951;3,82781744;0,00000000
9,03302351;3,82781744;0,00000000
9,03312751;3,78429508;0,00000000
9,03323151;3,82781744;0,00000000
9,03333551;3,78429508;0,00000000
9,03343951;3,82781744;0,00000000
9,03354351;3,78429508;0,00000000
9,03364751;3,78429508;0,00000000
9,03375151;3,78429508;0,00000000
9,03385551;3,82781744;0,00000000
9,03395951;3,82781744;0,00000000
9,03406351;3,82781744;0,00000000
9,03416751;3,82781744;0,00000000
9,03427151;3,78429508;0,00000000
9,03437551;3,78429508;0,00000000
9,03447951;3,82781744;0,00000000
9,03458351;3,78429508;0,00000000
9,03468751;3,82781744;0,00000000
9,03479151;3,82781744;0,00000000
9,03489551;3,82781744;0,00000000
9,03499951;3,78429508;0,00000000
9,03510351;3,82781744;0,00000000
9,03520751;3,82781744;0,00000000
9,03531151;3,82781744;0,00000000
9,03541551;3,78429508;0,00000000
9,03551951;3,82781744;0,00000000
9,03562351;3,82781744;0,00000000
9,03572751;3,82781744;0,00000000
9,03583151;3,82781744;0,00000000
9,03593551;3,78429508;0,00000000
9,03603951;3,82781744;0,00000000
9,03614351;3,82781744;0,00000000
9,03624751;3,78429508;0,00000000
9,03635151;3,82781744;0,00000000
9,03645551;3,82781744;0,00000000
9,03655951;3,82781744;0,00000000
9,03666351;3,82781744;0,00000000
9,03676751;3,78429508;0,00000000
9,03687151;3,82781744;0,00000000
9,03697551;3,82781744;0,00000000
9,03707951;3,82781744;0,00000000
9,03718351;3,78429508;0,00000000
9,03728751;3,82781744;0,00000000
9,03739151;3,82781744;0,00000000
9,03749551;3,78429508;0,00000000
9,03759951;3,82781744;0,00000000
9,03770351;3,82781744;0,00000000
9,03780751;3,82781744;0,00000000
9,03791151;3,78429508;0,00000000
9,03801551;3,82781744;0,00000000
9,03811951;3,82781744;0,00000000
9,03822351;3,82781744;0,00000000
9,03832751;3,82781744;0,00000000
9,03843151;3,78429508;0,00000000
9,03853551;3,78429508;0,00000000
9,03863951;3,82781744;0,00000000
9,03874351;3,82781744;0,00000000
9,03884751;3,82781744;0,00000000
9,03895151;3,78429508;0,00000000
9,03905551;3,78429508;0,00000000
9,03915951;3,82781744;0,00000000
9,03926351;3,82781744;0,00000000
9,03936751;3,78429508;0,00000000
9,03947151;3,82781744;0,00000000
9,03957551;3,78429508;0,00000000
9,03967951;3,82781744;0,00000000
9,03978351;3,78429508;0,00000000
9,03988751;3,82781744;0,00000000
9,03999151;3,82781744;0,00000000
9,04009551;3,82781744;0,00000000
9,04019951;3,78429508;0,00000000
9,04030351;3,82781744;0,00000000
9,04040751;3,82781744;0,00000000
9,04051151;3,78429508;0,00000000
9,04061551;3,82781744;0,00000000
9,04071951;3,78429508;0,00000000
9,04082351;3,78429508;0,00000000
9,04092751;3,82781744;0,00000000
9,04103151;3,82781744;0,00000000
9,04113551;3,78429508;0,00000000
9,04123951;3,82781744;0,00000000
9,04134351;3,82781744;0,00000000
9,04144751;3,82781744;0,00000000
9,04155151;3,78429508;0,00000000
9,04165551;3,82781744;0,00000000
9,04175951;3,78429508;0,00000000
9,04186351;3,78429508;0,00000000
9,04196751;3,82781744;0,00000000
9,04207151;3,78429508;0,00000000
9,04217551;3,82781744;0,00000000
9,04227951;3,82781744;0,00000000
9,04238351;3,78429508;0,00000000
9,04248751;3,82781744;0,00000000
9,04259151;3,82781744;0,00000000
9,04269551;3,78429508;0,00000000
9,04279951;3,82781744;0,00000000
9,04290351;3,82781744;0,00000000
9,04300751;3,82781744;0,00000000
9,04311151;3,78429508;0,00000000
9,04321551;3,82781744;0,00000000
9,04331951;3,82781744;0,00000000
9,04342351;3,82781744;0,00000000
9,04352751;3,82781744;0,00000000
9,04363151;3,82781744;0,00000000
9,04373551;3,78429508;0,00000000
9,04383951;3,82781744;0,00000000
9,04394351;3,78429508;0,00000000
9,04404751;3,78429508;0,00000000
9,04415151;3,78429508;0,00000000
9,04425551;3,82781744;0,00000000
9,04435951;3,82781744;0,00000000
9,04446351;3,78429508;0,00000000
9,04456751;3,78429508;0,00000000
9,04467151;3,78429508;0,00000000
9,04477551;3,82781744;0,00000000
9,04487951;3,82781744;0,00000000
9,04498351;3,82781744;0,00000000
9,04508751;3,78429508;0,00000000
9,04519151;3,78429508;0,00000000
9,04529551;3,78429508;0,00000000
9,04539951;3,82781744;0,00000000
9,04550351;3,82781744;0,00000000
9,04560751;3,78429508;0,00000000
9,04571151;3,78429508;0,00000000
9,04581551;3,82781744;0,00000000
9,04591951;3,82781744;0,00000000
9,04602351;3,78429508;0,00000000
9,04612751;1,34842515;0,00000000
9,04623151;-0,26098055;0,00000000
9,04633551;0,08689100;0,00000000
9,04643951;0,00000000;0,00000000
9,04654351;-0,04336860;0,00000000
9,04664751;0,00000000;0,00000000
9,04675151;0,00000000;0,00000000
9,04685551;0,00000000;0,00000000
9,04695951;0,00000000;0,00000000
9,04706351;0,04336860;0,00000000
9,04716751;0,00000000;0,00000000
9,04727151;0,00000000;0,00000000
9,04737551;0,00000000;0,00000000
9,04747951;0,00000000;0,00000000
9,04758351;0,00000000;0,00000000
9,04768751;0,00000000;0,00000000
9,04779151;0,00000000;0,00000000
9,04789551;0,00000000;0,00000000
9,04799951;0,00000000;0,00000000
9,04810351;0,00000000;0,00000000
9,04820751;0,00000000;0,00000000
9,04831151;0,00000000;0,00000000
9,04841551;0,00000000;0,00000000
9,04851951;0,00000000;0,00000000
9,04862351;0,00000000;0,00000000
9,04872751;0,00000000;0,00000000
9,04883151;0,04336860;0,00000000
9,04893551;0,00000000;0,00000000
9,04903951;0,04336860;0,00000000
9,04914351;0,04336860;0,00000000
9,04924751;0,00000000;0,00000000
9,04935151;0,00000000;0,00000000
9,04945551;0,00000000;0,00000000
9,04955951;0,04336860;0,00000000
9,04966351;0,04336860;0,00000000
9,04976751;0,00000000;-0,01734744
9,04987151;0,04336860;0,00000000
9,04997551;0,00000000;0,00000000
9,05007951;0,04336860;0,00000000
9,05018351;0,00000000;0,00000000
9,05028751;0,04336860;0,00000000
9,05039151;0,00000000;0,00000000
9,05049551;0,04336860;0,00000000
9,05059951;0,00000000;0,00000000
9,05070351;0,00000000;0,00000000
9,05080751;0,00000000;0,00000000
9,05091151;0,00000000;0,00000000
9,05101551;0,04336860;0,00000000
9,05111951;0,04336860;0,00000000
9,05122351;0,00000000;0,00000000
9,05132751;0,00000000;0,00000000
9,05143151;0,00000000;0,00000000
9,05153551;0,00000000;0,00000000
9,05163951;0,04336860;0,00000000
9,05174351;0,04336860;0,00000000
9,05184751;0,00000000;-0,01734744
9,05195151;0,00000000;0,00000000
9,05205551;0,04336860;0,00000000
9,05215951;0,04336860;0,00000000
9,05226351;0,00000000;0,00000000
9,05236751;0,00000000;0,00000000
9,05247151;0,00000000;0,00000000
9,05257551;0,00000000;-0,01734744
9,05267951;0,04336860;0,00000000
9,05278351;0,04336860;0,00000000
9,05288751;0,04336860;0,00000000
9,05299151;0,04336860;0,00000000
9,05309551;0,04336860;0,00000000
9,05319951;0,04336860;0,00000000
9,05330351;0,04336860;0,00000000
9,05340751;0,00000000;0,00000000
9,05351151;0,00000000;0,00000000
9,05361551;0,00000000;0,00000000
9,05371951;0,00000000;0,00000000
9,05382351;0,00000000;0,00000000
9,05392751;0,04336860;0,00000000
9,05403151;0,00000000;0,00000000
9,05413551;0,04336860;0,00000000
9,05423951;0,04336860;0,00000000
9,05434351;0,04336860;0,00000000
9,05444751;0,00000000;0,00000000
9,05455151;0,00000000;0,00000000
9,05465551;0,04336860;0,00000000
9,05475951;0,04336860;0,00000000
9,05486351;0,04336860;0,00000000
9,05496751;0,00000000;0,00000000
9,05507151;0,04336860;0,00000000
9,05517551;0,04336860;0,00000000
9,05527951;0,04336860;0,00000000
9,05538351;0,04336860;0,00000000
9,05548751;0,00000000;0,00000000
9,05559151;0,00000000;0,00000000
9,05569551;0,00000000;0,00000000
9,05579951;0,00000000;0,00000000
9,05590351;0,04336860;0,00000000
9,05600751;0,00000000;0,00000000
9,05611151;0,04336860;0,00000000
9,05621551;0,04336860;0,00000000
9,05631951;0,04336860;0,00000000
9,05642351;0,00000000;0,00000000
9,05652751;0,04336860;-0,01734744
9,05663151;0,00000000;0,00000000
9,05673551;0,04336860;0,00000000
9,05683951;0,00000000;0,00000000
9,05694351;0,04336860;0,00000000
9,05704751;0,00000000;0,00000000
9,05715151;0,00000000;0,00000000
9,05725551;0,00000000;0,00000000
9,05735951;0,00000000;0,00000000
9,05746351;0,00000000;0,00000000
9,05756751;0,04336860;0,00000000
9,05767151;0,00000000;0,00000000
9,05777551;0,00000000;0,00000000
9,05787951;0,00000000;0,00000000
9,05798351;0,00000000;0,00000000
9,05808751;0,00000000;0,00000000
9,05819151;0,00000000;0,00000000
9,05829551;0,04336860;0,00000000
9,05839951;0,04336860;0,00000000
9,05850351;0,00000000;0,00000000
9,05860751;0,04336860;0,00000000
9,05871151;0,00000000;0,00000000
9,05881551;0,00000000;0,00000000
9,05891951;0,00000000;0,00000000
9,05902351;0,04336860;-0,01734744
9,05912751;0,04336860;0,00000000
9,05923151;0,04336860;0,00000000
9,05933551;0,04336860;0,00000000
9,05943951;0,04336860;0,00000000
9,05954351;0,04336860;0,00000000
9,05964751;0,04336860;0,00000000
9,05975151;0,00000000;0,00000000
9,05985551;0,00000000;0,00000000
9,05995951;0,04336860;0,00000000
9,06006351;0,04336860;0,00000000
9,06016751;0,04336860;0,00000000
9,06027151;0,00000000;0,00000000
9,06037551;0,00000000;0,00000000
9,06047951;0,00000000;0,00000000
9,06058351;0,00000000;0,00000000
9,06068751;0,00000000;0,00000000
9,06079151;0,00000000;0,00000000
9,06089551;0,04336860;0,00000000
9,06099951;0,00000000;0,00000000
9,06110351;0,04336860;0,00000000
9,06120751;0,00000000;0,00000000
9,06131151;0,00000000;0,00000000
9,06141551;0,00000000;0,00000000
9,06151951;0,04336860;0,00000000
9,06162351;0,00000000;0,00000000
9,06172751;0,00000000;0,00000000
9,06183151;0,00000000;0,00000000
9,06193551;0,00000000;0,00000000
9,06203951;0,00000000;0,00000000
9,06214351;0,00000000;0,00000000
9,06224751;0,04336860;0,00000000
9,06235151;0,04336860;0,00000000
9,06245551;0,00000000;0,00000000
9,06255951;0,04336860;0,00000000
9,06266351;0,04336860;0,00000000
9,06276751;0,00000000;0,00000000
9,06287151;0,00000000;0,00000000
9,06297551;0,04336860;0,00000000
9,06307951;0,00000000;0,00000000
9,06318351;0,00000000;0,00000000
9,06328751;0,00000000;0,00000000
9,06339151;0,00000000;0,00000000
9,06349551;0,00000000;0,00000000
9,06359951;0,04336860;0,00000000
9,06370351;0,00000000;0,00000000
9,06380751;0,04336860;0,00000000
9,06391151;0,00000000;0,00000000
9,06401551;0,04336860;0,00000000
9,06411951;0,04336860;0,00000000
9,06422351;0,00000000;0,00000000
9,06432751;0,00000000;0,00000000
9,06443151;0,00000000;0,00000000
9,06453551;0,00000000;0,00000000
9,06463951;0,04336860;0,00000000
9,06474351;0,00000000;0,00000000
9,06484751;0,04336860;0,00000000
9,06495151;0,00000000;0,00000000
9,06505551;0,00000000;0,00000000
9,06515951;0,04336860;0,00000000
9,06526351;0,04336860;0,00000000
9,06536751;0,00000000;0,00000000
9,06547151;0,00000000;0,00000000
9,06557551;0,00000000;0,00000000
9,06567951;0,00000000;0,00000000
9,06578351;0,04336860;-0,01734744
9,06588751;0,00000000;0,00000000
9,06599151;0,00000000;0,00000000
9,06609551;0,00000000;0,00000000
9,06619951;0,00000000;0,00000000
9,06630351;0,00000000;0,00000000
9,06640751;0,00000000;0,00000000
9,06651151;0,00000000;0,00000000
9,06661551;0,04336860;0,00000000
9,06671951;0,04336860;0,00000000
9,06682351;0,00000000;0,00000000
9,06692751;0,00000000;0,00000000
9,06703151;0,04336860;0,00000000
9,06713551;0,00000000;0,00000000
9,06723951;0,04336860;0,00000000
9,06734351;0,00000000;0,00000000
9,06744751;0,04336860;0,00000000
9,06755151;0,04336860;0,00000000
9,06765551;0,00000000;0,00000000
9,06775951;0,00000000;0,00000000
9,06786351;0,00000000;0,00000000
9,06796751;0,00000000;0,00000000
9,06807151;0,04336860;0,00000000
9,06817551;0,00000000;0,00000000
9,06827951;0,00000000;0,00000000
9,06838351;0,04336860;0,00000000
9,06848751;0,00000000;0,00000000
9,06859151;0,04336860;0,00000000
9,06869551;0,04336860;0,00000000
9,06879951;0,00000000;0,00000000
9,06890351;0,00000000;0,00000000
9,06900751;0,00000000;0,00000000
9,06911151;0,00000000;0,00000000
9,06921551;0,00000000;0,00000000
9,06931951;0,00000000;0,00000000
9,06942351;0,04336860;0,00000000
9,06952751;0,04336860;0,00000000
9,06963151;0,04336860;0,00000000
9,06973551;0,04336860;0,00000000
9,06983951;0,04336860;0,00000000
9,06994351;0,04336860;0,00000000
9,07004751;0,04336860;0,00000000
9,07015151;0,04336860;0,00000000
9,07025551;0,04336860;0,00000000
9,07035951;0,00000000;0,00000000
9,07046351;0,00000000;0,00000000
9,07056751;0,04336860;0,00000000
9,07067151;0,00000000;0,00000000
9,07077551;0,04336860;0,00000000
9,07087951;0,00000000;0,00000000
9,07098351;0,00000000;0,00000000
9,07108751;0,00000000;0,00000000
9,07119151;0,00000000;0,00000000
9,07129551;0,00000000;0,00000000
9,07139951;0,04336860;0,00000000
9,07150351;0,00000000;0,00000000
9,07160751;0,04336860;0,00000000
9,07171151;0,00000000;0,00000000
9,07181551;0,00000000;0,00000000
9,07191951;0,04336860;0,00000000
9,07202351;0,00000000;0,00000000
9,07212751;0,00000000;0,00000000
9,07223151;0,04336860;0,00000000
9,07233551;0,04336860;0,00000000
9,07243951;0,00000000;0,00000000
9,07254351;0,00000000;0,00000000
9,07264751;0,00000000;0,00000000
9,07275151;0,00000000;0,00000000
9,07285551;0,00000000;0,00000000
9,07295951;0,00000000;0,00000000
9,07306351;0,00000000;0,00000000
9,07316751;0,04336860;0,00000000
9,07327151;0,04336860;0,00000000
9,07337551;0,04336860;0,00000000
9,07347951;0,00000000;0,00000000
9,07358351;0,04336860;0,00000000
9,07368751;0,00000000;0,00000000
9,07379151;0,04336860;0,00000000
9,07389551;0,00000000;0,00000000
9,07399951;0,04336860;0,00000000
9,07410351;0,00000000;0,00000000
9,07420751;0,00000000;0,00000000
9,07431151;0,04336860;0,00000000
9,07441551;0,04336860;0,00000000
9,07451951;0,00000000;0,00000000
9,07462351;0,04336860;0,00000000
9,07472751;0,00000000;0,00000000
9,07483151;0,04336860;0,00000000
9,07493551;0,00000000;0,00000000
9,07503951;0,00000000;0,00000000
9,07514351;0,00000000;0,00000000
9,07524751;0,04336860;0,00000000
9,07535151;0,00000000;0,00000000
9,07545551;0,04336860;0,00000000
9,07555951;0,00000000;0,00000000
9,07566351;0,00000000;0,00000000
9,07576751;0,00000000;0,00000000
9,07587151;0,00000000;0,00000000
9,07597551;0,00000000;0,00000000
9,07607951;0,00000000;0,00000000
9,07618351;0,04336860;0,00000000
9,07628751;0,00000000;0,00000000
9,07639151;0,00000000;0,00000000
9,07649551;0,04336860;0,00000000
9,07659951;0,00000000;0,00000000
9,07670351;0,04336860;0,00000000
9,07680751;0,00000000;0,00000000
9,07691151;0,00000000;0,00000000
9,07701551;0,00000000;0,00000000
9,07711951;0,04336860;0,00000000
9,07722351;0,00000000;0,00000000
9,07732751;0,00000000;0,00000000
9,07743151;0,00000000;-0,01734744
9,07753551;0,00000000;0,00000000
9,07763951;0,00000000;0,00000000
9,07774351;0,00000000;0,00000000
9,07784751;0,04336860;0,00000000
9,07795151;0,04336860;0,00000000
9,07805551;0,04336860;0,00000000
9,07815951;0,04336860;0,00000000
9,07826351;0,04336860;0,00000000
9,07836751;0,00000000;0,00000000
9,07847151;0,00000000;0,00000000
9,07857551;0,00000000;0,00000000
9,07867951;0,00000000;0,00000000
9,07878351;0,04336860;0,00000000
9,07888751;0,04336860;0,00000000
9,07899151;0,00000000;0,00000000
9,07909551;0,00000000;0,00000000
9,07919951;0,00000000;0,00000000
9,07930351;0,00000000;0,00000000
9,07940751;0,00000000;0,00000000
9,07951151;0,00000000;0,00000000
9,07961551;0,04336860;0,00000000
9,07971951;0,00000000;0,00000000
9,07982351;0,04336860;0,00000000
9,07992751;0,00000000;0,00000000
9,08003151;0,00000000;0,00000000
9,08013551;0,04336860;0,00000000
9,08023951;0,04336860;0,00000000
9,08034351;0,04336860;0,00000000
9,08044751;0,00000000;0,00000000
9,08055151;0,00000000;0,00000000
9,08065551;0,00000000;0,00000000
9,08075951;0,00000000;0,00000000
9,08086351;0,00000000;-0,01734744
9,08096751;0,04336860;0,00000000
9,08107151;0,04336860;0,00000000
9,08117551;0,00000000;0,00000000
9,08127951;0,00000000;0,00000000
9,08138351;0,04336860;0,00000000
9,08148751;0,00000000;0,00000000
9,08159151;0,00000000;0,00000000
9,08169551;0,00000000;0,00000000
9,08179951;0,00000000;0,00000000
9,08190351;0,00000000;0,00000000
9,08200751;0,04336860;0,00000000
9,08211151;0,00000000;0,00000000
9,08221551;0,00000000;0,00000000
9,08231951;0,04336860;0,00000000
9,08242351;0,04336860;0,00000000
9,08252751;0,00000000;0,00000000
9,08263151;0,04336860;0,00000000
9,08273551;0,00000000;0,00000000
9,08283951;0,00000000;0,00000000
9,08294351;0,04336860;0,00000000
9,08304751;0,00000000;0,00000000
9,08315151;0,04336860;0,00000000
9,08325551;0,00000000;0,00000000
9,08335951;0,04336860;0,00000000
9,08346351;0,04336860;0,00000000
9,08356751;0,04336860;0,00000000
9,08367151;0,04336860;0,00000000
9,08377551;0,00000000;0,00000000
9,08387951;0,04336860;-0,01734744
9,08398351;0,00000000;0,00000000
9,08408751;0,04336860;0,00000000
9,08419151;0,04336860;0,00000000
9,08429551;0,00000000;0,00000000
9,08439951;0,04336860;0,00000000
9,08450351;0,00000000;0,00000000
9,08460751;0,04336860;0,00000000
9,08471151;0,04336860;0,00000000
9,08481551;0,00000000;0,00000000
9,08491951;0,00000000;0,00000000
9,08502351;0,04336860;0,00000000
9,08512751;0,00000000;0,00000000
9,08523151;0,00000000;0,00000000
9,08533551;0,00000000;0,00000000
9,08543951;0,00000000;0,00000000
9,08554351;0,00000000;0,00000000
9,08564751;0,04336860;0,00000000
9,08575151;0,00000000;0,00000000
9,08585551;0,00000000;0,00000000
9,08595951;0,00000000;0,00000000
9,08606351;0,00000000;0,00000000
9,08616751;0,00000000;0,00000000
9,08627151;0,00000000;0,00000000
9,08637551;0,04336860;0,00000000
9,08647951;0,00000000;0,00000000
9,08658351;0,00000000;0,00000000
9,08668751;0,00000000;0,00000000
9,08679151;0,00000000;0,00000000
9,08689551;0,00000000;0,00000000
9,08699951;0,04336860;0,00000000
9,08710351;0,04336860;0,00000000
9,08720751;0,00000000;0,00000000
9,08731151;0,00000000;0,00000000
9,08741551;0,00000000;0,00000000
9,08751951;0,00000000;0,00000000
9,08762351;0,00000000;0,00000000
9,08772751;0,00000000;0,00000000
9,08783151;0,00000000;0,00000000
9,08793551;0,00000000;0,00000000
9,08803951;0,00000000;0,00000000
9,08814351;0,00000000;0,00000000
9,08824751;0,00000000;0,00000000
9,08835151;0,00000000;0,00000000
9,08845551;0,04336860;0,00000000
9,08855951;0,04336860;0,00000000
9,08866351;0,00000000;0,00000000
9,08876751;0,04336860;0,00000000
9,08887151;0,00000000;0,00000000
9,08897551;0,00000000;0,00000000
9,08907951;0,00000000;0,00000000
9,08918351;0,04336860;0,00000000
9,08928751;0,00000000;0,00000000
9,08939151;0,04336860;0,00000000
9,08949551;0,00000000;0,00000000
9,08959951;0,00000000;0,00000000
9,08970351;0,04336860;0,00000000
9,08980751;0,04336860;0,00000000
9,08991151;0,00000000;0,00000000
9,09001551;0,00000000;0,00000000
9,09011951;0,00000000;0,00000000
9,09022351;0,04336860;0,00000000
9,09032751;0,00000000;0,00000000
9,09043151;0,04336860;0,00000000
9,09053551;0,00000000;0,00000000
9,09063951;0,00000000;0,00000000
9,09074351;0,00000000;0,00000000
9,09084751;0,00000000;0,00000000
9,09095151;0,00000000;0,00000000
9,09105551;0,00000000;0,00000000
9,09115951;0,00000000;0,00000000
9,09126351;0,04336860;0,00000000
9,09136751;0,00000000;0,00000000
9,09147151;0,00000000;0,00000000
9,09157551;0,00000000;0,00000000
9,09167951;0,00000000;0,00000000
9,09178351;0,00000000;0,00000000
9,09188751;0,00000000;0,00000000
9,09199151;0,00000000;0,00000000
9,09209551;0,00000000;0,00000000
9,09219951;0,04336860;0,00000000
9,09230351;0,00000000;0,00000000
9,09240751;0,04336860;0,00000000
9,09251151;0,00000000;0,00000000
9,09261551;0,04336860;0,00000000
9,09271951;0,00000000;0,00000000
9,09282351;0,04336860;0,00000000
9,09292751;0,04336860;0,00000000
9,09303151;0,04336860;0,00000000
9,09313551;0,04336860;0,00000000
9,09323951;0,04336860;0,00000000
9,09334351;0,00000000;0,00000000
9,09344751;0,04336860;0,00000000
9,09355151;0,04336860;0,00000000
9,09365551;0,04336860;0,00000000
9,09375951;0,00000000;0,00000000
9,09386351;0,00000000;0,00000000
9,09396751;0,04336860;0,00000000
9,09407151;0,00000000;0,00000000
9,09417551;0,00000000;0,00000000
9,09427951;0,00000000;0,00000000
9,09438351;0,04336860;0,00000000
9,09448751;0,00000000;0,00000000
9,09459151;0,00000000;0,00000000
9,09469551;0,00000000;0,00000000
9,09479951;0,04336860;0,00000000
9,09490351;0,04336860;0,00000000
9,09500751;0,04336860;0,00000000
9,09511151;0,00000000;0,00000000
9,09521551;0,00000000;0,00000000
9,09531951;0,00000000;0,00000000
9,09542351;0,00000000;0,00000000
9,09552751;0,04336860;-0,01734744
9,09563151;0,04336860;0,00000000
9,09573551;0,00000000;-0,01734744
9,09583951;0,04336860;0,00000000
9,09594351;0,00000000;0,00000000
9,09604751;0,04336860;0,00000000
9,09615151;0,00000000;0,00000000
9,09625551;0,04336860;0,00000000
9,09635951;0,04336860;0,00000000
9,09646351;0,00000000;0,00000000
9,09656751;0,00000000;0,00000000
9,09667151;0,00000000;0,00000000
9,09677551;0,00000000;0,00000000
9,09687951;0,00000000;0,00000000
9,09698351;0,00000000;0,00000000
9,09708751;0,00000000;0,00000000
9,09719151;0,04336860;0,00000000
9,09729551;0,04336860;0,00000000
9,09739951;0,00000000;0,00000000
9,09750351;0,04336860;0,00000000
9,09760751;0,04336860;0,00000000
9,09771151;0,04336860;0,00000000
9,09781551;0,00000000;0,00000000
9,09791951;0,00000000;0,00000000
9,09802351;0,00000000;0,00000000
9,09812751;0,00000000;0,00000000
9,09823151;0,00000000;0,00000000
9,09833551;0,00000000;0,00000000
9,09843951;0,00000000;0,00000000
9,09854351;0,00000000;0,00000000
9,09864751;0,00000000;0,00000000
9,09875151;0,00000000;0,00000000
9,09885551;0,00000000;0,00000000
9,09895951;0,00000000;0,00000000
9,09906351;0,00000000;0,00000000
9,09916751;0,00000000;0,00000000
9,09927151;0,00000000;-0,01734744
9,09937551;0,04336860;0,00000000
9,09947951;0,04336860;0,00000000
9,09958351;0,00000000;0,00000000
9,09968751;0,00000000;0,00000000
9,09979151;0,00000000;0,00000000
9,09989551;0,04336860;0,00000000
9,09999951;0,00000000;0,00000000
9,10010351;0,04336860;0,00000000
9,10020751;0,04336860;0,00000000
9,10031151;0,00000000;0,00000000
9,10041551;0,00000000;0,00000000
9,10051951;0,00000000;0,00000000
9,10062351;0,04336860;0,00000000
9,10072751;0,00000000;0,00000000
9,10083151;0,00000000;0,00000000
9,10093551;0,00000000;0,00000000
9,10103951;0,00000000;0,00000000
9,10114351;0,04336860;0,00000000
9,10124751;0,00000000;0,00000000
9,10135151;0,04336860;0,00000000
9,10145551;0,00000000;0,00000000
9,10155951;0,00000000;0,00000000
9,10166351;0,00000000;0,00000000
9,10176751;0,00000000;0,00000000
9,10187151;0,00000000;0,00000000
9,10197551;0,00000000;0,00000000
9,10207951;0,00000000;0,00000000
9,10218351;0,00000000;0,00000000
9,10228751;0,00000000;0,00000000
9,10239151;0,00000000;0,00000000
9,10249551;0,00000000;0,00000000
9,10259951;0,00000000;0,00000000
9,10270351;0,04336860;0,00000000
9,10280751;0,00000000;0,00000000
9,10291151;0,00000000;0,00000000
9,10301551;0,00000000;0,00000000
9,10311951;0,00000000;0,00000000
9,10322351;0,04336860;0,00000000
9,10332751;0,04336860;0,00000000
9,10343151;0,00000000;0,00000000
9,10353551;0,00000000;0,00000000
9,10363951;0,00000000;0,00000000
9,10374351;0,00000000;0,00000000
9,10384751;0,00000000;0,00000000
9,10395151;0,04336860;0,00000000
9,10405551;0,04336860;0,00000000
9,10415951;0,00000000;0,00000000
9,10426351;0,04336860;0,00000000
9,10436751;0,00000000;0,00000000
9,10447151;0,00000000;0,00000000
9,10457551;0,00000000;0,00000000
9,10467951;0,04336860;0,00000000
9,10478351;0,00000000;0,00000000
9,10488751;0,00000000;0,00000000
9,10499151;0,00000000;0,00000000
9,10509551;0,00000000;0,00000000
9,10519951;0,04336860;0,00000000
9,10530351;0,00000000;0,00000000
9,10540751;0,00000000;0,00000000
9,10551151;0,00000000;0,00000000
9,10561551;0,04336860;0,00000000
9,10571951;0,04336860;0,00000000
9,10582351;0,00000000;0,00000000
9,10592751;0,00000000;0,00000000
9,10603151;0,00000000;0,00000000
9,10613551;0,00000000;-0,01734744
9,10623951;0,00000000;0,00000000
9,10634351;0,04336860;0,00000000
9,10644751;0,00000000;0,00000000
9,10655151;0,00000000;0,00000000
9,10665551;0,00000000;0,00000000
9,10675951;0,04336860;0,00000000
9,10686351;0,00000000;0,00000000
9,10696751;0,00000000;0,00000000
9,10707151;0,00000000;0,00000000
9,10717551;0,00000000;0,00000000
9,10727951;0,04336860;0,00000000
9,10738351;0,04336860;0,00000000
9,10748751;0,04336860;0,00000000
9,10759151;0,04336860;0,00000000
9,10769551;0,00000000;0,00000000
9,10779951;0,00000000;0,00000000
9,10790351;0,00000000;0,00000000
9,10800751;0,00000000;0,00000000
9,10811151;0,00000000;0,00000000
9,10821551;0,00000000;0,00000000
9,10831951;0,04336860;0,00000000
9,10842351;0,00000000;0,00000000
9,10852751;0,04336860;0,00000000
9,10863151;0,00000000;0,00000000
9,10873551;0,00000000;0,00000000
9,10883951;0,00000000;0,00000000
9,10894351;0,04336860;0,00000000
9,10904751;0,00000000;0,00000000
9,10915151;0,00000000;0,00000000
9,10925551;0,00000000;0,00000000
9,10935951;0,00000000;0,00000000
9,10946351;0,04336860;0,00000000
9,10956751;0,00000000;0,00000000
9,10967151;0,00000000;0,00000000
9,10977551;0,00000000;0,00000000
9,10987951;0,04336860;0,00000000
9,10998351;0,00000000;0,00000000
9,11008751;0,04336860;0,00000000
9,11019151;0,00000000;0,00000000
9,11029551;0,00000000;0,00000000
9,11039951;0,00000000;0,00000000
9,11050351;0,00000000;0,00000000
9,11060751;0,00000000;0,00000000
9,11071151;0,00000000;0,00000000
9,11081551;0,04336860;0,00000000
9,11091951;0,00000000;0,00000000
9,11102351;0,00000000;0,00000000
9,11112751;0,04336860;0,00000000
9,11123151;0,00000000;0,00000000
9,11133551;0,00000000;-0,01734744
9,11143951;0,04336860;0,00000000
9,11154351;0,04336860;0,00000000
9,11164751;0,00000000;0,00000000
9,11175151;0,00000000;0,00000000
9,11185551;0,04336860;0,00000000
9,11195951;0,04336860;0,00000000
9,11206351;0,00000000;0,00000000
9,11216751;0,00000000;0,00000000
9,11227151;0,00000000;0,00000000
9,11237551;0,00000000;0,00000000
9,11247951;0,00000000;0,00000000
9,11258351;0,00000000;0,00000000
9,11268751;0,00000000;0,00000000
9,11279151;0,04336860;0,00000000
9,11289551;0,00000000;0,00000000
9,11299951;0,00000000;0,00000000
9,11310351;0,00000000;0,00000000
9,11320751;0,00000000;0,00000000
9,11331151;0,00000000;0,00000000
9,11341551;0,00000000;0,00000000
9,11351951;0,00000000;0,00000000
9,11362351;0,00000000;0,00000000
9,11372751;0,00000000;0,00000000
9,11383151;0,04336860;0,00000000
9,11393551;0,00000000;0,00000000
9,11403951;0,00000000;0,00000000
9,11414351;0,00000000;0,00000000
9,11424751;0,00000000;0,00000000
9,11435151;0,04336860;0,00000000
9,11445551;0,00000000;0,00000000
9,11455951;0,00000000;0,00000000
9,11466351;0,00000000;0,00000000
9,11476751;0,00000000;0,00000000
9,11487151;0,00000000;0,00000000
9,11497551;0,04336860;0,00000000
9,11507951;0,04336860;0,00000000
9,11518351;0,00000000;0,00000000
9,11528751;0,04336860;0,00000000
9,11539151;0,04336860;0,00000000
9,11549551;0,04336860;0,00000000
9,11559951;0,00000000;0,00000000
9,11570351;0,00000000;0,00000000
9,11580751;0,00000000;0,00000000
9,11591151;0,00000000;0,00000000
9,11601551;0,00000000;0,00000000
9,11611951;0,04336860;0,00000000
9,11622351;0,04336860;-0,01734744
9,11632751;0,00000000;0,00000000
9,11643151;0,00000000;0,00000000
9,11653551;0,00000000;0,00000000
9,11663951;0,00000000;0,00000000
9,11674351;0,00000000;0,00000000
9,11684751;0,00000000;0,00000000
9,11695151;0,00000000;0,00000000
9,11705551;0,00000000;0,00000000
9,11715951;0,00000000;0,00000000
9,11726351;0,00000000;0,00000000
9,11736751;0,04336860;0,00000000
9,11747151;0,00000000;0,00000000
9,11757551;0,00000000;0,00000000
9,11767951;0,00000000;0,00000000
9,11778351;0,04336860;0,00000000
9,11788751;0,00000000;0,00000000
9,11799151;0,04336860;0,00000000
9,11809551;0,00000000;0,00000000
9,11819951;0,00000000;0,00000000
9,11830351;0,00000000;0,00000000
9,11840751;0,00000000;0,00000000
9,11851151;0,04336860;0,00000000
9,11861551;0,04336860;0,00000000
9,11871951;0,04336860;0,00000000
9,11882351;0,00000000;0,00000000
9,11892751;0,04336860;0,00000000
9,11903151;0,00000000;0,00000000
9,11913551;0,00000000;0,00000000
9,11923951;0,00000000;0,00000000
9,11934351;0,04336860;0,00000000
9,11944751;0,04336860;0,00000000
9,11955151;0,00000000;0,00000000
9,11965551;0,00000000;0,00000000
9,11975951;0,00000000;0,00000000
9,11986351;0,00000000;0,00000000
9,11996751;0,04336860;0,00000000
9,12007151;0,04336860;0,00000000
9,12017551;0,00000000;0,00000000
9,12027951;0,00000000;0,00000000
9,12038351;0,04336860;0,00000000
9,12048751;0,00000000;0,00000000
9,12059151;0,04336860;0,00000000
9,12069551;0,00000000;0,00000000
9,12079951;0,00000000;0,00000000
9,12090351;0,00000000;0,00000000
9,12100751;0,00000000;0,00000000
9,12111151;0,00000000;0,00000000
9,12121551;0,00000000;0,00000000
9,12131951;0,00000000;0,00000000
9,12142351;0,00000000;0,00000000
9,12152751;0,00000000;0,00000000
9,12163151;0,00000000;0,00000000
9,12173551;0,00000000;0,00000000
9,12183951;0,00000000;0,00000000
9,12194351;0,04336860;0,00000000
9,12204751;0,04336860;0,00000000
9,12215151;0,00000000;0,00000000
9,12225551;0,00000000;0,00000000
9,12235951;0,04336860;0,00000000
9,12246351;0,00000000;0,00000000
9,12256751;0,00000000;0,00000000
9,12267151;0,04336860;0,00000000
9,12277551;0,00000000;0,00000000
9,12287951;0,00000000;0,00000000
9,12298351;0,00000000;-0,01734744
9,12308751;0,00000000;0,00000000
9,12319151;0,00000000;0,00000000
9,12329551;0,04336860;0,00000000
9,12339951;0,00000000;0,00000000
9,12350351;0,00000000;0,00000000
9,12360751;0,00000000;0,00000000
9,12371151;0,00000000;0,00000000
9,12381551;0,00000000;0,00000000
9,12391951;0,00000000;0,00000000
9,12402351;0,00000000;0,00000000
9,12412751;0,00000000;0,00000000
9,12423151;0,04336860;0,00000000
9,12433551;0,00000000;0,00000000
9,12443951;0,00000000;0,00000000
9,12454351;0,00000000;0,00000000
9,12464751;0,00000000;0,00000000
9,12475151;0,00000000;0,00000000
9,12485551;0,04336860;0,00000000
9,12495951;0,00000000;0,00000000
9,12506351;0,00000000;0,00000000
9,12516751;0,00000000;0,00000000
9,12527151;0,00000000;0,00000000
9,12537551;0,04336860;0,00000000
9,12547951;0,00000000;-0,01734744
9,12558351;0,00000000;0,00000000
9,12568751;0,00000000;0,00000000
9,12579151;0,00000000;0,00000000
9,12589551;0,00000000;0,00000000
9,12599951;0,04336860;0,00000000
9,12610351;0,00000000;0,00000000
9,12620751;0,00000000;0,00000000
9,12631151;0,00000000;0,00000000
9,12641551;0,00000000;0,00000000
9,12651951;0,00000000;0,00000000
9,12662351;0,00000000;0,00000000
9,12672751;0,00000000;0,00000000
9,12683151;0,00000000;0,00000000
9,12693551;0,00000000;0,00000000
9,12703951;0,00000000;0,00000000
9,12714351;0,00000000;0,00000000
9,12724751;0,04336860;0,00000000
9,12735151;0,00000000;0,00000000
9,12745551;0,00000000;0,00000000
9,12755951;0,00000000;0,00000000
9,12766351;0,00000000;0,00000000
9,12776751;0,00000000;0,00000000
9,12787151;0,00000000;0,00000000
9,12797551;0,00000000;0,00000000
9,12807951;0,00000000;0,00000000
9,12818351;0,04336860;-0,01734744
9,12828751;0,00000000;0,00000000
9,12839151;0,00000000;0,00000000
9,12849551;0,00000000;0,00000000
9,12859951;0,00000000;0,00000000
9,12870351;0,00000000;0,00000000
9,12880751;0,00000000;0,00000000
9,12891151;0,00000000;0,00000000
9,12901551;0,00000000;0,00000000
9,12911951;0,00000000;0,00000000
9,12922351;0,00000000;-0,01734744
9,12932751;0,00000000;0,00000000
9,12943151;0,00000000;0,00000000
9,12953551;0,00000000;0,00000000
9,12963951;0,00000000;0,00000000
9,12974351;0,00000000;0,00000000
9,12984751;0,00000000;-0,01734744
9,12995151;0,00000000;0,00000000
9,13005551;0,00000000;0,00000000
9,13015951;0,04336860;0,00000000
9,13026351;0,00000000;0,00000000
9,13036751;0,00000000;0,00000000
9,13047151;0,00000000;-0,01734744
9,13057551;0,00000000;0,00000000
9,13067951;0,00000000;0,00000000
9,13078351;0,00000000;0,00000000
9,13088751;0,00000000;0,00000000
9,13099151;0,04336860;0,00000000
9,13109551;0,00000000;0,00000000
9,13119951;0,00000000;0,00000000
9,13130351;0,00000000;0,00000000
9,13140751;0,00000000;0,00000000
9,13151151;0,00000000;0,00000000
9,13161551;0,04336860;0,00000000
9,13171951;0,00000000;0,00000000
9,13182351;0,00000000;0,00000000
9,13192751;0,00000000;0,00000000
9,13203151;0,00000000;0,00000000
9,13213551;0,04336860;-0,01734744
9,13223951;0,00000000;0,00000000
9,13234351;0,00000000;0,00000000
9,13244751;0,00000000;0,00000000
9,13255151;0,00000000;0,00000000
9,13265551;0,00000000;0,00000000
9,13275951;0,00000000;0,00000000
9,13286351;0,04336860;0,00000000
9,13296751;0,00000000;0,00000000
9,13307151;0,00000000;0,00000000
9,13317551;0,00000000;0,00000000
9,13327951;0,00000000;0,00000000
9,13338351;0,00000000;0,00000000
9,13348751;0,04336860;0,00000000
9,13359151;0,04336860;0,00000000
9,13369551;0,04336860;0,00000000
9,13379951;0,00000000;0,00000000
9,13390351;0,00000000;0,00000000
9,13400751;0,00000000;0,00000000
9,13411151;0,00000000;0,00000000
9,13421551;0,00000000;0,00000000
9,13431951;0,00000000;0,00000000
9,13442351;0,00000000;0,00000000
9,13452751;0,00000000;0,00000000
9,13463151;0,00000000;0,00000000
9,13473551;0,00000000;0,00000000
9,13483951;0,00000000;0,00000000
9,13494351;0,04336860;0,00000000
9,13504751;0,00000000;-0,01734744
9,13515151;0,00000000;0,00000000
9,13525551;0,00000000;0,00000000
9,13535951;0,00000000;0,00000000
9,13546351;0,00000000;0,00000000
9,13556751;0,04336860;0,00000000
9,13567151;0,00000000;0,00000000
9,13577551;0,00000000;0,00000000
9,13587951;0,00000000;0,00000000
9,13598351;0,00000000;0,00000000
9,13608751;0,00000000;0,00000000
9,13619151;0,00000000;0,00000000
9,13629551;0,00000000;0,00000000
9,13639951;0,00000000;0,00000000
9,13650351;0,00000000;0,00000000
9,13660751;0,00000000;0,00000000
9,13671151;0,00000000;0,00000000
9,13681551;0,00000000;0,00000000
9,13691951;0,04336860;0,00000000
9,13702351;0,00000000;0,00000000
9,13712751;0,00000000;0,00000000
9,13723151;0,00000000;0,00000000
9,13733551;0,00000000;0,00000000
9,13743951;0,00000000;0,00000000
9,13754351;0,00000000;0,00000000
9,13764751;0,00000000;0,00000000
9,13775151;0,00000000;0,00000000
9,13785551;0,04336860;0,00000000
9,13795951;0,04336860;0,00000000
9,13806351;0,04336860;0,00000000
9,13816751;0,04336860;0,00000000
9,13827151;0,00000000;0,00000000
9,13837551;0,04336860;0,00000000
9,13847951;0,00000000;0,00000000
9,13858351;0,00000000;0,00000000
9,13868751;0,00000000;0,00000000
9,13879151;0,04336860;0,00000000
9,13889551;0,04336860;0,00000000
9,13899951;0,00000000;0,00000000
9,13910351;0,00000000;0,00000000
9,13920751;0,00000000;0,00000000
9,13931151;0,00000000;0,00000000
9,13941551;0,04336860;0,00000000
9,13951951;0,00000000;0,00000000
9,13962351;0,00000000;0,00000000
9,13972751;0,04336860;0,00000000
9,13983151;0,00000000;0,00000000
9,13993551;0,00000000;0,00000000
9,14003951;0,00000000;0,00000000
9,14014351;0,00000000;0,00000000
9,14024751;0,04336860;0,00000000
9,14035151;0,00000000;0,00000000
9,14045551;0,04336860;0,00000000
9,14055951;0,00000000;0,00000000
9,14066351;0,00000000;0,00000000
9,14076751;0,00000000;0,00000000
9,14087151;0,00000000;0,00000000
9,14097551;0,00000000;0,00000000
9,14107951;0,04336860;0,00000000
9,14118351;0,00000000;0,00000000
9,14128751;0,00000000;0,00000000
9,14139151;0,04336860;0,00000000
9,14149551;0,00000000;0,00000000
9,14159951;0,04336860;0,00000000
9,14170351;0,00000000;0,00000000
9,14180751;0,00000000;0,00000000
9,14191151;0,04336860;0,00000000
9,14201551;0,00000000;0,00000000
9,14211951;0,00000000;0,00000000
9,14222351;0,00000000;0,00000000
9,14232751;0,00000000;0,00000000
9,14243151;0,00000000;0,00000000
9,14253551;0,00000000;0,00000000
9,14263951;0,00000000;0,00000000
9,14274351;0,04336860;0,00000000
9,14284751;0,04336860;0,00000000
9,14295151;0,04336860;0,00000000
9,14305551;0,00000000;0,00000000
9,14315951;0,00000000;0,00000000
9,14326351;0,00000000;0,00000000
9,14336751;0,00000000;0,00000000
9,14347151;0,00000000;0,00000000
9,14357551;0,00000000;0,00000000
9,14367951;0,00000000;0,00000000
9,14378351;0,00000000;0,00000000
9,14388751;0,00000000;0,00000000
9,14399151;0,00000000;0,00000000
9,14409551;0,00000000;0,00000000
9,14419951;0,00000000;0,00000000
9,14430351;0,00000000;0,00000000
9,14440751;0,00000000;0,00000000
9,14451151;0,00000000;0,00000000
9,14461551;0,00000000;0,00000000
9,14471951;0,00000000;0,00000000
9,14482351;0,04336860;0,00000000
9,14492751;0,00000000;0,00000000
9,14503151;0,00000000;0,00000000
9,14513551;0,04336860;0,00000000
9,14523951;0,00000000;0,00000000
9,14534351;0,04336860;0,00000000
9,14544751;0,00000000;0,00000000
9,14555151;0,00000000;0,00000000
9,14565551;0,00000000;0,00000000
9,14575951;0,00000000;0,00000000
9,14586351;0,00000000;0,00000000
9,14596751;0,00000000;0,00000000
9,14607151;0,00000000;-0,01734744
9,14617551;0,00000000;0,00000000
9,14627951;0,00000000;0,00000000
9,14638351;0,00000000;0,00000000
9,14648751;0,00000000;0,00000000
9,14659151;0,00000000;0,00000000
9,14669551;0,00000000;0,00000000
9,14679951;0,04336860;0,00000000
9,14690351;0,00000000;0,00000000
9,14700751;0,00000000;0,00000000
9,14711151;0,00000000;0,00000000
9,14721551;0,04336860;0,00000000
9,14731951;0,00000000;0,00000000
9,14742351;0,00000000;0,00000000
9,14752751;0,00000000;0,00000000
9,14763151;0,00000000;0,00000000
9,14773551;0,00000000;0,00000000
9,14783951;0,00000000;0,00000000
9,14794351;0,00000000;0,00000000
9,14804751;0,00000000;0,00000000
9,14815151;0,00000000;0,00000000
9,14825551;0,04336860;0,00000000
9,14835951;0,00000000;0,00000000
9,14846351;0,00000000;0,00000000
9,14856751;0,00000000;0,00000000
9,14867151;0,00000000;0,00000000
9,14877551;0,00000000;0,00000000
9,14887951;0,00000000;0,00000000
9,14898351;0,00000000;0,00000000
9,14908751;0,00000000;0,00000000
9,14919151;0,00000000;0,00000000
9,14929551;0,00000000;0,00000000
9,14939951;0,00000000;0,00000000
9,14950351;0,00000000;0,00000000
9,14960751;0,00000000;0,00000000
9,14971151;0,00000000;0,00000000
9,14981551;0,04336860;0,00000000
9,14991951;0,00000000;0,00000000
9,15002351;0,00000000;0,00000000
9,15012751;0,00000000;0,00000000
9,15023151;0,04336860;0,00000000
9,15033551;0,00000000;-0,01734744
9,15043951;0,04336860;0,00000000
9,15054351;0,00000000;0,00000000
9,15064751;0,00000000;0,00000000
9,15075151;0,04336860;0,00000000
9,15085551;0,04336860;0,00000000
9,15095951;0,00000000;0,00000000
9,15106351;0,04336860;0,00000000
9,15116751;0,04336860;0,00000000
9,15127151;0,04336860;0,00000000
9,15137551;0,00000000;0,00000000
9,15147951;0,00000000;0,00000000
9,15158351;0,00000000;0,00000000
9,15168751;0,00000000;0,00000000
9,15179151;0,00000000;0,00000000
9,15189551;0,00000000;0,00000000
9,15199951;0,00000000;0,00000000
9,15210351;0,00000000;0,00000000
9,15220751;0,04336860;0,00000000
9,15231151;0,00000000;0,00000000
9,15241551;0,00000000;0,00000000
9,15251951;0,04336860;0,00000000
9,15262351;0,00000000;0,00000000
9,15272751;0,00000000;0,00000000
9,15283151;0,00000000;0,00000000
9,15293551;0,00000000;0,00000000
9,15303951;0,00000000;0,00000000
9,15314351;0,00000000;0,00000000
9,15324751;0,00000000;0,00000000
9,15335151;0,00000000;0,00000000
9,15345551;0,00000000;0,00000000
9,15355951;0,00000000;0,00000000
9,15366351;0,04336860;0,00000000
9,15376751;0,00000000;0,00000000
9,15387151;0,00000000;0,00000000
9,15397551;0,00000000;0,00000000
9,15407951;0,00000000;0,00000000
9,15418351;0,00000000;0,00000000
9,15428751;0,00000000;0,00000000
9,15439151;0,00000000;0,00000000
9,15449551;0,00000000;0,00000000
9,15459951;0,00000000;0,00000000
9,15470351;0,00000000;0,00000000
9,15480751;0,00000000;0,00000000
9,15491151;0,00000000;0,00000000
9,15501551;0,00000000;0,00000000
9,15511951;0,00000000;0,00000000
9,15522351;0,00000000;0,00000000
9,15532751;0,00000000;0,00000000
9,15543151;0,00000000;0,00000000
9,15553551;0,00000000;0,00000000
9,15563951;0,00000000;0,00000000
9,15574351;0,04336860;0,00000000
9,15584751;0,00000000;0,00000000
9,15595151;0,00000000;0,00000000
9,15605551;0,00000000;0,00000000
9,15615951;0,00000000;0,00000000
9,15626351;0,00000000;0,00000000
9,15636751;0,04336860;0,00000000
9,15647151;0,04336860;0,00000000
9,15657551;0,00000000;0,00000000
9,15667951;0,00000000;0,00000000
9,15678351;0,00000000;0,00000000
9,15688751;0,00000000;0,00000000
9,15699151;0,00000000;0,00000000
9,15709551;0,00000000;0,00000000
9,15719951;0,00000000;0,00000000
9,15730351;0,00000000;0,00000000
9,15740751;0,00000000;0,00000000
9,15751151;0,00000000;0,00000000
9,15761551;0,00000000;0,00000000
9,15771951;0,00000000;0,00000000
9,15782351;0,04336860;0,00000000
9,15792751;0,00000000;0,00000000
9,15803151;0,04336860;0,00000000
9,15813551;0,00000000;0,00000000
9,15823951;0,00000000;0,00000000
9,15834351;0,00000000;0,00000000
9,15844751;0,00000000;0,00000000
9,15855151;0,00000000;0,00000000
9,15865551;0,00000000;0,00000000
9,15875951;0,04336860;0,00000000
9,15886351;0,00000000;0,00000000
9,15896751;0,00000000;0,00000000
9,15907151;0,00000000;0,00000000
9,15917551;0,04336860;0,00000000
9,15927951;0,04336860;0,00000000
9,15938351;0,00000000;0,00000000
9,15948751;0,00000000;0,00000000
9,15959151;0,00000000;0,00000000
9,15969551;0,04336860;0,00000000
9,15979951;0,00000000;0,00000000
9,15990351;0,00000000;0,00000000
9,16000751;0,00000000;0,00000000
9,16011151;0,00000000;0,00000000
9,16021551;0,00000000;0,00000000
9,16031951;0,00000000;0,00000000
9,16042351;0,00000000;0,00000000
9,16052751;0,04336860;0,00000000
9,16063151;0,00000000;0,00000000
9,16073551;0,00000000;0,00000000
9,16083951;0,00000000;0,00000000
9,16094351;0,00000000;0,00000000
9,16104751;0,00000000;0,00000000
9,16115151;0,00000000;0,00000000
9,16125551;0,00000000;0,00000000
9,16135951;0,00000000;0,00000000
9,16146351;0,00000000;0,00000000
9,16156751;0,04336860;0,00000000
9,16167151;0,00000000;0,00000000
9,16177551;0,04336860;0,00000000
9,16187951;0,00000000;0,00000000
9,16198351;0,00000000;0,00000000
9,16208751;0,00000000;0,00000000
9,16219151;0,00000000;0,00000000
9,16229551;0,00000000;0,00000000
9,16239951;0,04336860;0,00000000
9,16250351;0,00000000;0,00000000
9,16260751;0,04336860;0,00000000
9,16271151;0,04336860;0,00000000
9,16281551;0,00000000;0,00000000
9,16291951;0,00000000;0,00000000
9,16302351;0,04336860;0,00000000
9,16312751;0,00000000;0,00000000
9,16323151;0,04336860;0,00000000
9,16333551;0,04336860;-0,01734744
9,16343951;0,00000000;0,00000000
9,16354351;0,00000000;0,00000000
9,16364751;0,00000000;0,00000000
9,16375151;0,00000000;0,00000000
9,16385551;0,00000000;0,00000000
9,16395951;0,00000000;0,00000000
9,16406351;0,00000000;0,00000000
9,16416751;0,00000000;0,00000000
9,16427151;0,04336860;0,00000000
9,16437551;0,00000000;0,00000000
9,16447951;0,00000000;0,00000000
9,16458351;0,00000000;0,00000000
9,16468751;0,00000000;0,00000000
9,16479151;0,00000000;0,00000000
9,16489551;0,00000000;0,00000000
9,16499951;0,00000000;0,00000000
9,16510351;0,00000000;0,00000000
9,16520751;0,00000000;0,00000000
9,16531151;0,00000000;0,00000000
9,16541551;0,00000000;0,00000000
9,16551951;0,04336860;0,00000000
9,16562351;0,04336860;0,00000000
9,16572751;0,00000000;0,00000000
9,16583151;0,00000000;-0,01734744
9,16593551;0,00000000;0,00000000
9,16603951;0,00000000;0,00000000
9,16614351;0,00000000;0,00000000
9,16624751;0,00000000;0,00000000
9,16635151;0,00000000;0,00000000
9,16645551;0,00000000;0,00000000
9,16655951;0,00000000;0,00000000
9,16666351;0,00000000;0,00000000
9,16676751;0,04336860;0,00000000
9,16687151;0,00000000;-0,01734744
9,16697551;0,00000000;0,00000000
9,16707951;0,00000000;0,00000000
9,16718351;0,00000000;0,00000000
9,16728751;0,00000000;0,00000000
9,16739151;0,00000000;0,00000000
9,16749551;0,00000000;0,00000000
9,16759951;0,00000000;0,00000000
9,16770351;0,00000000;0,00000000
9,16780751;0,00000000;0,00000000
9,16791151;0,00000000;0,00000000
9,16801551;0,00000000;0,00000000
9,16811951;0,00000000;0,00000000
9,16822351;0,04336860;0,00000000
9,16832751;0,00000000;0,00000000
9,16843151;0,00000000;0,00000000
9,16853551;0,00000000;0,00000000
9,16863951;0,04336860;0,00000000
9,16874351;0,00000000;0,00000000
9,16884751;0,00000000;0,00000000
9,16895151;0,04336860;-0,01734744
9,16905551;0,00000000;0,00000000
9,16915951;0,00000000;0,00000000
9,16926351;0,00000000;0,00000000
9,16936751;0,00000000;0,00000000
9,16947151;0,00000000;0,00000000
9,16957551;0,00000000;0,00000000
9,16967951;0,00000000;0,00000000
9,16978351;0,00000000;0,00000000
9,16988751;0,04336860;0,00000000
9,16999151;0,00000000;0,00000000
9,17009551;0,00000000;0,00000000
9,17019951;0,04336860;0,00000000
9,17030351;0,00000000;-0,01734744
9,17040751;0,00000000;0,00000000
9,17051151;0,04336860;0,00000000
9,17061551;0,00000000;0,00000000
9,17071951;0,00000000;0,00000000
9,17082351;0,00000000;0,00000000
9,17092751;0,00000000;0,00000000
9,17103151;0,00000000;0,00000000
9,17113551;0,04336860;0,00000000
9,17123951;0,04336860;-0,01734744
9,17134351;0,00000000;0,00000000
9,17144751;0,00000000;0,00000000
9,17155151;0,00000000;0,00000000
9,17165551;0,00000000;0,00000000
9,17175951;0,00000000;0,00000000
9,17186351;0,00000000;-0,01734744
9,17196751;0,04336860;0,00000000
9,17207151;0,00000000;0,00000000
9,17217551;0,00000000;0,00000000
9,17227951;0,00000000;0,00000000
9,17238351;0,00000000;0,00000000
9,17248751;0,00000000;0,00000000
9,17259151;0,04336860;0,00000000
9,17269551;0,00000000;0,00000000
9,17279951;0,04336860;0,00000000
9,17290351;0,00000000;0,00000000
9,17300751;0,00000000;0,00000000
9,17311151;0,00000000;0,00000000
9,17321551;0,00000000;0,00000000
9,17331951;0,00000000;0,00000000
9,17342351;0,04336860;0,00000000
9,17352751;0,00000000;0,00000000
9,17363151;0,00000000;0,00000000
9,17373551;0,00000000;0,00000000
9,17383951;0,00000000;0,00000000
9,17394351;0,00000000;0,00000000
9,17404751;0,00000000;0,00000000
9,17415151;0,00000000;0,00000000
9,17425551;0,00000000;0,00000000
9,17435951;0,00000000;0,00000000
9,17446351;0,00000000;0,00000000
9,17456751;0,00000000;0,00000000
9,17467151;0,00000000;0,00000000
9,17477551;0,00000000;0,00000000
9,17487951;0,04336860;0,00000000
9,17498351;0,00000000;0,00000000
9,17508751;0,00000000;0,00000000
9,17519151;0,04336860;0,00000000
9,17529551;0,00000000;0,00000000
9,17539951;0,00000000;0,00000000
9,17550351;0,00000000;0,00000000
9,17560751;0,00000000;0,00000000
9,17571151;0,00000000;0,00000000
9,17581551;0,00000000;0,00000000
9,17591951;0,00000000;0,00000000
9,17602351;0,04336860;-0,01734744
9,17612751;0,04336860;0,00000000
9,17623151;0,00000000;0,00000000
9,17633551;0,00000000;0,00000000
9,17643951;0,00000000;0,00000000
9,17654351;0,04336860;0,00000000
9,17664751;0,00000000;0,00000000
9,17675151;0,04336860;0,00000000
9,17685551;0,04336860;0,00000000
9,17695951;0,00000000;0,00000000
9,17706351;0,00000000;0,00000000
9,17716751;0,04336860;0,00000000
9,17727151;0,00000000;0,00000000
9,17737551;0,04336860;0,00000000
9,17747951;0,00000000;-0,01734744
9,17758351;0,00000000;0,00000000
9,17768751;0,04336860;0,00000000
9,17779151;0,04336860;0,00000000
9,17789551;0,00000000;0,00000000
9,17799951;0,04336860;0,00000000
9,17810351;0,00000000;0,00000000
9,17820751;0,00000000;0,00000000
9,17831151;0,04336860;0,00000000
9,17841551;0,00000000;0,00000000
9,17851951;0,00000000;0,00000000
9,17862351;0,00000000;0,00000000
9,17872751;0,00000000;0,00000000
9,17883151;0,04336860;0,00000000
9,17893551;0,00000000;-0,01734744
9,17903951;0,00000000;0,00000000
9,17914351;0,00000000;0,00000000
9,17924751;0,04336860;0,00000000
9,17935151;0,00000000;0,00000000
9,17945551;0,04336860;0,00000000
9,17955951;0,00000000;0,00000000
9,17966351;0,00000000;0,00000000
9,17976751;0,00000000;0,00000000
9,17987151;0,04336860;0,00000000
9,17997551;0,04336860;0,00000000
9,18007951;0,00000000;0,00000000
9,18018351;0,00000000;0,00000000
9,18028751;0,00000000;0,00000000
9,18039151;0,00000000;0,00000000
9,18049551;0,00000000;0,00000000
9,18059951;0,00000000;0,00000000
9,18070351;0,00000000;0,00000000
9,18080751;0,00000000;0,00000000
9,18091151;0,00000000;0,00000000
9,18101551;0,00000000;0,00000000
9,18111951;0,00000000;0,00000000
9,18122351;0,00000000;0,00000000
9,18132751;0,00000000;0,00000000
9,18143151;0,00000000;0,00000000
9,18153551;0,00000000;0,00000000
9,18163951;0,00000000;0,00000000
9,18174351;0,00000000;0,00000000
9,18184751;0,00000000;0,00000000
9,18195151;0,00000000;0,00000000
9,18205551;0,04336860;-0,01734744
9,18215951;0,00000000;0,00000000
9,18226351;0,00000000;0,00000000
9,18236751;0,04336860;0,00000000
9,18247151;0,00000000;-0,01734744
9,18257551;0,00000000;0,00000000
9,18267951;0,00000000;0,00000000
9,18278351;0,00000000;0,00000000
9,18288751;0,00000000;0,00000000
9,18299151;0,00000000;0,00000000
9,18309551;0,00000000;0,00000000
9,18319951;0,00000000;0,00000000
9,18330350;0,00000000;0,00000000
9,18340750;0,00000000;0,00000000
9,18351150;0,04336860;0,00000000
9,18361550;0,00000000;0,00000000
9,18371950;0,04336860;0,00000000
9,18382350;0,04336860;0,00000000
9,18392750;0,04336860;0,00000000
9,18403150;0,00000000;0,00000000
9,18413550;0,00000000;0,00000000
9,18423950;0,00000000;0,00000000
9,18434350;0,00000000;0,00000000
9,18444750;0,00000000;0,00000000
9,18455150;0,00000000;-0,01734744
9,18465550;0,00000000;0,00000000
9,18475950;0,00000000;0,00000000
9,18486350;0,00000000;0,00000000
9,18496750;0,00000000;0,00000000
9,18507150;0,00000000;0,00000000
9,18517550;0,00000000;0,00000000
9,18527950;0,00000000;0,00000000
9,18538350;0,00000000;0,00000000
9,18548750;0,00000000;0,00000000
9,18559150;0,04336860;0,00000000
9,18569550;0,04336860;0,00000000
9,18579950;0,00000000;0,00000000
9,18590350;0,04336860;0,00000000
9,18600750;0,00000000;0,00000000
9,18611150;0,00000000;0,00000000
9,18621550;0,00000000;0,00000000
9,18631950;0,00000000;0,00000000
9,18642350;0,00000000;-0,01734744
9,18652750;0,04336860;0,00000000
9,18663150;0,00000000;0,00000000
9,18673550;0,00000000;0,00000000
9,18683950;0,00000000;-0,01734744
9,18694350;0,00000000;0,00000000
9,18704750;0,00000000;0,00000000
9,18715150;0,00000000;0,00000000
9,18725550;0,00000000;0,00000000
9,18735950;0,00000000;0,00000000
9,18746350;0,00000000;0,00000000
9,18756750;0,00000000;0,00000000
9,18767150;0,00000000;0,00000000
9,18777550;0,04336860;0,00000000
9,18787950;0,00000000;0,00000000
9,18798350;0,04336860;0,00000000
9,18808750;0,00000000;0,00000000
9,18819150;0,00000000;0,00000000
9,18829550;0,00000000;0,00000000
9,18839950;0,04336860;0,00000000
9,18850350;0,00000000;0,00000000
9,18860750;0,04336860;0,00000000
9,18871150;0,00000000;0,00000000
9,18881550;0,00000000;0,00000000
9,18891950;0,04336860;0,00000000
9,18902350;0,00000000;0,00000000
9,18912750;0,04336860;0,00000000
9,18923150;0,04336860;0,00000000
9,18933550;0,00000000;0,00000000
9,18943950;0,04336860;0,00000000
9,18954350;0,00000000;0,00000000
9,18964750;0,00000000;0,00000000
9,18975150;0,00000000;0,00000000
9,18985550;0,04336860;0,00000000
9,18995950;0,00000000;-0,01734744
9,19006350;0,00000000;0,00000000
9,19016750;0,04336860;0,00000000
9,19027150;0,00000000;0,00000000
9,19037550;0,04336860;0,00000000
9,19047950;0,00000000;0,00000000
9,19058350;0,00000000;0,00000000
9,19068750;0,00000000;0,00000000
9,19079150;0,04336860;0,00000000
9,19089550;0,00000000;0,00000000
9,19099950;0,00000000;0,00000000
9,19110350;0,04336860;0,00000000
9,19120750;0,00000000;0,00000000
9,19131150;0,04336860;0,00000000
9,19141550;0,00000000;0,00000000
9,19151950;0,04336860;0,00000000
9,19162350;0,00000000;0,00000000
9,19172750;0,00000000;0,00000000
9,19183150;0,00000000;0,00000000
9,19193550;0,00000000;0,00000000
9,19203950;0,04336860;0,00000000
9,19214350;0,00000000;0,00000000
9,19224750;0,04336860;0,00000000
9,19235150;0,00000000;0,00000000
9,19245550;0,04336860;-0,01734744
9,19255950;0,00000000;0,00000000
9,19266350;0,00000000;0,00000000
9,19276750;0,00000000;0,00000000
9,19287150;0,04336860;0,00000000
9,19297550;0,04336860;0,00000000
9,19307950;0,00000000;0,00000000
9,19318350;0,04336860;0,00000000
9,19328750;0,00000000;0,00000000
9,19339150;0,00000000;0,00000000
9,19349550;0,00000000;0,00000000
9,19359950;0,00000000;0,00000000
9,19370350;0,00000000;0,00000000
9,19380750;0,04336860;0,00000000
9,19391150;0,00000000;0,00000000
9,19401550;0,00000000;0,00000000
9,19411950;0,04336860;0,00000000
9,19422350;0,00000000;0,00000000
9,19432750;0,00000000;0,00000000
9,19443150;0,00000000;0,00000000
9,19453550;0,00000000;0,00000000
9,19463950;0,00000000;0,00000000
9,19474350;0,00000000;0,00000000
9,19484750;0,04336860;0,00000000
9,19495150;0,04336860;0,00000000
9,19505550;0,04336860;0,00000000
9,19515950;0,00000000;0,00000000
9,19526350;0,00000000;0,00000000
9,19536750;0,00000000;0,00000000
9,19547150;0,00000000;0,00000000
9,19557550;0,00000000;0,00000000
9,19567950;0,04336860;0,00000000
9,19578350;0,04336860;0,00000000
9,19588750;0,00000000;0,00000000
9,19599150;0,04336860;0,00000000
9,19609550;0,00000000;0,00000000
9,19619950;0,00000000;0,00000000
9,19630350;0,00000000;0,00000000
9,19640750;0,00000000;0,00000000
9,19651150;0,04336860;0,00000000
9,19661550;0,04336860;0,00000000
9,19671950;0,04336860;0,00000000
9,19682350;0,04336860;0,00000000
9,19692750;0,00000000;0,00000000
9,19703150;0,00000000;0,00000000
9,19713550;0,00000000;0,00000000
9,19723950;0,04336860;0,00000000
9,19734350;0,00000000;0,00000000
9,19744750;0,00000000;0,00000000
9,19755150;0,00000000;0,00000000
9,19765550;0,00000000;0,00000000
9,19775950;0,00000000;0,00000000
9,19786350;0,00000000;0,00000000
9,19796750;0,00000000;0,00000000
9,19807150;0,00000000;0,00000000
9,19817550;0,00000000;0,00000000
9,19827950;0,00000000;0,00000000
9,19838350;0,04336860;0,00000000
9,19848750;0,00000000;0,00000000
9,19859150;0,04336860;0,00000000
9,19869550;0,00000000;0,00000000
9,19879950;0,04336860;0,00000000
9,19890350;0,00000000;0,00000000
9,19900750;0,00000000;0,00000000
9,19911150;0,00000000;0,00000000
9,19921550;0,00000000;0,00000000
9,19931950;0,00000000;-0,01734744
9,19942350;0,04336860;0,00000000
9,19952750;0,00000000;0,00000000
9,19963150;0,00000000;0,00000000
9,19973550;0,00000000;0,00000000
9,19983950;0,00000000;0,00000000
9,19994350;0,00000000;0,00000000
9,20004750;0,04336860;0,00000000
9,20015150;0,04336860;0,00000000
9,20025550;0,00000000;0,00000000
9,20035950;0,00000000;0,00000000
9,20046350;0,00000000;0,00000000
9,20056750;0,00000000;0,00000000
9,20067150;0,00000000;0,00000000
9,20077550;0,00000000;0,00000000
9,20087950;0,04336860;0,00000000
9,20098350;0,04336860;0,00000000
9,20108750;0,00000000;0,00000000
9,20119150;0,00000000;0,00000000
9,20129550;0,00000000;0,00000000
9,20139950;0,00000000;0,00000000
9,20150350;0,00000000;0,00000000
9,20160750;0,00000000;0,00000000
9,20171150;0,00000000;0,00000000
9,20181550;0,00000000;0,00000000
9,20191950;0,00000000;0,00000000
9,20202350;0,00000000;0,00000000
9,20212750;0,04336860;0,00000000
9,20223150;0,00000000;0,00000000
9,20233550;0,00000000;0,00000000
9,20243950;0,00000000;0,00000000
9,20254350;0,00000000;0,00000000
9,20264750;0,04336860;0,00000000
9,20275150;0,00000000;0,00000000
9,20285550;0,00000000;0,00000000
9,20295950;0,00000000;0,00000000
9,20306350;0,00000000;0,00000000
9,20316750;0,00000000;0,00000000
9,20327150;0,04336860;0,00000000
9,20337550;0,04336860;0,00000000
9,20347950;0,00000000;0,00000000
9,20358350;0,00000000;0,00000000
9,20368750;0,04336860;0,00000000
9,20379150;0,00000000;0,00000000
9,20389550;0,00000000;0,00000000
9,20399950;0,00000000;0,00000000
9,20410350;0,00000000;0,00000000
9,20420750;0,00000000;0,00000000
9,20431150;0,00000000;0,00000000
9,20441550;0,00000000;0,00000000
9,20451950;0,00000000;0,00000000
9,20462350;0,00000000;0,00000000
9,20472750;0,00000000;0,00000000
9,20483150;0,00000000;0,00000000
9,20493550;0,00000000;0,00000000
9,20503950;0,00000000;0,00000000
9,20514350;0,00000000;0,00000000
9,20524750;0,00000000;0,00000000
9,20535150;0,00000000;0,00000000
9,20545550;0,04336860;0,00000000
9,20555950;0,00000000;0,00000000
9,20566350;0,00000000;0,00000000
9,20576750;0,00000000;0,00000000
9,20587150;0,00000000;0,00000000
9,20597550;0,00000000;-0,01734744
9,20607950;0,00000000;0,00000000
9,20618350;0,04336860;0,00000000
9,20628750;0,00000000;0,00000000
9,20639150;0,00000000;0,00000000
9,20649550;0,00000000;0,00000000
9,20659950;0,00000000;0,00000000
9,20670350;0,00000000;0,00000000
9,20680750;0,00000000;0,00000000
9,20691150;0,00000000;0,00000000
9,20701550;0,00000000;0,00000000
9,20711950;0,00000000;0,00000000
9,20722350;0,00000000;0,00000000
9,20732750;0,00000000;0,00000000
9,20743150;0,00000000;0,00000000
9,20753550;0,00000000;0,00000000
9,20763950;0,00000000;0,00000000
9,20774350;0,04336860;0,00000000
9,20784750;0,04336860;0,00000000
9,20795150;0,00000000;0,00000000
9,20805550;0,04336860;0,00000000
9,20815950;0,04336860;0,00000000
9,20826350;0,00000000;0,00000000
9,20836750;0,04336860;0,00000000
9,20847150;0,00000000;0,00000000
9,20857550;0,04336860;0,00000000
9,20867950;0,04336860;0,00000000
9,20878350;0,00000000;0,00000000
9,20888750;0,00000000;0,00000000
9,20899150;0,00000000;0,00000000
9,20909550;0,00000000;0,00000000
9,20919950;0,00000000;0,00000000
9,20930350;0,00000000;0,00000000
9,20940750;0,00000000;0,00000000
9,20951150;0,00000000;0,00000000
9,20961550;0,00000000;0,00000000
9,20971950;0,00000000;0,00000000
9,20982350;0,00000000;0,00000000
9,20992750;0,00000000;0,00000000
9,21003150;0,00000000;0,00000000
9,21013550;0,00000000;0,00000000
9,21023950;0,00000000;0,00000000
9,21034350;0,04336860;0,00000000
9,21044750;0,00000000;0,00000000
9,21055150;0,00000000;0,00000000
9,21065550;0,00000000;0,00000000
9,21075950;0,00000000;0,00000000
9,21086350;0,00000000;0,00000000
9,21096750;0,04336860;0,00000000
9,21107150;0,04336860;0,00000000
9,21117550;0,00000000;0,00000000
9,21127950;0,04336860;0,00000000
9,21138350;0,04336860;0,00000000
9,21148750;0,00000000;0,00000000
9,21159150;0,00000000;-0,01734744
9,21169550;0,00000000;0,00000000
9,21179950;0,00000000;0,00000000
9,21190350;0,00000000;0,00000000
9,21200750;0,00000000;0,00000000
9,21211150;0,04336860;0,00000000
9,21221550;0,04336860;0,00000000
9,21231950;0,00000000;0,00000000
9,21242350;0,00000000;0,00000000
9,21252750;0,00000000;0,00000000
9,21263150;0,00000000;0,00000000
9,21273550;0,00000000;0,00000000
9,21283950;0,00000000;0,00000000
9,21294350;0,04336860;0,00000000
9,21304750;0,00000000;0,00000000
9,21315150;0,00000000;0,00000000
9,21325550;0,00000000;0,00000000
9,21335950;0,00000000;0,00000000
9,21346350;0,04336860;0,00000000
9,21356750;0,00000000;0,00000000
9,21367150;0,00000000;0,00000000
9,21377550;0,00000000;0,00000000
9,21387950;0,00000000;0,00000000
9,21398350;0,00000000;0,00000000
9,21408750;0,00000000;-0,01734744
9,21419150;0,00000000;0,00000000
9,21429550;0,00000000;0,00000000
9,21439950;0,00000000;0,00000000
9,21450350;0,00000000;0,00000000
9,21460750;0,04336860;0,00000000
9,21471150;0,00000000;0,00000000
9,21481550;0,04336860;0,00000000
9,21491950;0,04336860;0,00000000
9,21502350;0,00000000;0,00000000
9,21512750;0,04336860;0,00000000
9,21523150;0,00000000;0,00000000
9,21533550;0,04336860;0,00000000
9,21543950;0,04336860;0,00000000
9,21554350;0,00000000;0,00000000
9,21564750;0,00000000;0,00000000
9,21575150;0,00000000;0,00000000
9,21585550;0,00000000;0,00000000
9,21595950;0,04336860;0,00000000
9,21606350;0,04336860;0,00000000
9,21616750;0,00000000;0,00000000
9,21627150;0,00000000;0,00000000
9,21637550;0,00000000;0,00000000
9,21647950;0,00000000;0,00000000
9,21658350;0,00000000;0,00000000
9,21668750;0,00000000;0,00000000
9,21679150;0,00000000;0,00000000
9,21689550;0,04336860;0,00000000
9,21699950;0,00000000;0,00000000
9,21710350;0,04336860;0,00000000
9,21720750;0,00000000;0,00000000
9,21731150;0,00000000;0,00000000
9,21741550;0,00000000;0,00000000
9,21751950;0,00000000;0,00000000
9,21762350;0,00000000;0,00000000
9,21772750;0,04336860;0,00000000
9,21783150;0,00000000;-0,01734744
9,21793550;0,04336860;0,00000000
9,21803950;0,04336860;0,00000000
9,21814350;0,00000000;0,00000000
9,21824750;0,04336860;0,00000000
9,21835150;0,04336860;0,00000000
9,21845550;0,00000000;0,00000000
9,21855950;0,00000000;0,00000000
9,21866350;0,00000000;0,00000000
9,21876750;0,00000000;0,00000000
9,21887150;0,00000000;0,00000000
9,21897550;0,00000000;0,00000000
9,21907950;0,00000000;0,00000000
9,21918350;0,00000000;0,00000000
9,21928750;0,00000000;0,00000000
9,21939150;0,00000000;0,00000000
9,21949550;0,00000000;0,00000000
9,21959950;0,00000000;0,00000000
9,21970350;0,00000000;0,00000000
9,21980750;0,00000000;0,00000000
9,21991150;0,00000000;0,00000000
9,22001550;0,00000000;0,00000000
9,22011950;0,00000000;0,00000000
9,22022350;0,04336860;0,00000000
9,22032750;0,00000000;0,00000000
9,22043150;0,04336860;0,00000000
9,22053550;0,00000000;0,00000000
9,22063950;0,04336860;0,00000000
9,22074350;0,00000000;0,00000000
9,22084750;0,04336860;0,00000000
9,22095150;0,00000000;0,00000000
9,22105550;0,04336860;0,00000000
9,22115950;0,00000000;0,00000000
9,22126350;0,00000000;0,00000000
9,22136750;0,00000000;0,00000000
9,22147150;0,00000000;0,00000000
9,22157550;0,00000000;0,00000000
9,22167950;0,04336860;0,00000000
9,22178350;0,00000000;0,00000000
9,22188750;0,00000000;0,00000000
9,22199150;0,00000000;-0,01734744
9,22209550;0,00000000;0,00000000
9,22219950;0,00000000;0,00000000
9,22230350;0,04336860;0,00000000
9,22240750;0,00000000;0,00000000
9,22251150;0,04336860;0,00000000
9,22261550;0,00000000;0,00000000
9,22271950;0,00000000;0,00000000
9,22282350;0,00000000;0,00000000
9,22292750;0,04336860;0,00000000
9,22303150;0,00000000;0,00000000
9,22313550;0,04336860;0,00000000
9,22323950;0,04336860;0,00000000
9,22334350;0,00000000;0,00000000
9,22344750;0,00000000;0,00000000
9,22355150;0,04336860;0,00000000
9,22365550;0,00000000;0,00000000
9,22375950;0,00000000;0,00000000
9,22386350;0,00000000;0,00000000
9,22396750;0,00000000;0,00000000
9,22407150;0,00000000;0,00000000
9,22417550;0,04336860;0,00000000
9,22427950;0,00000000;0,00000000
9,22438350;0,00000000;0,00000000
9,22448750;0,04336860;0,00000000
9,22459150;0,04336860;0,00000000
9,22469550;0,00000000;0,00000000
9,22479950;0,00000000;0,00000000
9,22490350;0,00000000;0,00000000
9,22500750;0,00000000;0,00000000
9,22511150;0,00000000;0,00000000
9,22521550;0,00000000;0,00000000
9,22531950;0,00000000;0,00000000
9,22542350;0,04336860;0,00000000
9,22552750;0,00000000;0,00000000
9,22563150;0,00000000;0,00000000
9,22573550;0,00000000;0,00000000
9,22583950;0,00000000;0,00000000
9,22594350;0,00000000;0,00000000
9,22604750;0,04336860;0,00000000
9,22615150;0,00000000;0,00000000
9,22625550;0,00000000;0,00000000
9,22635950;0,00000000;0,00000000
9,22646350;0,04336860;0,00000000
9,22656750;0,04336860;0,00000000
9,22667150;0,00000000;0,00000000
9,22677550;0,04336860;0,00000000
9,22687950;0,00000000;0,00000000
9,22698350;0,04336860;0,00000000
9,22708750;0,00000000;0,00000000
9,22719150;0,00000000;0,00000000
9,22729550;0,00000000;0,00000000
9,22739950;0,00000000;0,00000000
9,22750350;0,00000000;0,00000000
9,22760750;0,00000000;0,00000000
9,22771150;0,04336860;0,00000000
9,22781550;0,00000000;0,00000000
9,22791950;0,00000000;0,00000000
9,22802350;0,00000000;0,00000000
9,22812750;0,00000000;0,00000000
9,22823150;0,00000000;0,00000000
9,22833550;0,00000000;0,00000000
9,22843950;0,00000000;0,00000000
9,22854350;0,00000000;0,00000000
9,22864750;0,00000000;0,00000000
9,22875150;0,00000000;0,00000000
9,22885550;0,00000000;0,00000000
9,22895950;0,00000000;0,00000000
9,22906350;0,04336860;0,00000000
9,22916750;0,00000000;0,00000000
9,22927150;0,00000000;0,00000000
9,22937550;0,00000000;0,00000000
9,22947950;0,00000000;0,00000000
9,22958350;0,04336860;0,00000000
9,22968750;0,04336860;0,00000000
9,22979150;0,00000000;0,00000000
9,22989550;0,00000000;0,00000000
9,22999950;0,04336860;0,00000000
9,23010350;0,04336860;0,00000000
9,23020750;0,00000000;0,00000000
9,23031150;0,04336860;0,00000000
9,23041550;0,00000000;0,00000000
9,23051950;0,00000000;0,00000000
9,23062350;0,00000000;0,00000000
9,23072750;0,00000000;-0,01734744
9,23083150;0,00000000;0,00000000
9,23093550;0,00000000;0,00000000
9,23103950;0,00000000;0,00000000
9,23114350;0,00000000;0,00000000
9,23124750;0,00000000;0,00000000
9,23135150;0,00000000;0,00000000
9,23145550;0,00000000;0,00000000
9,23155950;0,00000000;0,00000000
9,23166350;0,00000000;0,00000000
9,23176750;0,00000000;0,00000000
9,23187150;0,04336860;0,00000000
9,23197550;0,00000000;0,00000000
9,23207950;0,00000000;0,00000000
9,23218350;0,04336860;0,00000000
9,23228750;0,00000000;0,00000000
9,23239150;0,00000000;0,00000000
9,23249550;0,00000000;0,00000000
9,23259950;0,00000000;0,00000000
9,23270350;0,00000000;0,00000000
9,23280750;0,00000000;0,00000000
9,23291150;0,04336860;0,00000000
9,23301550;0,04336860;0,00000000
9,23311950;0,04336860;0,00000000
9,23322350;0,00000000;-0,01734744
9,23332750;0,00000000;0,00000000
9,23343150;0,00000000;0,00000000
9,23353550;0,00000000;0,00000000
9,23363950;0,00000000;0,00000000
9,23374350;0,00000000;0,00000000
9,23384750;0,00000000;0,00000000
9,23395150;0,00000000;0,00000000
9,23405550;0,00000000;0,00000000
9,23415950;0,04336860;0,00000000
9,23426350;0,00000000;0,00000000
9,23436750;0,00000000;0,00000000
9,23447150;0,00000000;0,00000000
9,23457550;0,00000000;0,00000000
9,23467950;0,00000000;-0,01734744
9,23478350;0,04336860;0,00000000
9,23488750;0,04336860;0,00000000
9,23499150;0,00000000;0,00000000
9,23509550;0,00000000;0,00000000
9,23519950;0,00000000;0,00000000
9,23530350;0,04336860;0,00000000
9,23540750;0,00000000;0,00000000
9,23551150;0,04336860;0,00000000
9,23561550;0,00000000;0,00000000
9,23571950;0,00000000;0,00000000
9,23582350;0,00000000;0,00000000
9,23592750;0,00000000;0,00000000
9,23603150;0,04336860;0,00000000
9,23613550;0,04336860;0,00000000
9,23623950;0,00000000;0,00000000
9,23634350;0,00000000;0,00000000
9,23644750;0,00000000;0,00000000
9,23655150;0,04336860;0,00000000
9,23665550;0,00000000;0,00000000
9,23675950;0,04336860;0,00000000
9,23686350;0,00000000;0,00000000
9,23696750;0,04336860;0,00000000
9,23707150;0,00000000;0,00000000
9,23717550;0,00000000;0,00000000
9,23727950;0,00000000;0,00000000
9,23738350;0,04336860;0,00000000
9,23748750;0,00000000;0,00000000
9,23759150;0,00000000;0,00000000
9,23769550;0,00000000;0,00000000
9,23779950;0,00000000;0,00000000
9,23790350;0,04336860;0,00000000
9,23800750;0,00000000;0,00000000
9,23811150;0,00000000;0,00000000
9,23821550;0,00000000;0,00000000
9,23831950;0,00000000;0,00000000
9,23842350;0,00000000;0,00000000
9,23852750;0,00000000;0,00000000
9,23863150;0,00000000;0,00000000
9,23873550;0,00000000;0,00000000
9,23883950;0,00000000;0,00000000
9,23894350;0,00000000;0,00000000
9,23904750;0,00000000;0,00000000
9,23915150;0,00000000;0,00000000
9,23925550;0,00000000;0,00000000
9,23935950;0,00000000;0,00000000
9,23946350;0,00000000;0,00000000
9,23956750;0,00000000;0,00000000
9,23967150;0,00000000;0,00000000
9,23977550;0,04336860;0,00000000
9,23987950;0,04336860;0,00000000
9,23998350;0,04336860;0,00000000
9,24008750;0,00000000;0,00000000
9,24019150;0,00000000;0,00000000
9,24029550;0,00000000;0,00000000
9,24039950;0,00000000;0,00000000
9,24050350;0,04336860;0,00000000
9,24060750;0,04336860;0,00000000
9,24071150;0,00000000;0,00000000
9,24081550;0,00000000;0,00000000
9,24091950;0,00000000;0,00000000
9,24102350;0,00000000;0,00000000
9,24112750;0,00000000;0,00000000
9,24123150;0,00000000;0,00000000
9,24133550;0,04336860;0,00000000
9,24143950;0,00000000;0,00000000
9,24154350;0,00000000;0,00000000
9,24164750;0,04336860;0,00000000
9,24175150;0,04336860;0,00000000
9,24185550;0,04336860;0,00000000
9,24195950;0,00000000;0,00000000
9,24206350;0,00000000;0,00000000
9,24216750;0,00000000;0,00000000
9,24227150;0,00000000;0,00000000
9,24237550;0,00000000;0,00000000
9,24247950;0,00000000;0,00000000
9,24258350;0,00000000;0,00000000
9,24268750;0,00000000;0,00000000
9,24279150;0,00000000;0,00000000
9,24289550;0,00000000;0,00000000
9,24299950;0,00000000;0,00000000
9,24310350;0,04336860;0,00000000
9,24320750;0,00000000;0,00000000
9,24331150;0,00000000;0,00000000
9,24341550;0,00000000;0,00000000
9,24351950;0,00000000;0,00000000
9,24362350;0,00000000;0,00000000
9,24372750;0,00000000;0,00000000
9,24383150;0,04336860;0,00000000
9,24393550;0,00000000;0,00000000
9,24403950;0,00000000;0,00000000
9,24414350;0,00000000;0,00000000
9,24424750;0,00000000;0,00000000
9,24435150;0,00000000;0,00000000
9,24445550;0,00000000;0,00000000
9,24455950;0,04336860;0,00000000
9,24466350;0,00000000;0,00000000
9,24476750;0,04336860;0,00000000
9,24487150;0,00000000;0,00000000
9,24497550;0,00000000;0,00000000
9,24507950;0,00000000;0,00000000
9,24518350;0,00000000;0,00000000
9,24528750;0,04336860;0,00000000
9,24539150;0,00000000;0,00000000
9,24549550;0,00000000;-0,01734744
9,24559950;0,04336860;0,00000000
9,24570350;0,00000000;0,00000000
9,24580750;0,00000000;0,00000000
9,24591150;0,00000000;0,00000000
9,24601550;0,00000000;0,00000000
9,24611950;0,00000000;0,00000000
9,24622350;0,00000000;0,00000000
9,24632750;0,04336860;0,00000000
9,24643150;0,00000000;0,00000000
9,24653550;0,00000000;0,00000000
9,24663950;0,00000000;0,00000000
9,24674350;0,00000000;0,00000000
9,24684750;0,00000000;0,00000000
9,24695150;0,04336860;0,00000000
9,24705550;0,00000000;0,00000000
9,24715950;0,00000000;0,00000000
9,24726350;0,04336860;0,00000000
9,24736750;0,00000000;0,00000000
9,24747150;0,00000000;0,00000000
9,24757550;0,00000000;0,00000000
9,24767950;0,04336860;0,00000000
9,24778350;0,00000000;0,00000000
9,24788750;0,00000000;0,00000000
9,24799150;0,00000000;0,00000000
9,24809550;0,04336860;0,00000000
9,24819950;0,00000000;0,00000000
9,24830350;0,00000000;0,00000000
9,24840750;0,00000000;0,00000000
9,24851150;0,00000000;0,00000000
9,24861550;0,00000000;0,00000000
9,24871950;0,00000000;0,00000000
9,24882350;0,00000000;0,00000000
9,24892750;0,00000000;0,00000000
9,24903150;0,00000000;0,00000000
9,24913550;0,00000000;0,00000000
9,24923950;0,04336860;0,00000000
9,24934350;0,04336860;0,00000000
9,24944750;0,00000000;0,00000000
9,24955150;0,00000000;0,00000000
9,24965550;0,00000000;0,00000000
9,24975950;0,00000000;0,00000000
9,24986350;0,00000000;0,00000000
9,24996750;0,00000000;0,00000000
9,25007150;0,00000000;0,00000000
9,25017550;0,04336860;0,00000000
9,25027950;0,00000000;0,00000000
9,25038350;0,00000000;0,00000000
9,25048750;0,00000000;0,00000000
9,25059150;0,00000000;0,00000000
9,25069550;0,00000000;0,00000000
9,25079950;0,04336860;0,00000000
9,25090350;0,00000000;0,00000000
9,25100750;0,04336860;0,00000000
9,25111150;0,04336860;0,00000000
9,25121550;0,00000000;0,00000000
9,25131950;0,00000000;0,00000000
9,25142350;0,00000000;0,00000000
9,25152750;0,00000000;0,00000000
9,25163150;0,00000000;0,00000000
9,25173550;0,04336860;0,00000000
9,25183950;0,00000000;0,00000000
9,25194350;0,00000000;0,00000000
9,25204750;0,00000000;-0,01734744
9,25215150;0,00000000;0,00000000
9,25225550;0,00000000;0,00000000
9,25235950;0,00000000;0,00000000
9,25246350;0,04336860;0,00000000
9,25256750;0,00000000;0,00000000
9,25267150;0,00000000;0,00000000
9,25277550;0,00000000;0,00000000
9,25287950;0,04336860;0,00000000
9,25298350;0,00000000;0,00000000
9,25308750;0,00000000;0,00000000
9,25319150;0,00000000;0,00000000
9,25329550;0,00000000;0,00000000
9,25339950;0,00000000;0,00000000
9,25350350;0,00000000;0,00000000
9,25360750;0,00000000;0,00000000
9,25371150;0,00000000;0,00000000
9,25381550;0,00000000;0,00000000
9,25391950;0,04336860;0,00000000
9,25402350;0,00000000;0,00000000
9,25412750;0,04336860;0,00000000
9,25423150;0,00000000;0,00000000
9,25433550;0,04336860;0,00000000
9,25443950;0,04336860;0,00000000
9,25454350;0,00000000;0,00000000
9,25464750;0,04336860;0,00000000
9,25475150;0,00000000;0,00000000
9,25485550;0,00000000;0,00000000
9,25495950;0,00000000;0,00000000
9,25506350;0,00000000;0,00000000
9,25516750;0,04336860;0,00000000
9,25527150;0,04336860;0,00000000
9,25537550;0,04336860;0,00000000
9,25547950;0,00000000;-0,01734744
9,25558350;0,04336860;0,00000000
9,25568750;0,04336860;0,00000000
9,25579150;0,00000000;0,00000000
9,25589550;0,00000000;0,00000000
9,25599950;0,00000000;0,00000000
9,25610350;0,00000000;0,00000000
9,25620750;0,00000000;0,00000000
9,25631150;0,04336860;0,00000000
9,25641550;0,00000000;0,00000000
9,25651950;0,00000000;0,00000000
9,25662350;0,00000000;0,00000000
9,25672750;0,00000000;0,00000000
9,25683150;0,04336860;0,00000000
9,25693550;0,04336860;0,00000000
9,25703950;0,00000000;0,00000000
9,25714350;0,00000000;0,00000000
9,25724750;0,00000000;0,00000000
9,25735150;0,00000000;0,00000000
9,25745550;0,04336860;0,00000000
9,25755950;0,00000000;-0,01734744
9,25766350;0,00000000;0,00000000
9,25776750;0,00000000;0,00000000
9,25787150;0,00000000;0,00000000
9,25797550;0,00000000;0,00000000
9,25807950;0,00000000;0,00000000
9,25818350;0,04336860;0,00000000
9,25828750;0,00000000;0,00000000
9,25839150;0,00000000;0,00000000
9,25849550;0,00000000;0,00000000
9,25859950;0,00000000;0,00000000
9,25870350;0,00000000;0,00000000
9,25880750;0,00000000;0,00000000
9,25891150;0,00000000;0,00000000
9,25901550;0,00000000;-0,01734744
9,25911950;0,00000000;0,00000000
9,25922350;0,00000000;0,00000000
9,25932750;0,00000000;0,00000000
9,25943150;0,04336860;0,00000000
9,25953550;0,00000000;0,00000000
9,25963950;0,00000000;0,00000000
9,25974350;0,04336860;0,00000000
9,25984750;0,00000000;-0,01734744
9,25995150;0,04336860;0,00000000
9,26005550;0,00000000;0,00000000
9,26015950;0,00000000;0,00000000
9,26026350;0,00000000;0,00000000
9,26036750;0,04336860;0,00000000
9,26047150;0,04336860;0,00000000
9,26057550;0,00000000;0,00000000
9,26067950;0,00000000;0,00000000
9,26078350;0,00000000;0,00000000
9,26088750;0,00000000;0,00000000
9,26099150;0,00000000;0,00000000
9,26109550;0,00000000;0,00000000
9,26119950;0,00000000;0,00000000
9,26130350;0,00000000;0,00000000
9,26140750;0,00000000;0,00000000
9,26151150;0,00000000;0,00000000
9,26161550;0,00000000;0,00000000
9,26171950;0,00000000;0,00000000
9,26182350;0,00000000;0,00000000
9,26192750;0,00000000;0,00000000
9,26203150;0,04336860;0,00000000
9,26213550;0,00000000;0,00000000
9,26223950;0,00000000;0,00000000
9,26234350;0,00000000;-0,01734744
9,26244750;0,00000000;0,00000000
9,26255150;0,00000000;0,00000000
9,26265550;0,00000000;0,00000000
9,26275950;0,00000000;0,00000000
9,26286350;0,00000000;0,00000000
9,26296750;0,04336860;0,00000000
9,26307150;0,04336860;0,00000000
9,26317550;0,04336860;0,00000000
9,26327950;0,04336860;0,00000000
9,26338350;0,00000000;0,00000000
9,26348750;0,00000000;0,00000000
9,26359150;0,00000000;0,00000000
9,26369550;0,00000000;0,00000000
9,26379950;0,00000000;0,00000000
9,26390350;0,00000000;0,00000000
9,26400750;0,00000000;0,00000000
9,26411150;0,00000000;0,00000000
9,26421550;0,00000000;0,00000000
9,26431950;0,00000000;0,00000000
9,26442350;0,00000000;0,00000000
9,26452750;0,00000000;0,00000000
9,26463150;0,00000000;0,00000000
9,26473550;0,00000000;0,00000000
9,26483950;0,00000000;0,00000000
9,26494350;0,04336860;0,00000000
9,26504750;0,00000000;0,00000000
9,26515150;0,04336860;0,00000000
9,26525550;0,04336860;0,00000000
9,26535950;0,00000000;0,00000000
9,26546350;0,00000000;0,00000000
9,26556750;0,00000000;0,00000000
9,26567150;0,00000000;0,00000000
9,26577550;0,00000000;0,00000000
9,26587950;0,00000000;-0,01734744
9,26598350;0,00000000;0,00000000
9,26608750;0,00000000;-0,01734744
9,26619150;0,00000000;0,00000000
9,26629550;0,00000000;0,00000000
9,26639950;0,00000000;0,00000000
9,26650350;0,04336860;0,00000000
9,26660750;0,00000000;0,00000000
9,26671150;0,00000000;0,00000000
9,26681550;0,00000000;0,00000000
9,26691950;0,00000000;0,00000000
9,26702350;0,00000000;0,00000000
9,26712750;0,00000000;0,00000000
9,26723150;0,04336860;0,00000000
9,26733550;0,00000000;0,00000000
9,26743950;0,00000000;0,00000000
9,26754350;0,00000000;0,00000000
9,26764750;0,00000000;0,00000000
9,26775150;0,00000000;0,00000000
9,26785550;0,00000000;0,00000000
9,26795950;0,04336860;0,00000000
9,26806350;0,00000000;0,00000000
9,26816750;0,00000000;0,00000000
9,26827150;0,00000000;-0,01734744
9,26837550;0,00000000;0,00000000
9,26847950;0,00000000;0,00000000
9,26858350;0,00000000;0,00000000
9,26868750;0,00000000;0,00000000
9,26879150;0,00000000;0,00000000
9,26889550;0,00000000;0,00000000
9,26899950;0,00000000;0,00000000
9,26910350;0,04336860;0,00000000
9,26920750;0,00000000;0,00000000
9,26931150;0,00000000;0,00000000
9,26941550;0,00000000;0,00000000
9,26951950;0,04336860;0,00000000
9,26962350;0,00000000;0,00000000
9,26972750;0,04336860;0,00000000
9,26983150;0,00000000;0,00000000
9,26993550;0,00000000;0,00000000
9,27003950;0,00000000;0,00000000
9,27014350;0,00000000;0,00000000
9,27024750;0,00000000;0,00000000
9,27035150;0,04336860;0,00000000
9,27045550;0,00000000;0,00000000
9,27055950;0,00000000;0,00000000
9,27066350;0,00000000;0,00000000
9,27076750;0,00000000;0,00000000
9,27087150;0,00000000;0,00000000
9,27097550;0,00000000;0,00000000
9,27107950;0,00000000;0,00000000
9,27118350;0,00000000;0,00000000
9,27128750;0,00000000;0,00000000
9,27139150;0,00000000;0,00000000
9,27149550;0,00000000;0,00000000
9,27159950;0,04336860;0,00000000
9,27170350;0,04336860;0,00000000
9,27180750;0,00000000;0,00000000
9,27191150;0,00000000;0,00000000
9,27201550;0,00000000;0,00000000
9,27211950;0,00000000;0,00000000
9,27222350;0,04336860;0,00000000
9,27232750;0,00000000;0,00000000
9,27243150;0,04336860;0,00000000
9,27253550;0,04336860;0,00000000
9,27263950;0,00000000;0,00000000
9,27274350;0,00000000;0,00000000
9,27284750;0,04336860;0,00000000
9,27295150;0,00000000;0,00000000
9,27305550;0,04336860;0,00000000
9,27315950;0,00000000;0,00000000
9,27326350;0,04336860;0,00000000
9,27336750;0,00000000;0,00000000
9,27347150;0,00000000;0,00000000
9,27357550;0,00000000;0,00000000
9,27367950;0,00000000;0,00000000
9,27378350;0,00000000;0,00000000
9,27388750;0,00000000;0,00000000
9,27399150;0,00000000;0,00000000
9,27409550;0,00000000;0,00000000
9,27419950;0,00000000;0,00000000
9,27430350;0,00000000;0,00000000
9,27440750;0,04336860;-0,01734744
9,27451150;0,00000000;0,00000000
9,27461550;0,04336860;0,00000000
9,27471950;0,04336860;0,00000000
9,27482350;0,00000000;0,00000000
9,27492750;0,00000000;0,00000000
9,27503150;0,00000000;0,00000000
9,27513550;0,04336860;0,00000000
9,27523950;0,04336860;0,00000000
9,27534350;0,00000000;0,00000000
9,27544750;0,00000000;0,00000000
9,27555150;0,00000000;0,00000000
9,27565550;0,00000000;0,00000000
9,27575950;0,00000000;0,00000000
9,27586350;0,04336860;0,00000000
9,27596750;0,04336860;0,00000000
9,27607150;0,04336860;0,00000000
9,27617550;0,00000000;0,00000000
9,27627950;0,00000000;0,00000000
9,27638350;0,00000000;0,00000000
9,27648750;0,00000000;-0,01734744
9,27659150;0,04336860;0,00000000
9,27669550;0,00000000;0,00000000
9,27679950;0,04336860;0,00000000
9,27690350;0,00000000;0,00000000
9,27700750;0,00000000;0,00000000
9,27711150;0,00000000;0,00000000
9,27721550;0,00000000;0,00000000
9,27731950;0,00000000;0,00000000
9,27742350;0,00000000;0,00000000
9,27752750;0,00000000;0,00000000
9,27763150;0,04336860;0,00000000
9,27773550;0,00000000;0,00000000
9,27783950;0,04336860;0,00000000
9,27794350;0,00000000;0,00000000
9,27804750;0,00000000;0,00000000
9,27815150;0,00000000;0,00000000
9,27825550;0,00000000;0,00000000
9,27835950;0,00000000;0,00000000
9,27846350;0,00000000;0,00000000
9,27856750;0,00000000;0,00000000
9,27867150;0,04336860;0,00000000
9,27877550;0,00000000;0,00000000
9,27887950;0,00000000;0,00000000
9,27898350;0,00000000;0,00000000
9,27908750;0,00000000;0,00000000
9,27919150;0,00000000;0,00000000
9,27929550;0,00000000;0,00000000
9,27939950;0,00000000;0,00000000
9,27950350;0,00000000;0,00000000
9,27960750;0,00000000;0,00000000
9,27971150;0,00000000;0,00000000
9,27981550;0,00000000;0,00000000
9,27991950;0,04336860;0,00000000
9,28002350;0,00000000;0,00000000
9,28012750;0,00000000;0,00000000
9,28023150;0,00000000;0,00000000
9,28033550;0,04336860;0,00000000
9,28043950;0,04336860;0,00000000
9,28054350;0,04336860;0,00000000
9,28064750;0,00000000;0,00000000
9,28075150;0,00000000;0,00000000
9,28085550;0,00000000;0,00000000
9,28095950;0,00000000;0,00000000
9,28106350;0,00000000;0,00000000
9,28116750;0,00000000;0,00000000
9,28127150;0,00000000;0,00000000
9,28137550;0,00000000;0,00000000
9,28147950;0,04336860;0,00000000
9,28158350;0,00000000;0,00000000
9,28168750;0,00000000;0,00000000
9,28179150;0,00000000;0,00000000
9,28189550;0,04336860;0,00000000
9,28199950;0,00000000;0,00000000
9,28210350;0,04336860;0,00000000
9,28220750;0,04336860;0,00000000
9,28231150;0,00000000;0,00000000
9,28241550;0,00000000;0,00000000
9,28251950;0,00000000;0,00000000
9,28262350;0,00000000;0,00000000
9,28272750;0,00000000;0,00000000
9,28283150;0,00000000;0,00000000
9,28293550;0,04336860;0,00000000
9,28303950;0,00000000;0,00000000
9,28314350;0,00000000;0,00000000
9,28324750;0,00000000;0,00000000
9,28335150;0,00000000;0,00000000
9,28345550;0,00000000;0,00000000
9,28355950;0,00000000;0,00000000
9,28366350;0,00000000;0,00000000
9,28376750;0,04336860;0,00000000
9,28387150;0,04336860;0,00000000
9,28397550;0,04336860;-0,01734744
9,28407950;0,04336860;0,00000000
9,28418350;0,00000000;0,00000000
9,28428750;0,04336860;0,00000000
9,28439150;0,00000000;-0,01734744
9,28449550;0,04336860;-0,01734744
9,28459950;0,00000000;0,00000000
9,28470350;0,04336860;0,00000000
9,28480750;0,00000000;0,00000000
9,28491150;0,00000000;0,00000000
9,28501550;0,00000000;0,00000000
9,28511950;0,00000000;0,00000000
9,28522350;0,00000000;0,00000000
9,28532750;0,00000000;0,00000000
9,28543150;0,00000000;0,00000000
9,28553550;0,00000000;0,00000000
9,28563950;0,00000000;0,00000000
9,28574350;0,00000000;0,00000000
9,28584750;0,00000000;0,00000000
9,28595150;0,04336860;0,00000000
9,28605550;0,00000000;0,00000000
9,28615950;0,00000000;0,00000000
9,28626350;0,00000000;0,00000000
9,28636750;0,00000000;0,00000000
9,28647150;0,00000000;0,00000000
9,28657550;0,00000000;0,00000000
9,28667950;0,00000000;0,00000000
9,28678350;0,04336860;0,00000000
9,28688750;0,00000000;0,00000000
9,28699150;0,00000000;0,00000000
9,28709550;0,00000000;0,00000000
9,28719950;0,00000000;0,00000000
9,28730350;0,00000000;0,00000000
9,28740750;0,00000000;0,00000000
9,28751150;0,00000000;0,00000000
9,28761550;0,00000000;0,00000000
9,28771950;0,00000000;0,00000000
9,28782350;0,00000000;0,00000000
9,28792750;0,00000000;0,00000000
9,28803150;0,00000000;0,00000000
9,28813550;0,00000000;0,00000000
9,28823950;0,04336860;0,00000000
9,28834350;0,00000000;0,00000000
9,28844750;0,00000000;0,00000000
9,28855150;0,00000000;0,00000000
9,28865550;0,00000000;0,00000000
9,28875950;0,00000000;0,00000000
9,28886350;0,00000000;0,00000000
9,28896750;0,00000000;0,00000000
9,28907150;0,00000000;0,00000000
9,28917550;0,00000000;0,00000000
9,28927950;0,00000000;0,00000000
9,28938350;0,00000000;0,00000000
9,28948750;0,04336860;0,00000000
9,28959150;0,00000000;0,00000000
9,28969550;0,00000000;0,00000000
9,28979950;0,04336860;0,00000000
9,28990350;0,00000000;0,00000000
9,29000750;0,00000000;0,00000000
9,29011150;0,04336860;0,00000000
9,29021550;0,00000000;0,00000000
9,29031950;0,00000000;0,00000000
9,29042350;0,00000000;0,00000000
9,29052750;0,04336860;0,00000000
9,29063150;0,00000000;0,00000000
9,29073550;0,04336860;0,00000000
9,29083950;0,00000000;0,00000000
9,29094350;0,00000000;0,00000000
9,29104750;0,00000000;0,00000000
9,29115150;0,00000000;0,00000000
9,29125550;0,00000000;0,00000000
9,29135950;0,00000000;0,00000000
9,29146350;0,00000000;0,00000000
9,29156750;0,00000000;0,00000000
9,29167150;0,00000000;0,00000000
9,29177550;0,04336860;0,00000000
9,29187950;0,00000000;0,00000000
9,29198350;0,00000000;0,00000000
9,29208750;0,00000000;0,00000000
9,29219150;0,00000000;0,00000000
9,29229550;0,00000000;0,00000000
9,29239950;0,00000000;0,00000000
9,29250350;0,00000000;0,00000000
9,29260750;0,04336860;0,00000000
9,29271150;0,00000000;0,00000000
9,29281550;0,00000000;0,00000000
9,29291950;0,00000000;0,00000000
9,29302350;0,04336860;0,00000000
9,29312750;0,00000000;0,00000000
9,29323150;0,00000000;0,00000000
9,29333550;0,00000000;0,00000000
9,29343950;0,00000000;0,00000000
9,29354350;0,00000000;0,00000000
9,29364750;0,00000000;0,00000000
9,29375150;0,04336860;0,00000000
9,29385550;0,00000000;0,00000000
9,29395950;0,00000000;0,00000000
9,29406350;0,04336860;0,00000000
9,29416750;0,00000000;0,00000000
9,29427150;0,00000000;0,00000000
9,29437550;0,00000000;0,00000000
9,29447950;0,00000000;0,00000000
9,29458350;0,00000000;0,00000000
9,29468750;0,00000000;0,00000000
9,29479150;0,00000000;0,00000000
9,29489550;0,00000000;0,00000000
9,29499950;0,00000000;0,00000000
9,29510350;0,04336860;0,00000000
9,29520750;0,00000000;0,00000000
9,29531150;0,00000000;0,00000000
9,29541550;0,00000000;-0,01734744
9,29551950;0,00000000;0,00000000
9,29562350;0,00000000;0,00000000
9,29572750;0,00000000;0,00000000
9,29583150;0,00000000;0,00000000
9,29593550;0,04336860;0,00000000
9,29603950;0,00000000;0,00000000
9,29614350;0,00000000;0,00000000
9,29624750;0,00000000;-0,01734744
9,29635150;0,00000000;0,00000000
9,29645550;0,04336860;-0,01734744
9,29655950;0,00000000;0,00000000
9,29666350;0,00000000;0,00000000
9,29676750;0,00000000;0,00000000
9,29687150;0,04336860;-0,01734744
9,29697550;0,00000000;0,00000000
9,29707950;0,00000000;0,00000000
9,29718350;0,00000000;0,00000000
9,29728750;0,00000000;0,00000000
9,29739150;0,04336860;0,00000000
9,29749550;0,00000000;0,00000000
9,29759950;0,00000000;0,00000000
9,29770350;0,00000000;0,00000000
9,29780750;0,00000000;0,00000000
9,29791150;0,00000000;0,00000000
9,29801550;0,04336860;0,00000000
9,29811950;0,00000000;0,00000000
9,29822350;0,00000000;0,00000000
9,29832750;0,00000000;0,00000000
9,29843150;0,04336860;0,00000000
9,29853550;0,00000000;0,00000000
9,29863950;0,00000000;0,00000000
9,29874350;0,00000000;0,00000000
9,29884750;0,00000000;0,00000000
9,29895150;0,00000000;0,00000000
9,29905550;0,00000000;0,00000000
9,29915950;0,00000000;0,00000000
9,29926350;0,00000000;0,00000000
9,29936750;0,00000000;0,00000000
9,29947150;0,00000000;0,00000000
9,29957550;0,00000000;0,00000000
9,29967950;0,00000000;0,00000000
9,29978350;0,00000000;0,00000000
9,29988750;0,00000000;0,00000000
9,29999150;0,00000000;0,00000000
9,30009550;0,00000000;0,00000000
9,30019950;0,00000000;0,00000000
9,30030350;0,00000000;0,00000000
9,30040750;0,00000000;0,00000000
9,30051150;0,00000000;0,00000000
9,30061550;0,00000000;0,00000000
9,30071950;0,04336860;0,00000000
9,30082350;0,00000000;0,00000000
9,30092750;0,04336860;0,00000000
9,30103150;0,00000000;0,00000000
9,30113550;0,00000000;0,00000000
9,30123950;0,00000000;-0,01734744
9,30134350;0,00000000;0,00000000
9,30144750;0,00000000;0,00000000
9,30155150;0,04336860;0,00000000
9,30165550;0,04336860;0,00000000
9,30175950;0,00000000;0,00000000
9,30186350;0,00000000;0,00000000
9,30196750;0,00000000;0,00000000
9,30207150;0,00000000;0,00000000
9,30217550;0,00000000;0,00000000
9,30227950;0,00000000;0,00000000
9,30238350;0,04336860;0,00000000
9,30248750;0,00000000;0,00000000
9,30259150;0,00000000;0,00000000
9,30269550;0,00000000;0,00000000
9,30279950;0,00000000;0,00000000
9,30290350;0,04336860;0,00000000
9,30300750;0,00000000;0,00000000
9,30311150;0,04336860;0,00000000
9,30321550;0,00000000;0,00000000
9,30331950;0,00000000;0,00000000
9,30342350;0,00000000;0,00000000
9,30352750;0,00000000;-0,01734744
9,30363150;0,00000000;0,00000000
9,30373550;0,00000000;0,00000000
9,30383950;0,00000000;0,00000000
9,30394350;0,04336860;0,00000000
9,30404750;0,00000000;0,00000000
9,30415150;0,00000000;0,00000000
9,30425550;0,00000000;0,00000000
9,30435950;0,00000000;0,00000000
9,30446350;0,04336860;0,00000000
9,30456750;0,04336860;0,00000000
9,30467150;0,04336860;0,00000000
9,30477550;0,00000000;0,00000000
9,30487950;0,00000000;0,00000000
9,30498350;0,00000000;0,00000000
9,30508750;0,00000000;0,00000000
9,30519150;0,04336860;0,00000000
9,30529550;0,00000000;0,00000000
9,30539950;0,00000000;0,00000000
9,30550350;0,04336860;0,00000000
9,30560750;0,00000000;0,00000000
9,30571150;0,00000000;0,00000000
9,30581550;0,00000000;0,00000000
9,30591950;0,04336860;0,00000000
9,30602350;0,04336860;0,00000000
9,30612750;0,00000000;0,00000000
9,30623150;0,00000000;0,00000000
9,30633550;0,04336860;0,00000000
9,30643950;0,00000000;0,00000000
9,30654350;0,00000000;0,00000000
9,30664750;0,04336860;0,00000000
9,30675150;0,00000000;0,00000000
9,30685550;0,04336860;0,00000000
9,30695950;0,00000000;0,00000000
9,30706350;0,00000000;0,00000000
9,30716750;0,00000000;0,00000000
9,30727150;0,00000000;0,00000000
9,30737550;0,00000000;0,00000000
9,30747950;0,00000000;0,00000000
9,30758350;0,00000000;0,00000000
9,30768750;0,00000000;0,00000000
9,30779150;0,00000000;0,00000000
9,30789550;0,00000000;0,00000000
9,30799950;0,04336860;0,00000000
9,30810350;0,00000000;0,00000000
9,30820750;0,00000000;0,00000000
9,30831150;0,00000000;0,00000000
9,30841550;0,04336860;0,00000000
9,30851950;0,00000000;0,00000000
9,30862350;0,00000000;0,00000000
9,30872750;0,00000000;0,00000000
9,30883150;0,04336860;0,00000000
9,30893550;0,00000000;0,00000000
9,30903950;0,00000000;0,00000000
9,30914350;0,00000000;0,00000000
9,30924750;0,00000000;0,00000000
9,30935150;0,00000000;0,00000000
9,30945550;0,00000000;0,00000000
9,30955950;0,00000000;0,00000000
9,30966350;0,04336860;0,00000000
9,30976750;0,00000000;0,00000000
9,30987150;0,00000000;0,00000000
9,30997550;0,00000000;0,00000000
9,31007950;0,04336860;0,00000000
9,31018350;0,00000000;0,00000000
9,31028750;0,00000000;0,00000000
9,31039150;0,04336860;0,00000000
9,31049550;0,04336860;0,00000000
9,31059950;0,00000000;0,00000000
9,31070350;0,00000000;0,00000000
9,31080750;0,00000000;0,00000000
9,31091150;0,00000000;0,00000000
9,31101550;0,00000000;0,00000000
9,31111950;0,00000000;0,00000000
9,31122350;0,00000000;0,00000000
9,31132750;0,00000000;0,00000000
9,31143150;0,00000000;0,00000000
9,31153550;0,04336860;0,00000000
9,31163950;0,00000000;0,00000000
9,31174350;0,04336860;0,00000000
9,31184750;0,00000000;0,00000000
9,31195150;0,00000000;0,00000000
9,31205550;0,04336860;0,00000000
9,31215950;0,00000000;0,00000000
9,31226350;0,00000000;0,00000000
9,31236750;0,00000000;0,00000000
9,31247150;0,04336860;0,00000000
9,31257550;0,04336860;0,00000000
9,31267950;0,04336860;0,00000000
9,31278350;0,00000000;0,00000000
9,31288750;0,04336860;0,00000000
9,31299150;0,00000000;0,00000000
9,31309550;0,00000000;0,00000000
9,31319950;0,00000000;0,00000000
9,31330350;0,00000000;0,00000000
9,31340750;0,00000000;0,00000000
9,31351150;0,04336860;0,00000000
9,31361550;0,00000000;0,00000000
9,31371950;0,00000000;0,00000000
9,31382350;0,00000000;0,00000000
9,31392750;0,00000000;0,00000000
9,31403150;0,00000000;0,00000000
9,31413550;0,00000000;0,00000000
9,31423950;0,00000000;0,00000000
9,31434350;0,00000000;0,00000000
9,31444750;0,00000000;0,00000000
9,31455150;0,00000000;0,00000000
9,31465550;0,00000000;0,00000000
9,31475950;0,00000000;0,00000000
9,31486350;0,00000000;0,00000000
9,31496750;0,04336860;0,00000000
9,31507150;0,00000000;0,00000000
9,31517550;0,04336860;0,00000000
9,31527950;0,00000000;0,00000000
9,31538350;0,00000000;0,00000000
9,31548750;0,00000000;0,00000000
9,31559150;0,00000000;0,00000000
9,31569550;0,00000000;0,00000000
9,31579950;0,00000000;0,00000000
9,31590350;0,00000000;0,00000000
9,31600750;0,00000000;0,00000000
9,31611150;0,00000000;0,00000000
9,31621550;0,00000000;0,00000000
9,31631950;0,04336860;0,00000000
9,31642350;0,04336860;0,00000000
9,31652750;0,00000000;0,00000000
9,31663150;0,04336860;0,00000000
9,31673550;0,00000000;0,00000000
9,31683950;0,04336860;0,00000000
9,31694350;0,00000000;0,00000000
9,31704750;0,00000000;0,00000000
9,31715150;0,04336860;0,00000000
9,31725550;0,00000000;0,00000000
9,31735950;0,04336860;0,00000000
9,31746350;0,00000000;0,00000000
9,31756750;0,00000000;0,00000000
9,31767150;0,00000000;0,00000000
9,31777550;0,00000000;0,00000000
9,31787950;0,00000000;0,00000000
9,31798350;0,00000000;0,00000000
9,31808750;0,00000000;0,00000000
9,31819150;0,00000000;0,00000000
9,31829550;0,00000000;0,00000000
9,31839950;0,00000000;0,00000000
9,31850350;0,00000000;0,00000000
9,31860750;0,00000000;0,00000000
9,31871150;0,00000000;0,00000000
9,31881550;0,04336860;0,00000000
9,31891950;0,04336860;0,00000000
9,31902350;0,00000000;0,00000000
9,31912750;0,04336860;0,00000000
9,31923150;0,00000000;0,00000000
9,31933550;0,00000000;0,00000000
9,31943950;0,00000000;0,00000000
9,31954350;0,00000000;0,00000000
9,31964750;0,00000000;0,00000000
9,31975150;0,00000000;0,00000000
9,31985550;0,00000000;0,00000000
9,31995950;0,00000000;0,00000000
9,32006350;0,04336860;0,00000000
9,32016750;0,00000000;0,00000000
9,32027150;0,04336860;0,00000000
9,32037550;0,00000000;0,00000000
9,32047950;0,00000000;0,00000000
9,32058350;0,04336860;0,00000000
9,32068750;0,04336860;0,00000000
9,32079150;0,00000000;0,00000000
9,32089550;0,00000000;0,00000000
9,32099950;0,00000000;0,00000000
9,32110350;0,00000000;0,00000000
9,32120750;0,00000000;0,00000000
9,32131150;0,00000000;-0,01734744
9,32141550;0,00000000;0,00000000
9,32151950;0,04336860;0,00000000
9,32162350;0,00000000;0,00000000
9,32172750;0,00000000;0,00000000
9,32183150;0,00000000;0,00000000
9,32193550;0,04336860;0,00000000
9,32203950;0,00000000;0,00000000
9,32214350;0,00000000;0,00000000
9,32224750;0,00000000;0,00000000
9,32235150;0,00000000;0,00000000
9,32245550;0,04336860;0,00000000
9,32255950;0,00000000;0,00000000
9,32266350;0,00000000;0,00000000
9,32276750;0,00000000;0,00000000
9,32287150;0,04336860;0,00000000
9,32297550;0,00000000;0,00000000
9,32307950;0,00000000;0,00000000
9,32318350;0,00000000;0,00000000
9,32328750;0,00000000;0,00000000
9,32339150;0,00000000;0,00000000
9,32349550;0,00000000;0,00000000
9,32359950;0,00000000;0,00000000
9,32370350;0,00000000;0,00000000
9,32380750;0,04336860;0,00000000
9,32391150;0,00000000;0,00000000
9,32401550;0,04336860;0,00000000
9,32411950;0,00000000;0,00000000
9,32422350;0,04336860;0,00000000
9,32432750;0,00000000;0,00000000
9,32443150;0,00000000;0,00000000
9,32453550;0,00000000;0,00000000
9,32463950;0,00000000;0,00000000
9,32474350;0,00000000;0,00000000
9,32484750;0,00000000;0,00000000
9,32495150;0,00000000;0,00000000
9,32505550;0,00000000;0,00000000
9,32515950;0,00000000;0,00000000
9,32526350;0,00000000;0,00000000
9,32536750;0,00000000;0,00000000
9,32547150;0,00000000;0,00000000
9,32557550;0,00000000;0,00000000
9,32567950;0,04336860;0,00000000
9,32578350;0,04336860;0,00000000
9,32588750;0,00000000;0,00000000
9,32599150;0,04336860;0,00000000
9,32609550;0,00000000;0,00000000
9,32619950;0,00000000;0,00000000
9,32630350;0,04336860;0,00000000
9,32640750;0,00000000;0,00000000
9,32651150;0,00000000;0,00000000
9,32661550;0,00000000;0,00000000
9,32671950;0,04336860;0,00000000
9,32682350;0,00000000;0,00000000
9,32692750;0,00000000;0,00000000
9,32703150;0,00000000;-0,01734744
9,32713550;0,00000000;0,00000000
9,32723950;0,00000000;0,00000000
9,32734350;0,04336860;0,00000000
9,32744750;0,00000000;0,00000000
9,32755150;0,00000000;0,00000000
9,32765550;0,00000000;0,00000000
9,32775950;0,00000000;0,00000000
9,32786350;0,00000000;0,00000000
9,32796750;0,00000000;0,00000000
9,32807150;0,04336860;0,00000000
9,32817550;0,00000000;0,00000000
9,32827950;0,00000000;0,00000000
9,32838350;0,00000000;0,00000000
9,32848750;0,00000000;0,00000000
9,32859150;0,00000000;0,00000000
9,32869550;0,00000000;0,00000000
9,32879950;0,00000000;0,00000000
9,32890350;0,00000000;0,00000000
9,32900750;0,04336860;0,00000000
9,32911150;0,00000000;0,00000000
9,32921550;0,04336860;0,00000000
9,32931950;0,00000000;0,00000000
9,32942350;0,04336860;0,00000000
9,32952750;0,00000000;0,00000000
9,32963150;0,00000000;0,00000000
9,32973550;0,00000000;0,00000000
9,32983950;0,04336860;0,00000000
9,32994350;0,04336860;0,00000000
9,33004750;0,00000000;0,00000000
9,33015150;0,00000000;0,00000000
9,33025550;0,04336860;-0,01734744
9,33035950;0,00000000;0,00000000
9,33046350;0,00000000;0,00000000
9,33056750;0,00000000;0,00000000
9,33067150;0,04336860;0,00000000
9,33077550;0,04336860;0,00000000
9,33087950;0,00000000;0,00000000
9,33098350;0,00000000;0,00000000
9,33108750;0,00000000;0,00000000
9,33119150;0,00000000;0,00000000
9,33129550;0,04336860;0,00000000
9,33139950;0,00000000;0,00000000
9,33150350;0,00000000;0,00000000
9,33160750;0,00000000;0,00000000
9,33171150;0,00000000;0,00000000
9,33181550;0,00000000;0,00000000
9,33191950;0,04336860;0,00000000
9,33202350;0,00000000;0,00000000
9,33212750;0,00000000;0,00000000
9,33223150;0,04336860;0,00000000
9,33233550;0,00000000;0,00000000
9,33243950;0,00000000;0,00000000
9,33254350;0,04336860;0,00000000
9,33264750;0,00000000;0,00000000
9,33275150;0,00000000;0,00000000
9,33285550;0,00000000;0,00000000
9,33295950;0,00000000;0,00000000
9,33306350;0,04336860;0,00000000
9,33316750;0,00000000;0,00000000
9,33327150;0,04336860;0,00000000
9,33337550;0,00000000;0,00000000
9,33347950;0,04336860;0,00000000
9,33358350;0,04336860;0,00000000
9,33368750;0,04336860;0,00000000
9,33379150;0,00000000;0,00000000
9,33389550;0,00000000;0,00000000
9,33399950;0,04336860;0,00000000
9,33410350;0,00000000;0,00000000
9,33420750;0,00000000;0,00000000
9,33431150;0,00000000;0,00000000
9,33441550;0,00000000;0,00000000
9,33451950;0,04336860;0,00000000
9,33462350;0,00000000;0,00000000
9,33472750;0,04336860;0,00000000
9,33483150;0,00000000;0,00000000
9,33493550;0,00000000;-0,01734744
9,33503950;0,00000000;0,00000000
9,33514350;0,00000000;0,00000000
9,33524750;0,00000000;0,00000000
9,33535150;0,04336860;0,00000000
9,33545550;0,00000000;0,00000000
9,33555950;0,00000000;0,00000000
9,33566350;0,00000000;0,00000000
9,33576750;0,04336860;0,00000000
9,33587150;0,00000000;0,00000000
9,33597550;0,00000000;0,00000000
9,33607950;0,00000000;0,00000000
9,33618350;0,00000000;0,00000000
9,33628750;0,00000000;0,00000000
9,33639150;0,00000000;0,00000000
9,33649550;0,00000000;0,00000000
9,33659950;0,00000000;0,00000000
9,33670350;0,00000000;0,00000000
9,33680750;0,00000000;0,00000000
9,33691150;0,00000000;0,00000000
9,33701550;0,04336860;0,00000000
9,33711950;0,00000000;0,00000000
9,33722350;0,04336860;0,00000000
9,33732750;0,00000000;0,00000000
9,33743150;0,04336860;-0,01734744
9,33753550;0,00000000;0,00000000
9,33763950;0,00000000;0,00000000
9,33774350;0,00000000;0,00000000
9,33784750;0,04336860;0,00000000
9,33795150;0,00000000;0,00000000
9,33805550;0,00000000;0,00000000
9,33815950;0,04336860;0,00000000
9,33826350;0,00000000;0,00000000
9,33836750;0,00000000;0,00000000
9,33847150;0,00000000;0,00000000
9,33857550;0,00000000;0,00000000
9,33867950;0,00000000;0,00000000
9,33878350;0,00000000;0,00000000
9,33888750;0,00000000;0,00000000
9,33899150;0,00000000;0,00000000
9,33909550;0,00000000;0,00000000
9,33919950;0,00000000;0,00000000
9,33930350;0,04336860;0,00000000
9,33940750;0,00000000;0,00000000
9,33951150;0,00000000;0,00000000
9,33961550;0,04336860;0,00000000
9,33971950;0,00000000;0,00000000
9,33982350;0,04336860;0,00000000
9,33992750;0,00000000;0,00000000
9,34003150;0,00000000;0,00000000
9,34013550;0,00000000;-0,01734744
9,34023950;0,00000000;0,00000000
9,34034350;0,00000000;0,00000000
9,34044750;0,04336860;0,00000000
9,34055150;0,00000000;0,00000000
9,34065550;0,00000000;0,00000000
9,34075950;0,00000000;0,00000000
9,34086350;0,04336860;0,00000000
9,34096750;0,00000000;0,00000000
9,34107150;0,00000000;0,00000000
9,34117550;0,00000000;0,00000000
9,34127950;0,00000000;0,00000000
9,34138350;0,04336860;0,00000000
9,34148750;0,00000000;0,00000000
9,34159150;0,04336860;0,00000000
9,34169550;0,00000000;-0,01734744
9,34179950;0,00000000;0,00000000
9,34190350;0,04336860;0,00000000
9,34200750;0,04336860;0,00000000
9,34211150;0,04336860;0,00000000
9,34221550;0,00000000;0,00000000
9,34231950;0,00000000;0,00000000
9,34242350;0,00000000;0,00000000
9,34252750;0,00000000;0,00000000
9,34263150;0,00000000;0,00000000
9,34273550;0,00000000;0,00000000
9,34283950;0,00000000;-0,01734744
9,34294350;0,04336860;0,00000000
9,34304750;0,00000000;0,00000000
9,34315150;0,00000000;0,00000000
9,34325550;0,04336860;0,00000000
9,34335950;0,04336860;0,00000000
9,34346350;0,00000000;0,00000000
9,34356750;0,00000000;0,00000000
9,34367150;0,00000000;0,00000000
9,34377550;0,04336860;0,00000000
9,34387950;0,00000000;0,00000000
9,34398350;0,00000000;0,00000000
9,34408750;0,00000000;0,00000000
9,34419150;0,00000000;0,00000000
9,34429550;0,00000000;0,00000000
9,34439950;0,04336860;0,00000000
9,34450350;0,00000000;0,00000000
9,34460750;0,04336860;0,00000000
9,34471150;0,00000000;0,00000000
9,34481550;0,00000000;0,00000000
9,34491950;0,00000000;0,00000000
9,34502350;0,00000000;0,00000000
9,34512750;0,00000000;0,00000000
9,34523150;0,00000000;0,00000000
9,34533550;0,00000000;0,00000000
9,34543950;0,00000000;0,00000000
9,34554350;0,00000000;0,00000000
9,34564750;0,00000000;0,00000000
9,34575150;0,00000000;0,00000000
9,34585550;0,00000000;0,00000000
9,34595950;0,04336860;0,00000000
9,34606350;0,00000000;0,00000000
9,34616750;0,00000000;0,00000000
9,34627150;0,04336860;0,00000000
9,34637550;0,00000000;0,00000000
9,34647950;0,00000000;0,00000000
9,34658350;0,00000000;0,00000000
9,34668750;0,00000000;0,00000000
9,34679150;0,00000000;0,00000000
9,34689550;0,00000000;0,00000000
9,34699950;0,04336860;-0,01734744
9,34710350;0,00000000;0,00000000
9,34720750;0,00000000;0,00000000
9,34731150;0,00000000;0,00000000
9,34741550;0,00000000;0,00000000
9,34751950;0,04336860;0,00000000
9,34762350;0,00000000;0,00000000
9,34772750;0,00000000;0,00000000
9,34783150;0,00000000;0,00000000
9,34793550;0,00000000;0,00000000
9,34803950;0,00000000;0,00000000
9,34814350;0,00000000;0,00000000
9,34824750;0,00000000;0,00000000
9,34835150;0,00000000;0,00000000
9,34845550;0,04336860;0,00000000
9,34855950;0,04336860;0,00000000
9,34866350;0,00000000;0,00000000
9,34876750;0,00000000;0,00000000
9,34887150;0,00000000;0,00000000
9,34897550;0,00000000;0,00000000
9,34907950;0,00000000;0,00000000
9,34918350;0,00000000;0,00000000
9,34928750;0,04336860;0,00000000
9,34939150;0,00000000;0,00000000
9,34949550;0,00000000;0,00000000
9,34959950;0,00000000;0,00000000
9,34970350;0,00000000;0,00000000
9,34980750;0,00000000;0,00000000
9,34991150;0,00000000;0,00000000
9,35001550;0,00000000;0,00000000
9,35011950;0,04336860;0,00000000
9,35022350;0,00000000;0,00000000
9,35032750;0,00000000;0,00000000
9,35043150;0,00000000;0,00000000
9,35053550;0,00000000;0,00000000
9,35063950;0,00000000;0,00000000
9,35074350;0,00000000;0,00000000
9,35084750;0,00000000;0,00000000
9,35095150;0,00000000;0,00000000
9,35105550;0,00000000;0,00000000
9,35115950;0,00000000;0,00000000
9,35126350;0,00000000;0,00000000
9,35136750;0,00000000;0,00000000
9,35147150;0,00000000;0,00000000
9,35157550;0,04336860;0,00000000
9,35167950;0,00000000;0,00000000
9,35178350;0,00000000;0,00000000
9,35188750;0,04336860;0,00000000
9,35199150;0,00000000;0,00000000
9,35209550;0,00000000;0,00000000
9,35219950;0,00000000;0,00000000
9,35230350;0,00000000;0,00000000
9,35240750;0,00000000;0,00000000
9,35251150;0,04336860;0,00000000
9,35261550;0,00000000;0,00000000
9,35271950;0,00000000;0,00000000
9,35282350;0,04336860;0,00000000
9,35292750;0,04336860;0,00000000
9,35303150;0,00000000;0,00000000
9,35313550;0,00000000;0,00000000
9,35323950;0,00000000;0,00000000
9,35334350;0,00000000;0,00000000
9,35344750;0,00000000;0,00000000
9,35355150;0,00000000;0,00000000
9,35365550;0,04336860;0,00000000
9,35375950;0,00000000;0,00000000
9,35386350;0,00000000;0,00000000
9,35396750;0,00000000;0,00000000
9,35407150;0,00000000;0,00000000
9,35417550;0,00000000;0,00000000
9,35427950;0,00000000;-0,01734744
9,35438350;0,00000000;0,00000000
9,35448750;0,00000000;0,00000000
9,35459150;0,00000000;0,00000000
9,35469550;0,00000000;0,00000000
9,35479950;0,00000000;0,00000000
9,35490350;0,00000000;0,00000000
9,35500750;0,00000000;0,00000000
9,35511150;0,00000000;0,00000000
9,35521550;0,00000000;0,00000000
9,35531950;0,04336860;0,00000000
9,35542350;0,00000000;0,00000000
9,35552750;0,04336860;0,00000000
9,35563150;0,00000000;0,00000000
9,35573550;0,00000000;0,00000000
9,35583950;0,00000000;0,00000000
9,35594350;0,00000000;0,00000000
9,35604750;0,00000000;0,00000000
9,35615150;0,00000000;0,00000000
9,35625550;0,00000000;0,00000000
9,35635950;0,00000000;0,00000000
9,35646350;0,00000000;0,00000000
9,35656750;0,00000000;-0,01734744
9,35667150;0,00000000;0,00000000
9,35677550;0,00000000;0,00000000
9,35687950;0,00000000;0,00000000
9,35698350;0,00000000;0,00000000
9,35708750;0,00000000;0,00000000
9,35719150;0,00000000;0,00000000
9,35729550;0,00000000;0,00000000
9,35739950;0,00000000;0,00000000
9,35750350;0,00000000;0,00000000
9,35760750;0,04336860;0,00000000
9,35771150;0,04336860;0,00000000
9,35781550;0,04336860;0,00000000
9,35791950;0,04336860;0,00000000
9,35802350;0,04336860;0,00000000
9,35812750;0,00000000;0,00000000
9,35823150;0,00000000;0,00000000
9,35833550;0,00000000;0,00000000
9,35843950;0,00000000;0,00000000
9,35854350;0,00000000;0,00000000
9,35864750;0,00000000;0,00000000
9,35875150;0,00000000;0,00000000
9,35885550;0,00000000;-0,01734744
9,35895950;0,00000000;0,00000000
9,35906350;0,00000000;0,00000000
9,35916750;0,00000000;0,00000000
9,35927150;0,00000000;0,00000000
9,35937550;0,00000000;0,00000000
9,35947950;0,00000000;0,00000000
9,35958350;0,00000000;0,00000000
9,35968750;0,04336860;0,00000000
9,35979150;0,00000000;0,00000000
9,35989550;0,00000000;0,00000000
9,35999950;0,00000000;0,00000000
9,36010350;0,04336860;0,00000000
9,36020750;0,00000000;0,00000000
9,36031150;0,00000000;0,00000000
9,36041550;0,04336860;0,00000000
9,36051950;0,00000000;0,00000000
9,36062350;0,00000000;-0,01734744
9,36072750;0,00000000;0,00000000
9,36083150;0,00000000;0,00000000
9,36093550;0,00000000;0,00000000
9,36103950;0,00000000;0,00000000
9,36114350;0,00000000;0,00000000
9,36124750;0,00000000;0,00000000
9,36135150;0,04336860;0,00000000
9,36145550;0,00000000;0,00000000
9,36155950;0,04336860;0,00000000
9,36166350;0,00000000;0,00000000
9,36176750;0,04336860;-0,01734744
9,36187150;0,00000000;0,00000000
9,36197550;0,00000000;0,00000000
9,36207950;0,00000000;0,00000000
9,36218350;0,04336860;-0,01734744
9,36228750;0,04336860;0,00000000
9,36239150;0,00000000;0,00000000
9,36249550;0,00000000;0,00000000
9,36259950;0,00000000;0,00000000
9,36270350;0,00000000;0,00000000
9,36280750;0,00000000;0,00000000
9,36291150;0,04336860;0,00000000
9,36301550;0,00000000;0,00000000
9,36311950;0,04336860;0,00000000
9,36322350;0,00000000;0,00000000
9,36332750;0,00000000;0,00000000
9,36343150;0,00000000;0,00000000
9,36353550;0,00000000;0,00000000
9,36363950;0,00000000;0,00000000
9,36374350;0,00000000;0,00000000
9,36384750;0,04336860;0,00000000
9,36395150;0,00000000;0,00000000
9,36405550;0,04336860;0,00000000
9,36415950;0,00000000;0,00000000
9,36426350;0,00000000;0,00000000
9,36436750;0,00000000;0,00000000
9,36447150;0,00000000;0,00000000
9,36457550;0,00000000;0,00000000
9,36467950;0,04336860;-0,01734744
9,36478350;0,00000000;0,00000000
9,36488750;0,00000000;0,00000000
9,36499150;0,00000000;0,00000000
9,36509550;0,00000000;0,00000000
9,36519950;0,00000000;0,00000000
9,36530350;0,00000000;0,00000000
9,36540750;0,00000000;0,00000000
9,36551150;0,00000000;0,00000000
9,36561550;0,04336860;0,00000000
9,36571950;0,04336860;0,00000000
9,36582350;0,00000000;0,00000000
9,36592750;0,00000000;0,00000000
9,36603150;0,00000000;0,00000000
9,36613550;0,00000000;0,00000000
9,36623950;0,00000000;0,00000000
9,36634350;0,00000000;0,00000000
9,36644750;0,00000000;0,00000000
9,36655150;0,00000000;0,00000000
9,36665550;0,00000000;0,00000000
9,36675950;0,00000000;0,00000000
9,36686350;0,00000000;0,00000000
9,36696750;0,00000000;0,00000000
9,36707150;0,00000000;0,00000000
9,36717550;0,00000000;0,00000000
9,36727950;0,00000000;0,00000000
9,36738350;0,00000000;0,00000000
9,36748750;0,00000000;0,00000000
9,36759150;0,00000000;0,00000000
9,36769550;0,00000000;0,00000000
9,36779950;0,00000000;0,00000000
9,36790350;0,00000000;-0,01734744
9,36800750;0,04336860;0,00000000
9,36811150;0,00000000;0,00000000
9,36821550;0,00000000;0,00000000
9,36831950;0,00000000;0,00000000
9,36842350;0,00000000;-0,01734744
9,36852750;0,04336860;0,00000000
9,36863150;0,00000000;0,00000000
9,36873550;0,00000000;0,00000000
9,36883949;0,00000000;0,00000000
9,36894349;0,00000000;0,00000000
9,36904749;0,04336860;0,00000000
9,36915149;0,04336860;0,00000000
9,36925549;0,00000000;0,00000000
9,36935949;0,00000000;0,00000000
9,36946349;0,00000000;0,00000000
9,36956749;0,04336860;0,00000000
9,36967149;0,00000000;0,00000000
9,36977549;0,04336860;0,00000000
9,36987949;0,00000000;0,00000000
9,36998349;0,00000000;0,00000000
9,37008749;0,00000000;0,00000000
9,37019149;0,00000000;0,00000000
9,37029549;0,00000000;0,00000000
9,37039949;0,00000000;0,00000000
9,37050349;0,00000000;0,00000000
9,37060749;0,00000000;0,00000000
9,37071149;0,00000000;0,00000000
9,37081549;0,00000000;0,00000000
9,37091949;0,00000000;0,00000000
9,37102349;0,00000000;0,00000000
9,37112749;0,00000000;0,00000000
9,37123149;0,00000000;0,00000000
9,37133549;0,00000000;0,00000000
9,37143949;0,04336860;0,00000000
9,37154349;0,00000000;0,00000000
9,37164749;0,04336860;0,00000000
9,37175149;0,00000000;0,00000000
9,37185549;0,04336860;0,00000000
9,37195949;0,00000000;0,00000000
9,37206349;0,00000000;0,00000000
9,37216749;0,00000000;0,00000000
9,37227149;0,00000000;0,00000000
9,37237549;0,00000000;0,00000000
9,37247949;0,04336860;0,00000000
9,37258349;0,00000000;-0,01734744
9,37268749;0,00000000;0,00000000
9,37279149;0,00000000;0,00000000
9,37289549;0,00000000;0,00000000
9,37299949;0,00000000;0,00000000
9,37310349;0,00000000;0,00000000
9,37320749;0,00000000;0,00000000
9,37331149;0,04336860;0,00000000
9,37341549;0,00000000;0,00000000
9,37351949;0,00000000;0,00000000
9,37362349;0,00000000;0,00000000
9,37372749;0,00000000;0,00000000
9,37383149;0,00000000;0,00000000
9,37393549;0,00000000;0,00000000
9,37403949;0,00000000;0,00000000
9,37414349;0,00000000;0,00000000
9,37424749;0,04336860;0,00000000
9,37435149;0,04336860;0,00000000
9,37445549;0,00000000;0,00000000
9,37455949;0,00000000;0,00000000
9,37466349;0,04336860;0,00000000
9,37476749;0,00000000;0,00000000
9,37487149;0,00000000;0,00000000
9,37497549;0,00000000;0,00000000
9,37507949;0,00000000;0,00000000
9,37518349;0,00000000;0,00000000
9,37528749;0,00000000;0,00000000
9,37539149;0,00000000;0,00000000
9,37549549;0,00000000;0,00000000
9,37559949;0,04336860;0,00000000
9,37570349;0,00000000;0,00000000
9,37580749;0,00000000;0,00000000
9,37591149;0,00000000;0,00000000
9,37601549;0,04336860;0,00000000
9,37611949;0,04336860;0,00000000
9,37622349;0,00000000;0,00000000
9,37632749;0,00000000;0,00000000
9,37643149;0,00000000;0,00000000
9,37653549;0,00000000;0,00000000
9,37663949;0,00000000;0,00000000
9,37674349;0,00000000;0,00000000
9,37684749;0,04336860;0,00000000
9,37695149;0,04336860;0,00000000
9,37705549;0,04336860;0,00000000
9,37715949;0,04336860;0,00000000
9,37726349;0,00000000;0,00000000
9,37736749;0,04336860;0,00000000
9,37747149;0,00000000;0,00000000
9,37757549;0,00000000;0,00000000
9,37767949;0,00000000;0,00000000
9,37778349;0,00000000;0,00000000
9,37788749;0,00000000;0,00000000
9,37799149;0,00000000;0,00000000
9,37809549;0,04336860;0,00000000
9,37819949;0,04336860;0,00000000
9,37830349;0,00000000;0,00000000
9,37840749;0,00000000;0,00000000
9,37851149;0,00000000;0,00000000
9,37861549;0,00000000;0,00000000
9,37871949;0,00000000;0,00000000
9,37882349;0,00000000;0,00000000
9,37892749;0,00000000;0,00000000
9,37903149;0,00000000;0,00000000
9,37913549;0,00000000;0,00000000
9,37923949;0,04336860;0,00000000
9,37934349;0,00000000;0,00000000
9,37944749;0,00000000;0,00000000
9,37955149;0,00000000;0,00000000
9,37965549;0,00000000;0,00000000
9,37975949;0,00000000;0,00000000
9,37986349;0,00000000;0,00000000
9,37996749;0,00000000;0,00000000
9,38007149;0,00000000;0,00000000
9,38017549;0,00000000;0,00000000
9,38027949;0,00000000;0,00000000
9,38038349;0,04336860;0,00000000
9,38048749;0,00000000;0,00000000
9,38059149;0,00000000;0,00000000
9,38069549;0,00000000;0,00000000
9,38079949;0,00000000;0,00000000
9,38090349;0,04336860;0,00000000
9,38100749;0,00000000;0,00000000
9,38111149;0,00000000;0,00000000
9,38121549;0,04336860;0,00000000
9,38131949;0,04336860;0,00000000
9,38142349;0,00000000;0,00000000
9,38152749;0,04336860;0,00000000
9,38163149;0,04336860;0,00000000
9,38173549;0,00000000;0,00000000
9,38183949;0,00000000;0,00000000
9,38194349;0,04336860;0,00000000
9,38204749;0,00000000;0,00000000
9,38215149;0,00000000;0,00000000
9,38225549;0,04336860;0,00000000
9,38235949;0,00000000;0,00000000
9,38246349;0,04336860;0,00000000
9,38256749;0,00000000;0,00000000
9,38267149;0,00000000;0,00000000
9,38277549;0,04336860;0,00000000
9,38287949;0,00000000;0,00000000
9,38298349;0,00000000;0,00000000
9,38308749;0,00000000;0,00000000
9,38319149;0,04336860;0,00000000
9,38329549;0,00000000;0,00000000
9,38339949;0,00000000;0,00000000
9,38350349;0,00000000;0,00000000
9,38360749;0,00000000;0,00000000
9,38371149;0,00000000;0,00000000
9,38381549;0,00000000;0,00000000
9,38391949;0,00000000;0,00000000
9,38402349;0,00000000;0,00000000
9,38412749;0,00000000;0,00000000
9,38423149;0,00000000;0,00000000
9,38433549;0,00000000;0,00000000
9,38443949;0,00000000;0,00000000
9,38454349;0,00000000;0,00000000
9,38464749;0,00000000;0,00000000
9,38475149;0,00000000;0,00000000
9,38485549;0,00000000;0,00000000
9,38495949;0,00000000;0,00000000
9,38506349;0,04336860;0,00000000
9,38516749;0,04336860;0,00000000
9,38527149;0,00000000;0,00000000
9,38537549;0,04336860;0,00000000
9,38547949;0,00000000;0,00000000
9,38558349;0,00000000;0,00000000
9,38568749;0,00000000;0,00000000
9,38579149;0,00000000;0,00000000
9,38589549;0,00000000;0,00000000
9,38599949;0,04336860;0,00000000
9,38610349;0,00000000;0,00000000
9,38620749;0,00000000;0,00000000
9,38631149;0,00000000;0,00000000
9,38641549;0,00000000;0,00000000
9,38651949;0,00000000;0,00000000
9,38662349;0,00000000;0,00000000
9,38672749;0,00000000;0,00000000
9,38683149;0,00000000;0,00000000
9,38693549;0,04336860;0,00000000
9,38703949;-0,04336860;0,00000000
9,38714349;0,00000000;0,00000000
9,38724749;0,00000000;0,00000000
9,38735149;0,00000000;0,00000000
9,38745549;0,00000000;0,00000000
9,38755949;0,00000000;0,00000000
9,38766349;0,00000000;0,00000000
9,38776749;0,00000000;0,00000000
9,38787149;0,00000000;0,00000000
9,38797549;0,00000000;0,00000000
9,38807949;0,04336860;0,00000000
9,38818349;0,00000000;0,00000000
9,38828749;0,00000000;0,00000000
9,38839149;0,00000000;0,00000000
9,38849549;0,00000000;0,00000000
9,38859949;0,00000000;0,00000000
9,38870349;0,00000000;0,00000000
9,38880749;0,04336860;0,00000000
9,38891149;0,00000000;0,00000000
9,38901549;0,00000000;0,00000000
9,38911949;0,00000000;0,00000000
9,38922349;0,00000000;0,00000000
9,38932749;0,04336860;0,00000000
9,38943149;0,00000000;0,00000000
9,38953549;0,00000000;0,00000000
9,38963949;0,00000000;0,00000000
9,38974349;0,00000000;0,00000000
9,38984749;0,00000000;0,00000000
9,38995149;0,00000000;0,00000000
9,39005549;0,00000000;0,00000000
9,39015949;0,00000000;0,00000000
9,39026349;0,00000000;0,00000000
9,39036749;0,00000000;0,00000000
9,39047149;0,00000000;-0,01734744
9,39057549;0,00000000;0,00000000
9,39067949;0,00000000;0,00000000
9,39078349;0,04336860;0,00000000
9,39088749;0,00000000;0,00000000
9,39099149;0,00000000;0,00000000
9,39109549;0,00000000;0,00000000
9,39119949;0,04336860;0,00000000
9,39130349;0,00000000;0,00000000
9,39140749;0,00000000;0,00000000
9,39151149;0,04336860;0,00000000
9,39161549;0,00000000;0,00000000
9,39171949;0,00000000;0,00000000
9,39182349;0,00000000;0,00000000
9,39192749;0,00000000;0,00000000
9,39203149;0,00000000;0,00000000
9,39213549;0,00000000;0,00000000
9,39223949;0,00000000;0,00000000
9,39234349;0,00000000;0,00000000
9,39244749;0,00000000;0,00000000
9,39255149;0,00000000;0,00000000
9,39265549;0,00000000;0,00000000
9,39275949;0,04336860;0,00000000
9,39286349;0,00000000;0,00000000
9,39296749;0,04336860;0,00000000
9,39307149;0,00000000;0,00000000
9,39317549;0,00000000;0,00000000
9,39327949;0,04336860;0,00000000
9,39338349;0,04336860;0,00000000
9,39348749;0,00000000;0,00000000
9,39359149;0,04336860;0,00000000
9,39369549;0,00000000;0,00000000
9,39379949;0,00000000;0,00000000
9,39390349;0,04336860;0,00000000
9,39400749;0,00000000;0,00000000
9,39411149;0,00000000;0,00000000
9,39421549;0,00000000;0,00000000
9,39431949;0,00000000;0,00000000
9,39442349;0,00000000;0,00000000
9,39452749;0,00000000;0,00000000
9,39463149;0,04336860;0,00000000
9,39473549;0,04336860;0,00000000
9,39483949;0,00000000;0,00000000
9,39494349;0,00000000;0,00000000
9,39504749;0,00000000;0,00000000
9,39515149;0,00000000;0,00000000
9,39525549;0,00000000;0,00000000
9,39535949;0,00000000;0,00000000
9,39546349;0,00000000;0,00000000
9,39556749;0,00000000;0,00000000
9,39567149;0,00000000;0,00000000
9,39577549;0,00000000;0,00000000
9,39587949;0,00000000;0,00000000
9,39598349;0,00000000;0,00000000
9,39608749;0,04336860;0,00000000
9,39619149;0,00000000;0,00000000
9,39629549;0,00000000;0,00000000
9,39639949;0,04336860;0,00000000
9,39650349;0,00000000;0,00000000
9,39660749;0,04336860;0,00000000
9,39671149;0,00000000;0,00000000
9,39681549;0,04336860;0,00000000
9,39691949;0,00000000;0,00000000
9,39702349;0,00000000;0,00000000
9,39712749;0,00000000;0,00000000
9,39723149;0,04336860;0,00000000
9,39733549;0,00000000;0,00000000
9,39743949;0,00000000;0,00000000
9,39754349;0,00000000;0,00000000
9,39764749;0,00000000;0,00000000
9,39775149;0,00000000;0,00000000
9,39785549;0,00000000;0,00000000
9,39795949;0,00000000;0,00000000
9,39806349;0,00000000;0,00000000
9,39816749;0,00000000;0,00000000
9,39827149;0,00000000;0,00000000
9,39837549;0,00000000;0,00000000
9,39847949;0,04336860;0,00000000
9,39858349;0,00000000;0,00000000
9,39868749;0,00000000;0,00000000
9,39879149;0,00000000;-0,01734744
9,39889549;0,00000000;0,00000000
9,39899949;0,00000000;0,00000000
9,39910349;0,00000000;0,00000000
9,39920749;0,00000000;0,00000000
9,39931149;0,00000000;0,00000000
9,39941549;0,00000000;0,00000000
9,39951949;0,00000000;0,00000000
9,39962349;0,00000000;-0,01734744
9,39972749;0,04336860;0,00000000
9,39983149;0,04336860;0,00000000
9,39993549;0,04336860;0,00000000
9,40003949;0,00000000;0,00000000
9,40014349;0,00000000;0,00000000
9,40024749;0,00000000;0,00000000
9,40035149;0,00000000;0,00000000
9,40045549;0,00000000;0,00000000
9,40055949;0,00000000;0,00000000
9,40066349;0,00000000;0,00000000
9,40076749;0,00000000;0,00000000
9,40087149;0,00000000;0,00000000
9,40097549;0,00000000;0,00000000
9,40107949;0,00000000;0,00000000
9,40118349;0,00000000;0,00000000
9,40128749;0,00000000;0,00000000
9,40139149;0,04336860;0,00000000
9,40149549;0,00000000;0,00000000
9,40159949;0,04336860;0,00000000
9,40170349;0,04336860;0,00000000
9,40180749;0,00000000;0,00000000
9,40191149;0,00000000;0,00000000
9,40201549;0,00000000;0,00000000
9,40211949;0,04336860;0,00000000
9,40222349;0,00000000;0,00000000
9,40232749;0,00000000;0,00000000
9,40243149;0,00000000;0,00000000
9,40253549;0,00000000;0,00000000
9,40263949;0,04336860;0,00000000
9,40274349;0,04336860;0,00000000
9,40284749;0,04336860;0,00000000
9,40295149;0,00000000;0,00000000
9,40305549;0,04336860;0,00000000
9,40315949;0,04336860;0,00000000
9,40326349;0,00000000;0,00000000
9,40336749;0,04336860;0,00000000
9,40347149;0,00000000;0,00000000
9,40357549;0,00000000;0,00000000
9,40367949;0,00000000;0,00000000
9,40378349;0,00000000;0,00000000
9,40388749;0,00000000;0,00000000
9,40399149;0,00000000;0,00000000
9,40409549;0,00000000;0,00000000
9,40419949;0,00000000;0,00000000
9,40430349;0,00000000;0,00000000
9,40440749;0,00000000;0,00000000
9,40451149;0,00000000;0,00000000
9,40461549;0,00000000;0,00000000
9,40471949;0,00000000;0,00000000
9,40482349;0,00000000;0,00000000
9,40492749;0,04336860;0,00000000
9,40503149;0,00000000;0,00000000
9,40513549;0,00000000;0,00000000
9,40523949;0,00000000;0,00000000
9,40534349;0,00000000;0,00000000
9,40544749;0,00000000;0,00000000
9,40555149;0,00000000;0,00000000
9,40565549;0,00000000;0,00000000
9,40575949;0,00000000;0,00000000
9,40586349;0,00000000;0,00000000
9,40596749;0,00000000;0,00000000
9,40607149;0,00000000;0,00000000
9,40617549;0,00000000;0,00000000
9,40627949;0,00000000;0,00000000
9,40638349;0,00000000;0,00000000
9,40648749;0,00000000;0,00000000
9,40659149;0,00000000;0,00000000
9,40669549;0,00000000;0,00000000
9,40679949;0,04336860;0,00000000
9,40690349;0,00000000;0,00000000
9,40700749;0,04336860;0,00000000
9,40711149;0,00000000;0,00000000
9,40721549;0,04336860;0,00000000
9,40731949;0,00000000;0,00000000
9,40742349;0,00000000;0,00000000
9,40752749;0,00000000;0,00000000
9,40763149;0,00000000;0,00000000
9,40773549;0,04336860;0,00000000
9,40783949;0,04336860;0,00000000
9,40794349;0,04336860;0,00000000
9,40804749;0,00000000;0,00000000
9,40815149;0,00000000;0,00000000
9,40825549;0,00000000;0,00000000
9,40835949;0,04336860;0,00000000
9,40846349;0,00000000;0,00000000
9,40856749;0,00000000;0,00000000
9,40867149;0,00000000;0,00000000
9,40877549;0,00000000;0,00000000
9,40887949;0,00000000;0,00000000
9,40898349;0,00000000;0,00000000
9,40908749;0,04336860;0,00000000
9,40919149;0,00000000;0,00000000
9,40929549;0,00000000;0,00000000
9,40939949;0,00000000;0,00000000
9,40950349;0,00000000;0,00000000
9,40960749;0,04336860;0,00000000
9,40971149;0,00000000;0,00000000
9,40981549;0,04336860;0,00000000
9,40991949;0,00000000;0,00000000
9,41002349;0,04336860;0,00000000
9,41012749;0,00000000;0,00000000
9,41023149;0,04336860;0,00000000
9,41033549;0,00000000;0,00000000
9,41043949;0,00000000;0,00000000
9,41054349;0,00000000;0,00000000
9,41064749;0,04336860;0,00000000
9,41075149;0,04336860;0,00000000
9,41085549;0,04336860;0,00000000
9,41095949;0,04336860;0,00000000
9,41106349;0,00000000;0,00000000
9,41116749;0,00000000;0,00000000
9,41127149;0,00000000;0,00000000
9,41137549;0,00000000;0,00000000
9,41147949;0,00000000;0,00000000
9,41158349;0,04336860;0,00000000
9,41168749;0,04336860;0,00000000
9,41179149;0,00000000;0,00000000
9,41189549;0,00000000;0,00000000
9,41199949;0,00000000;0,00000000
9,41210349;0,04336860;0,00000000
9,41220749;0,00000000;0,00000000
9,41231149;0,00000000;0,00000000
9,41241549;0,04336860;0,00000000
9,41251949;0,00000000;0,00000000
9,41262349;0,00000000;0,00000000
9,41272749;0,04336860;0,00000000
9,41283149;0,00000000;0,00000000
9,41293549;0,00000000;0,00000000
9,41303949;0,00000000;0,00000000
9,41314349;0,00000000;0,00000000
9,41324749;0,04336860;0,00000000
9,41335149;0,00000000;0,00000000
9,41345549;0,04336860;0,00000000
9,41355949;0,00000000;0,00000000
9,41366349;0,00000000;0,00000000
9,41376749;0,04336860;0,00000000
9,41387149;0,00000000;0,00000000
9,41397549;0,04336860;0,00000000
9,41407949;0,00000000;0,00000000
9,41418349;0,00000000;0,00000000
9,41428749;0,04336860;0,00000000
9,41439149;0,00000000;0,00000000
9,41449549;0,00000000;0,00000000
9,41459949;0,00000000;0,00000000
9,41470349;0,00000000;0,00000000
9,41480749;0,00000000;0,00000000
9,41491149;0,00000000;0,00000000
9,41501549;0,00000000;0,00000000
9,41511949;0,00000000;0,00000000
9,41522349;0,00000000;0,00000000
9,41532749;0,00000000;0,00000000
9,41543149;0,04336860;0,00000000
9,41553549;0,00000000;0,00000000
9,41563949;0,00000000;0,00000000
9,41574349;0,00000000;0,00000000
9,41584749;0,00000000;0,00000000
9,41595149;0,00000000;0,00000000
9,41605549;0,00000000;0,00000000
9,41615949;0,00000000;0,00000000
9,41626349;0,00000000;0,00000000
9,41636749;0,00000000;0,00000000
9,41647149;0,00000000;0,00000000
9,41657549;0,00000000;0,00000000
9,41667949;0,00000000;0,00000000
9,41678349;0,04336860;0,00000000
9,41688749;0,00000000;0,00000000
9,41699149;0,00000000;0,00000000
9,41709549;0,00000000;0,00000000
9,41719949;0,00000000;0,00000000
9,41730349;0,04336860;0,00000000
9,41740749;0,00000000;0,00000000
9,41751149;0,00000000;0,00000000
9,41761549;0,00000000;0,00000000
9,41771949;0,00000000;0,00000000
9,41782349;0,00000000;0,00000000
9,41792749;0,00000000;0,00000000
9,41803149;0,00000000;0,00000000
9,41813549;0,04336860;0,00000000
9,41823949;0,00000000;0,00000000
9,41834349;0,04336860;0,00000000
9,41844749;0,00000000;0,00000000
9,41855149;0,00000000;0,00000000
9,41865549;0,00000000;0,00000000
9,41875949;0,00000000;0,00000000
9,41886349;0,04336860;0,00000000
9,41896749;0,00000000;0,00000000
9,41907149;0,00000000;0,00000000
9,41917549;0,00000000;0,00000000
9,41927949;0,00000000;0,00000000
9,41938349;0,00000000;0,00000000
9,41948749;0,00000000;0,00000000
9,41959149;0,00000000;0,00000000
9,41969549;0,00000000;0,00000000
9,41979949;0,00000000;0,00000000
9,41990349;0,00000000;0,00000000
9,42000749;0,04336860;0,00000000
9,42011149;0,00000000;0,00000000
9,42021549;0,00000000;0,00000000
9,42031949;0,00000000;0,00000000
9,42042349;0,00000000;0,00000000
9,42052749;0,04336860;0,00000000
9,42063149;0,04336860;0,00000000
9,42073549;0,00000000;0,00000000
9,42083949;0,00000000;0,00000000
9,42094349;0,00000000;0,00000000
9,42104749;0,04336860;0,00000000
9,42115149;0,04336860;-0,01734744
9,42125549;0,00000000;0,00000000
9,42135949;0,04336860;0,00000000
9,42146349;0,00000000;0,00000000
9,42156749;0,00000000;0,00000000
9,42167149;0,00000000;0,00000000
9,42177549;0,04336860;0,00000000
9,42187949;0,00000000;0,00000000
9,42198349;0,00000000;0,00000000
9,42208749;0,00000000;0,00000000
9,42219149;0,00000000;0,00000000
9,42229549;0,04336860;0,00000000
9,42239949;0,00000000;0,00000000
9,42250349;0,00000000;0,00000000
9,42260749;0,00000000;0,00000000
9,42271149;0,00000000;0,00000000
9,42281549;0,04336860;0,00000000
9,42291949;0,00000000;0,00000000
9,42302349;0,04336860;0,00000000
9,42312749;0,00000000;0,00000000
9,42323149;0,00000000;0,00000000
9,42333549;0,00000000;0,00000000
9,42343949;0,00000000;0,00000000
9,42354349;0,00000000;0,00000000
9,42364749;0,00000000;0,00000000
9,42375149;0,00000000;0,00000000
9,42385549;0,00000000;0,00000000
9,42395949;0,04336860;0,00000000
9,42406349;0,04336860;0,00000000
9,42416749;0,00000000;0,00000000
9,42427149;0,00000000;0,00000000
9,42437549;0,00000000;0,00000000
9,42447949;0,00000000;0,00000000
9,42458349;0,00000000;0,00000000
9,42468749;0,00000000;0,00000000
9,42479149;0,00000000;0,00000000
9,42489549;0,00000000;0,00000000
9,42499949;0,04336860;0,00000000
9,42510349;0,00000000;0,00000000
9,42520749;0,00000000;0,00000000
9,42531149;0,04336860;0,00000000
9,42541549;0,00000000;0,00000000
9,42551949;0,00000000;0,00000000
9,42562349;0,00000000;0,00000000
9,42572749;0,00000000;0,00000000
9,42583149;0,00000000;0,00000000
9,42593549;0,00000000;0,00000000
9,42603949;0,00000000;0,00000000
9,42614349;0,00000000;0,00000000
9,42624749;0,04336860;0,00000000
9,42635149;0,04336860;0,00000000
9,42645549;0,00000000;0,00000000
9,42655949;0,00000000;0,00000000
9,42666349;0,04336860;0,00000000
9,42676749;0,00000000;0,00000000
9,42687149;0,04336860;0,00000000
9,42697549;0,00000000;0,00000000
9,42707949;0,00000000;0,00000000
9,42718349;0,04336860;0,00000000
9,42728749;0,00000000;0,00000000
9,42739149;0,04336860;0,00000000
9,42749549;0,00000000;0,00000000
9,42759949;0,00000000;0,00000000
9,42770349;0,04336860;0,00000000
9,42780749;0,04336860;0,00000000
9,42791149;0,00000000;0,00000000
9,42801549;0,00000000;0,00000000
9,42811949;0,04336860;0,00000000
9,42822349;0,00000000;-0,01734744
9,42832749;0,00000000;0,00000000
9,42843149;0,04336860;0,00000000
9,42853549;0,04336860;0,00000000
9,42863949;0,00000000;0,00000000
9,42874349;0,00000000;0,00000000
9,42884749;0,00000000;0,00000000
9,42895149;0,00000000;0,00000000
9,42905549;0,00000000;0,00000000
9,42915949;0,00000000;0,00000000
9,42926349;0,00000000;0,00000000
9,42936749;0,00000000;0,00000000
9,42947149;0,00000000;0,00000000
9,42957549;0,00000000;0,00000000
9,42967949;0,04336860;0,00000000
9,42978349;0,04336860;0,00000000
9,42988749;0,00000000;0,00000000
9,42999149;0,00000000;0,00000000
9,43009549;0,00000000;0,00000000
9,43019949;0,00000000;0,00000000
9,43030349;0,00000000;0,00000000
9,43040749;0,00000000;0,00000000
9,43051149;0,00000000;0,00000000
9,43061549;0,00000000;0,00000000
9,43071949;0,04336860;0,00000000
9,43082349;0,04336860;0,00000000
9,43092749;0,00000000;-0,01734744
9,43103149;0,00000000;0,00000000
9,43113549;0,00000000;0,00000000
9,43123949;0,00000000;0,00000000
9,43134349;0,00000000;0,00000000
9,43144749;0,04336860;0,00000000
9,43155149;0,04336860;0,00000000
9,43165549;0,00000000;0,00000000
9,43175949;0,00000000;0,00000000
9,43186349;0,00000000;0,00000000
9,43196749;0,00000000;0,00000000
9,43207149;0,04336860;0,00000000
9,43217549;0,04336860;0,00000000
9,43227949;0,00000000;0,00000000
9,43238349;0,00000000;0,00000000
9,43248749;0,00000000;0,00000000
9,43259149;0,00000000;0,00000000
9,43269549;0,00000000;0,00000000
9,43279949;0,00000000;0,00000000
9,43290349;0,00000000;0,00000000
9,43300749;0,00000000;0,00000000
9,43311149;0,00000000;0,00000000
9,43321549;0,00000000;0,00000000
9,43331949;0,00000000;0,00000000
9,43342349;0,00000000;0,00000000
9,43352749;0,00000000;0,00000000
9,43363149;0,00000000;0,00000000
9,43373549;0,00000000;0,00000000
9,43383949;0,00000000;0,00000000
9,43394349;0,00000000;0,00000000
9,43404749;0,00000000;0,00000000
9,43415149;0,00000000;0,00000000
9,43425549;0,00000000;0,00000000
9,43435949;0,04336860;0,00000000
9,43446349;0,04336860;0,00000000
9,43456749;0,00000000;0,00000000
9,43467149;0,00000000;0,00000000
9,43477549;0,04336860;0,00000000
9,43487949;0,00000000;0,00000000
9,43498349;0,00000000;0,00000000
9,43508749;0,04336860;0,00000000
9,43519149;0,04336860;0,00000000
9,43529549;0,04336860;0,00000000
9,43539949;0,00000000;0,00000000
9,43550349;0,00000000;0,00000000
9,43560749;0,00000000;0,00000000
9,43571149;0,04336860;0,00000000
9,43581549;0,00000000;0,00000000
9,43591949;0,00000000;0,00000000
9,43602349;0,00000000;0,00000000
9,43612749;0,00000000;0,00000000
9,43623149;0,00000000;0,00000000
9,43633549;0,00000000;0,00000000
9,43643949;0,00000000;0,00000000
9,43654349;0,00000000;0,00000000
9,43664749;0,00000000;0,00000000
9,43675149;0,00000000;0,00000000
9,43685549;0,00000000;0,00000000
9,43695949;0,00000000;0,00000000
9,43706349;0,00000000;0,00000000
9,43716749;0,04336860;0,00000000
9,43727149;0,04336860;0,00000000
9,43737549;0,00000000;0,00000000
9,43747949;0,00000000;0,00000000
9,43758349;0,04336860;0,00000000
9,43768749;0,00000000;0,00000000
9,43779149;0,00000000;0,00000000
9,43789549;0,00000000;0,00000000
9,43799949;0,00000000;0,00000000
9,43810349;0,04336860;0,00000000
9,43820749;0,04336860;0,00000000
9,43831149;0,00000000;0,00000000
9,43841549;0,00000000;0,00000000
9,43851949;0,00000000;0,00000000
9,43862349;0,00000000;0,00000000
9,43872749;0,04336860;0,00000000
9,43883149;0,00000000;0,00000000
9,43893549;0,04336860;0,00000000
9,43903949;0,00000000;0,00000000
9,43914349;0,00000000;0,00000000
9,43924749;0,04336860;0,00000000
9,43935149;0,00000000;0,00000000
9,43945549;0,00000000;0,00000000
9,43955949;0,00000000;0,00000000
9,43966349;0,00000000;0,00000000
9,43976749;0,04336860;0,00000000
9,43987149;0,00000000;0,00000000
9,43997549;0,00000000;0,00000000
9,44007949;0,00000000;0,00000000
9,44018349;0,00000000;0,00000000
9,44028749;0,00000000;0,00000000
9,44039149;0,04336860;0,00000000
9,44049549;0,00000000;0,00000000
9,44059949;0,04336860;0,00000000
9,44070349;0,04336860;0,00000000
9,44080749;0,00000000;0,00000000
9,44091149;0,00000000;0,00000000
9,44101549;0,04336860;0,00000000
9,44111949;0,04336860;0,00000000
9,44122349;0,00000000;0,00000000
9,44132749;0,00000000;0,00000000
9,44143149;0,00000000;0,00000000
9,44153549;0,04336860;0,00000000
9,44163949;0,00000000;0,00000000
9,44174349;0,04336860;0,00000000
9,44184749;0,04336860;0,00000000
9,44195149;0,00000000;0,00000000
9,44205549;0,00000000;0,00000000
9,44215949;0,04336860;0,00000000
9,44226349;0,00000000;0,00000000
9,44236749;0,00000000;0,00000000
9,44247149;0,00000000;0,00000000
9,44257549;0,00000000;0,00000000
9,44267949;0,04336860;0,00000000
9,44278349;0,00000000;0,00000000
9,44288749;0,00000000;0,00000000
9,44299149;0,04336860;0,00000000
9,44309549;0,00000000;0,00000000
9,44319949;0,00000000;0,00000000
9,44330349;0,00000000;0,00000000
9,44340749;0,00000000;0,00000000
9,44351149;0,00000000;0,00000000
9,44361549;0,04336860;0,00000000
9,44371949;0,04336860;0,00000000
9,44382349;0,00000000;0,00000000
9,44392749;0,00000000;0,00000000
9,44403149;0,00000000;0,00000000
9,44413549;0,00000000;0,00000000
9,44423949;0,00000000;0,00000000
9,44434349;0,00000000;0,00000000
9,44444749;0,00000000;0,00000000
9,44455149;0,00000000;0,00000000
9,44465549;0,00000000;0,00000000
9,44475949;0,04336860;0,00000000
9,44486349;0,04336860;0,00000000
9,44496749;0,00000000;0,00000000
9,44507149;0,00000000;0,00000000
9,44517549;0,04336860;0,00000000
9,44527949;0,00000000;0,00000000
9,44538349;0,00000000;0,00000000
9,44548749;0,00000000;0,00000000
9,44559149;0,00000000;0,00000000
9,44569549;0,04336860;0,00000000
9,44579949;0,00000000;0,00000000
9,44590349;0,00000000;0,00000000
9,44600749;0,00000000;0,00000000
9,44611149;0,00000000;0,00000000
9,44621549;0,00000000;0,00000000
9,44631949;0,00000000;0,00000000
9,44642349;0,00000000;0,00000000
9,44652749;0,00000000;0,00000000
9,44663149;0,04336860;0,00000000
9,44673549;0,00000000;0,00000000
9,44683949;0,00000000;0,00000000
9,44694349;0,00000000;0,00000000
9,44704749;0,00000000;0,00000000
9,44715149;0,00000000;0,00000000
9,44725549;0,00000000;0,00000000
9,44735949;0,00000000;0,00000000
9,44746349;0,04336860;0,00000000
9,44756749;0,04336860;0,00000000
9,44767149;0,00000000;0,00000000
9,44777549;0,00000000;0,00000000
9,44787949;0,00000000;0,00000000
9,44798349;0,00000000;0,00000000
9,44808749;0,00000000;0,00000000
9,44819149;0,00000000;0,00000000
9,44829549;0,00000000;0,00000000
9,44839949;0,00000000;0,00000000
9,44850349;0,04336860;0,00000000
9,44860749;0,04336860;0,00000000
9,44871149;0,00000000;0,00000000
9,44881549;0,00000000;0,00000000
9,44891949;0,00000000;0,00000000
9,44902349;0,04336860;0,00000000
9,44912749;0,00000000;0,00000000
9,44923149;0,00000000;0,00000000
9,44933549;0,00000000;0,00000000
9,44943949;0,00000000;0,00000000
9,44954349;0,00000000;0,00000000
9,44964749;0,00000000;0,00000000
9,44975149;0,00000000;0,00000000
9,44985549;0,00000000;0,00000000
9,44995949;0,00000000;0,00000000
9,45006349;0,00000000;0,00000000
9,45016749;0,00000000;0,00000000
9,45027149;0,00000000;0,00000000
9,45037549;0,00000000;0,00000000
9,45047949;0,00000000;0,00000000
9,45058349;0,00000000;0,00000000
9,45068749;0,04336860;0,00000000
9,45079149;0,00000000;0,00000000
9,45089549;0,00000000;0,00000000
9,45099949;0,00000000;0,00000000
9,45110349;0,04336860;0,00000000
9,45120749;0,04336860;0,00000000
9,45131149;0,00000000;0,00000000
9,45141549;0,00000000;-0,01734744
9,45151949;0,00000000;0,00000000
9,45162349;0,00000000;0,00000000
9,45172749;0,04336860;0,00000000
9,45183149;0,00000000;0,00000000
9,45193549;0,04336860;0,00000000
9,45203949;0,04336860;0,00000000
9,45214349;0,00000000;0,00000000
9,45224749;0,00000000;0,00000000
9,45235149;0,00000000;0,00000000
9,45245549;0,00000000;0,00000000
9,45255949;0,04336860;0,00000000
9,45266349;0,04336860;0,00000000
9,45276749;0,00000000;0,00000000
9,45287149;0,00000000;0,00000000
9,45297549;0,00000000;0,00000000
9,45307949;0,00000000;0,00000000
9,45318349;0,00000000;0,00000000
9,45328749;0,00000000;0,00000000
9,45339149;0,00000000;0,00000000
9,45349549;0,00000000;0,00000000
9,45359949;0,00000000;0,00000000
9,45370349;0,04336860;0,00000000
9,45380749;0,04336860;0,00000000
9,45391149;0,00000000;0,00000000
9,45401549;0,00000000;0,00000000
9,45411949;0,00000000;0,00000000
9,45422349;0,04336860;0,00000000
9,45432749;0,00000000;0,00000000
9,45443149;0,00000000;0,00000000
9,45453549;0,04336860;0,00000000
9,45463949;0,00000000;0,00000000
9,45474349;0,00000000;0,00000000
9,45484749;0,04336860;0,00000000
9,45495149;0,00000000;0,00000000
9,45505549;0,04336860;0,00000000
9,45515949;0,00000000;0,00000000
9,45526349;0,00000000;0,00000000
9,45536749;0,00000000;0,00000000
9,45547149;0,00000000;0,00000000
9,45557549;0,04336860;0,00000000
9,45567949;0,00000000;0,00000000
9,45578349;0,00000000;0,00000000
9,45588749;0,00000000;0,00000000
9,45599149;0,04336860;0,00000000
9,45609549;0,04336860;0,00000000
9,45619949;0,00000000;0,00000000
9,45630349;0,00000000;0,00000000
9,45640749;0,04336860;0,00000000
9,45651149;0,04336860;0,00000000
9,45661549;0,00000000;-0,01734744
9,45671949;0,00000000;0,00000000
9,45682349;0,00000000;0,00000000
9,45692749;0,04336860;0,00000000
9,45703149;0,00000000;-0,01734744
9,45713549;0,00000000;0,00000000
9,45723949;0,00000000;0,00000000
9,45734349;0,00000000;0,00000000
9,45744749;0,00000000;0,00000000
9,45755149;0,00000000;0,00000000
9,45765549;0,00000000;0,00000000
9,45775949;0,00000000;0,00000000
9,45786349;0,04336860;0,00000000
9,45796749;0,04336860;0,00000000
9,45807149;0,00000000;0,00000000
9,45817549;0,00000000;0,00000000
9,45827949;0,00000000;0,00000000
9,45838349;0,00000000;0,00000000
9,45848749;0,00000000;0,00000000
9,45859149;0,04336860;0,00000000
9,45869549;0,00000000;0,00000000
9,45879949;0,00000000;0,00000000
9,45890349;0,04336860;0,00000000
9,45900749;0,00000000;0,00000000
9,45911149;0,00000000;0,00000000
9,45921549;0,00000000;0,00000000
9,45931949;0,00000000;0,00000000
9,45942349;0,00000000;0,00000000
9,45952749;0,00000000;0,00000000
9,45963149;0,00000000;0,00000000
9,45973549;0,04336860;0,00000000
9,45983949;0,00000000;0,00000000
9,45994349;0,00000000;0,00000000
9,46004749;0,00000000;0,00000000
9,46015149;0,00000000;0,00000000
9,46025549;0,00000000;0,00000000
9,46035949;0,04336860;0,00000000
9,46046349;0,00000000;0,00000000
9,46056749;0,00000000;0,00000000
9,46067149;0,00000000;-0,01734744
9,46077549;0,00000000;0,00000000
9,46087949;0,04336860;0,00000000
9,46098349;0,04336860;0,00000000
9,46108749;0,00000000;0,00000000
9,46119149;0,00000000;0,00000000
9,46129549;0,04336860;0,00000000
9,46139949;0,04336860;0,00000000
9,46150349;0,04336860;0,00000000
9,46160749;0,00000000;0,00000000
9,46171149;0,00000000;0,00000000
9,46181549;0,00000000;0,00000000
9,46191949;0,04336860;0,00000000
9,46202349;0,04336860;0,00000000
9,46212749;0,00000000;0,00000000
9,46223149;0,00000000;0,00000000
9,46233549;0,00000000;0,00000000
9,46243949;0,04336860;0,00000000
9,46254349;0,00000000;0,00000000
9,46264749;0,00000000;0,00000000
9,46275149;0,00000000;0,00000000
9,46285549;0,00000000;0,00000000
9,46295949;0,00000000;0,00000000
9,46306349;0,00000000;0,00000000
9,46316749;0,04336860;0,00000000
9,46327149;0,00000000;0,00000000
9,46337549;0,00000000;0,00000000
9,46347949;0,00000000;0,00000000
9,46358349;0,00000000;0,00000000
9,46368749;0,00000000;-0,01734744
9,46379149;0,04336860;0,00000000
9,46389549;0,00000000;0,00000000
9,46399949;0,00000000;0,00000000
9,46410349;0,00000000;0,00000000
9,46420749;0,00000000;0,00000000
9,46431149;0,04336860;-0,01734744
9,46441549;0,00000000;0,00000000
9,46451949;0,00000000;0,00000000
9,46462349;0,00000000;0,00000000
9,46472749;0,00000000;0,00000000
9,46483149;0,00000000;0,00000000
9,46493549;0,00000000;0,00000000
9,46503949;0,04336860;0,00000000
9,46514349;0,00000000;0,00000000
9,46524749;0,00000000;0,00000000
9,46535149;0,04336860;0,00000000
9,46545549;0,00000000;0,00000000
9,46555949;0,00000000;0,00000000
9,46566349;0,00000000;0,00000000
9,46576749;0,04336860;0,00000000
9,46587149;0,00000000;0,00000000
9,46597549;0,00000000;-0,01734744
9,46607949;0,04336860;0,00000000
9,46618349;0,00000000;0,00000000
9,46628749;0,00000000;0,00000000
9,46639149;0,04336860;0,00000000
9,46649549;0,00000000;0,00000000
9,46659949;0,04336860;0,00000000
9,46670349;0,04336860;0,00000000
9,46680749;0,00000000;0,00000000
9,46691149;0,00000000;0,00000000
9,46701549;0,00000000;0,00000000
9,46711949;0,00000000;0,00000000
9,46722349;0,00000000;0,00000000
9,46732749;0,00000000;0,00000000
9,46743149;0,04336860;0,00000000
9,46753549;0,00000000;0,00000000
9,46763949;0,00000000;0,00000000
9,46774349;0,04336860;0,00000000
9,46784749;0,00000000;0,00000000
9,46795149;0,00000000;0,00000000
9,46805549;0,00000000;0,00000000
9,46815949;0,00000000;0,00000000
9,46826349;0,00000000;0,00000000
9,46836749;0,04336860;0,00000000
9,46847149;0,04336860;-0,01734744
9,46857549;0,00000000;0,00000000
9,46867949;0,04336860;0,00000000
9,46878349;0,04336860;0,00000000
9,46888749;0,00000000;0,00000000
9,46899149;0,00000000;0,00000000
9,46909549;0,00000000;0,00000000
9,46919949;0,00000000;0,00000000
9,46930349;0,00000000;0,00000000
9,46940749;0,04336860;0,00000000
9,46951149;0,00000000;0,00000000
9,46961549;0,00000000;0,00000000
9,46971949;0,00000000;0,00000000
9,46982349;0,00000000;0,00000000
9,46992749;0,00000000;0,00000000
9,47003149;0,00000000;0,00000000
9,47013549;0,00000000;0,00000000
9,47023949;0,00000000;0,00000000
9,47034349;0,00000000;0,00000000
9,47044749;0,00000000;0,00000000
9,47055149;0,04336860;0,00000000
9,47065549;0,00000000;0,00000000
9,47075949;0,00000000;0,00000000
9,47086349;0,00000000;0,00000000
9,47096749;0,00000000;0,00000000
9,47107149;0,04336860;0,00000000
9,47117549;0,00000000;0,00000000
9,47127949;0,00000000;0,00000000
9,47138349;0,00000000;0,00000000
9,47148749;0,04336860;0,00000000
9,47159149;0,00000000;0,00000000
9,47169549;0,00000000;0,00000000
9,47179949;0,00000000;0,00000000
9,47190349;0,00000000;0,00000000
9,47200749;0,00000000;0,00000000
9,47211149;0,04336860;0,00000000
9,47221549;0,00000000;0,00000000
9,47231949;0,00000000;0,00000000
9,47242349;0,00000000;0,00000000
9,47252749;0,00000000;0,00000000
9,47263149;0,00000000;-0,01734744
9,47273549;0,04336860;0,00000000
9,47283949;0,04336860;0,00000000
9,47294349;0,00000000;0,00000000
9,47304749;0,00000000;0,00000000
9,47315149;0,00000000;0,00000000
9,47325549;0,00000000;0,00000000
9,47335949;0,00000000;0,00000000
9,47346349;0,00000000;0,00000000
9,47356749;0,00000000;0,00000000
9,47367149;0,00000000;0,00000000
9,47377549;0,04336860;0,00000000
9,47387949;0,00000000;0,00000000
9,47398349;0,04336860;0,00000000
9,47408749;0,04336860;0,00000000
9,47419149;0,04336860;0,00000000
9,47429549;0,00000000;0,00000000
9,47439949;0,00000000;0,00000000
9,47450349;0,00000000;0,00000000
9,47460749;0,00000000;0,00000000
9,47471149;0,00000000;0,00000000
9,47481549;0,04336860;0,00000000
9,47491949;0,04336860;0,00000000
9,47502349;0,00000000;0,00000000
9,47512749;0,00000000;0,00000000
9,47523149;0,00000000;0,00000000
9,47533549;0,00000000;0,00000000
9,47543949;0,00000000;0,00000000
9,47554349;0,00000000;0,00000000
9,47564749;0,00000000;0,00000000
9,47575149;0,00000000;0,00000000
9,47585549;0,00000000;0,00000000
9,47595949;0,00000000;0,00000000
9,47606349;0,00000000;0,00000000
9,47616749;0,00000000;0,00000000
9,47627149;0,00000000;0,00000000
9,47637549;0,00000000;0,00000000
9,47647949;0,00000000;0,00000000
9,47658349;0,00000000;0,00000000
9,47668749;0,00000000;0,00000000
9,47679149;0,04336860;0,00000000
9,47689549;0,00000000;0,00000000
9,47699949;0,00000000;0,00000000
9,47710349;0,00000000;0,00000000
9,47720749;0,00000000;0,00000000
9,47731149;0,04336860;0,00000000
9,47741549;0,00000000;0,00000000
9,47751949;0,00000000;0,00000000
9,47762349;0,04336860;0,00000000
9,47772749;0,00000000;0,00000000
9,47783149;0,04336860;0,00000000
9,47793549;0,04336860;0,00000000
9,47803949;0,00000000;-0,01734744
9,47814349;0,00000000;0,00000000
9,47824749;0,00000000;0,00000000
9,47835149;0,00000000;0,00000000
9,47845549;0,00000000;0,00000000
9,47855949;0,04336860;0,00000000
9,47866349;0,00000000;0,00000000
9,47876749;0,00000000;0,00000000
9,47887149;0,00000000;0,00000000
9,47897549;0,00000000;0,00000000
9,47907949;0,00000000;0,00000000
9,47918349;0,04336860;0,00000000
9,47928749;0,00000000;0,00000000
9,47939149;0,04336860;0,00000000
9,47949549;0,00000000;0,00000000
9,47959949;0,00000000;0,00000000
9,47970349;0,00000000;0,00000000
9,47980749;0,04336860;0,00000000
9,47991149;0,00000000;0,00000000
9,48001549;0,04336860;0,00000000
9,48011949;0,04336860;0,00000000
9,48022349;0,04336860;0,00000000
9,48032749;0,00000000;0,00000000
9,48043149;0,04336860;0,00000000
9,48053549;0,00000000;0,00000000
9,48063949;0,00000000;0,00000000
9,48074349;0,00000000;0,00000000
9,48084749;0,00000000;0,00000000
9,48095149;0,04336860;0,00000000
9,48105549;0,00000000;0,00000000
9,48115949;0,00000000;0,00000000
9,48126349;0,00000000;0,00000000
9,48136749;0,04336860;0,00000000
9,48147149;0,04336860;0,00000000
9,48157549;0,00000000;0,00000000
9,48167949;0,00000000;0,00000000
9,48178349;0,00000000;0,00000000
9,48188749;0,00000000;0,00000000
9,48199149;0,00000000;0,00000000
9,48209549;0,00000000;0,00000000
9,48219949;0,00000000;0,00000000
9,48230349;0,00000000;0,00000000
9,48240749;0,00000000;0,00000000
9,48251149;0,00000000;0,00000000
9,48261549;0,00000000;-0,01734744
9,48271949;0,04336860;0,00000000
9,48282349;0,04336860;0,00000000
9,48292749;0,00000000;0,00000000
9,48303149;0,00000000;0,00000000
9,48313549;0,04336860;0,00000000
9,48323949;0,00000000;0,00000000
9,48334349;0,00000000;0,00000000
9,48344749;0,00000000;0,00000000
9,48355149;0,04336860;0,00000000
9,48365549;0,00000000;0,00000000
9,48375949;0,00000000;0,00000000
9,48386349;0,04336860;0,00000000
9,48396749;0,00000000;0,00000000
9,48407149;0,04336860;0,00000000
9,48417549;0,00000000;0,00000000
9,48427949;0,00000000;0,00000000
9,48438349;0,00000000;0,00000000
9,48448749;0,04336860;-0,01734744
9,48459149;0,00000000;0,00000000
9,48469549;0,00000000;0,00000000
9,48479949;0,04336860;0,00000000
9,48490349;0,04336860;0,00000000
9,48500749;0,00000000;0,00000000
9,48511149;0,00000000;0,00000000
9,48521549;0,00000000;0,00000000
9,48531949;0,00000000;0,00000000
9,48542349;0,00000000;0,00000000
9,48552749;0,00000000;0,00000000
9,48563149;0,04336860;0,00000000
9,48573549;0,04336860;0,00000000
9,48583949;0,00000000;0,00000000
9,48594349;0,00000000;0,00000000
9,48604749;0,04336860;0,00000000
9,48615149;0,00000000;0,00000000
9,48625549;0,00000000;0,00000000
9,48635949;0,00000000;0,00000000
9,48646349;0,04336860;0,00000000
9,48656749;0,00000000;0,00000000
9,48667149;0,04336860;0,00000000
9,48677549;0,00000000;0,00000000
9,48687949;0,00000000;0,00000000
9,48698349;0,00000000;0,00000000
9,48708749;0,04336860;0,00000000
9,48719149;0,04336860;0,00000000
9,48729549;0,00000000;0,00000000
9,48739949;0,04336860;0,00000000
9,48750349;0,00000000;0,00000000
9,48760749;0,00000000;0,00000000
9,48771149;0,04336860;0,00000000
9,48781549;0,00000000;0,00000000
9,48791949;0,04336860;0,00000000
9,48802349;0,00000000;0,00000000
9,48812749;0,00000000;0,00000000
9,48823149;0,00000000;0,00000000
9,48833549;0,00000000;0,00000000
9,48843949;0,00000000;0,00000000
9,48854349;0,00000000;0,00000000
9,48864749;0,00000000;0,00000000
9,48875149;0,00000000;0,00000000
9,48885549;0,00000000;0,00000000
9,48895949;0,04336860;0,00000000
9,48906349;0,00000000;0,00000000
9,48916749;0,00000000;0,00000000
9,48927149;0,00000000;0,00000000
9,48937549;0,00000000;0,00000000
9,48947949;0,04336860;0,00000000
9,48958349;0,00000000;0,00000000
9,48968749;0,00000000;0,00000000
9,48979149;0,00000000;0,00000000
9,48989549;0,00000000;0,00000000
9,48999949;0,00000000;0,00000000
9,49010349;0,04336860;0,00000000
9,49020749;0,00000000;0,00000000
9,49031149;0,04336860;-0,01734744
9,49041549;0,04336860;0,00000000
9,49051949;0,00000000;0,00000000
9,49062349;0,04336860;0,00000000
9,49072749;0,00000000;0,00000000
9,49083149;0,00000000;0,00000000
9,49093549;0,00000000;-0,01734744
9,49103949;0,00000000;-0,01734744
9,49114349;0,00000000;-0,01734744
9,49124749;0,00000000;0,00000000
9,49135149;0,00000000;0,00000000
9,49145549;0,00000000;0,00000000
9,49155949;0,00000000;0,00000000
9,49166349;0,04336860;0,00000000
9,49176749;0,00000000;0,00000000
9,49187149;0,00000000;0,00000000
9,49197549;0,00000000;0,00000000
9,49207949;0,00000000;0,00000000
9,49218349;0,00000000;0,00000000
9,49228749;0,00000000;0,00000000
9,49239149;0,04336860;0,00000000
9,49249549;0,00000000;0,00000000
9,49259949;0,00000000;0,00000000
9,49270349;0,00000000;0,00000000
9,49280749;0,00000000;0,00000000
9,49291149;0,00000000;0,00000000
9,49301549;0,00000000;0,00000000
9,49311949;0,04336860;0,00000000
9,49322349;0,04336860;0,00000000
9,49332749;0,00000000;0,00000000
9,49343149;0,00000000;0,00000000
9,49353549;0,00000000;0,00000000
9,49363949;0,00000000;0,00000000
9,49374349;0,04336860;0,00000000
9,49384749;0,04336860;0,00000000
9,49395149;0,00000000;0,00000000
9,49405549;0,00000000;0,00000000
9,49415949;0,00000000;0,00000000
9,49426349;0,00000000;0,00000000
9,49436749;0,00000000;0,00000000
9,49447149;0,00000000;0,00000000
9,49457549;0,00000000;0,00000000
9,49467949;0,00000000;0,00000000
9,49478349;0,00000000;0,00000000
9,49488749;0,00000000;0,00000000
9,49499149;0,00000000;0,00000000
9,49509549;0,00000000;0,00000000
9,49519949;0,04336860;0,00000000
9,49530349;0,00000000;0,00000000
9,49540749;0,04336860;0,00000000
9,49551149;0,00000000;0,00000000
9,49561549;0,04336860;0,00000000
9,49571949;0,00000000;0,00000000
9,49582349;0,00000000;0,00000000
9,49592749;0,00000000;0,00000000
9,49603149;0,00000000;0,00000000
9,49613549;0,00000000;0,00000000
9,49623949;0,00000000;0,00000000
9,49634349;0,00000000;0,00000000
9,49644749;0,00000000;0,00000000
9,49655149;0,00000000;0,00000000
9,49665549;0,00000000;0,00000000
9,49675949;0,00000000;0,00000000
9,49686349;0,00000000;0,00000000
9,49696749;0,00000000;0,00000000
9,49707149;0,00000000;0,00000000
9,49717549;0,00000000;0,00000000
9,49727949;0,04336860;0,00000000
9,49738349;0,00000000;0,00000000
9,49748749;0,04336860;0,00000000
9,49759149;0,00000000;0,00000000
9,49769549;0,00000000;0,00000000
9,49779949;0,00000000;0,00000000
9,49790349;0,00000000;0,00000000
9,49800749;0,00000000;0,00000000
9,49811149;0,00000000;0,00000000
9,49821549;0,00000000;0,00000000
9,49831949;0,00000000;0,00000000
9,49842349;0,00000000;0,00000000
9,49852749;0,00000000;0,00000000
9,49863149;0,00000000;0,00000000
9,49873549;0,00000000;0,00000000
9,49883949;0,00000000;0,00000000
9,49894349;0,00000000;0,00000000
9,49904749;0,04336860;0,00000000
9,49915149;0,04336860;0,00000000
9,49925549;0,00000000;0,00000000
9,49935949;0,00000000;0,00000000
9,49946349;0,04336860;-0,01734744
9,49956749;0,00000000;0,00000000
9,49967149;0,00000000;0,00000000
9,49977549;0,00000000;0,00000000
9,49987949;0,00000000;0,00000000
9,49998349;0,00000000;0,00000000
9,50008749;0,00000000;0,00000000
9,50019149;0,04336860;0,00000000
9,50029549;0,04336860;0,00000000
9,50039949;0,00000000;0,00000000
9,50050349;0,00000000;0,00000000
9,50060749;0,00000000;0,00000000
9,50071149;0,00000000;0,00000000
9,50081549;0,04336860;0,00000000
9,50091949;0,00000000;0,00000000
9,50102349;0,00000000;0,00000000
9,50112749;0,00000000;0,00000000
9,50123149;0,00000000;0,00000000
9,50133549;0,00000000;0,00000000
9,50143949;0,04336860;0,00000000
9,50154349;0,00000000;0,00000000
9,50164749;0,00000000;0,00000000
9,50175149;0,00000000;0,00000000
9,50185549;0,00000000;0,00000000
9,50195949;0,04336860;0,00000000
9,50206349;0,00000000;0,00000000
9,50216749;0,00000000;0,00000000
9,50227149;0,00000000;-0,01734744
9,50237549;0,00000000;0,00000000
9,50247949;0,00000000;0,00000000
9,50258349;0,00000000;0,00000000
9,50268749;0,00000000;0,00000000
9,50279149;0,04336860;0,00000000
9,50289549;0,04336860;0,00000000
9,50299949;0,00000000;0,00000000
9,50310349;0,00000000;0,00000000
9,50320749;0,00000000;0,00000000
9,50331149;0,00000000;0,00000000
9,50341549;0,04336860;0,00000000
9,50351949;0,00000000;0,00000000
9,50362349;0,00000000;0,00000000
9,50372749;0,04336860;0,00000000
9,50383149;0,00000000;0,00000000
9,50393549;0,00000000;0,00000000
9,50403949;0,00000000;0,00000000
9,50414349;0,00000000;0,00000000
9,50424749;0,00000000;0,00000000
9,50435149;0,00000000;0,00000000
9,50445549;0,00000000;0,00000000
9,50455949;0,00000000;0,00000000
9,50466349;0,00000000;0,00000000
9,50476749;0,00000000;0,00000000
9,50487149;0,00000000;0,00000000
9,50497549;0,04336860;0,00000000
9,50507949;0,00000000;0,00000000
9,50518349;0,04336860;0,00000000
9,50528749;0,04336860;0,00000000
9,50539149;0,00000000;0,00000000
9,50549549;0,00000000;0,00000000
9,50559949;0,04336860;0,00000000
9,50570349;0,04336860;0,00000000
9,50580749;0,00000000;0,00000000
9,50591149;0,00000000;0,00000000
9,50601549;0,04336860;0,00000000
9,50611949;0,00000000;0,00000000
9,50622349;0,04336860;0,00000000
9,50632749;0,04336860;0,00000000
9,50643149;0,00000000;0,00000000
9,50653549;0,00000000;0,00000000
9,50663949;0,04336860;0,00000000
9,50674349;0,00000000;0,00000000
9,50684749;0,00000000;0,00000000
9,50695149;0,00000000;0,00000000
9,50705549;0,00000000;0,00000000
9,50715949;0,00000000;0,00000000
9,50726349;0,00000000;0,00000000
9,50736749;0,00000000;0,00000000
9,50747149;0,00000000;0,00000000
9,50757549;0,00000000;0,00000000
9,50767949;0,04336860;0,00000000
9,50778349;0,00000000;0,00000000
9,50788749;0,00000000;0,00000000
9,50799149;0,04336860;0,00000000
9,50809549;0,04336860;0,00000000
9,50819949;0,00000000;0,00000000
9,50830349;0,00000000;0,00000000
9,50840749;0,00000000;0,00000000
9,50851149;0,00000000;0,00000000
9,50861549;0,00000000;0,00000000
9,50871949;0,00000000;0,00000000
9,50882349;0,00000000;0,00000000
9,50892749;0,00000000;0,00000000
9,50903149;0,00000000;0,00000000
9,50913549;0,00000000;0,00000000
9,50923949;0,00000000;0,00000000
9,50934349;0,00000000;0,00000000
9,50944749;0,04336860;0,00000000
9,50955149;0,00000000;0,00000000
9,50965549;0,00000000;0,00000000
9,50975949;0,04336860;0,00000000
9,50986349;0,00000000;0,00000000
9,50996749;0,00000000;0,00000000
9,51007149;0,00000000;0,00000000
9,51017549;0,00000000;0,00000000
9,51027949;0,00000000;0,00000000
9,51038349;0,00000000;0,00000000
9,51048749;0,04336860;0,00000000
9,51059149;0,04336860;0,00000000
9,51069549;0,00000000;0,00000000
9,51079949;0,00000000;0,00000000
9,51090349;0,04336860;0,00000000
9,51100749;0,00000000;0,00000000
9,51111149;0,00000000;0,00000000
9,51121549;0,00000000;0,00000000
9,51131949;0,00000000;0,00000000
9,51142349;0,00000000;0,00000000
9,51152749;0,00000000;0,00000000
9,51163149;0,00000000;0,00000000
9,51173549;0,00000000;0,00000000
9,51183949;0,00000000;0,00000000
9,51194349;0,00000000;0,00000000
9,51204749;0,04336860;0,00000000
9,51215149;0,00000000;0,00000000
9,51225549;0,00000000;0,00000000
9,51235949;0,00000000;0,00000000
9,51246349;0,04336860;0,00000000
9,51256749;0,04336860;-0,01734744
9,51267149;0,04336860;0,00000000
9,51277549;0,00000000;0,00000000
9,51287949;0,00000000;0,00000000
9,51298349;0,00000000;0,00000000
9,51308749;0,00000000;0,00000000
9,51319149;0,00000000;0,00000000
9,51329549;0,04336860;0,00000000
9,51339949;0,00000000;0,00000000
9,51350349;0,00000000;0,00000000
9,51360749;0,00000000;0,00000000
9,51371149;0,00000000;0,00000000
9,51381549;0,00000000;0,00000000
9,51391949;0,04336860;0,00000000
9,51402349;0,00000000;0,00000000
9,51412749;0,04336860;0,00000000
9,51423149;0,00000000;0,00000000
9,51433549;0,00000000;0,00000000
9,51443949;0,00000000;0,00000000
9,51454349;0,00000000;0,00000000
9,51464749;0,00000000;0,00000000
9,51475149;0,00000000;0,00000000
9,51485549;0,00000000;0,00000000
9,51495949;0,00000000;0,00000000
9,51506349;0,00000000;0,00000000
9,51516749;0,00000000;0,00000000
9,51527149;0,00000000;-0,01734744
9,51537549;0,00000000;0,00000000
9,51547949;0,00000000;0,00000000
9,51558349;0,00000000;0,00000000
9,51568749;0,00000000;0,00000000
9,51579149;0,00000000;0,00000000
9,51589549;0,00000000;0,00000000
9,51599949;0,00000000;0,00000000
9,51610349;0,00000000;0,00000000
9,51620749;0,00000000;0,00000000
9,51631149;0,00000000;0,00000000
9,51641549;0,04336860;0,00000000
9,51651949;0,00000000;0,00000000
9,51662349;0,00000000;0,00000000
9,51672749;0,00000000;0,00000000
9,51683149;0,00000000;0,00000000
9,51693549;0,00000000;0,00000000
9,51703949;0,00000000;0,00000000
9,51714349;0,04336860;0,00000000
9,51724749;0,00000000;0,00000000
9,51735149;0,04336860;0,00000000
9,51745549;0,00000000;0,00000000
9,51755949;0,04336860;-0,01734744
9,51766349;0,00000000;0,00000000
9,51776749;0,00000000;0,00000000
9,51787149;0,00000000;0,00000000
9,51797549;0,00000000;0,00000000
9,51807949;0,00000000;0,00000000
9,51818349;0,00000000;0,00000000
9,51828749;0,04336860;0,00000000
9,51839149;0,04336860;0,00000000
9,51849549;0,00000000;0,00000000
9,51859949;0,00000000;0,00000000
9,51870349;0,00000000;0,00000000
9,51880749;0,00000000;0,00000000
9,51891149;0,04336860;0,00000000
9,51901549;0,00000000;0,00000000
9,51911949;0,00000000;0,00000000
9,51922349;0,00000000;0,00000000
9,51932749;0,00000000;0,00000000
9,51943149;0,04336860;0,00000000
9,51953549;0,04336860;0,00000000
9,51963949;0,04336860;0,00000000
9,51974349;0,00000000;0,00000000
9,51984749;0,04336860;0,00000000
9,51995149;0,04336860;0,00000000
9,52005549;0,00000000;0,00000000
9,52015949;0,00000000;0,00000000
9,52026349;0,00000000;0,00000000
9,52036749;0,04336860;0,00000000
9,52047149;0,00000000;0,00000000
9,52057549;0,00000000;0,00000000
9,52067949;0,00000000;0,00000000
9,52078349;0,00000000;0,00000000
9,52088749;0,00000000;0,00000000
9,52099149;0,00000000;0,00000000
9,52109549;0,00000000;0,00000000
9,52119949;0,00000000;0,00000000
9,52130349;0,00000000;0,00000000
9,52140749;0,04336860;0,00000000
9,52151149;0,00000000;0,00000000
9,52161549;0,00000000;0,00000000
9,52171949;0,00000000;0,00000000
9,52182349;0,00000000;0,00000000
9,52192749;0,04336860;0,00000000
9,52203149;0,00000000;0,00000000
9,52213549;0,04336860;0,00000000
9,52223949;0,04336860;0,00000000
9,52234349;0,00000000;0,00000000
9,52244749;0,00000000;0,00000000
9,52255149;0,00000000;0,00000000
9,52265549;0,00000000;0,00000000
9,52275949;0,00000000;0,00000000
9,52286349;0,00000000;0,00000000
9,52296749;0,00000000;0,00000000
9,52307149;0,04336860;0,00000000
9,52317549;0,00000000;0,00000000
9,52327949;0,00000000;-0,01734744
9,52338349;0,00000000;0,00000000
9,52348749;0,00000000;0,00000000
9,52359149;0,00000000;0,00000000
9,52369549;0,00000000;0,00000000
9,52379949;0,00000000;0,00000000
9,52390349;0,00000000;0,00000000
9,52400749;0,00000000;0,00000000
9,52411149;0,00000000;0,00000000
9,52421549;0,00000000;0,00000000
9,52431949;0,00000000;0,00000000
9,52442349;0,00000000;0,00000000
9,52452749;0,00000000;0,00000000
9,52463149;0,00000000;0,00000000
9,52473549;0,00000000;0,00000000
9,52483949;0,00000000;0,00000000
9,52494349;0,00000000;0,00000000
9,52504749;0,04336860;0,00000000
9,52515149;0,00000000;0,00000000
9,52525549;0,00000000;0,00000000
9,52535949;0,00000000;0,00000000
9,52546349;0,00000000;0,00000000
9,52556749;0,04336860;0,00000000
9,52567149;0,00000000;0,00000000
9,52577549;0,00000000;0,00000000
9,52587949;0,00000000;0,00000000
9,52598349;0,04336860;0,00000000
9,52608749;0,00000000;0,00000000
9,52619149;0,00000000;0,00000000
9,52629549;0,04336860;0,00000000
9,52639949;0,00000000;0,00000000
9,52650349;0,04336860;0,00000000
9,52660749;0,00000000;0,00000000
9,52671149;0,00000000;0,00000000
9,52681549;0,00000000;0,00000000
9,52691949;0,00000000;0,00000000
9,52702349;0,00000000;0,00000000
9,52712749;0,00000000;0,00000000
9,52723149;0,00000000;0,00000000
9,52733549;0,04336860;0,00000000
9,52743949;0,04336860;0,00000000
9,52754349;0,00000000;0,00000000
9,52764749;0,00000000;0,00000000
9,52775149;0,04336860;0,00000000
9,52785549;0,00000000;0,00000000
9,52795949;0,00000000;0,00000000
9,52806349;0,00000000;0,00000000
9,52816749;0,00000000;0,00000000
9,52827149;0,00000000;0,00000000
9,52837549;0,00000000;0,00000000
9,52847949;0,00000000;0,00000000
9,52858349;0,00000000;0,00000000
9,52868749;0,04336860;0,00000000
9,52879149;0,00000000;0,00000000
9,52889549;0,00000000;0,00000000
9,52899949;0,00000000;0,00000000
9,52910349;0,00000000;0,00000000
9,52920749;0,00000000;0,00000000
9,52931149;0,00000000;0,00000000
9,52941549;0,04336860;0,00000000
9,52951949;0,00000000;0,00000000
9,52962349;0,00000000;0,00000000
9,52972749;0,00000000;0,00000000
9,52983149;0,00000000;0,00000000
9,52993549;0,00000000;0,00000000
9,53003949;0,00000000;0,00000000
9,53014349;0,00000000;0,00000000
9,53024749;0,00000000;0,00000000
9,53035149;0,00000000;0,00000000
9,53045549;0,00000000;0,00000000
9,53055949;0,00000000;0,00000000
9,53066349;0,00000000;0,00000000
9,53076749;0,00000000;0,00000000
9,53087149;0,00000000;0,00000000
9,53097549;0,04336860;0,00000000
9,53107949;0,00000000;0,00000000
9,53118349;0,00000000;0,00000000
9,53128749;0,04336860;-0,01734744
9,53139149;0,04336860;0,00000000
9,53149549;0,00000000;0,00000000
9,53159949;0,00000000;0,00000000
9,53170349;0,00000000;0,00000000
9,53180749;0,04336860;0,00000000
9,53191149;0,00000000;0,00000000
9,53201549;0,00000000;0,00000000
9,53211949;0,00000000;0,00000000
9,53222349;0,00000000;0,00000000
9,53232749;0,00000000;0,00000000
9,53243149;0,04336860;0,00000000
9,53253549;0,00000000;0,00000000
9,53263949;0,04336860;0,00000000
9,53274349;0,00000000;0,00000000
9,53284749;0,00000000;0,00000000
9,53295149;0,00000000;0,00000000
9,53305549;0,00000000;0,00000000
9,53315949;0,00000000;0,00000000
9,53326349;0,04336860;0,00000000
9,53336749;0,04336860;0,00000000
9,53347149;0,00000000;0,00000000
9,53357549;0,04336860;0,00000000
9,53367949;0,00000000;0,00000000
9,53378349;0,00000000;0,00000000
9,53388749;0,00000000;0,00000000
9,53399149;0,00000000;0,00000000
9,53409549;0,00000000;0,00000000
9,53419949;0,00000000;0,00000000
9,53430349;0,00000000;0,00000000
9,53440749;0,00000000;0,00000000
9,53451149;0,00000000;0,00000000
9,53461549;0,00000000;0,00000000
9,53471949;0,00000000;0,00000000
9,53482349;0,00000000;0,00000000
9,53492749;0,00000000;0,00000000
9,53503149;0,00000000;0,00000000
9,53513549;0,00000000;0,00000000
9,53523949;0,00000000;0,00000000
9,53534349;0,00000000;0,00000000
9,53544749;0,00000000;0,00000000
9,53555149;0,00000000;0,00000000
9,53565549;0,00000000;0,00000000
9,53575949;0,00000000;0,00000000
9,53586349;0,00000000;0,00000000
9,53596749;0,00000000;0,00000000
9,53607149;0,00000000;0,00000000
9,53617549;0,04336860;0,00000000
9,53627949;0,00000000;0,00000000
9,53638349;0,04336860;0,00000000
9,53648749;0,04336860;0,00000000
9,53659149;0,04336860;0,00000000
9,53669549;0,04336860;0,00000000
9,53679949;0,04336860;0,00000000
9,53690349;0,04336860;0,00000000
9,53700749;0,00000000;0,00000000
9,53711149;0,04336860;0,00000000
9,53721549;0,00000000;0,00000000
9,53731949;0,04336860;0,00000000
9,53742349;0,04336860;0,00000000
9,53752749;0,00000000;-0,01734744
9,53763149;0,00000000;0,00000000
9,53773549;0,00000000;0,00000000
9,53783949;0,04336860;0,00000000
9,53794349;0,00000000;0,00000000
9,53804749;0,00000000;0,00000000
9,53815149;0,00000000;0,00000000
9,53825549;0,00000000;0,00000000
9,53835949;0,00000000;0,00000000
9,53846349;0,00000000;0,00000000
9,53856749;0,00000000;0,00000000
9,53867149;0,04336860;0,00000000
9,53877549;0,00000000;0,00000000
9,53887949;0,00000000;0,00000000
9,53898349;0,00000000;0,00000000
9,53908749;0,04336860;0,00000000
9,53919149;0,00000000;0,00000000
9,53929549;0,00000000;0,00000000
9,53939949;0,00000000;0,00000000
9,53950349;0,00000000;0,00000000
9,53960749;0,00000000;0,00000000
9,53971149;0,00000000;0,00000000
9,53981549;0,00000000;0,00000000
9,53991949;0,00000000;0,00000000
9,54002349;0,04336860;0,00000000
9,54012749;0,00000000;0,00000000
9,54023149;0,00000000;0,00000000
9,54033549;0,00000000;0,00000000
9,54043949;0,00000000;0,00000000
9,54054349;0,00000000;0,00000000
9,54064749;0,00000000;-0,01734744
9,54075149;0,00000000;0,00000000
9,54085549;0,00000000;0,00000000
9,54095949;0,00000000;0,00000000
9,54106349;0,00000000;0,00000000
9,54116749;0,00000000;0,00000000
9,54127149;0,00000000;0,00000000
9,54137549;0,00000000;0,00000000
9,54147949;0,00000000;0,00000000
9,54158349;0,04336860;0,00000000
9,54168749;0,00000000;0,00000000
9,54179149;0,00000000;0,00000000
9,54189549;0,00000000;0,00000000
9,54199949;0,00000000;0,00000000
9,54210349;0,00000000;0,00000000
9,54220749;0,00000000;0,00000000
9,54231149;0,04336860;0,00000000
9,54241549;0,04336860;0,00000000
9,54251949;0,00000000;0,00000000
9,54262349;0,00000000;0,00000000
9,54272749;0,00000000;0,00000000
9,54283149;0,00000000;0,00000000
9,54293549;0,00000000;0,00000000
9,54303949;0,00000000;0,00000000
9,54314349;0,00000000;0,00000000
9,54324749;0,00000000;0,00000000
9,54335149;0,00000000;0,00000000
9,54345549;0,04336860;0,00000000
9,54355949;0,00000000;0,00000000
9,54366349;0,04336860;0,00000000
9,54376749;0,00000000;0,00000000
9,54387149;0,04336860;0,00000000
9,54397549;0,00000000;0,00000000
9,54407949;0,04336860;0,00000000
9,54418349;0,04336860;0,00000000
9,54428749;0,04336860;0,00000000
9,54439149;0,04336860;-0,01734744
9,54449549;0,04336860;0,00000000
9,54459949;0,04336860;0,00000000
9,54470349;0,00000000;0,00000000
9,54480749;0,04336860;0,00000000
9,54491149;0,04336860;0,00000000
9,54501549;0,04336860;0,00000000
9,54511949;0,04336860;0,00000000
9,54522349;0,00000000;0,00000000
9,54532749;0,00000000;0,00000000
9,54543149;0,04336860;0,00000000
9,54553549;0,00000000;0,00000000
9,54563949;0,00000000;0,00000000
9,54574349;0,00000000;0,00000000
9,54584749;0,04336860;0,00000000
9,54595149;0,00000000;0,00000000
9,54605549;0,04336860;0,00000000
9,54615949;4,08879805;0,00000000
9,54626349;3,82781744;0,00000000
9,54636749;3,74077272;0,00000000
9,54647149;3,87133980;0,00000000
9,54657549;3,87133980;0,00000000
9,54667949;3,82781744;0,00000000
9,54678349;3,82781744;0,00000000
9,54688749;3,82781744;0,00000000
9,54699149;3,82781744;0,00000000
9,54709549;3,82781744;0,00000000
9,54719949;3,82781744;0,00000000
9,54730349;3,82781744;0,00000000
9,54740749;3,82781744;0,00000000
9,54751149;3,82781744;0,00000000
9,54761549;3,82781744;0,00000000
9,54771949;3,82781744;0,00000000
9,54782349;3,82781744;0,00000000
9,54792749;3,82781744;0,00000000
9,54803149;3,82781744;0,00000000
9,54813549;3,78429508;0,00000000
9,54823949;3,82781744;0,00000000
9,54834349;3,78429508;0,00000000
9,54844749;3,82781744;0,00000000
9,54855149;3,78429508;0,00000000
9,54865549;3,78429508;0,00000000
9,54875949;3,78429508;0,00000000
9,54886349;3,78429508;0,00000000
9,54896749;3,82781744;0,00000000
9,54907149;3,78429508;0,00000000
9,54917549;3,82781744;0,00000000
9,54927949;3,82781744;0,00000000
9,54938349;3,82781744;0,00000000
9,54948749;3,82781744;0,00000000
9,54959149;3,78429508;0,00000000
9,54969549;3,82781744;0,00000000
9,54979949;3,78429508;0,00000000
9,54990349;3,78429508;0,00000000
9,55000749;3,82781744;0,00000000
9,55011149;3,78429508;0,00000000
9,55021549;3,78429508;0,00000000
9,55031949;3,78429508;0,00000000
9,55042349;3,78429508;0,00000000
9,55052749;3,82781744;0,00000000
9,55063149;3,78429508;0,00000000
9,55073549;3,82781744;0,00000000
9,55083949;3,78429508;0,00000000
9,55094349;3,78429508;0,00000000
9,55104749;3,78429508;0,00000000
9,55115149;3,78429508;0,00000000
9,55125549;3,78429508;0,00000000
9,55135949;3,78429508;0,00000000
9,55146349;3,78429508;0,00000000
9,55156749;3,78429508;0,00000000
9,55167149;3,82781744;0,00000000
9,55177549;3,82781744;0,00000000
9,55187949;3,78429508;0,00000000
9,55198349;3,78429508;0,00000000
9,55208749;3,82781744;0,00000000
9,55219149;3,78429508;0,00000000
9,55229549;3,78429508;0,00000000
9,55239949;3,78429508;0,00000000
9,55250349;3,82781744;0,00000000
9,55260749;3,78429508;0,00000000
9,55271149;3,82781744;0,00000000
9,55281549;3,82781744;0,00000000
9,55291949;3,78429508;0,00000000
9,55302349;3,78429508;0,00000000
9,55312749;3,78429508;0,00000000
9,55323149;3,78429508;0,00000000
9,55333549;3,82781744;0,00000000
9,55343949;3,78429508;0,00000000
9,55354349;3,82781744;0,00000000
9,55364749;3,82781744;0,00000000
9,55375149;3,78429508;0,00000000
9,55385549;3,82781744;0,00000000
9,55395949;3,78429508;0,00000000
9,55406349;3,78429508;0,00000000
9,55416749;3,82781744;0,00000000
9,55427149;3,78429508;0,00000000
9,55437548;3,78429508;0,00000000
9,55447948;3,78429508;0,00000000
9,55458348;3,78429508;0,00000000
9,55468748;3,78429508;0,00000000
9,55479148;3,78429508;0,00000000
9,55489548;3,78429508;0,01734744
9,55499948;3,78429508;0,00000000
9,55510348;3,78429508;0,00000000
9,55520748;3,78429508;0,00000000
9,55531148;3,78429508;0,00000000
9,55541548;3,78429508;0,00000000
9,55551948;3,82781744;0,00000000
9,55562348;3,78429508;0,00000000
9,55572748;3,78429508;0,00000000
9,55583148;3,78429508;0,00000000
9,55593548;3,78429508;0,00000000
9,55603948;3,82781744;0,00000000
9,55614348;3,78429508;0,00000000
9,55624748;3,78429508;0,00000000
9,55635148;3,78429508;0,00000000
9,55645548;3,82781744;0,00000000
9,55655948;3,78429508;0,00000000
9,55666348;3,78429508;0,00000000
9,55676748;3,82781744;0,01734744
9,55687148;3,78429508;0,00000000
9,55697548;3,82781744;0,00000000
9,55707948;3,78429508;0,00000000
9,55718348;3,82781744;0,00000000
9,55728748;3,82781744;0,00000000
9,55739148;3,78429508;0,00000000
9,55749548;3,82781744;0,00000000
9,55759948;3,78429508;0,00000000
9,55770348;3,82781744;0,00000000
9,55780748;3,78429508;0,00000000
9,55791148;3,78429508;0,00000000
9,55801548;3,82781744;0,00000000
9,55811948;3,78429508;0,00000000
9,55822348;3,82781744;0,00000000
9,55832748;3,82781744;0,00000000
9,55843148;3,78429508;0,00000000
9,55853548;3,78429508;0,00000000
9,55863948;3,82781744;0,00000000
9,55874348;3,82781744;0,00000000
9,55884748;3,82781744;0,00000000
9,55895148;3,78429508;0,00000000
9,55905548;3,82781744;0,00000000
9,55915948;3,78429508;0,00000000
9,55926348;3,82781744;0,00000000
9,55936748;3,82781744;0,00000000
9,55947148;3,82781744;0,00000000
9,55957548;3,78429508;0,00000000
9,55967948;3,82781744;0,00000000
9,55978348;3,82781744;0,00000000
9,55988748;3,82781744;0,00000000
9,55999148;3,82781744;0,00000000
9,56009548;3,78429508;0,00000000
9,56019948;3,82781744;0,00000000
9,56030348;3,78429508;0,00000000
9,56040748;3,82781744;0,00000000
9,56051148;3,78429508;0,00000000
9,56061548;3,78429508;0,00000000
9,56071948;3,78429508;0,00000000
9,56082348;3,78429508;0,00000000
9,56092748;3,78429508;0,00000000
9,56103148;3,78429508;0,00000000
9,56113548;3,78429508;0,00000000
9,56123948;3,82781744;0,00000000
9,56134348;3,82781744;0,00000000
9,56144748;3,78429508;0,00000000
9,56155148;3,82781744;0,00000000
9,56165548;3,78429508;0,00000000
9,56175948;3,78429508;0,00000000
9,56186348;3,82781744;0,00000000
9,56196748;3,78429508;0,00000000
9,56207148;3,78429508;0,00000000
9,56217548;3,78429508;0,00000000
9,56227948;3,78429508;0,00000000
9,56238348;3,82781744;0,00000000
9,56248748;3,82781744;0,00000000
9,56259148;3,82781744;0,00000000
9,56269548;3,78429508;0,00000000
9,56279948;3,78429508;0,00000000
9,56290348;3,78429508;0,00000000
9,56300748;3,82781744;0,00000000
9,56311148;3,82781744;0,00000000
9,56321548;3,82781744;0,00000000
9,56331948;3,82781744;0,00000000
9,56342348;3,82781744;0,00000000
9,56352748;3,78429508;0,00000000
9,56363148;3,78429508;0,00000000
9,56373548;3,78429508;0,00000000
9,56383948;3,78429508;0,00000000
9,56394348;3,82781744;0,00000000
9,56404748;3,82781744;0,00000000
9,56415148;3,82781744;0,00000000
9,56425548;3,82781744;0,00000000
9,56435948;3,82781744;0,00000000
9,56446348;3,82781744;0,00000000
9,56456748;3,82781744;0,00000000
9,56467148;3,82781744;0,00000000
9,56477548;3,78429508;0,00000000
9,56487948;3,82781744;0,00000000
9,56498348;3,82781744;0,00000000
9,56508748;3,82781744;0,00000000
9,56519148;3,78429508;0,00000000
9,56529548;3,82781744;0,00000000
9,56539948;3,78429508;0,00000000
9,56550348;3,82781744;0,00000000
9,56560748;3,78429508;0,00000000
9,56571148;3,82781744;0,00000000
9,56581548;3,78429508;0,00000000
9,56591948;3,82781744;0,00000000
9,56602348;3,78429508;0,00000000
9,56612748;3,78429508;0,00000000
9,56623148;3,82781744;0,00000000
9,56633548;3,78429508;0,00000000
9,56643948;3,82781744;0,00000000
9,56654348;3,82781744;0,00000000
9,56664748;3,78429508;0,00000000
9,56675148;3,78429508;0,00000000
9,56685548;3,78429508;0,00000000
9,56695948;3,78429508;0,00000000
9,56706348;3,78429508;0,00000000
9,56716748;3,78429508;0,00000000
9,56727148;3,82781744;0,00000000
9,56737548;3,82781744;0,00000000
9,56747948;3,78429508;0,00000000
9,56758348;3,78429508;0,00000000
9,56768748;3,78429508;0,00000000
9,56779148;3,78429508;0,00000000
9,56789548;3,82781744;0,00000000
9,56799948;3,82781744;0,00000000
9,56810348;3,82781744;0,00000000
9,56820748;3,82781744;0,00000000
9,56831148;3,78429508;0,00000000
9,56841548;3,82781744;0,00000000
9,56851948;3,78429508;0,00000000
9,56862348;3,78429508;0,00000000
9,56872748;3,82781744;0,00000000
9,56883148;3,82781744;0,00000000
9,56893548;3,78429508;0,00000000
9,56903948;3,78429508;0,00000000
9,56914348;3,78429508;0,00000000
9,56924748;3,78429508;0,00000000
9,56935148;3,78429508;0,00000000
9,56945548;3,82781744;0,00000000
9,56955948;3,82781744;0,00000000
9,56966348;3,78429508;0,00000000
9,56976748;3,82781744;0,00000000
9,56987148;3,82781744;0,00000000
9,56997548;3,82781744;0,00000000
9,57007948;3,82781744;0,00000000
9,57018348;3,82781744;0,00000000
9,57028748;3,78429508;0,00000000
9,57039148;3,82781744;0,00000000
9,57049548;3,78429508;0,00000000
9,57059948;3,78429508;0,00000000
9,57070348;3,82781744;0,00000000
9,57080748;3,82781744;0,00000000
9,57091148;3,78429508;0,00000000
9,57101548;3,82781744;0,00000000
9,57111948;3,78429508;0,00000000
9,57122348;3,78429508;0,00000000
9,57132748;3,82781744;0,00000000
9,57143148;3,82781744;0,00000000
9,57153548;3,78429508;0,00000000
9,57163948;3,82781744;0,00000000
9,57174348;3,78429508;0,00000000
9,57184748;3,78429508;0,00000000
9,57195148;3,82781744;0,00000000
9,57205548;3,82781744;0,00000000
9,57215948;3,82781744;0,00000000
9,57226348;3,78429508;0,00000000
9,57236748;3,82781744;0,00000000
9,57247148;3,78429508;0,00000000
9,57257548;3,78429508;0,00000000
9,57267948;3,82781744;0,00000000
9,57278348;3,78429508;0,00000000
9,57288748;3,78429508;0,00000000
9,57299148;3,78429508;0,00000000
9,57309548;3,78429508;0,00000000
9,57319948;3,82781744;0,00000000
9,57330348;3,82781744;0,00000000
9,57340748;3,82781744;0,00000000
9,57351148;3,82781744;0,00000000
9,57361548;3,78429508;0,00000000
9,57371948;3,82781744;0,00000000
9,57382348;3,78429508;0,00000000
9,57392748;3,78429508;0,00000000
9,57403148;3,82781744;0,00000000
9,57413548;3,82781744;0,00000000
9,57423948;3,82781744;0,00000000
9,57434348;3,78429508;0,00000000
9,57444748;3,82781744;0,00000000
9,57455148;3,82781744;0,00000000
9,57465548;3,82781744;0,00000000
9,57475948;3,82781744;0,00000000
9,57486348;3,82781744;0,00000000
9,57496748;3,78429508;0,00000000
9,57507148;3,82781744;0,00000000
9,57517548;3,78429508;0,00000000
9,57527948;3,78429508;0,00000000
9,57538348;3,78429508;0,00000000
9,57548748;3,82781744;0,00000000
9,57559148;3,82781744;0,00000000
9,57569548;3,82781744;0,00000000
9,57579948;3,78429508;0,00000000
9,57590348;3,78429508;0,00000000
9,57600748;3,78429508;0,00000000
9,57611148;3,78429508;0,00000000
9,57621548;3,82781744;0,00000000
9,57631948;3,82781744;0,00000000
9,57642348;3,78429508;0,00000000
9,57652748;3,82781744;0,00000000
9,57663148;3,82781744;0,00000000
9,57673548;3,82781744;0,00000000
9,57683948;3,82781744;0,00000000
9,57694348;3,82781744;0,00000000
9,57704748;3,78429508;0,00000000
9,57715148;3,82781744;0,00000000
9,57725548;3,82781744;0,00000000
9,57735948;3,82781744;0,00000000
9,57746348;3,82781744;0,00000000
9,57756748;3,82781744;0,00000000
9,57767148;3,78429508;0,00000000
9,57777548;3,82781744;0,00000000
9,57787948;3,82781744;0,00000000
9,57798348;3,82781744;0,00000000
9,57808748;3,82781744;0,00000000
9,57819148;3,82781744;0,00000000
9,57829548;3,82781744;0,00000000
9,57839948;3,82781744;0,00000000
9,57850348;3,82781744;0,00000000
9,57860748;3,82781744;0,00000000
9,57871148;3,78429508;0,00000000
9,57881548;3,82781744;0,00000000
9,57891948;3,82781744;0,00000000
9,57902348;3,78429508;0,00000000
9,57912748;3,78429508;0,00000000
9,57923148;3,78429508;0,00000000
9,57933548;3,78429508;0,00000000
9,57943948;3,82781744;0,00000000
9,57954348;3,82781744;0,00000000
9,57964748;3,82781744;0,00000000
9,57975148;3,82781744;0,00000000
9,57985548;3,82781744;0,00000000
9,57995948;3,82781744;0,00000000
9,58006348;3,78429508;0,00000000
9,58016748;3,82781744;0,00000000
9,58027148;3,82781744;0,00000000
9,58037548;3,82781744;0,00000000
9,58047948;3,82781744;0,00000000
9,58058348;3,82781744;0,00000000
9,58068748;3,78429508;0,00000000
9,58079148;3,82781744;0,00000000
9,58089548;3,82781744;0,00000000
9,58099948;3,78429508;0,00000000
9,58110348;3,82781744;0,00000000
9,58120748;3,82781744;0,00000000
9,58131148;3,82781744;0,00000000
9,58141548;3,82781744;0,00000000
9,58151948;3,78429508;0,00000000
9,58162348;3,82781744;0,00000000
9,58172748;3,78429508;0,00000000
9,58183148;3,78429508;0,00000000
9,58193548;3,78429508;0,00000000
9,58203948;3,82781744;0,00000000
9,58214348;3,82781744;0,00000000
9,58224748;3,82781744;0,00000000
9,58235148;3,78429508;0,00000000
9,58245548;3,82781744;0,00000000
9,58255948;3,82781744;0,00000000
9,58266348;3,82781744;0,00000000
9,58276748;3,82781744;0,00000000
9,58287148;3,82781744;0,00000000
9,58297548;3,82781744;0,00000000
9,58307948;3,82781744;0,00000000
9,58318348;3,78429508;0,00000000
9,58328748;3,82781744;0,00000000
9,58339148;3,78429508;0,00000000
9,58349548;3,82781744;0,00000000
9,58359948;3,82781744;0,00000000
9,58370348;3,82781744;0,00000000
9,58380748;3,82781744;0,00000000
9,58391148;3,82781744;0,00000000
9,58401548;3,82781744;0,00000000
9,58411948;3,82781744;0,00000000
9,58422348;3,82781744;0,00000000
9,58432748;3,82781744;0,00000000
9,58443148;3,82781744;0,00000000
9,58453548;3,82781744;0,00000000
9,58463948;3,82781744;0,00000000
9,58474348;3,82781744;0,00000000
9,58484748;3,82781744;0,00000000
9,58495148;3,82781744;0,00000000
9,58505548;3,78429508;0,00000000
9,58515948;3,82781744;0,00000000
9,58526348;3,82781744;0,00000000
9,58536748;3,82781744;0,00000000
9,58547148;3,82781744;0,00000000
9,58557548;3,82781744;0,00000000
9,58567948;3,82781744;0,00000000
9,58578348;3,78429508;0,00000000
9,58588748;3,78429508;0,00000000
9,58599148;3,78429508;0,00000000
9,58609548;3,82781744;0,00000000
9,58619948;3,82781744;0,00000000
9,58630348;3,82781744;0,00000000
9,58640748;3,82781744;0,00000000
9,58651148;3,82781744;0,00000000
9,58661548;3,78429508;0,00000000
9,58671948;3,82781744;0,00000000
9,58682348;3,82781744;0,00000000
9,58692748;3,78429508;0,00000000
9,58703148;3,82781744;0,00000000
9,58713548;3,82781744;0,00000000
9,58723948;3,82781744;0,00000000
9,58734348;3,82781744;0,00000000
9,58744748;3,78429508;0,00000000
9,58755148;3,82781744;0,00000000
9,58765548;3,82781744;0,00000000
9,58775948;3,82781744;0,00000000
9,58786348;3,82781744;0,00000000
9,58796748;3,82781744;0,00000000
9,58807148;3,82781744;0,00000000
9,58817548;3,82781744;0,00000000
9,58827948;3,82781744;0,00000000
9,58838348;3,82781744;0,00000000
9,58848748;3,78429508;0,00000000
9,58859148;3,78429508;0,00000000
9,58869548;3,82781744;0,00000000
9,58879948;3,82781744;0,00000000
9,58890348;3,82781744;0,00000000
9,58900748;3,82781744;0,00000000
9,58911148;3,82781744;0,00000000
9,58921548;3,82781744;0,00000000
9,58931948;3,82781744;0,00000000
9,58942348;3,82781744;0,00000000
9,58952748;3,78429508;0,00000000
9,58963148;3,82781744;0,00000000
9,58973548;3,82781744;0,00000000
9,58983948;3,82781744;0,00000000
9,58994348;3,82781744;0,00000000
9,59004748;3,82781744;0,00000000
9,59015148;3,78429508;0,00000000
9,59025548;3,78429508;0,00000000
9,59035948;3,78429508;0,00000000
9,59046348;3,82781744;0,00000000
9,59056748;3,78429508;0,00000000
9,59067148;3,82781744;0,00000000
9,59077548;3,82781744;0,00000000
9,59087948;3,82781744;0,00000000
9,59098348;3,82781744;0,00000000
9,59108748;3,82781744;0,00000000
9,59119148;3,78429508;0,00000000
9,59129548;3,82781744;0,00000000
9,59139948;3,82781744;0,00000000
9,59150348;3,82781744;0,00000000
9,59160748;3,82781744;0,00000000
9,59171148;3,82781744;0,00000000
9,59181548;3,82781744;0,00000000
9,59191948;3,82781744;0,00000000
9,59202348;3,82781744;0,00000000
9,59212748;3,78429508;0,00000000
9,59223148;3,82781744;0,00000000
9,59233548;3,78429508;0,00000000
9,59243948;3,78429508;0,00000000
9,59254348;3,78429508;0,00000000
9,59264748;3,82781744;0,00000000
9,59275148;3,78429508;0,00000000
9,59285548;3,82781744;0,00000000
9,59295948;3,82781744;0,00000000
9,59306348;3,82781744;0,00000000
9,59316748;3,82781744;0,00000000
9,59327148;3,82781744;0,00000000
9,59337548;3,78429508;0,00000000
9,59347948;3,82781744;0,00000000
9,59358348;3,78429508;0,00000000
9,59368748;3,82781744;0,00000000
9,59379148;3,82781744;0,00000000
9,59389548;3,82781744;0,00000000
9,59399948;3,82781744;0,00000000
9,59410348;3,82781744;0,00000000
9,59420748;3,82781744;0,00000000
9,59431148;3,78429508;0,00000000
9,59441548;3,82781744;0,00000000
9,59451948;3,82781744;0,00000000
9,59462348;3,82781744;0,00000000
9,59472748;3,82781744;0,00000000
9,59483148;3,82781744;0,00000000
9,59493548;3,78429508;0,00000000
9,59503948;3,82781744;0,00000000
9,59514348;3,78429508;0,00000000
9,59524748;3,82781744;0,00000000
9,59535148;3,78429508;0,00000000
9,59545548;3,78429508;0,00000000
9,59555948;3,78429508;0,00000000
9,59566348;3,82781744;0,00000000
9,59576748;3,82781744;0,00000000
9,59587148;3,82781744;0,00000000
9,59597548;3,82781744;0,00000000
9,59607948;3,82781744;0,00000000
9,59618348;3,82781744;0,00000000
9,59628748;3,82781744;0,00000000
9,59639148;3,82781744;0,00000000
9,59649548;3,78429508;0,00000000
9,59659948;3,82781744;0,00000000
9,59670348;3,82781744;0,00000000
9,59680748;3,82781744;0,00000000
9,59691148;3,82781744;0,01734744
9,59701548;3,78429508;0,00000000
9,59711948;3,82781744;0,00000000
9,59722348;3,82781744;0,00000000
9,59732748;3,78429508;0,00000000
9,59743148;3,82781744;0,00000000
9,59753548;3,82781744;0,00000000
9,59763948;3,82781744;0,00000000
9,59774348;3,78429508;0,00000000
9,59784748;3,82781744;0,00000000
9,59795148;3,82781744;0,00000000
9,59805548;3,82781744;0,00000000
9,59815948;3,82781744;0,00000000
9,59826348;3,82781744;0,00000000
9,59836748;3,82781744;0,00000000
9,59847148;3,82781744;0,00000000
9,59857548;3,82781744;0,00000000
9,59867948;3,82781744;0,00000000
9,59878348;3,82781744;0,00000000
9,59888748;3,82781744;0,00000000
9,59899148;3,78429508;0,00000000
9,59909548;3,78429508;0,00000000
9,59919948;3,78429508;0,00000000
9,59930348;3,78429508;0,00000000
9,59940748;3,82781744;0,00000000
9,59951148;3,82781744;0,00000000
9,59961548;3,78429508;0,00000000
9,59971948;3,78429508;0,00000000
9,59982348;3,82781744;0,00000000
9,59992748;3,82781744;0,00000000
9,60003148;3,82781744;0,01734744
9,60013548;3,82781744;0,00000000
9,60023948;3,78429508;0,00000000
9,60034348;3,78429508;0,00000000
9,60044748;3,82781744;0,00000000
9,60055148;3,82781744;0,00000000
9,60065548;3,82781744;0,00000000
9,60075948;3,82781744;0,00000000
9,60086348;3,82781744;0,00000000
9,60096748;3,78429508;0,00000000
9,60107148;3,78429508;0,00000000
9,60117548;3,82781744;0,00000000
9,60127948;3,78429508;0,00000000
9,60138348;3,82781744;0,00000000
9,60148748;3,78429508;0,00000000
9,60159148;3,82781744;0,00000000
9,60169548;3,82781744;0,00000000
9,60179948;3,82781744;0,00000000
9,60190348;3,82781744;0,00000000
9,60200748;3,82781744;0,00000000
9,60211148;3,78429508;0,00000000
9,60221548;3,78429508;0,00000000
9,60231948;3,78429508;0,00000000
9,60242348;3,82781744;0,00000000
9,60252748;3,82781744;0,00000000
9,60263148;3,82781744;0,00000000
9,60273548;3,82781744;0,00000000
9,60283948;3,78429508;0,00000000
9,60294348;3,82781744;0,00000000
9,60304748;3,82781744;0,00000000
9,60315148;3,82781744;0,00000000
9,60325548;3,82781744;0,00000000
9,60335948;3,78429508;0,00000000
9,60346348;3,82781744;0,00000000
9,60356748;3,82781744;0,00000000
9,60367148;3,78429508;0,00000000
9,60377548;3,82781744;0,00000000
9,60387948;3,78429508;0,00000000
9,60398348;3,82781744;0,00000000
9,60408748;3,78429508;0,00000000
9,60419148;3,82781744;0,00000000
9,60429548;3,78429508;0,00000000
9,60439948;3,82781744;0,00000000
9,60450348;3,78429508;0,00000000
9,60460748;3,82781744;0,00000000
9,60471148;3,82781744;0,00000000
9,60481548;3,82781744;0,00000000
9,60491948;3,82781744;0,00000000
9,60502348;3,78429508;0,00000000
9,60512748;3,82781744;0,00000000
9,60523148;3,82781744;0,00000000
9,60533548;3,78429508;0,00000000
9,60543948;3,82781744;0,00000000
9,60554348;3,78429508;0,00000000
9,60564748;3,82781744;0,00000000
9,60575148;3,78429508;0,00000000
9,60585548;3,82781744;0,00000000
9,60595948;3,78429508;0,00000000
9,60606348;3,82781744;0,01734744
9,60616748;3,78429508;0,00000000
9,60627148;3,82781744;0,00000000
9,60637548;3,78429508;0,00000000
9,60647948;3,82781744;0,00000000
9,60658348;3,82781744;0,00000000
9,60668748;3,82781744;0,00000000
9,60679148;3,82781744;0,00000000
9,60689548;3,82781744;0,00000000
9,60699948;3,82781744;0,00000000
9,60710348;3,82781744;0,00000000
9,60720748;3,82781744;0,00000000
9,60731148;3,78429508;0,00000000
9,60741548;3,82781744;0,00000000
9,60751948;3,82781744;0,00000000
9,60762348;3,82781744;0,00000000
9,60772748;3,78429508;0,00000000
9,60783148;3,82781744;0,00000000
9,60793548;3,82781744;0,00000000
9,60803948;3,78429508;0,00000000
9,60814348;3,78429508;0,00000000
9,60824748;3,78429508;0,00000000
9,60835148;3,82781744;0,00000000
9,60845548;3,78429508;0,00000000
9,60855948;3,82781744;0,00000000
9,60866348;3,82781744;0,00000000
9,60876748;3,82781744;0,00000000
9,60887148;3,82781744;0,00000000
9,60897548;3,82781744;0,00000000
9,60907948;3,82781744;0,00000000
9,60918348;3,82781744;0,00000000
9,60928748;3,82781744;0,00000000
9,60939148;3,82781744;0,00000000
9,60949548;3,82781744;0,00000000
9,60959948;3,78429508;0,00000000
9,60970348;3,82781744;0,00000000
9,60980748;3,82781744;0,00000000
9,60991148;3,82781744;0,00000000
9,61001548;3,82781744;0,00000000
9,61011948;3,78429508;0,00000000
9,61022348;3,87133980;0,00000000
9,61032748;3,78429508;0,00000000
9,61043148;3,78429508;0,00000000
9,61053548;3,82781744;0,00000000
9,61063948;3,82781744;0,00000000
9,61074348;3,82781744;0,00000000
9,61084748;3,82781744;0,00000000
9,61095148;3,82781744;0,00000000
9,61105548;3,82781744;0,00000000
9,61115948;3,78429508;0,00000000
9,61126348;3,78429508;0,00000000
9,61136748;3,82781744;0,00000000
9,61147148;3,78429508;0,00000000
9,61157548;3,82781744;0,00000000
9,61167948;3,82781744;0,00000000
9,61178348;3,78429508;0,00000000
9,61188748;3,78429508;0,00000000
9,61199148;3,78429508;0,00000000
9,61209548;3,82781744;0,00000000
9,61219948;3,78429508;0,00000000
9,61230348;3,82781744;0,00000000
9,61240748;3,82781744;0,00000000
9,61251148;3,82781744;0,00000000
9,61261548;3,82781744;0,00000000
9,61271948;3,82781744;0,00000000
9,61282348;3,82781744;0,00000000
9,61292748;3,78429508;0,00000000
9,61303148;3,82781744;0,00000000
9,61313548;3,78429508;0,00000000
9,61323948;3,82781744;0,00000000
9,61334348;3,82781744;0,00000000
9,61344748;3,82781744;0,00000000
9,61355148;3,82781744;0,00000000
9,61365548;3,78429508;0,00000000
9,61375948;3,82781744;0,00000000
9,61386348;3,82781744;0,00000000
9,61396748;3,78429508;0,00000000
9,61407148;3,82781744;0,00000000
9,61417548;3,78429508;0,00000000
9,61427948;3,78429508;0,00000000
9,61438348;3,82781744;0,00000000
9,61448748;3,82781744;0,00000000
9,61459148;3,78429508;0,00000000
9,61469548;3,78429508;0,00000000
9,61479948;3,82781744;0,00000000
9,61490348;3,82781744;0,00000000
9,61500748;3,82781744;0,00000000
9,61511148;3,82781744;0,00000000
9,61521548;3,78429508;0,00000000
9,61531948;3,82781744;0,00000000
9,61542348;3,78429508;0,00000000
9,61552748;3,78429508;0,00000000
9,61563148;3,82781744;0,00000000
9,61573548;3,82781744;0,00000000
9,61583948;3,78429508;0,00000000
9,61594348;3,78429508;0,00000000
9,61604748;3,82781744;0,00000000
9,61615148;3,78429508;0,00000000
9,61625548;3,82781744;0,00000000
9,61635948;3,78429508;0,00000000
9,61646348;3,82781744;0,00000000
9,61656748;3,82781744;0,00000000
9,61667148;3,82781744;0,00000000
9,61677548;3,82781744;0,00000000
9,61687948;3,82781744;0,00000000
9,61698348;3,82781744;0,00000000
9,61708748;3,78429508;0,00000000
9,61719148;3,82781744;0,00000000
9,61729548;3,78429508;0,00000000
9,61739948;3,82781744;0,00000000
9,61750348;3,82781744;0,00000000
9,61760748;3,82781744;0,00000000
9,61771148;3,82781744;0,00000000
9,61781548;3,78429508;0,00000000
9,61791948;3,82781744;0,00000000
9,61802348;3,82781744;0,00000000
9,61812748;3,82781744;0,00000000
9,61823148;3,78429508;0,00000000
9,61833548;3,82781744;0,00000000
9,61843948;3,78429508;0,00000000
9,61854348;3,78429508;0,00000000
9,61864748;3,82781744;0,00000000
9,61875148;3,78429508;0,00000000
9,61885548;3,82781744;0,00000000
9,61895948;3,82781744;0,00000000
9,61906348;3,82781744;0,00000000
9,61916748;3,82781744;0,00000000
9,61927148;3,82781744;0,00000000
9,61937548;3,82781744;0,00000000
9,61947948;3,78429508;0,00000000
9,61958348;3,78429508;0,00000000
9,61968748;3,82781744;0,00000000
9,61979148;3,82781744;0,00000000
9,61989548;3,82781744;0,00000000
9,61999948;3,82781744;0,00000000
9,62010348;3,78429508;0,00000000
9,62020748;3,78429508;0,00000000
9,62031148;3,82781744;0,00000000
9,62041548;3,78429508;0,00000000
9,62051948;3,78429508;0,00000000
9,62062348;3,78429508;0,00000000
9,62072748;3,82781744;0,00000000
9,62083148;3,78429508;0,00000000
9,62093548;3,82781744;0,00000000
9,62103948;3,78429508;0,00000000
9,62114348;3,82781744;0,00000000
9,62124748;3,78429508;0,00000000
9,62135148;3,78429508;0,00000000
9,62145548;3,82781744;0,00000000
9,62155948;3,78429508;0,00000000
9,62166348;3,82781744;0,00000000
9,62176748;3,78429508;0,00000000
9,62187148;3,82781744;0,00000000
9,62197548;3,82781744;0,00000000
9,62207948;3,82781744;0,00000000
9,62218348;3,78429508;0,00000000
9,62228748;3,82781744;0,00000000
9,62239148;3,82781744;0,00000000
9,62249548;3,78429508;0,00000000
9,62259948;3,82781744;0,00000000
9,62270348;3,82781744;0,00000000
9,62280748;3,82781744;0,00000000
9,62291148;3,82781744;0,00000000
9,62301548;3,82781744;0,00000000
9,62311948;3,82781744;0,00000000
9,62322348;3,82781744;0,00000000
9,62332748;3,78429508;0,00000000
9,62343148;3,78429508;0,00000000
9,62353548;3,78429508;0,00000000
9,62363948;3,82781744;0,00000000
9,62374348;3,82781744;0,00000000
9,62384748;3,82781744;0,00000000
9,62395148;3,78429508;0,00000000
9,62405548;3,82781744;0,00000000
9,62415948;3,78429508;0,00000000
9,62426348;3,82781744;0,00000000
9,62436748;3,82781744;0,00000000
9,62447148;3,78429508;0,00000000
9,62457548;3,78429508;0,00000000
9,62467948;3,82781744;0,00000000
9,62478348;3,78429508;0,00000000
9,62488748;3,82781744;0,00000000
9,62499148;3,78429508;0,00000000
9,62509548;3,78429508;0,00000000
9,62519948;3,78429508;0,00000000
9,62530348;3,82781744;0,00000000
9,62540748;3,82781744;0,00000000
9,62551148;3,82781744;0,00000000
9,62561548;3,82781744;0,00000000
9,62571948;3,82781744;0,00000000
9,62582348;3,78429508;0,00000000
9,62592748;3,82781744;0,00000000
9,62603148;3,78429508;0,00000000
9,62613548;3,78429508;0,00000000
9,62623948;3,78429508;0,00000000
9,62634348;3,82781744;0,00000000
9,62644748;3,82781744;0,00000000
9,62655148;3,78429508;0,00000000
9,62665548;3,78429508;0,00000000
9,62675948;3,82781744;0,00000000
9,62686348;3,78429508;0,00000000
9,62696748;3,82781744;0,00000000
9,62707148;3,82781744;0,00000000
9,62717548;3,82781744;0,00000000
9,62727948;3,82781744;0,00000000
9,62738348;3,78429508;0,00000000
9,62748748;3,78429508;0,00000000
9,62759148;3,78429508;0,00000000
9,62769548;3,82781744;0,00000000
9,62779948;3,82781744;0,00000000
9,62790348;3,82781744;0,00000000
9,62800748;3,82781744;0,00000000
9,62811148;3,82781744;0,00000000
9,62821548;3,82781744;0,00000000
9,62831948;3,82781744;0,00000000
9,62842348;3,78429508;0,00000000
9,62852748;3,82781744;0,00000000
9,62863148;3,82781744;0,00000000
9,62873548;3,78429508;0,00000000
9,62883948;3,82781744;0,00000000
9,62894348;3,78429508;0,00000000
9,62904748;3,78429508;0,00000000
9,62915148;3,82781744;0,00000000
9,62925548;3,78429508;0,00000000
9,62935948;3,82781744;0,00000000
9,62946348;3,82781744;0,00000000
9,62956748;3,82781744;0,00000000
9,62967148;3,82781744;0,00000000
9,62977548;3,82781744;0,00000000
9,62987948;3,78429508;0,00000000
9,62998348;3,82781744;0,00000000
9,63008748;3,82781744;0,00000000
9,63019148;3,78429508;0,00000000
9,63029548;3,78429508;0,00000000
9,63039948;3,82781744;0,00000000
9,63050348;3,82781744;0,00000000
9,63060748;3,82781744;0,00000000
9,63071148;3,82781744;0,00000000
9,63081548;3,78429508;0,00000000
9,63091948;3,82781744;0,00000000
9,63102348;3,78429508;0,00000000
9,63112748;3,82781744;0,00000000
9,63123148;3,78429508;0,00000000
9,63133548;3,82781744;0,00000000
9,63143948;3,82781744;0,00000000
9,63154348;3,82781744;0,00000000
9,63164748;3,82781744;0,00000000
9,63175148;3,78429508;0,00000000
9,63185548;3,82781744;0,00000000
9,63195948;3,78429508;0,00000000
9,63206348;3,82781744;0,00000000
9,63216748;3,82781744;0,00000000
9,63227148;3,78429508;0,00000000
9,63237548;3,82781744;0,00000000
9,63247948;3,82781744;0,00000000
9,63258348;3,78429508;0,00000000
9,63268748;3,82781744;0,00000000
9,63279148;3,82781744;0,00000000
9,63289548;3,82781744;0,00000000
9,63299948;3,78429508;0,00000000
9,63310348;3,82781744;0,00000000
9,63320748;3,82781744;0,00000000
9,63331148;3,78429508;0,00000000
9,63341548;3,78429508;0,00000000
9,63351948;3,82781744;0,00000000
9,63362348;3,82781744;0,00000000
9,63372748;3,78429508;0,00000000
9,63383148;3,82781744;0,00000000
9,63393548;3,82781744;0,00000000
9,63403948;3,82781744;0,00000000
9,63414348;3,78429508;0,00000000
9,63424748;3,78429508;0,00000000
9,63435148;3,82781744;0,00000000
9,63445548;3,82781744;0,00000000
9,63455948;3,82781744;0,00000000
9,63466348;3,78429508;0,00000000
9,63476748;3,78429508;0,00000000
9,63487148;3,78429508;0,00000000
9,63497548;3,78429508;0,00000000
9,63507948;3,82781744;0,00000000
9,63518348;3,78429508;0,00000000
9,63528748;3,82781744;0,00000000
9,63539148;3,82781744;0,00000000
9,63549548;3,78429508;0,00000000
9,63559948;3,82781744;0,00000000
9,63570348;3,82781744;0,00000000
9,63580748;3,82781744;0,00000000
9,63591148;3,82781744;0,00000000
9,63601548;3,82781744;0,00000000
9,63611948;3,82781744;0,00000000
9,63622348;3,78429508;0,00000000
9,63632748;3,78429508;0,00000000
9,63643148;3,78429508;0,00000000
9,63653548;3,82781744;0,00000000
9,63663948;3,82781744;0,00000000
9,63674348;3,78429508;0,00000000
9,63684748;3,82781744;0,00000000
9,63695148;3,82781744;0,00000000
9,63705548;3,82781744;0,00000000
9,63715948;3,82781744;0,00000000
9,63726348;3,82781744;0,00000000
9,63736748;3,82781744;0,00000000
9,63747148;3,82781744;0,00000000
9,63757548;3,82781744;0,00000000
9,63767948;3,78429508;0,00000000
9,63778348;3,82781744;0,00000000
9,63788748;3,82781744;0,00000000
9,63799148;3,82781744;0,00000000
9,63809548;3,82781744;0,00000000
9,63819948;3,82781744;0,00000000
9,63830348;3,82781744;0,00000000
9,63840748;3,82781744;0,00000000
9,63851148;3,78429508;0,00000000
9,63861548;3,82781744;0,00000000
9,63871948;3,82781744;0,00000000
9,63882348;3,78429508;0,00000000
9,63892748;3,82781744;0,00000000
9,63903148;3,78429508;0,00000000
9,63913548;3,82781744;0,00000000
9,63923948;3,82781744;0,00000000
9,63934348;3,82781744;0,00000000
9,63944748;3,82781744;0,00000000
9,63955148;3,82781744;0,00000000
9,63965548;3,82781744;0,00000000
9,63975948;3,78429508;0,00000000
9,63986348;3,82781744;0,00000000
9,63996748;3,82781744;0,00000000
9,64007148;3,82781744;0,00000000
9,64017548;3,82781744;0,00000000
9,64027948;3,78429508;0,00000000
9,64038348;3,78429508;0,00000000
9,64048748;3,78429508;0,00000000
9,64059148;3,82781744;0,00000000
9,64069548;3,78429508;0,00000000
9,64079948;3,82781744;0,00000000
9,64090348;3,78429508;0,00000000
9,64100748;3,82781744;0,00000000
9,64111148;3,82781744;0,00000000
9,64121548;3,82781744;0,00000000
9,64131948;3,82781744;0,00000000
9,64142348;3,78429508;0,00000000
9,64152748;3,82781744;0,00000000
9,64163148;3,78429508;0,00000000
9,64173548;3,82781744;0,00000000
9,64183948;3,82781744;0,00000000
9,64194348;3,82781744;0,00000000
9,64204748;3,82781744;0,00000000
9,64215148;3,78429508;0,00000000
9,64225548;3,78429508;0,00000000
9,64235948;3,78429508;0,00000000
9,64246348;3,82781744;0,00000000
9,64256748;3,82781744;0,00000000
9,64267148;3,82781744;0,00000000
9,64277548;3,82781744;0,00000000
9,64287948;3,82781744;0,00000000
9,64298348;3,82781744;0,00000000
9,64308748;3,78429508;0,01734744
9,64319148;3,78429508;0,00000000
9,64329548;3,78429508;0,00000000
9,64339948;3,82781744;0,00000000
9,64350348;3,82781744;0,00000000
9,64360748;3,78429508;0,00000000
9,64371148;3,82781744;0,00000000
9,64381548;3,82781744;0,00000000
9,64391948;3,78429508;0,00000000
9,64402348;3,78429508;0,00000000
9,64412748;3,78429508;0,00000000
9,64423148;3,78429508;0,00000000
9,64433548;3,78429508;0,00000000
9,64443948;3,82781744;0,00000000
9,64454348;3,78429508;0,00000000
9,64464748;3,82781744;0,00000000
9,64475148;3,78429508;0,00000000
9,64485548;3,82781744;0,00000000
9,64495948;3,82781744;0,00000000
9,64506348;3,82781744;0,00000000
9,64516748;3,78429508;0,00000000
9,64527148;3,82781744;0,00000000
9,64537548;3,82781744;0,00000000
9,64547948;3,78429508;0,00000000
9,64558348;3,82781744;0,00000000
9,64568748;3,82781744;0,00000000
9,64579148;3,78429508;0,00000000
9,64589548;3,82781744;0,00000000
9,64599948;3,82781744;0,00000000
9,64610348;3,78429508;0,00000000
9,64620748;3,82781744;0,00000000
9,64631148;3,82781744;0,00000000
9,64641548;3,78429508;0,00000000
9,64651948;3,82781744;0,00000000
9,64662348;3,82781744;0,00000000
9,64672748;3,82781744;0,00000000
9,64683148;3,78429508;0,00000000
9,64693548;3,78429508;0,00000000
9,64703948;3,82781744;0,00000000
9,64714348;3,78429508;0,00000000
9,64724748;3,82781744;0,00000000
9,64735148;3,78429508;0,00000000
9,64745548;3,78429508;0,00000000
9,64755948;3,78429508;0,00000000
9,64766348;3,82781744;0,00000000
9,64776748;3,78429508;0,00000000
9,64787148;3,78429508;0,00000000
9,64797548;3,78429508;0,00000000
9,64807948;3,78429508;0,00000000
9,64818348;3,78429508;0,00000000
9,64828748;3,78429508;0,00000000
9,64839148;3,82781744;0,00000000
9,64849548;3,82781744;0,00000000
9,64859948;3,82781744;0,00000000
9,64870348;3,82781744;0,00000000
9,64880748;3,82781744;0,00000000
9,64891148;3,82781744;0,00000000
9,64901548;3,82781744;0,00000000
9,64911948;3,82781744;0,00000000
9,64922348;3,82781744;0,00000000
9,64932748;3,82781744;0,00000000
9,64943148;3,82781744;0,00000000
9,64953548;3,82781744;0,00000000
9,64963948;3,82781744;0,00000000
9,64974348;3,82781744;0,00000000
9,64984748;3,78429508;0,00000000
9,64995148;3,78429508;0,00000000
9,65005548;3,82781744;0,00000000
9,65015948;3,82781744;0,00000000
9,65026348;3,78429508;0,00000000
9,65036748;3,78429508;0,00000000
9,65047148;3,82781744;0,00000000
9,65057548;3,82781744;0,00000000
9,65067948;3,82781744;0,00000000
9,65078348;3,82781744;0,00000000
9,65088748;3,78429508;0,00000000
9,65099148;3,87133980;0,00000000
9,65109548;3,82781744;0,00000000
9,65119948;3,82781744;0,00000000
9,65130348;3,78429508;0,00000000
9,65140748;3,78429508;0,00000000
9,65151148;3,82781744;0,00000000
9,65161548;3,82781744;0,00000000
9,65171948;3,82781744;0,00000000
9,65182348;3,82781744;0,00000000
9,65192748;3,82781744;0,00000000
9,65203148;3,78429508;0,00000000
9,65213548;3,78429508;0,00000000
9,65223948;3,78429508;0,00000000
9,65234348;3,78429508;0,00000000
9,65244748;3,82781744;0,00000000
9,65255148;3,82781744;0,00000000
9,65265548;3,82781744;0,00000000
9,65275948;3,82781744;0,00000000
9,65286348;3,78429508;0,00000000
9,65296748;3,82781744;0,00000000
9,65307148;3,82781744;0,00000000
9,65317548;3,82781744;0,00000000
9,65327948;3,82781744;0,00000000
9,65338348;3,82781744;0,00000000
9,65348748;3,82781744;0,00000000
9,65359148;3,78429508;0,00000000
9,65369548;3,78429508;0,01734744
9,65379948;3,82781744;0,00000000
9,65390348;3,82781744;0,00000000
9,65400748;3,82781744;0,00000000
9,65411148;3,82781744;0,00000000
9,65421548;3,82781744;0,00000000
9,65431948;3,82781744;0,00000000
9,65442348;3,82781744;0,00000000
9,65452748;3,82781744;0,00000000
9,65463148;3,78429508;0,00000000
9,65473548;3,82781744;0,00000000
9,65483948;3,82781744;0,00000000
9,65494348;3,82781744;0,00000000
9,65504748;3,82781744;0,00000000
9,65515148;3,82781744;0,00000000
9,65525548;3,82781744;0,00000000
9,65535948;3,82781744;0,00000000
9,65546348;3,82781744;0,00000000
9,65556748;3,82781744;0,00000000
9,65567148;3,82781744;0,00000000
9,65577548;3,82781744;0,00000000
9,65587948;3,82781744;0,00000000
9,65598348;3,82781744;0,00000000
9,65608748;3,82781744;0,00000000
9,65619148;3,78429508;0,00000000
9,65629548;3,78429508;0,00000000
9,65639948;3,78429508;0,00000000
9,65650348;3,78429508;0,00000000
9,65660748;3,82781744;0,00000000
9,65671148;3,82781744;0,00000000
9,65681548;3,82781744;0,00000000
9,65691948;3,82781744;0,00000000
9,65702348;3,82781744;0,00000000
9,65712748;3,82781744;0,00000000
9,65723148;3,82781744;0,00000000
9,65733548;3,78429508;0,00000000
9,65743948;3,82781744;0,00000000
9,65754348;3,82781744;0,00000000
9,65764748;3,82781744;0,00000000
9,65775148;3,78429508;0,00000000
9,65785548;3,78429508;0,00000000
9,65795948;3,82781744;0,00000000
9,65806348;3,82781744;0,00000000
9,65816748;3,82781744;0,00000000
9,65827148;3,82781744;0,00000000
9,65837548;3,82781744;0,00000000
9,65847948;3,78429508;0,00000000
9,65858348;3,78429508;0,00000000
9,65868748;3,78429508;0,00000000
9,65879148;3,78429508;0,00000000
9,65889548;3,82781744;0,00000000
9,65899948;3,82781744;0,00000000
9,65910348;3,82781744;0,00000000
9,65920748;3,82781744;0,00000000
9,65931148;3,82781744;0,00000000
9,65941548;3,82781744;0,00000000
9,65951948;3,82781744;0,00000000
9,65962348;3,82781744;0,00000000
9,65972748;3,82781744;0,00000000
9,65983148;3,82781744;0,00000000
9,65993548;3,78429508;0,00000000
9,66003948;3,82781744;0,00000000
9,66014348;3,82781744;0,00000000
9,66024748;3,78429508;0,00000000
9,66035148;3,82781744;0,00000000
9,66045548;3,82781744;0,00000000
9,66055948;3,78429508;0,00000000
9,66066348;3,82781744;0,00000000
9,66076748;3,82781744;0,00000000
9,66087148;3,82781744;0,00000000
9,66097548;3,82781744;0,00000000
9,66107948;3,82781744;0,00000000
9,66118348;3,82781744;0,00000000
9,66128748;3,78429508;0,00000000
9,66139148;3,82781744;0,00000000
9,66149548;3,78429508;0,00000000
9,66159948;3,78429508;0,00000000
9,66170348;3,82781744;0,00000000
9,66180748;3,78429508;0,00000000
9,66191148;3,82781744;0,00000000
9,66201548;3,82781744;0,00000000
9,66211948;3,78429508;0,00000000
9,66222348;3,82781744;0,00000000
9,66232748;3,82781744;0,00000000
9,66243148;3,78429508;0,00000000
9,66253548;3,82781744;0,00000000
9,66263948;3,78429508;0,00000000
9,66274348;3,82781744;0,00000000
9,66284748;3,82781744;0,00000000
9,66295148;3,82781744;0,00000000
9,66305548;3,78429508;0,00000000
9,66315948;3,82781744;0,00000000
9,66326348;3,82781744;0,00000000
9,66336748;3,82781744;0,00000000
9,66347148;3,82781744;0,00000000
9,66357548;3,82781744;0,00000000
9,66367948;3,82781744;0,00000000
9,66378348;3,82781744;0,00000000
9,66388748;3,82781744;0,00000000
9,66399148;3,78429508;0,00000000
9,66409548;3,82781744;0,00000000
9,66419948;3,78429508;0,00000000
9,66430348;3,82781744;0,00000000
9,66440748;3,82781744;0,00000000
9,66451148;3,82781744;0,00000000
9,66461548;3,82781744;0,00000000
9,66471948;3,82781744;0,00000000
9,66482348;3,82781744;0,00000000
9,66492748;3,82781744;0,00000000
9,66503148;3,82781744;0,00000000
9,66513548;3,82781744;0,00000000
9,66523948;3,82781744;0,00000000
9,66534348;3,82781744;0,00000000
9,66544748;3,82781744;0,00000000
9,66555148;3,82781744;0,00000000
9,66565548;3,82781744;0,00000000
9,66575948;3,82781744;0,00000000
9,66586348;3,82781744;0,00000000
9,66596748;3,82781744;0,00000000
9,66607148;3,82781744;0,00000000
9,66617548;3,82781744;0,00000000
9,66627948;3,78429508;0,00000000
9,66638348;3,82781744;0,00000000
9,66648748;3,82781744;0,00000000
9,66659148;3,78429508;0,00000000
9,66669548;3,82781744;0,00000000
9,66679948;3,82781744;0,00000000
9,66690348;3,82781744;0,00000000
9,66700748;3,82781744;0,00000000
9,66711148;3,82781744;0,00000000
9,66721548;3,82781744;0,00000000
9,66731948;3,82781744;0,00000000
9,66742348;3,82781744;0,00000000
9,66752748;3,82781744;0,00000000
9,66763148;3,82781744;0,00000000
9,66773548;3,78429508;0,00000000
9,66783948;3,82781744;0,00000000
9,66794348;3,78429508;0,00000000
9,66804748;3,78429508;0,00000000
9,66815148;3,78429508;0,00000000
9,66825548;3,82781744;0,00000000
9,66835948;3,82781744;0,00000000
9,66846348;3,82781744;0,00000000
9,66856748;3,78429508;0,00000000
9,66867148;3,82781744;0,00000000
9,66877548;3,78429508;0,00000000
9,66887948;3,82781744;0,00000000
9,66898348;3,82781744;0,00000000
9,66908748;3,82781744;0,00000000
9,66919148;3,78429508;0,00000000
9,66929548;3,82781744;0,00000000
9,66939948;3,82781744;0,00000000
9,66950348;3,82781744;0,00000000
9,66960748;3,82781744;0,00000000
9,66971148;3,82781744;0,00000000
9,66981548;3,82781744;0,00000000
9,66991948;3,82781744;0,00000000
9,67002348;3,82781744;0,00000000
9,67012748;3,78429508;0,00000000
9,67023148;3,82781744;0,00000000
9,67033548;3,82781744;0,00000000
9,67043948;3,78429508;0,00000000
9,67054348;3,78429508;0,00000000
9,67064748;3,82781744;0,00000000
9,67075148;3,82781744;0,00000000
9,67085548;3,78429508;0,00000000
9,67095948;3,78429508;0,00000000
9,67106348;3,82781744;0,00000000
9,67116748;3,82781744;0,00000000
9,67127148;3,78429508;0,00000000
9,67137548;3,82781744;0,00000000
9,67147948;3,78429508;0,00000000
9,67158348;3,82781744;0,00000000
9,67168748;3,82781744;0,00000000
9,67179148;3,78429508;0,00000000
9,67189548;3,82781744;0,00000000
9,67199948;3,78429508;0,00000000
9,67210348;3,82781744;0,00000000
9,67220748;3,78429508;0,00000000
9,67231148;3,82781744;0,00000000
9,67241548;3,78429508;0,00000000
9,67251948;3,78429508;0,00000000
9,67262348;3,82781744;0,00000000
9,67272748;3,82781744;0,00000000
9,67283148;3,78429508;0,00000000
9,67293548;3,82781744;0,00000000
9,67303948;3,78429508;0,00000000
9,67314348;3,82781744;0,00000000
9,67324748;3,82781744;0,00000000
9,67335148;3,82781744;0,00000000
9,67345548;3,82781744;0,00000000
9,67355948;3,82781744;0,00000000
9,67366348;3,82781744;0,00000000
9,67376748;3,82781744;0,00000000
9,67387148;3,82781744;0,00000000
9,67397548;3,78429508;0,01734744
9,67407948;3,82781744;0,00000000
9,67418348;3,78429508;0,00000000
9,67428748;3,82781744;0,00000000
9,67439148;3,82781744;0,00000000
9,67449548;3,82781744;0,00000000
9,67459948;3,78429508;0,00000000
9,67470348;3,82781744;0,00000000
9,67480748;3,78429508;0,00000000
9,67491148;3,82781744;0,00000000
9,67501548;3,82781744;0,00000000
9,67511948;3,82781744;0,00000000
9,67522348;3,78429508;0,00000000
9,67532748;3,82781744;0,00000000
9,67543148;3,82781744;0,00000000
9,67553548;3,78429508;0,00000000
9,67563948;3,82781744;0,00000000
9,67574348;3,78429508;0,00000000
9,67584748;3,82781744;0,00000000
9,67595148;3,82781744;0,00000000
9,67605548;3,82781744;0,00000000
9,67615948;3,82781744;0,00000000
9,67626348;3,82781744;0,00000000
9,67636748;3,82781744;0,00000000
9,67647148;3,82781744;0,00000000
9,67657548;3,78429508;0,00000000
9,67667948;3,82781744;0,00000000
9,67678348;3,78429508;0,00000000
9,67688748;3,82781744;0,00000000
9,67699148;3,78429508;0,00000000
9,67709548;3,82781744;0,00000000
9,67719948;3,82781744;0,00000000
9,67730348;3,78429508;0,00000000
9,67740748;3,82781744;0,00000000
9,67751148;3,82781744;0,00000000
9,67761548;3,78429508;0,00000000
9,67771948;3,82781744;0,00000000
9,67782348;3,82781744;0,00000000
9,67792748;3,82781744;0,00000000
9,67803148;3,82781744;0,00000000
9,67813548;3,78429508;0,00000000
9,67823948;3,78429508;0,00000000
9,67834348;3,82781744;0,00000000
9,67844748;3,82781744;0,00000000
9,67855148;3,78429508;0,00000000
9,67865548;3,82781744;0,00000000
9,67875948;3,82781744;0,00000000
9,67886348;3,78429508;0,00000000
9,67896748;3,78429508;0,00000000
9,67907148;3,82781744;0,00000000
9,67917548;3,82781744;0,00000000
9,67927948;3,82781744;0,00000000
9,67938348;3,78429508;0,00000000
9,67948748;3,78429508;0,00000000
9,67959148;3,82781744;0,00000000
9,67969548;3,82781744;0,00000000
9,67979948;3,82781744;0,00000000
9,67990348;3,78429508;0,00000000
9,68000748;3,82781744;0,00000000
9,68011148;3,82781744;0,00000000
9,68021548;3,82781744;0,00000000
9,68031948;3,82781744;0,00000000
9,68042348;3,82781744;0,00000000
9,68052748;3,82781744;0,00000000
9,68063148;3,82781744;0,00000000
9,68073548;3,82781744;0,00000000
9,68083948;3,82781744;0,00000000
9,68094348;3,82781744;0,00000000
9,68104748;3,82781744;0,00000000
9,68115148;3,82781744;0,00000000
9,68125548;3,78429508;0,00000000
9,68135948;3,78429508;0,00000000
9,68146348;3,82781744;0,00000000
9,68156748;3,82781744;0,00000000
9,68167148;3,82781744;0,00000000
9,68177548;3,82781744;0,00000000
9,68187948;3,82781744;0,00000000
9,68198348;3,82781744;0,00000000
9,68208748;3,82781744;0,00000000
9,68219148;3,82781744;0,00000000
9,68229548;3,78429508;0,00000000
9,68239948;3,82781744;0,00000000
9,68250348;3,82781744;0,00000000
9,68260748;3,82781744;0,00000000
9,68271148;3,82781744;0,00000000
9,68281548;3,82781744;0,00000000
9,68291948;3,78429508;0,00000000
9,68302348;3,82781744;0,00000000
9,68312748;3,82781744;0,00000000
9,68323148;3,82781744;0,00000000
9,68333548;3,82781744;0,00000000
9,68343948;3,78429508;0,00000000
9,68354348;3,82781744;0,00000000
9,68364748;3,82781744;0,00000000
9,68375148;3,82781744;0,00000000
9,68385548;3,82781744;0,00000000
9,68395948;3,82781744;0,00000000
9,68406348;3,82781744;0,00000000
9,68416748;3,82781744;0,00000000
9,68427148;3,82781744;0,00000000
9,68437548;3,82781744;0,00000000
9,68447948;3,78429508;0,00000000
9,68458348;3,78429508;0,00000000
9,68468748;3,78429508;0,00000000
9,68479148;3,78429508;0,00000000
9,68489548;3,82781744;0,00000000
9,68499948;3,82781744;0,00000000
9,68510348;3,78429508;0,00000000
9,68520748;3,78429508;0,00000000
9,68531148;3,82781744;0,00000000
9,68541548;3,78429508;0,00000000
9,68551948;3,82781744;0,00000000
9,68562348;3,82781744;0,00000000
9,68572748;3,78429508;0,00000000
9,68583148;3,82781744;0,00000000
9,68593548;3,82781744;0,00000000
9,68603948;3,82781744;0,00000000
9,68614348;3,78429508;0,00000000
9,68624748;3,82781744;0,00000000
9,68635148;3,82781744;0,00000000
9,68645548;3,78429508;0,00000000
9,68655948;3,82781744;0,00000000
9,68666348;3,82781744;0,00000000
9,68676748;3,78429508;0,00000000
9,68687148;3,82781744;0,00000000
9,68697548;3,82781744;0,00000000
9,68707948;3,82781744;0,00000000
9,68718348;3,82781744;0,00000000
9,68728748;3,82781744;0,00000000
9,68739148;3,82781744;0,00000000
9,68749548;3,82781744;0,00000000
9,68759948;3,82781744;0,00000000
9,68770348;3,78429508;0,00000000
9,68780748;3,78429508;0,00000000
9,68791148;3,82781744;0,00000000
9,68801548;3,78429508;0,00000000
9,68811948;3,82781744;0,00000000
9,68822348;3,82781744;0,00000000
9,68832748;3,82781744;0,00000000
9,68843148;3,78429508;0,00000000
9,68853548;3,82781744;0,00000000
9,68863948;3,82781744;0,00000000
9,68874348;3,78429508;0,00000000
9,68884748;3,82781744;0,00000000
9,68895148;3,82781744;0,00000000
9,68905548;3,82781744;0,00000000
9,68915948;3,78429508;0,00000000
9,68926348;3,82781744;0,00000000
9,68936748;3,78429508;0,00000000
9,68947148;3,82781744;0,00000000
9,68957548;3,78429508;0,00000000
9,68967948;3,82781744;0,00000000
9,68978348;3,82781744;0,00000000
9,68988748;3,78429508;0,00000000
9,68999148;3,82781744;0,00000000
9,69009548;3,82781744;0,00000000
9,69019948;3,82781744;0,00000000
9,69030348;3,82781744;0,00000000
9,69040748;3,82781744;0,00000000
9,69051148;3,78429508;0,00000000
9,69061548;3,82781744;0,00000000
9,69071948;3,78429508;0,00000000
9,69082348;3,78429508;0,00000000
9,69092748;3,78429508;0,00000000
9,69103148;3,82781744;0,00000000
9,69113548;3,82781744;0,00000000
9,69123948;3,82781744;0,00000000
9,69134348;3,78429508;0,00000000
9,69144748;3,78429508;0,00000000
9,69155148;3,82781744;0,00000000
9,69165548;3,78429508;0,00000000
9,69175948;3,82781744;0,00000000
9,69186348;3,78429508;0,00000000
9,69196748;3,82781744;0,00000000
9,69207148;3,82781744;0,00000000
9,69217548;3,78429508;0,00000000
9,69227948;3,82781744;0,00000000
9,69238348;3,82781744;0,00000000
9,69248748;3,82781744;0,00000000
9,69259148;3,82781744;0,00000000
9,69269548;3,78429508;0,00000000
9,69279948;3,78429508;0,00000000
9,69290348;3,82781744;0,00000000
9,69300748;3,78429508;0,00000000
9,69311148;3,78429508;0,00000000
9,69321548;3,82781744;0,00000000
9,69331948;3,78429508;0,00000000
9,69342348;3,82781744;0,00000000
9,69352748;3,82781744;0,00000000
9,69363148;3,78429508;0,00000000
9,69373548;3,82781744;0,00000000
9,69383948;3,78429508;0,00000000
9,69394348;3,82781744;0,00000000
9,69404748;3,82781744;0,00000000
9,69415148;3,82781744;0,00000000
9,69425548;3,78429508;0,00000000
9,69435948;3,82781744;0,00000000
9,69446348;3,78429508;0,00000000
9,69456748;3,82781744;0,00000000
9,69467148;3,82781744;0,00000000
9,69477548;3,78429508;0,00000000
9,69487948;3,82781744;0,00000000
9,69498348;3,82781744;0,00000000
9,69508748;3,78429508;0,00000000
9,69519148;3,78429508;0,00000000
9,69529548;3,78429508;0,00000000
9,69539948;3,82781744;0,00000000
9,69550348;3,78429508;0,00000000
9,69560748;3,82781744;0,00000000
9,69571148;3,82781744;0,00000000
9,69581548;3,78429508;0,00000000
9,69591948;3,82781744;0,00000000
9,69602348;3,82781744;0,00000000
9,69612748;3,82781744;0,00000000
9,69623148;3,82781744;0,00000000
9,69633548;3,82781744;0,00000000
9,69643948;3,82781744;0,00000000
9,69654348;3,78429508;0,00000000
9,69664748;3,82781744;0,00000000
9,69675148;3,82781744;0,00000000
9,69685548;3,82781744;0,00000000
9,69695948;3,78429508;0,00000000
9,69706348;3,82781744;0,00000000
9,69716748;3,82781744;0,00000000
9,69727148;3,82781744;0,00000000
9,69737548;3,82781744;0,00000000
9,69747948;3,82781744;0,00000000
9,69758348;3,78429508;0,00000000
9,69768748;3,82781744;0,00000000
9,69779148;3,78429508;0,00000000
9,69789548;3,82781744;0,00000000
9,69799948;3,82781744;0,00000000
9,69810348;3,82781744;0,00000000
9,69820748;3,78429508;0,00000000
9,69831148;3,82781744;0,00000000
9,69841548;3,78429508;0,00000000
9,69851948;3,78429508;0,00000000
9,69862348;3,78429508;0,00000000
9,69872748;3,78429508;0,00000000
9,69883148;3,82781744;0,00000000
9,69893548;3,82781744;0,00000000
9,69903948;3,78429508;0,00000000
9,69914348;3,82781744;0,00000000
9,69924748;3,82781744;0,00000000
9,69935148;3,82781744;0,00000000
9,69945548;3,78429508;0,00000000
9,69955948;3,82781744;0,00000000
9,69966348;3,78429508;0,00000000
9,69976748;3,82781744;0,00000000
9,69987148;3,82781744;0,00000000
9,69997548;3,82781744;0,00000000
9,70007948;3,78429508;0,00000000
9,70018348;3,82781744;0,00000000
9,70028748;3,78429508;0,00000000
9,70039148;3,82781744;0,00000000
9,70049548;3,82781744;0,00000000
9,70059948;3,78429508;0,00000000
9,70070348;3,82781744;0,00000000
9,70080748;3,78429508;0,00000000
9,70091148;3,82781744;0,00000000
9,70101548;3,78429508;0,00000000
9,70111948;3,82781744;0,00000000
9,70122348;3,82781744;0,00000000
9,70132748;3,82781744;0,00000000
9,70143148;3,78429508;0,00000000
9,70153548;3,82781744;0,00000000
9,70163948;3,82781744;0,00000000
9,70174348;3,78429508;0,00000000
9,70184748;3,78429508;0,00000000
9,70195148;3,82781744;0,00000000
9,70205548;3,78429508;0,00000000
9,70215948;3,82781744;0,00000000
9,70226348;3,82781744;0,00000000
9,70236748;3,82781744;0,00000000
9,70247148;3,82781744;0,00000000
9,70257548;3,82781744;0,00000000
9,70267948;3,78429508;0,00000000
9,70278348;3,82781744;0,00000000
9,70288748;3,82781744;0,00000000
9,70299148;3,82781744;0,00000000
9,70309548;3,82781744;0,00000000
9,70319948;3,82781744;0,00000000
9,70330348;3,82781744;0,00000000
9,70340748;3,78429508;0,00000000
9,70351148;3,78429508;0,00000000
9,70361548;3,78429508;0,00000000
9,70371948;3,78429508;0,00000000
9,70382348;3,78429508;0,00000000
9,70392748;3,78429508;0,00000000
9,70403148;3,82781744;0,00000000
9,70413548;3,78429508;0,00000000
9,70423948;3,78429508;0,00000000
9,70434348;3,78429508;0,00000000
9,70444748;3,78429508;0,00000000
9,70455148;3,78429508;0,00000000
9,70465548;3,78429508;0,00000000
9,70475948;3,78429508;0,00000000
9,70486348;3,82781744;0,00000000
9,70496748;3,82781744;0,00000000
9,70507148;3,82781744;0,00000000
9,70517548;3,82781744;0,00000000
9,70527948;3,82781744;0,00000000
9,70538348;3,78429508;0,00000000
9,70548748;3,78429508;0,00000000
9,70559148;3,82781744;0,00000000
9,70569548;3,78429508;0,00000000
9,70579948;3,82781744;0,00000000
9,70590348;3,82781744;0,00000000
9,70600748;3,82781744;0,00000000
9,70611148;3,82781744;0,00000000
9,70621548;3,82781744;0,00000000
9,70631948;3,82781744;0,00000000
9,70642348;3,82781744;0,00000000
9,70652748;3,82781744;0,00000000
9,70663148;3,82781744;0,00000000
9,70673548;3,82781744;0,00000000
9,70683948;3,82781744;0,00000000
9,70694348;3,82781744;0,00000000
9,70704748;3,78429508;0,00000000
9,70715148;3,82781744;0,00000000
9,70725548;3,78429508;0,00000000
9,70735948;3,82781744;0,00000000
9,70746348;3,82781744;0,00000000
9,70756748;3,82781744;0,00000000
9,70767148;3,78429508;0,00000000
9,70777548;3,78429508;0,00000000
9,70787948;3,82781744;0,00000000
9,70798348;3,82781744;0,00000000
9,70808748;3,78429508;0,00000000
9,70819148;3,82781744;0,00000000
9,70829548;3,78429508;0,00000000
9,70839948;3,82781744;0,00000000
9,70850348;3,78429508;0,00000000
9,70860748;3,82781744;0,00000000
9,70871148;3,82781744;0,00000000
9,70881548;3,82781744;0,00000000
9,70891948;3,82781744;0,00000000
9,70902348;3,82781744;0,00000000
9,70912748;3,78429508;0,00000000
9,70923148;3,82781744;0,00000000
9,70933548;3,82781744;0,00000000
9,70943948;3,82781744;0,00000000
9,70954348;3,82781744;0,00000000
9,70964748;3,82781744;0,00000000
9,70975148;3,82781744;0,00000000
9,70985548;3,82781744;0,00000000
9,70995948;3,82781744;0,00000000
9,71006348;3,82781744;0,00000000
9,71016748;3,82781744;0,00000000
9,71027148;3,82781744;0,00000000
9,71037548;3,82781744;0,00000000
9,71047948;3,78429508;0,00000000
9,71058348;3,82781744;0,00000000
9,71068748;3,82781744;0,00000000
9,71079148;3,78429508;0,00000000
9,71089548;3,82781744;0,00000000
9,71099948;3,82781744;0,00000000
9,71110348;3,78429508;0,00000000
9,71120748;3,82781744;0,00000000
9,71131148;3,82781744;0,00000000
9,71141548;3,82781744;0,00000000
9,71151948;3,82781744;0,00000000
9,71162348;3,82781744;0,00000000
9,71172748;3,78429508;0,00000000
9,71183148;3,82781744;0,00000000
9,71193548;3,82781744;0,00000000
9,71203948;3,78429508;0,00000000
9,71214348;3,78429508;0,00000000
9,71224748;3,82781744;0,00000000
9,71235148;3,78429508;0,00000000
9,71245548;3,82781744;0,00000000
9,71255948;3,82781744;0,00000000
9,71266348;3,82781744;0,00000000
9,71276748;3,82781744;0,00000000
9,71287148;3,82781744;0,00000000
9,71297548;3,78429508;0,00000000
9,71307948;3,82781744;0,00000000
9,71318348;3,78429508;0,00000000
9,71328748;3,78429508;0,00000000
9,71339148;3,78429508;0,00000000
9,71349548;3,82781744;0,00000000
9,71359948;3,82781744;0,00000000
9,71370348;3,78429508;0,00000000
9,71380748;3,78429508;0,00000000
9,71391148;3,78429508;0,00000000
9,71401548;3,82781744;0,00000000
9,71411948;3,82781744;0,00000000
9,71422348;3,78429508;0,00000000
9,71432748;3,82781744;0,00000000
9,71443148;3,78429508;0,00000000
9,71453548;3,78429508;0,00000000
9,71463948;3,78429508;0,00000000
9,71474348;3,78429508;0,00000000
9,71484748;3,82781744;0,00000000
9,71495148;3,82781744;0,00000000
9,71505548;3,78429508;0,00000000
9,71515948;3,82781744;0,00000000
9,71526348;3,82781744;0,00000000
9,71536748;3,82781744;0,00000000
9,71547148;3,82781744;0,00000000
9,71557548;3,78429508;0,00000000
9,71567948;3,82781744;0,00000000
9,71578348;3,82781744;0,00000000
9,71588748;3,82781744;0,00000000
9,71599148;3,82781744;0,00000000
9,71609548;3,82781744;0,00000000
9,71619948;3,78429508;0,00000000
9,71630348;3,78429508;0,00000000
9,71640748;3,78429508;0,00000000
9,71651148;3,78429508;0,00000000
9,71661548;3,82781744;0,00000000
9,71671948;3,78429508;0,00000000
9,71682348;3,78429508;0,00000000
9,71692748;3,82781744;0,00000000
9,71703148;3,82781744;0,00000000
9,71713548;3,82781744;0,00000000
9,71723948;3,82781744;0,00000000
9,71734348;3,78429508;0,00000000
9,71744748;3,82781744;0,00000000
9,71755148;3,78429508;0,00000000
9,71765548;3,82781744;0,00000000
9,71775948;3,82781744;0,00000000
9,71786348;3,78429508;0,00000000
9,71796748;3,82781744;0,01734744
9,71807148;3,78429508;0,00000000
9,71817548;3,78429508;0,00000000
9,71827948;3,82781744;0,00000000
9,71838348;3,78429508;0,00000000
9,71848748;3,82781744;0,00000000
9,71859148;3,78429508;0,00000000
9,71869548;3,82781744;0,00000000
9,71879948;3,82781744;0,00000000
9,71890348;3,78429508;0,00000000
9,71900748;3,78429508;0,00000000
9,71911148;3,78429508;0,00000000
9,71921548;3,78429508;0,00000000
9,71931948;3,82781744;0,00000000
9,71942348;3,78429508;0,00000000
9,71952748;3,82781744;0,00000000
9,71963148;3,78429508;0,00000000
9,71973548;3,82781744;0,00000000
9,71983948;3,82781744;0,00000000
9,71994348;3,78429508;0,00000000
9,72004748;3,82781744;0,00000000
9,72015148;3,82781744;0,00000000
9,72025548;3,82781744;0,00000000
9,72035948;3,82781744;0,00000000
9,72046348;3,82781744;0,00000000
9,72056748;3,82781744;0,00000000
9,72067148;3,78429508;0,00000000
9,72077548;3,82781744;0,00000000
9,72087948;3,82781744;0,00000000
9,72098348;3,78429508;0,00000000
9,72108748;3,78429508;0,00000000
9,72119148;3,82781744;0,00000000
9,72129548;3,78429508;0,00000000
9,72139948;3,82781744;0,00000000
9,72150348;3,78429508;0,00000000
9,72160748;3,82781744;0,00000000
9,72171148;3,78429508;0,00000000
9,72181548;3,82781744;0,00000000
9,72191948;3,82781744;0,00000000
9,72202348;3,78429508;0,00000000
9,72212748;3,82781744;0,00000000
9,72223148;3,82781744;0,00000000
9,72233548;3,82781744;0,00000000
9,72243948;3,78429508;0,00000000
9,72254348;3,78429508;0,00000000
9,72264748;3,78429508;0,00000000
9,72275148;3,82781744;0,00000000
9,72285548;3,78429508;0,00000000
9,72295948;3,82781744;0,00000000
9,72306348;3,78429508;0,00000000
9,72316748;3,78429508;0,00000000
9,72327148;3,82781744;0,00000000
9,72337548;3,82781744;0,00000000
9,72347948;3,82781744;0,00000000
9,72358348;3,78429508;0,00000000
9,72368748;3,82781744;0,00000000
9,72379148;3,82781744;0,00000000
9,72389548;3,78429508;0,00000000
9,72399948;3,78429508;0,00000000
9,72410348;3,78429508;0,00000000
9,72420748;3,82781744;0,00000000
9,72431148;3,78429508;0,00000000
9,72441548;3,82781744;0,00000000
9,72451948;3,82781744;0,00000000
9,72462348;3,82781744;0,00000000
9,72472748;3,78429508;0,00000000
9,72483148;3,82781744;0,01734744
9,72493548;3,78429508;0,00000000
9,72503948;3,78429508;0,00000000
9,72514348;3,78429508;0,00000000
9,72524748;3,82781744;0,00000000
9,72535148;3,78429508;0,00000000
9,72545548;3,78429508;0,00000000
9,72555948;3,78429508;0,00000000
9,72566348;3,78429508;0,00000000
9,72576748;3,82781744;0,00000000
9,72587148;3,82781744;0,00000000
9,72597548;3,82781744;0,00000000
9,72607948;3,82781744;0,00000000
9,72618348;3,82781744;0,00000000
9,72628748;3,78429508;0,00000000
9,72639148;3,82781744;0,00000000
9,72649548;3,82781744;0,00000000
9,72659948;3,78429508;0,00000000
9,72670348;3,78429508;0,00000000
9,72680748;3,82781744;0,00000000
9,72691148;3,78429508;0,00000000
9,72701548;3,78429508;0,00000000
9,72711948;3,82781744;0,00000000
9,72722348;3,78429508;0,00000000
9,72732748;3,78429508;0,00000000
9,72743148;3,78429508;0,00000000
9,72753548;3,82781744;0,00000000
9,72763948;3,78429508;0,00000000
9,72774348;3,82781744;0,00000000
9,72784748;3,82781744;0,00000000
9,72795148;3,82781744;0,00000000
9,72805548;3,82781744;0,00000000
9,72815948;3,78429508;0,01734744
9,72826348;3,78429508;0,00000000
9,72836748;3,82781744;0,00000000
9,72847148;3,78429508;0,00000000
9,72857548;3,78429508;0,00000000
9,72867948;3,82781744;0,00000000
9,72878348;3,82781744;0,00000000
9,72888748;3,82781744;0,00000000
9,72899148;3,82781744;0,00000000
9,72909548;3,82781744;0,00000000
9,72919948;3,82781744;0,00000000
9,72930348;3,78429508;0,00000000
9,72940748;3,82781744;0,00000000
9,72951148;3,82781744;0,00000000
9,72961548;3,82781744;0,00000000
9,72971948;3,78429508;0,00000000
9,72982348;3,78429508;0,01734744
9,72992748;3,82781744;0,00000000
9,73003148;3,82781744;0,00000000
9,73013548;3,78429508;0,00000000
9,73023948;3,82781744;0,00000000
9,73034348;3,82781744;0,00000000
9,73044748;3,82781744;0,00000000
9,73055148;3,82781744;0,00000000
9,73065548;3,78429508;0,00000000
9,73075948;3,82781744;0,00000000
9,73086348;3,82781744;0,00000000
9,73096748;3,78429508;0,00000000
9,73107148;3,82781744;0,00000000
9,73117548;3,82781744;0,00000000
9,73127948;3,82781744;0,00000000
9,73138348;3,82781744;0,00000000
9,73148748;3,82781744;0,00000000
9,73159148;3,78429508;0,00000000
9,73169548;3,78429508;0,00000000
9,73179948;3,78429508;0,00000000
9,73190348;3,82781744;0,00000000
9,73200748;3,82781744;0,00000000
9,73211148;3,82781744;0,00000000
9,73221548;3,78429508;0,00000000
9,73231948;3,78429508;0,00000000
9,73242348;3,82781744;0,00000000
9,73252748;3,82781744;0,00000000
9,73263148;3,82781744;0,00000000
9,73273548;3,78429508;0,00000000
9,73283948;3,82781744;0,00000000
9,73294348;3,82781744;0,00000000
9,73304748;3,82781744;0,00000000
9,73315148;3,78429508;0,00000000
9,73325548;3,82781744;0,00000000
9,73335948;3,82781744;0,00000000
9,73346348;3,82781744;0,00000000
9,73356748;3,78429508;0,00000000
9,73367148;3,78429508;0,00000000
9,73377548;3,78429508;0,00000000
9,73387948;3,82781744;0,00000000
9,73398348;3,78429508;0,00000000
9,73408748;3,82781744;0,00000000
9,73419148;3,82781744;0,01734744
9,73429548;3,82781744;0,00000000
9,73439948;3,78429508;0,00000000
9,73450348;3,78429508;0,00000000
9,73460748;3,82781744;0,00000000
9,73471148;3,78429508;0,00000000
9,73481548;3,78429508;0,00000000
9,73491948;3,78429508;0,00000000
9,73502348;3,78429508;0,00000000
9,73512748;3,82781744;0,00000000
9,73523148;3,78429508;0,00000000
9,73533548;3,78429508;0,00000000
9,73543948;3,78429508;0,00000000
9,73554348;3,78429508;0,00000000
9,73564748;3,78429508;0,00000000
9,73575148;3,82781744;0,00000000
9,73585548;3,82781744;0,00000000
9,73595948;3,82781744;0,00000000
9,73606348;3,78429508;0,00000000
9,73616748;3,78429508;0,00000000
9,73627148;3,82781744;0,00000000
9,73637548;3,82781744;0,00000000
9,73647948;3,82781744;0,00000000
9,73658348;3,78429508;0,00000000
9,73668748;3,78429508;0,00000000
9,73679148;3,78429508;0,00000000
9,73689548;3,78429508;0,00000000
9,73699948;3,78429508;0,00000000
9,73710348;3,82781744;0,00000000
9,73720748;3,82781744;0,00000000
9,73731148;3,78429508;0,00000000
9,73741548;3,82781744;0,00000000
9,73751948;3,82781744;0,00000000
9,73762348;3,78429508;0,00000000
9,73772748;3,82781744;0,01734744
9,73783148;3,78429508;0,00000000
9,73793548;3,78429508;0,00000000
9,73803948;3,82781744;0,00000000
9,73814348;3,82781744;0,00000000
9,73824748;3,82781744;0,00000000
9,73835148;3,82781744;0,00000000
9,73845548;3,82781744;0,00000000
9,73855948;3,78429508;0,00000000
9,73866348;3,82781744;0,00000000
9,73876748;3,82781744;0,00000000
9,73887148;3,82781744;0,00000000
9,73897548;3,82781744;0,00000000
9,73907948;3,82781744;0,00000000
9,73918348;3,82781744;0,00000000
9,73928748;3,82781744;0,00000000
9,73939148;3,82781744;0,00000000
9,73949548;3,82781744;0,00000000
9,73959948;3,82781744;0,00000000
9,73970348;3,78429508;0,00000000
9,73980748;3,82781744;0,00000000
9,73991147;3,78429508;0,00000000
9,74001547;3,78429508;0,00000000
9,74011947;3,82781744;0,00000000
9,74022347;3,78429508;0,00000000
9,74032747;3,82781744;0,00000000
9,74043147;3,82781744;0,00000000
9,74053547;3,78429508;0,00000000
9,74063947;3,78429508;0,00000000
9,74074347;3,82781744;0,00000000
9,74084747;3,82781744;0,00000000
9,74095147;3,82781744;0,00000000
9,74105547;3,82781744;0,00000000
9,74115947;3,78429508;0,00000000
9,74126347;3,82781744;0,00000000
9,74136747;3,78429508;0,00000000
9,74147147;3,82781744;0,00000000
9,74157547;3,78429508;0,00000000
9,74167947;3,82781744;0,00000000
9,74178347;3,82781744;0,00000000
9,74188747;3,82781744;0,00000000
9,74199147;3,78429508;0,00000000
9,74209547;3,82781744;0,00000000
9,74219947;3,82781744;0,00000000
9,74230347;3,82781744;0,00000000
9,74240747;3,78429508;0,00000000
9,74251147;3,82781744;0,00000000
9,74261547;3,82781744;0,00000000
9,74271947;3,78429508;0,00000000
9,74282347;3,78429508;0,00000000
9,74292747;3,82781744;0,00000000
9,74303147;3,78429508;0,00000000
9,74313547;3,82781744;0,00000000
9,74323947;3,82781744;0,00000000
9,74334347;3,82781744;0,00000000
9,74344747;3,82781744;0,00000000
9,74355147;3,82781744;0,00000000
9,74365547;3,78429508;0,00000000
9,74375947;3,78429508;0,00000000
9,74386347;3,82781744;0,00000000
9,74396747;3,82781744;0,00000000
9,74407147;3,82781744;0,00000000
9,74417547;3,78429508;0,00000000
9,74427947;3,78429508;0,00000000
9,74438347;3,82781744;0,00000000
9,74448747;3,78429508;0,00000000
9,74459147;3,78429508;0,00000000
9,74469547;3,78429508;0,00000000
9,74479947;3,82781744;0,00000000
9,74490347;3,78429508;0,00000000
9,74500747;3,82781744;0,00000000
9,74511147;3,78429508;0,00000000
9,74521547;3,78429508;0,00000000
9,74531947;3,82781744;0,00000000
9,74542347;3,78429508;0,00000000
9,74552747;3,78429508;0,00000000
9,74563147;3,82781744;0,00000000
9,74573547;3,78429508;0,00000000
9,74583947;3,78429508;0,00000000
9,74594347;3,82781744;0,00000000
9,74604747;3,82781744;0,00000000
9,74615147;3,82781744;0,00000000
9,74625547;3,78429508;0,00000000
9,74635947;3,82781744;0,00000000
9,74646347;3,82781744;0,00000000
9,74656747;3,82781744;0,00000000
9,74667147;3,82781744;0,00000000
9,74677547;3,82781744;0,00000000
9,74687947;3,78429508;0,00000000
9,74698347;3,82781744;0,00000000
9,74708747;3,82781744;0,00000000
9,74719147;3,82781744;0,00000000
9,74729547;3,82781744;0,00000000
9,74739947;3,78429508;0,00000000
9,74750347;3,78429508;0,00000000
9,74760747;3,82781744;0,00000000
9,74771147;3,82781744;0,00000000
9,74781547;3,82781744;0,00000000
9,74791947;3,82781744;0,00000000
9,74802347;3,78429508;0,00000000
9,74812747;3,82781744;0,00000000
9,74823147;3,82781744;0,00000000
9,74833547;3,78429508;0,00000000
9,74843947;3,78429508;0,00000000
9,74854347;3,82781744;0,00000000
9,74864747;3,78429508;0,00000000
9,74875147;3,82781744;0,00000000
9,74885547;3,78429508;0,00000000
9,74895947;3,82781744;0,00000000
9,74906347;3,78429508;0,00000000
9,74916747;3,78429508;0,00000000
9,74927147;3,82781744;0,00000000
9,74937547;3,82781744;0,00000000
9,74947947;3,82781744;0,00000000
9,74958347;3,82781744;0,00000000
9,74968747;3,78429508;0,00000000
9,74979147;3,82781744;0,00000000
9,74989547;3,78429508;0,00000000
9,74999947;3,87133980;0,00000000
9,75010347;3,78429508;0,00000000
9,75020747;3,78429508;0,00000000
9,75031147;3,78429508;0,00000000
9,75041547;3,78429508;0,00000000
9,75051947;3,78429508;0,00000000
9,75062347;3,82781744;0,00000000
9,75072747;3,82781744;0,00000000
9,75083147;3,78429508;0,00000000
9,75093547;3,78429508;0,00000000
9,75103947;3,82781744;0,00000000
9,75114347;3,78429508;0,00000000
9,75124747;3,82781744;0,00000000
9,75135147;3,78429508;0,00000000
9,75145547;3,82781744;0,00000000
9,75155947;3,82781744;0,00000000
9,75166347;3,82781744;0,00000000
9,75176747;3,78429508;0,00000000
9,75187147;3,82781744;0,00000000
9,75197547;3,82781744;0,00000000
9,75207947;3,82781744;0,00000000
9,75218347;3,82781744;0,00000000
9,75228747;3,78429508;0,00000000
9,75239147;3,78429508;0,00000000
9,75249547;3,78429508;0,00000000
9,75259947;3,82781744;0,00000000
9,75270347;3,82781744;0,00000000
9,75280747;3,78429508;0,00000000
9,75291147;3,78429508;0,00000000
9,75301547;3,78429508;0,00000000
9,75311947;3,82781744;0,00000000
9,75322347;3,82781744;0,00000000
9,75332747;3,82781744;0,00000000
9,75343147;3,82781744;0,00000000
9,75353547;3,78429508;0,00000000
9,75363947;3,82781744;0,00000000
9,75374347;3,78429508;0,00000000
9,75384747;3,78429508;0,00000000
9,75395147;3,82781744;0,00000000
9,75405547;3,78429508;0,00000000
9,75415947;3,78429508;0,00000000
9,75426347;3,78429508;0,00000000
9,75436747;3,82781744;0,00000000
9,75447147;3,78429508;0,00000000
9,75457547;3,82781744;0,00000000
9,75467947;3,78429508;0,00000000
9,75478347;3,82781744;0,00000000
9,75488747;3,78429508;0,00000000
9,75499147;3,82781744;0,00000000
9,75509547;3,78429508;0,00000000
9,75519947;3,78429508;0,00000000
9,75530347;3,82781744;0,00000000
9,75540747;3,82781744;0,00000000
9,75551147;3,82781744;0,00000000
9,75561547;3,82781744;0,00000000
9,75571947;3,82781744;0,00000000
9,75582347;3,78429508;0,00000000
9,75592747;3,82781744;0,00000000
9,75603147;3,82781744;0,00000000
9,75613547;3,78429508;0,00000000
9,75623947;3,82781744;0,00000000
9,75634347;3,82781744;0,00000000
9,75644747;3,82781744;0,00000000
9,75655147;3,78429508;0,00000000
9,75665547;3,82781744;0,00000000
9,75675947;3,78429508;0,00000000
9,75686347;3,82781744;0,00000000
9,75696747;3,78429508;0,00000000
9,75707147;3,78429508;0,00000000
9,75717547;3,82781744;0,00000000
9,75727947;3,82781744;0,00000000
9,75738347;3,82781744;0,00000000
9,75748747;3,82781744;0,00000000
9,75759147;3,78429508;0,00000000
9,75769547;3,78429508;0,00000000
9,75779947;3,78429508;0,00000000
9,75790347;3,78429508;0,00000000
9,75800747;3,82781744;0,00000000
9,75811147;3,82781744;0,00000000
9,75821547;3,82781744;0,00000000
9,75831947;3,78429508;0,00000000
9,75842347;3,78429508;0,00000000
9,75852747;3,78429508;0,00000000
9,75863147;3,82781744;0,00000000
9,75873547;3,78429508;0,00000000
9,75883947;3,82781744;0,00000000
9,75894347;3,82781744;0,00000000
9,75904747;3,82781744;0,00000000
9,75915147;3,82781744;0,00000000
9,75925547;3,82781744;0,00000000
9,75935947;3,78429508;0,00000000
9,75946347;3,82781744;0,00000000
9,75956747;3,82781744;0,00000000
9,75967147;3,78429508;0,00000000
9,75977547;3,82781744;0,00000000
9,75987947;3,82781744;0,00000000
9,75998347;3,82781744;0,00000000
9,76008747;3,78429508;0,00000000
9,76019147;3,82781744;0,00000000
9,76029547;3,78429508;0,00000000
9,76039947;3,78429508;0,00000000
9,76050347;3,82781744;0,00000000
9,76060747;3,82781744;0,00000000
9,76071147;3,82781744;0,00000000
9,76081547;3,82781744;0,00000000
9,76091947;3,82781744;0,00000000
9,76102347;3,82781744;0,00000000
9,76112747;3,78429508;0,00000000
9,76123147;3,82781744;0,00000000
9,76133547;3,78429508;0,00000000
9,76143947;3,82781744;0,00000000
9,76154347;3,78429508;0,00000000
9,76164747;3,78429508;0,00000000
9,76175147;3,78429508;0,00000000
9,76185547;3,82781744;0,00000000
9,76195947;3,82781744;0,00000000
9,76206347;3,82781744;0,00000000
9,76216747;3,78429508;0,00000000
9,76227147;3,82781744;0,00000000
9,76237547;3,82781744;0,00000000
9,76247947;3,82781744;0,00000000
9,76258347;3,82781744;0,00000000
9,76268747;3,78429508;0,00000000
9,76279147;3,82781744;0,00000000
9,76289547;3,82781744;0,00000000
9,76299947;3,82781744;0,00000000
9,76310347;3,82781744;0,00000000
9,76320747;3,78429508;0,00000000
9,76331147;3,78429508;0,00000000
9,76341547;3,82781744;0,00000000
9,76351947;3,82781744;0,00000000
9,76362347;3,82781744;0,00000000
9,76372747;3,78429508;0,00000000
9,76383147;3,82781744;0,00000000
9,76393547;3,78429508;0,00000000
9,76403947;3,82781744;0,00000000
9,76414347;3,82781744;0,00000000
9,76424747;3,82781744;0,00000000
9,76435147;3,78429508;0,00000000
9,76445547;3,82781744;0,00000000
9,76455947;3,78429508;0,00000000
9,76466347;3,82781744;0,00000000
9,76476747;3,82781744;0,00000000
9,76487147;3,82781744;0,00000000
9,76497547;3,82781744;0,00000000
9,76507947;3,82781744;0,00000000
9,76518347;3,78429508;0,00000000
9,76528747;3,82781744;0,00000000
9,76539147;3,78429508;0,00000000
9,76549547;3,82781744;0,00000000
9,76559947;3,82781744;0,00000000
9,76570347;3,78429508;0,00000000
9,76580747;3,82781744;0,00000000
9,76591147;3,82781744;0,00000000
9,76601547;3,82781744;0,00000000
9,76611947;3,82781744;0,00000000
9,76622347;3,78429508;0,01734744
9,76632747;3,82781744;0,00000000
9,76643147;3,82781744;0,00000000
9,76653547;3,82781744;0,00000000
9,76663947;3,82781744;0,00000000
9,76674347;3,78429508;0,00000000
9,76684747;3,82781744;0,00000000
9,76695147;3,82781744;0,00000000
9,76705547;3,78429508;0,00000000
9,76715947;3,78429508;0,00000000
9,76726347;3,82781744;0,00000000
9,76736747;3,78429508;0,00000000
9,76747147;3,82781744;0,00000000
9,76757547;3,82781744;0,00000000
9,76767947;3,78429508;0,00000000
9,76778347;3,78429508;0,00000000
9,76788747;3,78429508;0,00000000
9,76799147;3,82781744;0,00000000
9,76809547;3,82781744;0,00000000
9,76819947;3,82781744;0,00000000
9,76830347;3,82781744;0,00000000
9,76840747;3,82781744;0,00000000
9,76851147;3,82781744;0,00000000
9,76861547;3,82781744;0,00000000
9,76871947;3,78429508;0,00000000
9,76882347;3,82781744;0,00000000
9,76892747;3,82781744;0,00000000
9,76903147;3,82781744;0,00000000
9,76913547;3,78429508;0,00000000
9,76923947;3,82781744;0,00000000
9,76934347;3,78429508;0,00000000
9,76944747;3,78429508;0,00000000
9,76955147;3,82781744;0,00000000
9,76965547;3,82781744;0,00000000
9,76975947;3,78429508;0,00000000
9,76986347;3,78429508;0,00000000
9,76996747;3,78429508;0,00000000
9,77007147;3,82781744;0,00000000
9,77017547;3,82781744;0,00000000
9,77027947;3,82781744;0,00000000
9,77038347;3,82781744;0,00000000
9,77048747;3,82781744;0,00000000
9,77059147;3,78429508;0,00000000
9,77069547;3,82781744;0,00000000
9,77079947;3,78429508;0,00000000
9,77090347;3,82781744;0,00000000
9,77100747;3,78429508;0,00000000
9,77111147;3,78429508;0,00000000
9,77121547;3,78429508;0,00000000
9,77131947;3,78429508;0,00000000
9,77142347;3,82781744;0,00000000
9,77152747;3,82781744;0,00000000
9,77163147;3,82781744;0,00000000
9,77173547;3,78429508;0,00000000
9,77183947;3,82781744;0,00000000
9,77194347;3,78429508;0,00000000
9,77204747;3,82781744;0,00000000
9,77215147;3,82781744;0,00000000
9,77225547;3,82781744;0,00000000
9,77235947;3,82781744;0,00000000
9,77246347;3,82781744;0,00000000
9,77256747;3,78429508;0,00000000
9,77267147;3,78429508;0,00000000
9,77277547;3,78429508;0,00000000
9,77287947;3,82781744;0,00000000
9,77298347;3,82781744;0,00000000
9,77308747;3,82781744;0,00000000
9,77319147;3,78429508;0,00000000
9,77329547;3,78429508;0,00000000
9,77339947;3,82781744;0,00000000
9,77350347;3,82781744;0,00000000
9,77360747;3,82781744;0,00000000
9,77371147;3,78429508;0,00000000
9,77381547;3,82781744;0,00000000
9,77391947;3,82781744;0,00000000
9,77402347;3,78429508;0,00000000
9,77412747;3,82781744;0,00000000
9,77423147;3,82781744;0,00000000
9,77433547;3,82781744;0,00000000
9,77443947;3,82781744;0,00000000
9,77454347;3,82781744;0,00000000
9,77464747;3,82781744;0,00000000
9,77475147;3,82781744;0,00000000
9,77485547;3,82781744;0,00000000
9,77495947;3,82781744;0,00000000
9,77506347;3,82781744;0,00000000
9,77516747;3,78429508;0,00000000
9,77527147;3,82781744;0,00000000
9,77537547;3,82781744;0,00000000
9,77547947;3,82781744;0,00000000
9,77558347;3,78429508;0,00000000
9,77568747;3,78429508;0,00000000
9,77579147;3,78429508;0,00000000
9,77589547;3,82781744;0,00000000
9,77599947;3,78429508;0,00000000
9,77610347;3,78429508;0,00000000
9,77620747;3,78429508;0,00000000
9,77631147;3,78429508;0,00000000
9,77641547;3,78429508;0,00000000
9,77651947;3,78429508;0,00000000
9,77662347;3,78429508;0,00000000
9,77672747;3,78429508;0,00000000
9,77683147;3,82781744;0,00000000
9,77693547;3,82781744;0,00000000
9,77703947;3,78429508;0,00000000
9,77714347;3,82781744;0,00000000
9,77724747;3,82781744;0,00000000
9,77735147;3,82781744;0,00000000
9,77745547;3,82781744;0,00000000
9,77755947;3,82781744;0,00000000
9,77766347;3,78429508;0,00000000
9,77776747;3,78429508;0,00000000
9,77787147;3,82781744;0,00000000
9,77797547;3,78429508;0,00000000
9,77807947;3,78429508;0,00000000
9,77818347;3,82781744;0,00000000
9,77828747;3,82781744;0,00000000
9,77839147;3,78429508;0,00000000
9,77849547;3,78429508;0,00000000
9,77859947;3,82781744;0,00000000
9,77870347;3,78429508;0,00000000
9,77880747;3,82781744;0,00000000
9,77891147;3,78429508;0,00000000
9,77901547;3,82781744;0,00000000
9,77911947;3,82781744;0,00000000
9,77922347;3,78429508;0,00000000
9,77932747;3,78429508;0,00000000
9,77943147;3,82781744;0,00000000
9,77953547;3,82781744;0,00000000
9,77963947;3,82781744;0,00000000
9,77974347;3,78429508;0,00000000
9,77984747;3,78429508;0,00000000
9,77995147;3,82781744;0,00000000
9,78005547;3,82781744;0,00000000
9,78015947;3,82781744;0,00000000
9,78026347;3,78429508;0,00000000
9,78036747;3,82781744;0,00000000
9,78047147;3,78429508;0,00000000
9,78057547;3,78429508;0,00000000
9,78067947;3,82781744;0,00000000
9,78078347;3,78429508;0,00000000
9,78088747;3,78429508;0,00000000
9,78099147;3,82781744;0,00000000
9,78109547;3,82781744;0,00000000
9,78119947;3,82781744;0,00000000
9,78130347;3,78429508;0,00000000
9,78140747;3,78429508;0,00000000
9,78151147;3,82781744;0,00000000
9,78161547;3,82781744;0,00000000
9,78171947;3,82781744;0,00000000
9,78182347;3,82781744;0,00000000
9,78192747;3,82781744;0,00000000
9,78203147;3,78429508;0,00000000
9,78213547;3,78429508;0,00000000
9,78223947;3,82781744;0,00000000
9,78234347;3,82781744;0,00000000
9,78244747;3,82781744;0,00000000
9,78255147;3,78429508;0,00000000
9,78265547;3,78429508;0,00000000
9,78275947;3,82781744;0,00000000
9,78286347;3,82781744;0,00000000
9,78296747;3,82781744;0,00000000
9,78307147;3,78429508;0,00000000
9,78317547;3,78429508;0,00000000
9,78327947;3,78429508;0,00000000
9,78338347;3,82781744;0,00000000
9,78348747;3,82781744;0,00000000
9,78359147;3,78429508;0,00000000
9,78369547;3,78429508;0,00000000
9,78379947;3,78429508;0,00000000
9,78390347;3,78429508;0,00000000
9,78400747;3,82781744;0,00000000
9,78411147;3,78429508;0,00000000
9,78421547;3,82781744;0,00000000
9,78431947;3,82781744;0,00000000
9,78442347;3,78429508;0,00000000
9,78452747;3,82781744;0,00000000
9,78463147;3,82781744;0,00000000
9,78473547;3,82781744;0,00000000
9,78483947;3,82781744;0,00000000
9,78494347;3,82781744;0,00000000
9,78504747;3,78429508;0,00000000
9,78515147;3,82781744;0,00000000
9,78525547;3,78429508;0,00000000
9,78535947;3,82781744;0,00000000
9,78546347;3,82781744;0,00000000
9,78556747;3,78429508;0,00000000
9,78567147;3,78429508;0,00000000
9,78577547;3,82781744;0,00000000
9,78587947;3,78429508;0,00000000
9,78598347;3,78429508;0,00000000
9,78608747;3,78429508;0,00000000
9,78619147;3,82781744;0,00000000
9,78629547;3,82781744;0,00000000
9,78639947;3,82781744;0,00000000
9,78650347;3,82781744;0,00000000
9,78660747;3,78429508;0,00000000
9,78671147;3,82781744;0,00000000
9,78681547;3,78429508;0,00000000
9,78691947;3,78429508;0,00000000
9,78702347;3,82781744;0,00000000
9,78712747;3,78429508;0,00000000
9,78723147;3,82781744;0,00000000
9,78733547;3,78429508;0,00000000
9,78743947;3,78429508;0,00000000
9,78754347;3,82781744;0,00000000
9,78764747;3,82781744;0,00000000
9,78775147;3,82781744;0,00000000
9,78785547;3,78429508;0,00000000
9,78795947;3,82781744;0,00000000
9,78806347;3,82781744;0,00000000
9,78816747;3,82781744;0,00000000
9,78827147;3,82781744;0,00000000
9,78837547;3,78429508;0,00000000
9,78847947;3,82781744;0,00000000
9,78858347;3,82781744;0,00000000
9,78868747;3,82781744;0,00000000
9,78879147;3,82781744;0,00000000
9,78889547;3,78429508;0,00000000
9,78899947;3,78429508;0,00000000
9,78910347;3,82781744;0,00000000
9,78920747;3,78429508;0,00000000
9,78931147;3,82781744;0,00000000
9,78941547;3,82781744;0,00000000
9,78951947;3,82781744;0,00000000
9,78962347;3,82781744;0,00000000
9,78972747;3,82781744;0,00000000
9,78983147;3,82781744;0,00000000
9,78993547;3,82781744;0,00000000
9,79003947;3,82781744;0,00000000
9,79014347;3,82781744;0,00000000
9,79024747;3,82781744;0,00000000
9,79035147;3,82781744;0,00000000
9,79045547;3,78429508;0,00000000
9,79055947;3,82781744;0,00000000
9,79066347;3,82781744;0,00000000
9,79076747;3,82781744;0,00000000
9,79087147;3,78429508;0,00000000
9,79097547;3,82781744;0,00000000
9,79107947;3,78429508;0,00000000
9,79118347;3,78429508;0,00000000
9,79128747;3,82781744;0,00000000
9,79139147;3,82781744;0,00000000
9,79149547;3,78429508;0,00000000
9,79159947;3,82781744;0,00000000
9,79170347;3,78429508;0,00000000
9,79180747;3,82781744;0,00000000
9,79191147;3,78429508;0,00000000
9,79201547;3,82781744;0,00000000
9,79211947;3,82781744;0,00000000
9,79222347;3,82781744;0,00000000
9,79232747;3,82781744;0,00000000
9,79243147;3,82781744;0,00000000
9,79253547;3,82781744;0,00000000
9,79263947;3,82781744;0,00000000
9,79274347;3,82781744;0,00000000
9,79284747;3,82781744;0,00000000
9,79295147;3,82781744;0,00000000
9,79305547;3,78429508;0,00000000
9,79315947;3,78429508;0,00000000
9,79326347;3,82781744;0,00000000
9,79336747;3,82781744;0,00000000
9,79347147;3,82781744;0,00000000
9,79357547;3,78429508;0,00000000
9,79367947;3,82781744;0,00000000
9,79378347;3,78429508;0,00000000
9,79388747;3,82781744;0,00000000
9,79399147;3,78429508;0,00000000
9,79409547;3,82781744;0,00000000
9,79419947;3,78429508;0,00000000
9,79430347;3,82781744;0,00000000
9,79440747;3,82781744;0,00000000
9,79451147;3,82781744;0,00000000
9,79461547;3,82781744;0,00000000
9,79471947;3,82781744;0,00000000
9,79482347;3,82781744;0,00000000
9,79492747;3,78429508;0,00000000
9,79503147;3,82781744;0,00000000
9,79513547;3,82781744;0,00000000
9,79523947;3,82781744;0,00000000
9,79534347;3,78429508;0,00000000
9,79544747;3,78429508;0,00000000
9,79555147;3,78429508;0,00000000
9,79565547;3,78429508;0,00000000
9,79575947;3,82781744;0,00000000
9,79586347;3,78429508;0,00000000
9,79596747;3,82781744;0,00000000
9,79607147;3,78429508;0,00000000
9,79617547;3,78429508;0,00000000
9,79627947;3,82781744;0,00000000
9,79638347;3,78429508;0,00000000
9,79648747;3,82781744;0,00000000
9,79659147;3,82781744;0,00000000
9,79669547;3,82781744;0,00000000
9,79679947;3,82781744;0,00000000
9,79690347;3,78429508;0,00000000
9,79700747;3,78429508;0,00000000
9,79711147;3,82781744;0,00000000
9,79721547;3,78429508;0,00000000
9,79731947;3,78429508;0,00000000
9,79742347;3,78429508;0,00000000
9,79752747;3,78429508;0,00000000
9,79763147;3,78429508;0,00000000
9,79773547;3,78429508;0,00000000
9,79783947;3,82781744;0,00000000
9,79794347;3,82781744;0,00000000
9,79804747;3,78429508;0,00000000
9,79815147;3,82781744;0,00000000
9,79825547;3,78429508;0,00000000
9,79835947;3,82781744;0,00000000
9,79846347;3,78429508;0,00000000
9,79856747;3,82781744;0,00000000
9,79867147;3,82781744;0,00000000
9,79877547;3,78429508;0,00000000
9,79887947;3,82781744;0,00000000
9,79898347;3,82781744;0,00000000
9,79908747;3,82781744;0,00000000
9,79919147;3,78429508;0,00000000
9,79929547;3,82781744;0,00000000
9,79939947;3,82781744;0,00000000
9,79950347;3,82781744;0,00000000
9,79960747;3,78429508;0,00000000
9,79971147;3,82781744;0,00000000
9,79981547;3,82781744;0,00000000
9,79991947;3,82781744;0,00000000
9,80002347;3,82781744;0,00000000
9,80012747;3,82781744;0,00000000
9,80023147;3,78429508;0,00000000
9,80033547;3,82781744;0,00000000
9,80043947;3,82781744;0,00000000
9,80054347;3,78429508;0,00000000
9,80064747;3,78429508;0,00000000
9,80075147;3,78429508;0,00000000
9,80085547;3,82781744;0,00000000
9,80095947;3,82781744;0,00000000
9,80106347;3,82781744;0,00000000
9,80116747;3,78429508;0,00000000
9,80127147;3,82781744;0,00000000
9,80137547;3,78429508;0,00000000
9,80147947;3,78429508;0,00000000
9,80158347;3,82781744;0,00000000
9,80168747;3,82781744;0,00000000
9,80179147;3,82781744;0,00000000
9,80189547;3,78429508;0,00000000
9,80199947;3,82781744;0,00000000
9,80210347;3,82781744;0,00000000
9,80220747;3,82781744;0,00000000
9,80231147;3,82781744;0,00000000
9,80241547;3,82781744;0,00000000
9,80251947;3,78429508;0,00000000
9,80262347;3,78429508;0,00000000
9,80272747;3,82781744;0,00000000
9,80283147;3,78429508;0,00000000
9,80293547;3,78429508;0,00000000
9,80303947;3,78429508;0,00000000
9,80314347;3,78429508;0,00000000
9,80324747;3,82781744;0,00000000
9,80335147;3,78429508;0,00000000
9,80345547;3,78429508;0,00000000
9,80355947;3,82781744;0,00000000
9,80366347;3,78429508;0,00000000
9,80376747;3,82781744;0,00000000
9,80387147;3,82781744;0,00000000
9,80397547;3,78429508;0,00000000
9,80407947;3,82781744;0,00000000
9,80418347;3,82781744;0,00000000
9,80428747;3,82781744;0,00000000
9,80439147;3,82781744;0,00000000
9,80449547;3,82781744;0,00000000
9,80459947;3,82781744;0,00000000
9,80470347;3,82781744;0,00000000
9,80480747;3,82781744;0,00000000
9,80491147;3,82781744;0,00000000
9,80501547;3,78429508;0,00000000
9,80511947;3,78429508;0,00000000
9,80522347;3,82781744;0,00000000
9,80532747;3,82781744;0,00000000
9,80543147;3,82781744;0,00000000
9,80553547;3,82781744;0,00000000
9,80563947;3,78429508;0,00000000
9,80574347;3,82781744;0,00000000
9,80584747;3,82781744;0,00000000
9,80595147;3,82781744;0,00000000
9,80605547;3,82781744;0,00000000
9,80615947;3,82781744;0,00000000
9,80626347;3,82781744;0,00000000
9,80636747;3,82781744;0,00000000
9,80647147;3,78429508;0,00000000
9,80657547;3,82781744;0,00000000
9,80667947;3,78429508;0,00000000
9,80678347;3,82781744;0,00000000
9,80688747;3,82781744;0,00000000
9,80699147;3,78429508;0,00000000
9,80709547;3,78429508;0,00000000
9,80719947;3,78429508;0,00000000
9,80730347;3,82781744;0,00000000
9,80740747;3,78429508;0,00000000
9,80751147;3,82781744;0,00000000
9,80761547;3,82781744;0,00000000
9,80771947;3,82781744;0,00000000
9,80782347;3,82781744;0,00000000
9,80792747;3,78429508;0,00000000
9,80803147;3,78429508;0,00000000
9,80813547;3,78429508;0,00000000
9,80823947;3,82781744;0,00000000
9,80834347;3,82781744;0,00000000
9,80844747;3,82781744;0,00000000
9,80855147;3,82781744;0,00000000
9,80865547;3,82781744;0,00000000
9,80875947;3,78429508;0,00000000
9,80886347;3,82781744;0,00000000
9,80896747;3,82781744;0,00000000
9,80907147;3,82781744;0,00000000
9,80917547;3,82781744;0,00000000
9,80927947;3,82781744;0,00000000
9,80938347;3,82781744;0,00000000
9,80948747;3,82781744;0,00000000
9,80959147;3,82781744;0,00000000
9,80969547;3,82781744;0,00000000
9,80979947;3,78429508;0,00000000
9,80990347;3,82781744;0,00000000
9,81000747;3,78429508;0,00000000
9,81011147;3,78429508;0,00000000
9,81021547;3,82781744;0,00000000
9,81031947;3,78429508;0,00000000
9,81042347;3,82781744;0,00000000
9,81052747;3,82781744;0,00000000
9,81063147;3,78429508;0,00000000
9,81073547;3,78429508;0,00000000
9,81083947;3,78429508;0,00000000
9,81094347;3,82781744;0,00000000
9,81104747;3,82781744;0,00000000
9,81115147;3,82781744;0,00000000
9,81125547;3,82781744;0,00000000
9,81135947;3,78429508;0,00000000
9,81146347;3,82781744;0,00000000
9,81156747;3,82781744;0,00000000
9,81167147;3,78429508;0,01734744
9,81177547;3,82781744;0,00000000
9,81187947;3,82781744;0,00000000
9,81198347;3,78429508;0,00000000
9,81208747;3,78429508;0,00000000
9,81219147;3,82781744;0,00000000
9,81229547;3,82781744;0,00000000
9,81239947;3,82781744;0,00000000
9,81250347;3,78429508;0,00000000
9,81260747;3,82781744;0,00000000
9,81271147;3,82781744;0,00000000
9,81281547;3,82781744;0,00000000
9,81291947;3,82781744;0,00000000
9,81302347;3,78429508;0,00000000
9,81312747;3,82781744;0,00000000
9,81323147;3,78429508;0,00000000
9,81333547;3,78429508;0,00000000
9,81343947;3,82781744;0,00000000
9,81354347;3,82781744;0,00000000
9,81364747;3,82781744;0,00000000
9,81375147;3,82781744;0,00000000
9,81385547;3,82781744;0,00000000
9,81395947;3,82781744;0,00000000
9,81406347;3,82781744;0,00000000
9,81416747;3,78429508;0,00000000
9,81427147;3,82781744;0,00000000
9,81437547;3,82781744;0,00000000
9,81447947;3,82781744;0,00000000
9,81458347;3,78429508;0,00000000
9,81468747;3,82781744;0,00000000
9,81479147;3,82781744;0,00000000
9,81489547;3,82781744;0,00000000
9,81499947;3,78429508;0,00000000
9,81510347;3,78429508;0,00000000
9,81520747;3,82781744;0,00000000
9,81531147;3,82781744;0,00000000
9,81541547;3,78429508;0,00000000
9,81551947;3,82781744;0,00000000
9,81562347;3,82781744;0,00000000
9,81572747;3,78429508;0,00000000
9,81583147;3,78429508;0,00000000
9,81593547;3,82781744;0,00000000
9,81603947;3,82781744;0,00000000
9,81614347;3,78429508;0,00000000
9,81624747;3,78429508;0,00000000
9,81635147;3,78429508;0,00000000
9,81645547;3,78429508;0,00000000
9,81655947;3,78429508;0,00000000
9,81666347;3,82781744;0,00000000
9,81676747;3,78429508;0,00000000
9,81687147;3,82781744;0,00000000
9,81697547;3,78429508;0,00000000
9,81707947;3,82781744;0,00000000
9,81718347;3,82781744;0,00000000
9,81728747;3,82781744;0,00000000
9,81739147;3,82781744;0,00000000
9,81749547;3,82781744;0,00000000
9,81759947;3,82781744;0,00000000
9,81770347;3,78429508;0,00000000
9,81780747;3,78429508;0,00000000
9,81791147;3,82781744;0,00000000
9,81801547;3,82781744;0,00000000
9,81811947;3,82781744;0,00000000
9,81822347;3,78429508;0,00000000
9,81832747;3,82781744;0,00000000
9,81843147;3,78429508;0,00000000
9,81853547;3,82781744;0,00000000
9,81863947;3,82781744;0,00000000
9,81874347;3,82781744;0,00000000
9,81884747;3,78429508;0,00000000
9,81895147;3,82781744;0,00000000
9,81905547;3,82781744;0,00000000
9,81915947;3,82781744;0,00000000
9,81926347;3,82781744;0,00000000
9,81936747;3,82781744;0,00000000
9,81947147;3,82781744;0,00000000
9,81957547;3,82781744;0,00000000
9,81967947;3,78429508;0,00000000
9,81978347;3,82781744;0,00000000
9,81988747;3,82781744;0,00000000
9,81999147;3,82781744;0,00000000
9,82009547;3,82781744;0,00000000
9,82019947;3,82781744;0,00000000
9,82030347;3,78429508;0,00000000
9,82040747;3,78429508;0,00000000
9,82051147;3,82781744;0,00000000
9,82061547;3,78429508;0,00000000
9,82071947;3,82781744;0,00000000
9,82082347;3,82781744;0,00000000
9,82092747;3,82781744;0,00000000
9,82103147;3,82781744;0,00000000
9,82113547;3,82781744;0,00000000
9,82123947;3,82781744;0,00000000
9,82134347;3,82781744;0,00000000
9,82144747;3,78429508;0,00000000
9,82155147;3,82781744;0,00000000
9,82165547;3,82781744;0,00000000
9,82175947;3,78429508;0,01734744
9,82186347;3,82781744;0,00000000
9,82196747;3,82781744;0,00000000
9,82207147;3,82781744;0,00000000
9,82217547;3,78429508;0,00000000
9,82227947;3,78429508;0,00000000
9,82238347;3,82781744;0,00000000
9,82248747;3,78429508;0,00000000
9,82259147;3,82781744;0,00000000
9,82269547;3,78429508;0,00000000
9,82279947;3,82781744;0,00000000
9,82290347;3,78429508;0,00000000
9,82300747;3,82781744;0,00000000
9,82311147;3,82781744;0,00000000
9,82321547;3,82781744;0,00000000
9,82331947;3,82781744;0,00000000
9,82342347;3,82781744;0,00000000
9,82352747;3,78429508;0,00000000
9,82363147;3,82781744;0,00000000
9,82373547;3,78429508;0,00000000
9,82383947;3,78429508;0,00000000
9,82394347;3,82781744;0,00000000
9,82404747;3,82781744;0,00000000
9,82415147;3,82781744;0,00000000
9,82425547;3,78429508;0,00000000
9,82435947;3,78429508;0,00000000
9,82446347;3,82781744;0,00000000
9,82456747;3,78429508;0,00000000
9,82467147;3,82781744;0,00000000
9,82477547;3,78429508;0,00000000
9,82487947;3,82781744;0,00000000
9,82498347;3,82781744;0,00000000
9,82508747;3,82781744;0,00000000
9,82519147;3,82781744;0,00000000
9,82529547;3,78429508;0,00000000
9,82539947;3,82781744;0,00000000
9,82550347;3,82781744;0,00000000
9,82560747;3,82781744;0,00000000
9,82571147;3,78429508;0,00000000
9,82581547;3,82781744;0,00000000
9,82591947;3,82781744;0,00000000
9,82602347;3,78429508;0,00000000
9,82612747;3,82781744;0,00000000
9,82623147;3,78429508;0,00000000
9,82633547;3,82781744;0,00000000
9,82643947;3,82781744;0,00000000
9,82654347;3,82781744;0,00000000
9,82664747;3,78429508;0,00000000
9,82675147;3,82781744;0,00000000
9,82685547;3,78429508;0,00000000
9,82695947;3,78429508;0,00000000
9,82706347;3,82781744;0,00000000
9,82716747;3,82781744;0,00000000
9,82727147;3,82781744;0,00000000
9,82737547;3,82781744;0,00000000
9,82747947;3,82781744;0,00000000
9,82758347;3,82781744;0,00000000
9,82768747;3,82781744;0,00000000
9,82779147;3,82781744;0,00000000
9,82789547;3,82781744;0,00000000
9,82799947;3,78429508;0,00000000
9,82810347;3,82781744;0,00000000
9,82820747;3,82781744;0,00000000
9,82831147;3,78429508;0,00000000
9,82841547;3,82781744;0,00000000
9,82851947;3,82781744;0,00000000
9,82862347;3,78429508;0,00000000
9,82872747;3,78429508;0,00000000
9,82883147;3,82781744;0,00000000
9,82893547;3,78429508;0,00000000
9,82903947;3,78429508;0,00000000
9,82914347;3,82781744;0,00000000
9,82924747;3,82781744;0,00000000
9,82935147;3,78429508;0,00000000
9,82945547;3,82781744;0,00000000
9,82955947;3,78429508;0,00000000
9,82966347;3,82781744;0,00000000
9,82976747;3,78429508;0,00000000
9,82987147;3,82781744;0,00000000
9,82997547;3,78429508;0,00000000
9,83007947;3,82781744;0,00000000
9,83018347;3,82781744;0,00000000
9,83028747;3,82781744;0,00000000
9,83039147;3,82781744;0,00000000
9,83049547;3,82781744;0,00000000
9,83059947;3,82781744;0,00000000
9,83070347;3,82781744;0,00000000
9,83080747;3,82781744;0,00000000
9,83091147;3,82781744;0,00000000
9,83101547;3,82781744;0,00000000
9,83111947;3,82781744;0,00000000
9,83122347;3,78429508;0,00000000
9,83132747;3,82781744;0,00000000
9,83143147;3,82781744;0,00000000
9,83153547;3,82781744;0,00000000
9,83163947;3,82781744;0,00000000
9,83174347;3,82781744;0,00000000
9,83184747;3,78429508;0,00000000
9,83195147;3,82781744;0,00000000
9,83205547;3,82781744;0,00000000
9,83215947;3,82781744;0,00000000
9,83226347;3,82781744;0,00000000
9,83236747;3,82781744;0,00000000
9,83247147;3,82781744;0,00000000
9,83257547;3,82781744;0,00000000
9,83267947;3,82781744;0,00000000
9,83278347;3,78429508;0,00000000
9,83288747;3,78429508;0,00000000
9,83299147;3,78429508;0,00000000
9,83309547;3,82781744;0,01734744
9,83319947;3,82781744;0,00000000
9,83330347;3,82781744;0,00000000
9,83340747;3,82781744;0,00000000
9,83351147;3,82781744;0,00000000
9,83361547;3,82781744;0,00000000
9,83371947;3,78429508;0,00000000
9,83382347;3,78429508;0,00000000
9,83392747;3,78429508;0,00000000
9,83403147;3,82781744;0,00000000
9,83413547;3,78429508;0,00000000
9,83423947;3,78429508;0,00000000
9,83434347;3,82781744;0,00000000
9,83444747;3,82781744;0,01734744
9,83455147;3,78429508;0,00000000
9,83465547;3,78429508;0,00000000
9,83475947;3,78429508;0,00000000
9,83486347;3,82781744;0,00000000
9,83496747;3,82781744;0,00000000
9,83507147;3,78429508;0,00000000
9,83517547;3,78429508;0,00000000
9,83527947;3,82781744;0,00000000
9,83538347;3,82781744;0,00000000
9,83548747;3,82781744;0,00000000
9,83559147;3,82781744;0,00000000
9,83569547;3,78429508;0,00000000
9,83579947;3,78429508;0,00000000
9,83590347;3,82781744;0,00000000
9,83600747;3,82781744;0,00000000
9,83611147;3,82781744;0,00000000
9,83621547;3,78429508;0,00000000
9,83631947;3,78429508;0,00000000
9,83642347;3,82781744;0,00000000
9,83652747;3,82781744;0,00000000
9,83663147;3,78429508;0,00000000
9,83673547;3,78429508;0,00000000
9,83683947;3,82781744;0,00000000
9,83694347;3,78429508;0,00000000
9,83704747;3,82781744;0,00000000
9,83715147;3,82781744;0,00000000
9,83725547;3,78429508;0,00000000
9,83735947;3,82781744;0,00000000
9,83746347;3,78429508;0,00000000
9,83756747;3,78429508;0,00000000
9,83767147;3,78429508;0,00000000
9,83777547;3,82781744;0,00000000
9,83787947;3,82781744;0,00000000
9,83798347;3,82781744;0,00000000
9,83808747;3,82781744;0,00000000
9,83819147;3,78429508;0,00000000
9,83829547;3,78429508;0,00000000
9,83839947;3,78429508;0,00000000
9,83850347;3,82781744;0,00000000
9,83860747;3,82781744;0,00000000
9,83871147;3,78429508;0,00000000
9,83881547;3,78429508;0,00000000
9,83891947;3,78429508;0,00000000
9,83902347;3,82781744;0,00000000
9,83912747;3,82781744;0,00000000
9,83923147;3,78429508;0,00000000
9,83933547;3,82781744;0,00000000
9,83943947;3,78429508;0,00000000
9,83954347;3,82781744;0,00000000
9,83964747;3,82781744;0,00000000
9,83975147;3,82781744;0,00000000
9,83985547;3,82781744;0,00000000
9,83995947;3,82781744;0,00000000
9,84006347;3,82781744;0,00000000
9,84016747;3,82781744;0,00000000
9,84027147;3,82781744;0,00000000
9,84037547;3,78429508;0,00000000
9,84047947;3,82781744;0,00000000
9,84058347;3,82781744;0,00000000
9,84068747;3,82781744;0,00000000
9,84079147;3,82781744;0,00000000
9,84089547;3,78429508;0,00000000
9,84099947;3,82781744;0,00000000
9,84110347;3,82781744;0,00000000
9,84120747;3,82781744;0,00000000
9,84131147;3,78429508;0,00000000
9,84141547;3,82781744;0,00000000
9,84151947;3,82781744;0,00000000
9,84162347;3,78429508;0,00000000
9,84172747;3,82781744;0,00000000
9,84183147;3,82781744;0,00000000
9,84193547;3,82781744;0,00000000
9,84203947;3,78429508;0,00000000
9,84214347;3,78429508;0,00000000
9,84224747;3,82781744;0,00000000
9,84235147;3,82781744;0,00000000
9,84245547;3,82781744;0,00000000
9,84255947;3,82781744;0,00000000
9,84266347;3,82781744;0,00000000
9,84276747;3,78429508;0,00000000
9,84287147;3,78429508;0,00000000
9,84297547;3,82781744;0,00000000
9,84307947;3,78429508;0,00000000
9,84318347;3,82781744;0,00000000
9,84328747;3,82781744;0,00000000
9,84339147;3,82781744;0,00000000
9,84349547;3,78429508;0,00000000
9,84359947;3,82781744;0,00000000
9,84370347;3,82781744;0,00000000
9,84380747;3,78429508;0,00000000
9,84391147;3,78429508;0,00000000
9,84401547;3,82781744;0,00000000
9,84411947;3,82781744;0,00000000
9,84422347;3,78429508;0,00000000
9,84432747;3,82781744;0,00000000
9,84443147;3,82781744;0,00000000
9,84453547;3,78429508;0,00000000
9,84463947;3,78429508;0,00000000
9,84474347;3,82781744;0,00000000
9,84484747;3,82781744;0,00000000
9,84495147;3,82781744;0,00000000
9,84505547;3,78429508;0,00000000
9,84515947;3,78429508;0,00000000
9,84526347;3,78429508;0,00000000
9,84536747;3,82781744;0,00000000
9,84547147;3,82781744;0,00000000
9,84557547;3,82781744;0,00000000
9,84567947;3,78429508;0,00000000
9,84578347;3,78429508;0,00000000
9,84588747;3,78429508;0,00000000
9,84599147;3,82781744;0,00000000
9,84609547;3,82781744;0,00000000
9,84619947;3,82781744;0,00000000
9,84630347;3,78429508;0,00000000
9,84640747;3,82781744;0,00000000
9,84651147;3,78429508;0,00000000
9,84661547;3,78429508;0,00000000
9,84671947;3,82781744;0,00000000
9,84682347;3,78429508;0,00000000
9,84692747;3,78429508;0,00000000
9,84703147;3,82781744;0,00000000
9,84713547;3,82781744;0,00000000
9,84723947;3,82781744;0,00000000
9,84734347;3,78429508;0,00000000
9,84744747;3,82781744;0,00000000
9,84755147;3,82781744;0,00000000
9,84765547;3,82781744;0,00000000
9,84775947;3,82781744;0,00000000
9,84786347;3,82781744;0,00000000
9,84796747;3,82781744;0,00000000
9,84807147;3,82781744;0,00000000
9,84817547;3,78429508;0,00000000
9,84827947;3,78429508;0,00000000
9,84838347;3,82781744;0,00000000
9,84848747;3,82781744;0,00000000
9,84859147;3,78429508;0,00000000
9,84869547;3,82781744;0,00000000
9,84879947;3,78429508;0,00000000
9,84890347;3,82781744;0,00000000
9,84900747;3,82781744;0,00000000
9,84911147;3,78429508;0,00000000
9,84921547;3,82781744;0,00000000
9,84931947;3,82781744;0,00000000
9,84942347;3,82781744;0,00000000
9,84952747;3,82781744;0,00000000
9,84963147;3,82781744;0,00000000
9,84973547;3,82781744;0,00000000
9,84983947;3,82781744;0,00000000
9,84994347;3,82781744;0,00000000
9,85004747;3,82781744;0,00000000
9,85015147;3,82781744;0,00000000
9,85025547;3,82781744;0,00000000
9,85035947;3,82781744;0,00000000
9,85046347;3,82781744;0,00000000
9,85056747;3,78429508;0,00000000
9,85067147;3,82781744;0,00000000
9,85077547;3,78429508;0,00000000
9,85087947;3,82781744;0,00000000
9,85098347;3,82781744;0,00000000
9,85108747;3,82781744;0,00000000
9,85119147;3,82781744;0,00000000
9,85129547;3,82781744;0,00000000
9,85139947;3,82781744;0,00000000
9,85150347;3,82781744;0,00000000
9,85160747;3,82781744;0,00000000
9,85171147;3,82781744;0,00000000
9,85181547;3,82781744;0,00000000
9,85191947;3,82781744;0,00000000
9,85202347;3,82781744;0,00000000
9,85212747;3,82781744;0,00000000
9,85223147;3,82781744;0,00000000
9,85233547;3,82781744;0,00000000
9,85243947;3,82781744;0,00000000
9,85254347;3,82781744;0,00000000
9,85264747;3,82781744;0,00000000
9,85275147;3,82781744;0,00000000
9,85285547;3,82781744;0,00000000
9,85295947;3,82781744;0,00000000
9,85306347;3,82781744;0,00000000
9,85316747;3,82781744;0,00000000
9,85327147;3,78429508;0,00000000
9,85337547;3,82781744;0,00000000
9,85347947;3,82781744;0,00000000
9,85358347;3,82781744;0,00000000
9,85368747;3,82781744;0,00000000
9,85379147;3,82781744;0,00000000
9,85389547;3,82781744;0,00000000
9,85399947;3,82781744;0,00000000
9,85410347;3,82781744;0,00000000
9,85420747;3,78429508;0,00000000
9,85431147;3,82781744;0,00000000
9,85441547;3,78429508;0,00000000
9,85451947;3,82781744;0,00000000
9,85462347;3,82781744;0,00000000
9,85472747;3,82781744;0,00000000
9,85483147;3,78429508;0,00000000
9,85493547;3,78429508;0,00000000
9,85503947;3,78429508;0,00000000
9,85514347;3,78429508;0,00000000
9,85524747;3,78429508;0,00000000
9,85535147;3,78429508;0,00000000
9,85545547;3,82781744;0,00000000
9,85555947;3,82781744;0,00000000
9,85566347;3,82781744;0,00000000
9,85576747;3,78429508;0,00000000
9,85587147;3,82781744;0,00000000
9,85597547;3,78429508;0,00000000
9,85607947;3,82781744;0,00000000
9,85618347;3,78429508;0,00000000
9,85628747;3,82781744;0,00000000
9,85639147;3,82781744;0,00000000
9,85649547;3,78429508;0,00000000
9,85659947;3,82781744;0,00000000
9,85670347;3,78429508;0,00000000
9,85680747;3,82781744;0,00000000
9,85691147;3,78429508;0,00000000
9,85701547;3,82781744;0,00000000
9,85711947;3,78429508;0,00000000
9,85722347;3,78429508;0,00000000
9,85732747;3,82781744;0,00000000
9,85743147;3,82781744;0,00000000
9,85753547;3,78429508;0,00000000
9,85763947;3,78429508;0,00000000
9,85774347;3,82781744;0,00000000
9,85784747;3,78429508;0,00000000
9,85795147;3,78429508;0,00000000
9,85805547;3,78429508;0,00000000
9,85815947;3,82781744;0,00000000
9,85826347;3,78429508;0,00000000
9,85836747;3,78429508;0,00000000
9,85847147;3,78429508;0,00000000
9,85857547;3,82781744;0,00000000
9,85867947;3,82781744;0,00000000
9,85878347;3,78429508;0,00000000
9,85888747;3,82781744;0,00000000
9,85899147;3,82781744;0,00000000
9,85909547;3,78429508;0,00000000
9,85919947;3,78429508;0,00000000
9,85930347;3,82781744;0,00000000
9,85940747;3,82781744;0,00000000
9,85951147;3,82781744;0,00000000
9,85961547;3,78429508;0,00000000
9,85971947;3,78429508;0,00000000
9,85982347;3,78429508;0,00000000
9,85992747;3,82781744;0,01734744
9,86003147;3,82781744;0,00000000
9,86013547;3,78429508;0,00000000
9,86023947;3,82781744;0,00000000
9,86034347;3,82781744;0,00000000
9,86044747;3,82781744;0,00000000
9,86055147;3,82781744;0,00000000
9,86065547;3,82781744;0,00000000
9,86075947;3,82781744;0,00000000
9,86086347;3,82781744;0,00000000
9,86096747;3,78429508;0,00000000
9,86107147;3,82781744;0,00000000
9,86117547;3,78429508;0,00000000
9,86127947;3,78429508;0,00000000
9,86138347;3,82781744;0,00000000
9,86148747;3,82781744;0,00000000
9,86159147;3,82781744;0,00000000
9,86169547;3,82781744;0,00000000
9,86179947;3,82781744;0,00000000
9,86190347;3,78429508;0,00000000
9,86200747;3,78429508;0,00000000
9,86211147;3,82781744;0,00000000
9,86221547;3,82781744;0,00000000
9,86231947;3,82781744;0,00000000
9,86242347;3,78429508;0,00000000
9,86252747;3,82781744;0,00000000
9,86263147;3,82781744;0,00000000
9,86273547;3,78429508;0,00000000
9,86283947;3,82781744;0,00000000
9,86294347;3,82781744;0,00000000
9,86304747;3,82781744;0,00000000
9,86315147;3,82781744;0,00000000
9,86325547;3,82781744;0,00000000
9,86335947;3,78429508;0,00000000
9,86346347;3,78429508;0,00000000
9,86356747;3,78429508;0,00000000
9,86367147;3,82781744;0,00000000
9,86377547;3,82781744;0,00000000
9,86387947;3,82781744;0,00000000
9,86398347;3,78429508;0,00000000
9,86408747;3,78429508;0,00000000
9,86419147;3,78429508;0,00000000
9,86429547;3,82781744;0,00000000
9,86439947;3,82781744;0,00000000
9,86450347;3,82781744;0,00000000
9,86460747;3,82781744;0,00000000
9,86471147;3,82781744;0,00000000
9,86481547;3,82781744;0,00000000
9,86491947;3,78429508;0,00000000
9,86502347;3,82781744;0,00000000
9,86512747;3,78429508;0,00000000
9,86523147;3,78429508;0,00000000
9,86533547;3,82781744;0,00000000
9,86543947;3,82781744;0,00000000
9,86554347;3,78429508;0,00000000
9,86564747;3,78429508;0,00000000
9,86575147;3,78429508;0,00000000
9,86585547;3,82781744;0,00000000
9,86595947;3,82781744;0,00000000
9,86606347;3,82781744;0,00000000
9,86616747;3,82781744;0,00000000
9,86627147;3,78429508;0,00000000
9,86637547;3,82781744;0,00000000
9,86647947;3,82781744;0,00000000
9,86658347;3,78429508;0,00000000
9,86668747;3,82781744;0,00000000
9,86679147;3,82781744;0,00000000
9,86689547;3,82781744;0,00000000
9,86699947;3,82781744;0,00000000
9,86710347;3,78429508;0,00000000
9,86720747;3,82781744;0,00000000
9,86731147;3,78429508;0,00000000
9,86741547;3,82781744;0,00000000
9,86751947;3,82781744;0,00000000
9,86762347;3,78429508;0,00000000
9,86772747;3,82781744;0,00000000
9,86783147;3,82781744;0,00000000
9,86793547;3,82781744;0,00000000
9,86803947;3,82781744;0,00000000
9,86814347;3,82781744;0,00000000
9,86824747;3,82781744;0,00000000
9,86835147;3,78429508;0,00000000
9,86845547;3,78429508;0,00000000
9,86855947;3,82781744;0,00000000
9,86866347;3,82781744;0,00000000
9,86876747;3,82781744;0,00000000
9,86887147;3,82781744;0,00000000
9,86897547;3,82781744;0,00000000
9,86907947;3,82781744;0,00000000
9,86918347;3,82781744;0,00000000
9,86928747;3,82781744;0,00000000
9,86939147;3,82781744;0,00000000
9,86949547;3,82781744;0,00000000
9,86959947;3,82781744;0,00000000
9,86970347;3,82781744;0,00000000
9,86980747;3,82781744;0,00000000
9,86991147;3,82781744;0,00000000
9,87001547;3,82781744;0,00000000
9,87011947;3,82781744;0,00000000
9,87022347;3,82781744;0,00000000
9,87032747;3,78429508;0,00000000
9,87043147;3,82781744;0,00000000
9,87053547;3,78429508;0,00000000
9,87063947;3,82781744;0,00000000
9,87074347;3,82781744;0,00000000
9,87084747;3,82781744;0,00000000
9,87095147;3,82781744;0,00000000
9,87105547;3,82781744;0,00000000
9,87115947;3,78429508;0,00000000
9,87126347;3,82781744;0,00000000
9,87136747;3,82781744;0,00000000
9,87147147;3,78429508;0,00000000
9,87157547;3,82781744;0,00000000
9,87167947;3,78429508;0,00000000
9,87178347;3,82781744;0,00000000
9,87188747;3,78429508;0,00000000
9,87199147;3,82781744;0,00000000
9,87209547;3,78429508;0,00000000
9,87219947;3,82781744;0,00000000
9,87230347;3,78429508;0,00000000
9,87240747;3,82781744;0,00000000
9,87251147;3,78429508;0,00000000
9,87261547;3,82781744;0,00000000
9,87271947;3,82781744;0,00000000
9,87282347;3,78429508;0,00000000
9,87292747;3,82781744;0,00000000
9,87303147;3,82781744;0,00000000
9,87313547;3,78429508;0,00000000
9,87323947;3,82781744;0,00000000
9,87334347;3,78429508;0,00000000
9,87344747;3,78429508;0,00000000
9,87355147;3,82781744;0,00000000
9,87365547;3,78429508;0,00000000
9,87375947;3,82781744;0,00000000
9,87386347;3,82781744;0,00000000
9,87396747;3,82781744;0,00000000
9,87407147;3,78429508;0,00000000
9,87417547;3,78429508;0,00000000
9,87427947;3,78429508;0,00000000
9,87438347;3,82781744;0,00000000
9,87448747;3,78429508;0,00000000
9,87459147;3,82781744;0,00000000
9,87469547;3,78429508;0,00000000
9,87479947;3,78429508;0,00000000
9,87490347;3,78429508;0,00000000
9,87500747;3,78429508;0,00000000
9,87511147;3,82781744;0,00000000
9,87521547;3,82781744;0,00000000
9,87531947;3,82781744;0,00000000
9,87542347;3,82781744;0,00000000
9,87552747;3,78429508;0,00000000
9,87563147;3,82781744;0,00000000
9,87573547;3,82781744;0,00000000
9,87583947;3,82781744;0,00000000
9,87594347;3,78429508;0,00000000
9,87604747;3,78429508;0,00000000
9,87615147;3,78429508;0,00000000
9,87625547;3,78429508;0,00000000
9,87635947;3,78429508;0,00000000
9,87646347;3,78429508;0,00000000
9,87656747;3,82781744;0,00000000
9,87667147;3,78429508;0,00000000
9,87677547;3,82781744;0,00000000
9,87687947;3,82781744;0,00000000
9,87698347;3,82781744;0,00000000
9,87708747;3,82781744;0,00000000
9,87719147;3,82781744;0,00000000
9,87729547;3,82781744;0,00000000
9,87739947;3,82781744;0,00000000
9,87750347;3,82781744;0,00000000
9,87760747;3,82781744;0,00000000
9,87771147;3,82781744;0,00000000
9,87781547;3,82781744;0,00000000
9,87791947;3,82781744;0,00000000
9,87802347;3,82781744;0,00000000
9,87812747;3,82781744;0,00000000
9,87823147;3,82781744;0,00000000
9,87833547;3,82781744;0,00000000
9,87843947;3,78429508;0,00000000
9,87854347;3,78429508;0,00000000
9,87864747;3,82781744;0,00000000
9,87875147;3,82781744;0,00000000
9,87885547;3,82781744;0,00000000
9,87895947;3,78429508;0,00000000
9,87906347;3,82781744;0,00000000
9,87916747;3,78429508;0,00000000
9,87927147;3,82781744;0,00000000
9,87937547;3,82781744;0,00000000
9,87947947;3,78429508;0,00000000
9,87958347;3,78429508;0,01734744
9,87968747;3,78429508;0,00000000
9,87979147;3,82781744;0,00000000
9,87989547;3,78429508;0,00000000
9,87999947;3,78429508;0,00000000
9,88010347;3,82781744;0,00000000
9,88020747;3,82781744;0,00000000
9,88031147;3,82781744;0,00000000
9,88041547;3,82781744;0,00000000
9,88051947;3,78429508;0,00000000
9,88062347;3,82781744;0,00000000
9,88072747;3,82781744;0,00000000
9,88083147;3,78429508;0,00000000
9,88093547;3,82781744;0,00000000
9,88103947;3,78429508;0,00000000
9,88114347;3,78429508;0,00000000
9,88124747;3,82781744;0,00000000
9,88135147;3,82781744;0,00000000
9,88145547;3,82781744;0,00000000
9,88155947;3,82781744;0,00000000
9,88166347;3,82781744;0,00000000
9,88176747;3,82781744;0,00000000
9,88187147;3,82781744;0,00000000
9,88197547;3,82781744;0,00000000
9,88207947;3,82781744;0,00000000
9,88218347;3,82781744;0,00000000
9,88228747;3,78429508;0,00000000
9,88239147;3,78429508;0,00000000
9,88249547;3,82781744;0,00000000
9,88259947;3,82781744;0,00000000
9,88270347;3,82781744;0,00000000
9,88280747;3,82781744;0,00000000
9,88291147;3,82781744;0,00000000
9,88301547;3,78429508;0,00000000
9,88311947;3,82781744;0,00000000
9,88322347;3,78429508;0,00000000
9,88332747;3,82781744;0,00000000
9,88343147;3,78429508;0,00000000
9,88353547;3,82781744;0,00000000
9,88363947;3,82781744;0,00000000
9,88374347;3,82781744;0,00000000
9,88384747;3,78429508;0,00000000
9,88395147;3,82781744;0,00000000
9,88405547;3,82781744;0,00000000
9,88415947;3,82781744;0,00000000
9,88426347;3,78429508;0,00000000
9,88436747;3,82781744;0,00000000
9,88447147;3,82781744;0,00000000
9,88457547;3,82781744;0,00000000
9,88467947;3,78429508;0,00000000
9,88478347;3,82781744;0,00000000
9,88488747;3,78429508;0,00000000
9,88499147;3,82781744;0,00000000
9,88509547;3,82781744;0,00000000
9,88519947;3,82781744;0,00000000
9,88530347;3,82781744;0,00000000
9,88540747;3,82781744;0,01734744
9,88551147;3,78429508;0,00000000
9,88561547;3,82781744;0,00000000
9,88571947;3,82781744;0,00000000
9,88582347;3,82781744;0,00000000
9,88592747;3,82781744;0,00000000
9,88603147;3,82781744;0,00000000
9,88613547;3,82781744;0,00000000
9,88623947;3,82781744;0,00000000
9,88634347;3,78429508;0,00000000
9,88644747;3,82781744;0,00000000
9,88655147;3,82781744;0,00000000
9,88665547;3,82781744;0,00000000
9,88675947;3,82781744;0,00000000
9,88686347;3,78429508;0,00000000
9,88696747;3,78429508;0,00000000
9,88707147;3,82781744;0,00000000
9,88717547;3,78429508;0,00000000
9,88727947;3,78429508;0,00000000
9,88738347;3,78429508;0,00000000
9,88748747;3,78429508;0,00000000
9,88759147;3,82781744;0,00000000
9,88769547;3,82781744;0,00000000
9,88779947;3,78429508;0,00000000
9,88790347;3,82781744;0,00000000
9,88800747;3,82781744;0,00000000
9,88811147;3,82781744;0,00000000
9,88821547;3,78429508;0,00000000
9,88831947;3,82781744;0,00000000
9,88842347;3,82781744;0,00000000
9,88852747;3,82781744;0,00000000
9,88863147;3,78429508;0,00000000
9,88873547;3,82781744;0,00000000
9,88883947;3,82781744;0,00000000
9,88894347;3,82781744;0,00000000
9,88904747;3,78429508;0,00000000
9,88915147;3,82781744;0,00000000
9,88925547;3,82781744;0,00000000
9,88935947;3,78429508;0,00000000
9,88946347;3,82781744;0,00000000
9,88956747;3,82781744;0,00000000
9,88967147;3,82781744;0,00000000
9,88977547;3,78429508;0,00000000
9,88987947;3,82781744;0,00000000
9,88998347;3,82781744;0,00000000
9,89008747;3,82781744;0,00000000
9,89019147;3,78429508;0,00000000
9,89029547;3,78429508;0,00000000
9,89039947;3,82781744;0,00000000
9,89050347;3,82781744;0,00000000
9,89060747;3,82781744;0,00000000
9,89071147;3,78429508;0,00000000
9,89081547;3,82781744;0,00000000
9,89091947;3,82781744;0,00000000
9,89102347;3,82781744;0,00000000
9,89112747;3,82781744;0,00000000
9,89123147;3,82781744;0,00000000
9,89133547;3,78429508;0,00000000
9,89143947;3,82781744;0,00000000
9,89154347;3,82781744;0,00000000
9,89164747;3,82781744;0,00000000
9,89175147;3,82781744;0,00000000
9,89185547;3,78429508;0,00000000
9,89195947;3,82781744;0,00000000
9,89206347;3,82781744;0,00000000
9,89216747;3,82781744;0,00000000
9,89227147;3,82781744;0,00000000
9,89237547;3,82781744;0,00000000
9,89247947;3,78429508;0,00000000
9,89258347;3,82781744;0,00000000
9,89268747;3,78429508;0,00000000
9,89279147;3,82781744;0,00000000
9,89289547;3,82781744;0,00000000
9,89299947;3,78429508;0,00000000
9,89310347;3,78429508;0,00000000
9,89320747;3,82781744;0,00000000
9,89331147;3,82781744;0,00000000
9,89341547;3,82781744;0,00000000
9,89351947;3,82781744;0,00000000
9,89362347;3,82781744;0,00000000
9,89372747;3,82781744;0,00000000
9,89383147;3,78429508;0,00000000
9,89393547;3,82781744;0,00000000
9,89403947;3,82781744;0,00000000
9,89414347;3,82781744;0,00000000
9,89424747;3,78429508;0,00000000
9,89435147;3,82781744;0,00000000
9,89445547;3,82781744;0,00000000
9,89455947;3,78429508;0,00000000
9,89466347;3,82781744;0,00000000
9,89476747;3,78429508;0,00000000
9,89487147;3,82781744;0,00000000
9,89497547;3,82781744;0,00000000
9,89507947;3,78429508;0,00000000
9,89518347;3,82781744;0,00000000
9,89528747;3,82781744;0,00000000
9,89539147;3,82781744;0,00000000
9,89549547;3,78429508;0,00000000
9,89559947;3,82781744;0,00000000
9,89570347;3,82781744;0,00000000
9,89580747;3,82781744;0,00000000
9,89591147;3,82781744;0,00000000
9,89601547;3,82781744;0,00000000
9,89611947;3,78429508;0,00000000
9,89622347;3,82781744;0,00000000
9,89632747;3,82781744;0,00000000
9,89643147;3,78429508;0,00000000
9,89653547;3,82781744;0,00000000
9,89663947;3,82781744;0,00000000
9,89674347;3,82781744;0,00000000
9,89684747;3,78429508;0,00000000
9,89695147;3,82781744;0,00000000
9,89705547;3,82781744;0,00000000
9,89715947;3,82781744;0,00000000
9,89726347;3,82781744;0,00000000
9,89736747;3,82781744;0,00000000
9,89747147;3,82781744;0,00000000
9,89757547;3,82781744;0,00000000
9,89767947;3,78429508;0,00000000
9,89778347;3,82781744;0,00000000
9,89788747;3,82781744;0,00000000
9,89799147;3,78429508;0,00000000
9,89809547;3,82781744;0,00000000
9,89819947;3,82781744;0,00000000
9,89830347;3,82781744;0,00000000
9,89840747;3,82781744;0,00000000
9,89851147;3,82781744;0,00000000
9,89861547;3,82781744;0,00000000
9,89871947;3,82781744;0,00000000
9,89882347;3,82781744;0,00000000
9,89892747;3,82781744;0,00000000
9,89903147;3,78429508;0,00000000
9,89913547;3,82781744;0,00000000
9,89923947;3,82781744;0,00000000
9,89934347;3,82781744;0,00000000
9,89944747;3,82781744;0,00000000
9,89955147;3,82781744;0,00000000
9,89965547;3,82781744;0,00000000
9,89975947;3,78429508;0,00000000
9,89986347;3,78429508;0,00000000
9,89996747;3,82781744;0,00000000
9,90007147;3,78429508;0,00000000
9,90017547;3,78429508;0,00000000
9,90027947;3,78429508;0,00000000
9,90038347;3,78429508;0,00000000
9,90048747;3,82781744;0,00000000
9,90059147;3,82781744;0,00000000
9,90069547;3,78429508;0,00000000
9,90079947;3,78429508;0,00000000
9,90090347;3,78429508;0,00000000
9,90100747;3,82781744;0,00000000
9,90111147;3,78429508;0,00000000
9,90121547;3,78429508;0,00000000
9,90131947;3,82781744;0,00000000
9,90142347;3,78429508;0,00000000
9,90152747;3,78429508;0,00000000
9,90163147;3,87133980;0,00000000
9,90173547;3,82781744;0,00000000
9,90183947;3,82781744;0,00000000
9,90194347;3,78429508;0,00000000
9,90204747;3,78429508;0,00000000
9,90215147;3,78429508;0,00000000
9,90225547;3,82781744;0,00000000
9,90235947;3,82781744;0,00000000
9,90246347;3,78429508;0,00000000
9,90256747;3,78429508;0,00000000
9,90267147;3,82781744;0,00000000
9,90277547;3,78429508;0,00000000
9,90287947;3,82781744;0,00000000
9,90298347;3,78429508;0,00000000
9,90308747;3,82781744;0,00000000
9,90319147;3,82781744;0,00000000
9,90329547;3,82781744;0,00000000
9,90339947;3,78429508;0,00000000
9,90350347;3,82781744;0,00000000
9,90360747;3,82781744;0,00000000
9,90371147;3,78429508;0,00000000
9,90381547;3,78429508;0,00000000
9,90391947;3,82781744;0,00000000
9,90402347;3,78429508;0,00000000
9,90412747;3,82781744;0,00000000
9,90423147;3,82781744;0,00000000
9,90433547;3,78429508;0,00000000
9,90443947;3,82781744;0,00000000
9,90454347;3,82781744;0,00000000
9,90464747;3,78429508;0,00000000
9,90475147;3,78429508;0,00000000
9,90485547;3,78429508;0,00000000
9,90495947;3,82781744;0,00000000
9,90506347;3,82781744;0,00000000
9,90516747;3,82781744;0,00000000
9,90527147;3,82781744;0,00000000
9,90537547;3,82781744;0,00000000
9,90547947;3,78429508;0,00000000
9,90558347;3,82781744;0,00000000
9,90568747;3,78429508;0,00000000
9,90579147;3,82781744;0,00000000
9,90589547;3,82781744;0,00000000
9,90599947;3,78429508;0,00000000
9,90610347;3,78429508;0,00000000
9,90620747;3,82781744;0,00000000
9,90631147;3,82781744;0,00000000
9,90641547;3,82781744;0,00000000
9,90651947;3,82781744;0,00000000
9,90662347;3,78429508;0,00000000
9,90672747;3,82781744;0,00000000
9,90683147;3,82781744;0,00000000
9,90693547;3,82781744;0,00000000
9,90703947;3,82781744;0,01734744
9,90714347;3,82781744;0,00000000
9,90724747;3,82781744;0,00000000
9,90735147;3,82781744;0,00000000
9,90745547;3,78429508;0,00000000
9,90755947;3,82781744;0,00000000
9,90766347;3,82781744;0,00000000
9,90776747;3,82781744;0,00000000
9,90787147;3,82781744;0,00000000
9,90797547;3,82781744;0,00000000
9,90807947;3,82781744;0,00000000
9,90818347;3,82781744;0,00000000
9,90828747;3,78429508;0,00000000
9,90839147;3,82781744;0,00000000
9,90849547;3,82781744;0,00000000
9,90859947;3,78429508;0,00000000
9,90870347;3,82781744;0,00000000
9,90880747;3,78429508;0,00000000
9,90891147;3,82781744;0,00000000
9,90901547;3,78429508;0,00000000
9,90911947;3,78429508;0,00000000
9,90922347;3,78429508;0,00000000
9,90932747;3,82781744;0,00000000
9,90943147;3,82781744;0,00000000
9,90953547;3,82781744;0,00000000
9,90963947;3,82781744;0,00000000
9,90974347;3,82781744;0,00000000
9,90984747;3,82781744;0,00000000
9,90995147;3,82781744;0,00000000
9,91005547;3,82781744;0,00000000
9,91015947;3,82781744;0,00000000
9,91026347;3,78429508;0,00000000
9,91036747;3,82781744;0,00000000
9,91047147;3,82781744;0,00000000
9,91057547;3,82781744;0,00000000
9,91067947;3,78429508;0,00000000
9,91078347;3,82781744;0,00000000
9,91088747;3,82781744;0,00000000
9,91099147;3,82781744;0,01734744
9,91109547;3,78429508;0,00000000
9,91119947;3,78429508;0,00000000
9,91130347;3,82781744;0,00000000
9,91140747;3,82781744;0,00000000
9,91151147;3,78429508;0,00000000
9,91161547;3,78429508;0,00000000
9,91171947;3,78429508;0,00000000
9,91182347;3,82781744;0,00000000
9,91192747;3,82781744;0,01734744
9,91203147;3,82781744;0,00000000
9,91213547;3,82781744;0,00000000
9,91223947;3,82781744;0,00000000
9,91234347;3,78429508;0,00000000
9,91244747;3,82781744;0,00000000
9,91255147;3,82781744;0,00000000
9,91265547;3,82781744;0,00000000
9,91275947;3,78429508;0,00000000
9,91286347;3,82781744;0,00000000
9,91296747;3,78429508;0,00000000
9,91307147;3,82781744;0,00000000
9,91317547;3,78429508;0,00000000
9,91327947;3,78429508;0,00000000
9,91338347;3,82781744;0,00000000
9,91348747;3,82781744;0,00000000
9,91359147;3,78429508;0,00000000
9,91369547;3,82781744;0,00000000
9,91379947;3,82781744;0,00000000
9,91390347;3,82781744;0,00000000
9,91400747;3,82781744;0,00000000
9,91411147;3,82781744;0,00000000
9,91421547;3,78429508;0,00000000
9,91431947;3,78429508;0,00000000
9,91442347;3,78429508;0,00000000
9,91452747;3,82781744;0,00000000
9,91463147;3,78429508;0,00000000
9,91473547;3,78429508;0,00000000
9,91483947;3,82781744;0,00000000
9,91494347;3,82781744;0,00000000
9,91504747;3,82781744;0,00000000
9,91515147;3,78429508;0,00000000
9,91525547;3,82781744;0,00000000
9,91535947;3,82781744;0,00000000
9,91546347;3,82781744;0,00000000
9,91556747;3,82781744;0,00000000
9,91567147;3,82781744;0,00000000
9,91577547;3,78429508;0,00000000
9,91587947;3,78429508;0,00000000
9,91598347;3,82781744;0,00000000
9,91608747;3,82781744;0,00000000
9,91619147;3,78429508;0,00000000
9,91629547;3,82781744;0,00000000
9,91639947;3,82781744;0,00000000
9,91650347;3,82781744;0,00000000
9,91660747;3,82781744;0,00000000
9,91671147;3,82781744;0,00000000
9,91681547;3,82781744;0,00000000
9,91691947;3,78429508;0,00000000
9,91702347;3,82781744;0,00000000
9,91712747;3,82781744;0,00000000
9,91723147;3,82781744;0,00000000
9,91733547;3,82781744;0,00000000
9,91743947;3,82781744;0,00000000
9,91754347;3,82781744;0,00000000
9,91764747;3,82781744;0,00000000
9,91775147;3,82781744;0,00000000
9,91785547;3,78429508;0,00000000
9,91795947;3,82781744;0,00000000
9,91806347;3,82781744;0,00000000
9,91816747;3,82781744;0,00000000
9,91827147;3,82781744;0,00000000
9,91837547;3,82781744;0,00000000
9,91847947;3,82781744;0,00000000
9,91858347;3,78429508;0,00000000
9,91868747;3,82781744;0,00000000
9,91879147;3,82781744;0,00000000
9,91889547;3,82781744;0,00000000
9,91899947;3,78429508;0,00000000
9,91910347;3,78429508;0,00000000
9,91920747;3,78429508;0,00000000
9,91931147;3,78429508;0,00000000
9,91941547;3,82781744;0,00000000
9,91951947;3,82781744;0,00000000
9,91962347;3,78429508;0,00000000
9,91972747;3,82781744;0,00000000
9,91983147;3,82781744;0,00000000
9,91993547;3,82781744;0,00000000
9,92003947;3,82781744;0,00000000
9,92014347;3,82781744;0,00000000
9,92024747;3,82781744;0,00000000
9,92035147;3,78429508;0,00000000
9,92045547;3,82781744;0,00000000
9,92055947;3,82781744;0,00000000
9,92066347;3,78429508;0,00000000
9,92076747;3,82781744;0,00000000
9,92087147;3,82781744;0,00000000
9,92097547;3,82781744;0,00000000
9,92107947;3,82781744;0,00000000
9,92118347;3,82781744;0,00000000
9,92128747;3,82781744;0,00000000
9,92139147;3,87133980;0,00000000
9,92149547;3,82781744;0,00000000
9,92159947;3,82781744;0,00000000
9,92170347;3,78429508;0,00000000
9,92180747;3,82781744;0,00000000
9,92191147;3,78429508;0,00000000
9,92201547;3,82781744;0,00000000
9,92211947;3,82781744;0,00000000
9,92222347;3,82781744;0,00000000
9,92232747;3,82781744;0,00000000
9,92243147;3,82781744;0,00000000
9,92253547;3,78429508;0,00000000
9,92263947;3,82781744;0,00000000
9,92274347;3,78429508;0,00000000
9,92284747;3,82781744;0,00000000
9,92295147;3,82781744;0,00000000
9,92305547;3,82781744;0,00000000
9,92315947;3,82781744;0,00000000
9,92326347;3,78429508;0,00000000
9,92336747;3,82781744;0,00000000
9,92347147;3,78429508;0,00000000
9,92357547;3,82781744;0,00000000
9,92367947;3,78429508;0,00000000
9,92378347;3,82781744;0,00000000
9,92388747;3,82781744;0,00000000
9,92399147;3,82781744;0,00000000
9,92409547;3,78429508;0,00000000
9,92419947;3,82781744;0,00000000
9,92430347;3,82781744;0,00000000
9,92440747;3,82781744;0,00000000
9,92451147;3,78429508;0,00000000
9,92461547;3,78429508;0,00000000
9,92471947;3,82781744;0,00000000
9,92482347;3,78429508;0,00000000
9,92492747;3,82781744;0,00000000
9,92503147;3,82781744;0,00000000
9,92513547;3,78429508;0,00000000
9,92523947;3,82781744;0,00000000
9,92534346;3,78429508;0,00000000
9,92544746;3,82781744;0,00000000
9,92555146;3,82781744;0,00000000
9,92565546;3,78429508;0,00000000
9,92575946;3,82781744;0,00000000
9,92586346;3,82781744;0,00000000
9,92596746;3,82781744;0,00000000
9,92607146;3,82781744;0,00000000
9,92617546;3,78429508;0,00000000
9,92627946;3,82781744;0,00000000
9,92638346;3,82781744;0,00000000
9,92648746;3,82781744;0,00000000
9,92659146;3,82781744;0,00000000
9,92669546;3,78429508;0,00000000
9,92679946;3,78429508;0,00000000
9,92690346;3,82781744;0,00000000
9,92700746;3,78429508;0,00000000
9,92711146;3,82781744;0,00000000
9,92721546;3,78429508;0,00000000
9,92731946;3,82781744;0,00000000
9,92742346;3,82781744;0,00000000
9,92752746;3,82781744;0,00000000
9,92763146;3,82781744;0,00000000
9,92773546;3,82781744;0,00000000
9,92783946;3,82781744;0,00000000
9,92794346;3,82781744;0,00000000
9,92804746;3,82781744;0,00000000
9,92815146;3,78429508;0,00000000
9,92825546;3,82781744;0,00000000
9,92835946;3,82781744;0,00000000
9,92846346;3,82781744;0,00000000
9,92856746;3,82781744;0,00000000
9,92867146;3,82781744;0,00000000
9,92877546;3,78429508;0,00000000
9,92887946;3,82781744;0,00000000
9,92898346;3,82781744;0,00000000
9,92908746;3,78429508;0,00000000
9,92919146;3,78429508;0,00000000
9,92929546;3,82781744;0,00000000
9,92939946;3,82781744;0,00000000
9,92950346;3,82781744;0,00000000
9,92960746;3,78429508;0,00000000
9,92971146;3,82781744;0,00000000
9,92981546;3,82781744;0,00000000
9,92991946;3,82781744;0,00000000
9,93002346;3,78429508;0,00000000
9,93012746;3,78429508;0,00000000
9,93023146;3,82781744;0,00000000
9,93033546;3,82781744;0,00000000
9,93043946;3,78429508;0,00000000
9,93054346;3,82781744;0,00000000
9,93064746;3,82781744;0,00000000
9,93075146;3,78429508;0,00000000
9,93085546;3,82781744;0,00000000
9,93095946;3,82781744;0,00000000
9,93106346;3,78429508;0,00000000
9,93116746;3,78429508;0,00000000
9,93127146;3,82781744;0,00000000
9,93137546;3,82781744;0,00000000
9,93147946;3,82781744;0,00000000
9,93158346;3,78429508;0,00000000
9,93168746;3,82781744;0,00000000
9,93179146;3,78429508;0,00000000
9,93189546;3,82781744;0,00000000
9,93199946;3,82781744;0,00000000
9,93210346;3,78429508;0,00000000
9,93220746;3,82781744;0,00000000
9,93231146;3,78429508;0,00000000
9,93241546;3,82781744;0,00000000
9,93251946;3,82781744;0,00000000
9,93262346;3,78429508;0,00000000
9,93272746;3,82781744;0,00000000
9,93283146;3,82781744;0,00000000
9,93293546;3,78429508;0,00000000
9,93303946;3,82781744;0,00000000
9,93314346;3,82781744;0,00000000
9,93324746;3,82781744;0,00000000
9,93335146;3,82781744;0,00000000
9,93345546;3,82781744;0,00000000
9,93355946;3,82781744;0,00000000
9,93366346;3,82781744;0,00000000
9,93376746;3,82781744;0,00000000
9,93387146;3,82781744;0,00000000
9,93397546;3,78429508;0,00000000
9,93407946;3,78429508;0,00000000
9,93418346;3,82781744;0,00000000
9,93428746;3,82781744;0,00000000
9,93439146;3,82781744;0,00000000
9,93449546;3,82781744;0,00000000
9,93459946;3,82781744;0,00000000
9,93470346;3,82781744;0,00000000
9,93480746;3,78429508;0,00000000
9,93491146;3,78429508;0,00000000
9,93501546;3,78429508;0,00000000
9,93511946;3,82781744;0,00000000
9,93522346;3,82781744;0,00000000
9,93532746;3,82781744;0,00000000
9,93543146;3,82781744;0,00000000
9,93553546;3,82781744;0,00000000
9,93563946;3,82781744;0,00000000
9,93574346;3,82781744;0,00000000
9,93584746;3,82781744;0,00000000
9,93595146;3,82781744;0,00000000
9,93605546;3,78429508;0,00000000
9,93615946;3,82781744;0,00000000
9,93626346;3,78429508;0,00000000
9,93636746;3,82781744;0,01734744
9,93647146;3,78429508;0,00000000
9,93657546;3,82781744;0,00000000
9,93667946;3,78429508;0,00000000
9,93678346;3,82781744;0,00000000
9,93688746;3,82781744;0,00000000
9,93699146;3,82781744;0,00000000
9,93709546;3,82781744;0,00000000
9,93719946;3,78429508;0,00000000
9,93730346;3,82781744;0,00000000
9,93740746;3,78429508;0,00000000
9,93751146;3,82781744;0,00000000
9,93761546;3,78429508;0,00000000
9,93771946;3,78429508;0,00000000
9,93782346;3,82781744;0,00000000
9,93792746;3,82781744;0,00000000
9,93803146;3,78429508;0,00000000
9,93813546;3,82781744;0,00000000
9,93823946;3,82781744;0,00000000
9,93834346;3,82781744;0,00000000
9,93844746;3,82781744;0,00000000
9,93855146;3,82781744;0,00000000
9,93865546;3,78429508;0,00000000
9,93875946;3,78429508;0,00000000
9,93886346;3,82781744;0,00000000
9,93896746;3,78429508;0,00000000
9,93907146;3,82781744;0,00000000
9,93917546;3,78429508;0,00000000
9,93927946;3,78429508;0,00000000
9,93938346;3,82781744;0,00000000
9,93948746;3,78429508;0,00000000
9,93959146;3,82781744;0,00000000
9,93969546;3,82781744;0,00000000
9,93979946;3,82781744;0,00000000
9,93990346;3,78429508;0,00000000
9,94000746;3,78429508;0,00000000
9,94011146;3,82781744;0,00000000
9,94021546;3,82781744;0,00000000
9,94031946;3,82781744;0,00000000
9,94042346;3,82781744;0,00000000
9,94052746;3,78429508;0,00000000
9,94063146;3,82781744;0,00000000
9,94073546;3,82781744;0,00000000
9,94083946;3,78429508;0,00000000
9,94094346;3,78429508;0,00000000
9,94104746;3,78429508;0,00000000
9,94115146;3,82781744;0,00000000
9,94125546;3,82781744;0,00000000
9,94135946;3,78429508;0,00000000
9,94146346;3,82781744;0,00000000
9,94156746;3,82781744;0,00000000
9,94167146;3,82781744;0,00000000
9,94177546;3,82781744;0,00000000
9,94187946;3,82781744;0,00000000
9,94198346;3,78429508;0,00000000
9,94208746;3,82781744;0,00000000
9,94219146;3,82781744;0,00000000
9,94229546;3,82781744;0,00000000
9,94239946;3,82781744;0,00000000
9,94250346;3,78429508;0,00000000
9,94260746;3,82781744;0,00000000
9,94271146;3,82781744;0,00000000
9,94281546;3,78429508;0,00000000
9,94291946;3,82781744;0,00000000
9,94302346;3,82781744;0,00000000
9,94312746;3,82781744;0,00000000
9,94323146;3,78429508;0,00000000
9,94333546;3,82781744;0,00000000
9,94343946;3,82781744;0,00000000
9,94354346;3,82781744;0,00000000
9,94364746;3,82781744;0,00000000
9,94375146;3,82781744;0,00000000
9,94385546;3,78429508;0,00000000
9,94395946;3,78429508;0,00000000
9,94406346;3,82781744;0,00000000
9,94416746;3,78429508;0,00000000
9,94427146;3,82781744;0,00000000
9,94437546;3,82781744;0,00000000
9,94447946;3,82781744;0,00000000
9,94458346;3,78429508;0,00000000
9,94468746;3,82781744;0,00000000
9,94479146;3,82781744;0,00000000
9,94489546;3,82781744;0,00000000
9,94499946;3,82781744;0,00000000
9,94510346;3,82781744;0,00000000
9,94520746;3,78429508;0,00000000
9,94531146;3,78429508;0,00000000
9,94541546;3,82781744;0,00000000
9,94551946;3,78429508;0,00000000
9,94562346;3,82781744;0,00000000
9,94572746;3,78429508;0,00000000
9,94583146;3,78429508;0,00000000
9,94593546;3,82781744;0,00000000
9,94603946;3,78429508;0,00000000
9,94614346;3,78429508;0,00000000
9,94624746;3,82781744;0,00000000
9,94635146;3,82781744;0,00000000
9,94645546;3,78429508;0,00000000
9,94655946;3,82781744;0,00000000
9,94666346;3,82781744;0,00000000
9,94676746;3,82781744;0,00000000
9,94687146;3,82781744;0,00000000
9,94697546;3,82781744;0,00000000
9,94707946;3,78429508;0,00000000
9,94718346;3,78429508;0,01734744
9,94728746;3,78429508;0,00000000
9,94739146;3,78429508;0,00000000
9,94749546;3,82781744;0,00000000
9,94759946;3,78429508;0,00000000
9,94770346;3,78429508;0,00000000
9,94780746;3,82781744;0,00000000
9,94791146;3,82781744;0,00000000
9,94801546;3,82781744;0,00000000
9,94811946;3,82781744;0,00000000
9,94822346;3,82781744;0,00000000
9,94832746;3,82781744;0,00000000
9,94843146;3,78429508;0,00000000
9,94853546;3,82781744;0,00000000
9,94863946;3,78429508;0,00000000
9,94874346;3,82781744;0,00000000
9,94884746;3,82781744;0,00000000
9,94895146;3,82781744;0,00000000
9,94905546;3,82781744;0,00000000
9,94915946;3,82781744;0,00000000
9,94926346;3,78429508;0,00000000
9,94936746;3,82781744;0,01734744
9,94947146;3,82781744;0,00000000
9,94957546;3,82781744;0,00000000
9,94967946;3,82781744;0,00000000
9,94978346;3,82781744;0,00000000
9,94988746;3,78429508;0,00000000
9,94999146;3,78429508;0,00000000
9,95009546;3,78429508;0,00000000
9,95019946;3,82781744;0,00000000
9,95030346;3,82781744;0,00000000
9,95040746;3,78429508;0,00000000
9,95051146;3,82781744;0,00000000
9,95061546;3,78429508;0,00000000
9,95071946;3,82781744;0,00000000
9,95082346;3,78429508;0,00000000
9,95092746;3,82781744;0,00000000
9,95103146;3,82781744;0,00000000
9,95113546;3,78429508;0,00000000
9,95123946;3,82781744;0,00000000
9,95134346;3,82781744;0,00000000
9,95144746;3,82781744;0,00000000
9,95155146;3,78429508;0,00000000
9,95165546;3,82781744;0,00000000
9,95175946;3,78429508;0,00000000
9,95186346;3,82781744;0,00000000
9,95196746;3,78429508;0,00000000
9,95207146;3,82781744;0,00000000
9,95217546;3,82781744;0,00000000
9,95227946;3,82781744;0,00000000
9,95238346;3,78429508;0,00000000
9,95248746;3,82781744;0,00000000
9,95259146;3,82781744;0,00000000
9,95269546;3,82781744;0,00000000
9,95279946;3,82781744;0,00000000
9,95290346;3,82781744;0,00000000
9,95300746;3,82781744;0,00000000
9,95311146;3,82781744;0,00000000
9,95321546;3,82781744;0,00000000
9,95331946;3,78429508;0,00000000
9,95342346;3,78429508;0,00000000
9,95352746;3,82781744;0,00000000
9,95363146;3,82781744;0,00000000
9,95373546;3,78429508;0,00000000
9,95383946;3,78429508;0,00000000
9,95394346;3,82781744;0,00000000
9,95404746;3,82781744;0,00000000
9,95415146;3,78429508;0,00000000
9,95425546;3,82781744;0,00000000
9,95435946;3,78429508;0,00000000
9,95446346;3,82781744;0,01734744
9,95456746;3,82781744;0,00000000
9,95467146;3,82781744;0,00000000
9,95477546;3,82781744;0,00000000
9,95487946;3,78429508;0,00000000
9,95498346;3,78429508;0,00000000
9,95508746;3,82781744;0,00000000
9,95519146;3,82781744;0,00000000
9,95529546;3,78429508;0,00000000
9,95539946;3,82781744;0,00000000
9,95550346;3,78429508;0,00000000
9,95560746;3,82781744;0,00000000
9,95571146;3,78429508;0,00000000
9,95581546;3,82781744;0,00000000
9,95591946;3,82781744;0,00000000
9,95602346;3,82781744;0,00000000
9,95612746;3,78429508;0,00000000
9,95623146;3,82781744;0,00000000
9,95633546;3,82781744;0,00000000
9,95643946;3,82781744;0,00000000
9,95654346;3,82781744;0,00000000
9,95664746;3,82781744;0,00000000
9,95675146;3,82781744;0,00000000
9,95685546;3,82781744;0,00000000
9,95695946;3,82781744;0,00000000
9,95706346;3,82781744;0,00000000
9,95716746;3,82781744;0,00000000
9,95727146;3,82781744;0,00000000
9,95737546;3,82781744;0,00000000
9,95747946;3,82781744;0,00000000
9,95758346;3,82781744;0,00000000
9,95768746;3,82781744;0,00000000
9,95779146;3,82781744;0,00000000
9,95789546;3,78429508;0,00000000
9,95799946;3,87133980;0,00000000
9,95810346;3,78429508;0,00000000
9,95820746;3,82781744;0,00000000
9,95831146;3,82781744;0,00000000
9,95841546;3,82781744;0,00000000
9,95851946;3,78429508;0,00000000
9,95862346;3,82781744;0,00000000
9,95872746;3,78429508;0,00000000
9,95883146;3,82781744;0,00000000
9,95893546;3,82781744;0,00000000
9,95903946;3,82781744;0,00000000
9,95914346;3,82781744;0,00000000
9,95924746;3,78429508;0,00000000
9,95935146;3,82781744;0,00000000
9,95945546;3,82781744;0,00000000
9,95955946;3,82781744;0,00000000
9,95966346;3,82781744;0,00000000
9,95976746;3,78429508;0,00000000
9,95987146;3,82781744;0,00000000
9,95997546;3,78429508;0,00000000
9,96007946;3,78429508;0,00000000
9,96018346;3,78429508;0,00000000
9,96028746;3,78429508;0,00000000
9,96039146;3,82781744;0,00000000
9,96049546;3,82781744;0,00000000
9,96059946;3,82781744;0,00000000
9,96070346;3,78429508;0,00000000
9,96080746;3,82781744;0,00000000
9,96091146;3,82781744;0,00000000
9,96101546;3,78429508;0,00000000
9,96111946;3,82781744;0,00000000
9,96122346;3,78429508;0,00000000
9,96132746;3,78429508;0,00000000
9,96143146;3,82781744;0,00000000
9,96153546;3,78429508;0,00000000
9,96163946;3,82781744;0,00000000
9,96174346;3,82781744;0,00000000
9,96184746;3,82781744;0,00000000
9,96195146;3,82781744;0,00000000
9,96205546;3,82781744;0,00000000
9,96215946;3,82781744;0,00000000
9,96226346;3,78429508;0,00000000
9,96236746;3,78429508;0,00000000
9,96247146;3,78429508;0,00000000
9,96257546;3,82781744;0,00000000
9,96267946;3,82781744;0,00000000
9,96278346;3,82781744;0,00000000
9,96288746;3,78429508;0,00000000
9,96299146;3,82781744;0,00000000
9,96309546;3,82781744;0,00000000
9,96319946;3,82781744;0,00000000
9,96330346;3,82781744;0,00000000
9,96340746;3,82781744;0,00000000
9,96351146;3,82781744;0,00000000
9,96361546;3,78429508;0,00000000
9,96371946;3,82781744;0,00000000
9,96382346;3,82781744;0,00000000
9,96392746;3,82781744;0,00000000
9,96403146;3,78429508;0,00000000
9,96413546;3,82781744;0,00000000
9,96423946;3,78429508;0,00000000
9,96434346;3,82781744;0,00000000
9,96444746;3,82781744;0,00000000
9,96455146;3,82781744;0,00000000
9,96465546;3,82781744;0,00000000
9,96475946;3,78429508;0,00000000
9,96486346;3,78429508;0,00000000
9,96496746;3,78429508;0,00000000
9,96507146;3,78429508;0,00000000
9,96517546;3,82781744;0,00000000
9,96527946;3,78429508;0,00000000
9,96538346;3,82781744;0,00000000
9,96548746;3,82781744;0,00000000
9,96559146;3,78429508;0,00000000
9,96569546;3,82781744;0,00000000
9,96579946;3,82781744;0,00000000
9,96590346;3,82781744;0,00000000
9,96600746;3,78429508;0,00000000
9,96611146;3,82781744;0,00000000
9,96621546;3,78429508;0,00000000
9,96631946;3,78429508;0,00000000
9,96642346;3,78429508;0,00000000
9,96652746;3,82781744;0,00000000
9,96663146;3,78429508;0,00000000
9,96673546;3,78429508;0,00000000
9,96683946;3,78429508;0,00000000
9,96694346;3,78429508;0,00000000
9,96704746;3,78429508;0,00000000
9,96715146;3,82781744;0,00000000
9,96725546;3,82781744;0,00000000
9,96735946;3,82781744;0,00000000
9,96746346;3,78429508;0,00000000
9,96756746;3,82781744;0,00000000
9,96767146;3,82781744;0,00000000
9,96777546;3,78429508;0,00000000
9,96787946;3,78429508;0,00000000
9,96798346;3,82781744;0,00000000
9,96808746;3,82781744;0,00000000
9,96819146;3,78429508;0,00000000
9,96829546;3,78429508;0,00000000
9,96839946;3,82781744;0,00000000
9,96850346;3,82781744;0,00000000
9,96860746;3,78429508;0,00000000
9,96871146;3,82781744;0,00000000
9,96881546;3,78429508;0,00000000
9,96891946;3,82781744;0,00000000
9,96902346;3,82781744;0,00000000
9,96912746;3,78429508;0,00000000
9,96923146;3,82781744;0,00000000
9,96933546;3,82781744;0,01734744
9,96943946;3,82781744;0,00000000
9,96954346;3,78429508;0,01734744
9,96964746;3,82781744;0,00000000
9,96975146;3,78429508;0,00000000
9,96985546;3,82781744;0,00000000
9,96995946;3,82781744;0,00000000
9,97006346;3,82781744;0,00000000
9,97016746;3,78429508;0,00000000
9,97027146;3,82781744;0,00000000
9,97037546;3,82781744;0,00000000
9,97047946;3,82781744;0,00000000
9,97058346;3,78429508;0,00000000
9,97068746;3,82781744;0,00000000
9,97079146;3,82781744;0,00000000
9,97089546;3,82781744;0,00000000
9,97099946;3,82781744;0,00000000
9,97110346;3,82781744;0,00000000
9,97120746;3,82781744;0,00000000
9,97131146;3,82781744;0,00000000
9,97141546;3,78429508;0,00000000
9,97151946;3,82781744;0,00000000
9,97162346;3,82781744;0,00000000
9,97172746;3,78429508;0,00000000
9,97183146;3,78429508;0,00000000
9,97193546;3,78429508;0,00000000
9,97203946;3,78429508;0,00000000
9,97214346;3,82781744;0,00000000
9,97224746;3,78429508;0,00000000
9,97235146;3,82781744;0,00000000
9,97245546;3,78429508;0,00000000
9,97255946;3,82781744;0,00000000
9,97266346;3,82781744;0,00000000
9,97276746;3,82781744;0,00000000
9,97287146;3,78429508;0,00000000
9,97297546;3,82781744;0,00000000
9,97307946;3,82781744;0,00000000
9,97318346;3,82781744;0,00000000
9,97328746;3,82781744;0,00000000
9,97339146;3,82781744;0,00000000
9,97349546;3,78429508;0,00000000
9,97359946;3,82781744;0,00000000
9,97370346;3,82781744;0,00000000
9,97380746;3,78429508;0,00000000
9,97391146;3,82781744;0,00000000
9,97401546;3,82781744;0,00000000
9,97411946;3,78429508;0,00000000
9,97422346;3,82781744;0,00000000
9,97432746;3,82781744;0,00000000
9,97443146;3,78429508;0,01734744
9,97453546;3,78429508;0,00000000
9,97463946;3,82781744;0,00000000
9,97474346;3,82781744;0,00000000
9,97484746;3,78429508;0,00000000
9,97495146;3,82781744;0,00000000
9,97505546;3,82781744;0,00000000
9,97515946;3,82781744;0,00000000
9,97526346;3,82781744;0,00000000
9,97536746;3,82781744;0,00000000
9,97547146;3,78429508;0,00000000
9,97557546;3,82781744;0,00000000
9,97567946;3,82781744;0,00000000
9,97578346;3,78429508;0,00000000
9,97588746;3,82781744;0,00000000
9,97599146;3,82781744;0,00000000
9,97609546;3,82781744;0,00000000
9,97619946;3,82781744;0,00000000
9,97630346;3,82781744;0,00000000
9,97640746;3,82781744;0,00000000
9,97651146;3,78429508;0,00000000
9,97661546;3,82781744;0,00000000
9,97671946;3,82781744;0,00000000
9,97682346;3,82781744;0,00000000
9,97692746;3,82781744;0,00000000
9,97703146;3,78429508;0,00000000
9,97713546;3,82781744;0,00000000
9,97723946;3,78429508;0,00000000
9,97734346;3,78429508;0,00000000
9,97744746;3,82781744;0,00000000
9,97755146;3,82781744;0,00000000
9,97765546;3,78429508;0,00000000
9,97775946;3,78429508;0,00000000
9,97786346;3,82781744;0,00000000
9,97796746;3,78429508;0,00000000
9,97807146;3,82781744;0,00000000
9,97817546;3,78429508;0,00000000
9,97827946;3,82781744;0,00000000
9,97838346;3,82781744;0,00000000
9,97848746;3,82781744;0,00000000
9,97859146;3,78429508;0,00000000
9,97869546;3,82781744;0,00000000
9,97879946;3,82781744;0,00000000
9,97890346;3,78429508;0,00000000
9,97900746;3,82781744;0,00000000
9,97911146;3,82781744;0,00000000
9,97921546;3,82781744;0,00000000
9,97931946;3,78429508;0,00000000
9,97942346;3,82781744;0,00000000
9,97952746;3,78429508;0,00000000
9,97963146;3,78429508;0,00000000
9,97973546;3,82781744;0,00000000
9,97983946;3,82781744;0,00000000
9,97994346;3,82781744;0,00000000
9,98004746;3,78429508;0,00000000
9,98015146;3,82781744;0,00000000
9,98025546;3,82781744;0,00000000
9,98035946;3,78429508;0,00000000
9,98046346;3,82781744;0,00000000
9,98056746;3,82781744;0,00000000
9,98067146;3,78429508;0,00000000
9,98077546;3,82781744;0,00000000
9,98087946;3,82781744;0,00000000
9,98098346;3,82781744;0,00000000
9,98108746;3,82781744;0,00000000
9,98119146;3,82781744;0,00000000
9,98129546;3,82781744;0,00000000
9,98139946;3,82781744;0,00000000
9,98150346;3,82781744;0,00000000
9,98160746;3,78429508;0,00000000
9,98171146;3,78429508;0,00000000
9,98181546;3,82781744;0,00000000
9,98191946;3,82781744;0,00000000
9,98202346;3,82781744;0,01734744
9,98212746;3,82781744;0,00000000
9,98223146;3,82781744;0,00000000
9,98233546;3,78429508;0,00000000
9,98243946;3,82781744;0,00000000
9,98254346;3,82781744;0,00000000
9,98264746;3,82781744;0,00000000
9,98275146;3,78429508;0,00000000
9,98285546;3,82781744;0,00000000
9,98295946;3,78429508;0,00000000
9,98306346;3,82781744;0,00000000
9,98316746;3,82781744;0,00000000
9,98327146;3,78429508;0,00000000
9,98337546;3,82781744;0,00000000
9,98347946;3,82781744;0,00000000
9,98358346;3,78429508;0,00000000
9,98368746;3,78429508;0,00000000
9,98379146;3,82781744;0,00000000
9,98389546;3,82781744;0,00000000
9,98399946;3,78429508;0,00000000
9,98410346;3,82781744;0,00000000
9,98420746;3,82781744;0,00000000
9,98431146;3,82781744;0,00000000
9,98441546;3,78429508;0,00000000
9,98451946;3,82781744;0,00000000
9,98462346;3,78429508;0,00000000
9,98472746;3,78429508;0,00000000
9,98483146;3,82781744;0,00000000
9,98493546;3,82781744;0,00000000
9,98503946;3,82781744;0,00000000
9,98514346;3,82781744;0,00000000
9,98524746;3,82781744;0,00000000
9,98535146;3,82781744;0,00000000
9,98545546;3,82781744;0,00000000
9,98555946;3,78429508;0,00000000
9,98566346;3,78429508;0,00000000
9,98576746;3,82781744;0,00000000
9,98587146;3,82781744;0,00000000
9,98597546;3,82781744;0,00000000
9,98607946;3,82781744;0,00000000
9,98618346;3,82781744;0,00000000
9,98628746;3,82781744;0,00000000
9,98639146;3,82781744;0,00000000
9,98649546;3,82781744;0,00000000
9,98659946;3,82781744;0,00000000
9,98670346;3,78429508;0,00000000
9,98680746;3,82781744;0,00000000
9,98691146;3,82781744;0,00000000
9,98701546;3,78429508;0,00000000
9,98711946;3,78429508;0,00000000
9,98722346;3,78429508;0,00000000
9,98732746;3,82781744;0,00000000
9,98743146;3,82781744;0,00000000
9,98753546;3,82781744;0,00000000
9,98763946;3,78429508;0,00000000
9,98774346;3,78429508;0,00000000
9,98784746;3,82781744;0,00000000
9,98795146;3,82781744;0,00000000
9,98805546;3,78429508;0,00000000
9,98815946;3,82781744;0,00000000
9,98826346;3,82781744;0,00000000
9,98836746;3,82781744;0,00000000
9,98847146;3,82781744;0,00000000
9,98857546;3,78429508;0,00000000
9,98867946;3,82781744;0,00000000
9,98878346;3,82781744;0,00000000
9,98888746;3,82781744;0,00000000
9,98899146;3,82781744;0,00000000
9,98909546;3,82781744;0,00000000
9,98919946;3,82781744;0,00000000
9,98930346;3,82781744;0,00000000
9,98940746;3,82781744;0,00000000
9,98951146;3,82781744;0,00000000
9,98961546;3,82781744;0,00000000
9,98971946;3,78429508;0,00000000
9,98982346;3,82781744;0,00000000
9,98992746;3,82781744;0,00000000
9,99003146;3,82781744;0,00000000
9,99013546;3,78429508;0,00000000
9,99023946;3,78429508;0,00000000
9,99034346;3,82781744;0,00000000
9,99044746;3,78429508;0,00000000
9,99055146;3,82781744;0,00000000
9,99065546;3,82781744;0,00000000
9,99075946;3,82781744;0,00000000
9,99086346;3,78429508;0,00000000
9,99096746;3,82781744;0,00000000
9,99107146;3,82781744;0,00000000
9,99117546;3,78429508;0,00000000
9,99127946;3,82781744;0,00000000
9,99138346;3,82781744;0,00000000
9,99148746;3,82781744;0,00000000
9,99159146;3,82781744;0,00000000
9,99169546;3,82781744;0,00000000
9,99179946;3,82781744;0,00000000
9,99190346;3,82781744;0,00000000
9,99200746;3,82781744;0,00000000
9,99211146;3,78429508;0,00000000
9,99221546;3,82781744;0,00000000
9,99231946;3,82781744;0,00000000
9,99242346;3,78429508;0,00000000
9,99252746;3,78429508;0,00000000
9,99263146;3,82781744;0,00000000
9,99273546;3,78429508;0,00000000
9,99283946;3,82781744;0,00000000
9,99294346;3,78429508;0,00000000
9,99304746;3,78429508;0,00000000
9,99315146;3,82781744;0,00000000
9,99325546;3,82781744;0,00000000
9,99335946;3,78429508;0,00000000
9,99346346;3,82781744;0,00000000
9,99356746;3,82781744;0,00000000
9,99367146;3,82781744;0,00000000
9,99377546;3,82781744;0,00000000
9,99387946;3,82781744;0,00000000
9,99398346;3,82781744;0,00000000
9,99408746;3,82781744;0,00000000
9,99419146;3,82781744;0,00000000
9,99429546;3,82781744;0,00000000
9,99439946;3,82781744;0,00000000
9,99450346;3,82781744;0,00000000
9,99460746;3,82781744;0,00000000
9,99471146;3,82781744;0,00000000
9,99481546;3,78429508;0,00000000
9,99491946;3,78429508;0,00000000
9,99502346;3,82781744;0,00000000
9,99512746;3,82781744;0,00000000
9,99523146;3,82781744;0,00000000
9,99533546;3,78429508;0,00000000
9,99543946;3,78429508;0,00000000
9,99554346;3,78429508;0,00000000
9,99564746;3,82781744;0,00000000
9,99575146;3,82781744;0,00000000
9,99585546;3,78429508;0,00000000
9,99595946;3,78429508;0,00000000
9,99606346;3,82781744;0,00000000
9,99616746;3,82781744;0,00000000
9,99627146;3,82781744;0,00000000
9,99637546;3,82781744;0,00000000
9,99647946;3,82781744;0,00000000
9,99658346;3,82781744;0,00000000
9,99668746;3,78429508;0,00000000
9,99679146;3,78429508;0,00000000
9,99689546;3,78429508;0,00000000
9,99699946;3,78429508;0,00000000
9,99710346;3,82781744;0,00000000
9,99720746;3,82781744;0,00000000
9,99731146;3,82781744;0,00000000
9,99741546;3,82781744;0,00000000
9,99751946;3,82781744;0,00000000
9,99762346;3,78429508;0,00000000
9,99772746;3,78429508;0,00000000
9,99783146;3,82781744;0,00000000
9,99793546;3,78429508;0,00000000
9,99803946;3,82781744;0,00000000
9,99814346;3,82781744;0,00000000
9,99824746;3,78429508;0,00000000
9,99835146;3,78429508;0,00000000
9,99845546;3,82781744;0,00000000
9,99855946;3,78429508;0,00000000
9,99866346;3,78429508;0,00000000
9,99876746;3,78429508;0,00000000
9,99887146;3,78429508;0,00000000
9,99897546;3,82781744;0,00000000
9,99907946;3,82781744;0,00000000
9,99918346;3,82781744;0,00000000
9,99928746;3,82781744;0,00000000
9,99939146;3,78429508;0,00000000
9,99949546;3,82781744;0,00000000
9,99959946;3,82781744;0,00000000
9,99970346;3,82781744;0,00000000
9,99980746;3,78429508;0,00000000
9,99991146;3,82781744;0,00000000
10,00001546;3,82781744;0,00000000
10,00011946;3,78429508;0,00000000
10,00022346;3,78429508;0,00000000
10,00032746;3,82781744;0,00000000
